/*--------------------------------*- C++ -*----------------------------------*\
| =========                 |                                                 |
| \\      /  F ield         | OpenFOAM: The Open Source CFD Toolbox           |
|  \\    /   O peration     | Version:  2306                                  |
|   \\  /    A nd           | Website:  www.openfoam.com                      |
|    \\/     M anipulation  |                                                 |
\*---------------------------------------------------------------------------*/
FoamFile
{
    version     2.0;
    format      binary;
    arch        "LSB;label=32;scalar=64";
    class       decomposedBlockData;
    object      acl;
    data.format     ascii;
    data.class      cellSet;
}
// * * * * * * * * * * * * * * * * * * * * * * * * * * * * * * * * * * * * * //


// processor0

5197
(FoamFile
{
    version     2.0;
    format      ascii;
    arch        "LSB;label=32;scalar=64";
    class       cellSet;
    location    "constant/phiI/polyMesh/sets";
    object      acl;
}

1000
(
2099
2108
2109
2117
2118
2119
2126
2127
2128
2129
2135
2136
2137
2138
2139
2144
2145
2146
2147
2148
2152
2153
2154
2155
2156
2159
2160
2161
2162
2163
2165
2166
2167
2168
2169
2170
2171
2172
2173
2174
2268
2277
2278
2286
2287
2288
2295
2296
2297
2298
2304
2305
2306
2307
2308
2313
2314
2315
2316
2317
2321
2322
2323
2324
2325
2328
2329
2330
2331
2332
2334
2335
2336
2337
2338
2339
2340
2341
2342
2343
2344
2345
2346
2347
2434
2443
2444
2452
2453
2454
2461
2462
2463
2464
2470
2471
2472
2473
2474
2479
2480
2481
2482
2483
2487
2488
2489
2490
2491
2494
2495
2496
2497
2498
2500
2501
2502
2503
2504
2505
2506
2507
2508
2509
2510
2511
2512
2513
2514
2515
2516
2595
2604
2605
2613
2614
2615
2622
2623
2624
2625
2631
2632
2633
2634
2635
2640
2641
2642
2643
2644
2648
2649
2650
2651
2652
2655
2656
2657
2658
2659
2661
2662
2663
2664
2665
2666
2667
2668
2669
2670
2671
2672
2673
2674
2675
2676
2677
2678
2679
2749
2758
2759
2767
2768
2769
2776
2777
2778
2779
2785
2786
2787
2788
2789
2794
2795
2796
2797
2798
2802
2803
2804
2805
2806
759
2809
2810
2811
2812
2813
2815
2816
2817
2818
2819
2820
2821
2822
2823
2824
2825
2826
2827
2828
2829
2830
2831
2832
2833
2834
2894
2903
2904
2912
2913
2914
2921
2922
874
2923
2924
2930
2931
883
2932
884
2933
2934
2939
2940
2941
2942
2943
2947
2948
2949
2950
2951
2954
2955
2956
2957
2958
2960
2961
2962
2963
2964
2965
2966
2967
2968
2969
2970
2971
2972
2973
2974
2975
2976
2977
2978
2979
3029
3038
3039
3047
999
3048
3049
3056
1008
3057
1009
3058
3059
3065
1017
3066
1018
3067
1019
3068
3069
3074
3075
3076
3077
3078
3082
3083
3084
3085
3086
3089
3090
3091
3092
3093
3095
3096
3097
3098
3099
3100
3101
3102
3103
3104
3105
3106
3107
3108
3109
3110
3111
3112
3113
3114
3154
3163
3164
3172
3173
3174
3181
3182
1134
3183
3184
3190
3191
1143
3192
1144
3193
3194
3199
3200
1152
3201
1153
3202
1154
3203
3207
3208
3209
1161
3210
1162
3211
1163
1164
3214
3215
3216
3217
3218
3220
3221
3222
3223
3224
3225
3226
3227
3228
3229
3230
3231
3232
3233
3234
3235
3236
3237
3238
3239
3269
3278
3279
3287
3288
3289
3296
3297
3298
3299
3305
3306
3307
3308
3309
3314
3315
3316
3317
3318
3322
3323
3324
3325
3326
1279
3329
3330
3331
3332
3333
3335
3336
1288
3337
1289
3338
3339
3340
3341
3342
3343
3344
3345
1297
3346
1298
3347
1299
3348
3349
3350
3351
3352
3353
3354
1306
1307
1308
1309
1315
1316
1317
1318
1319
3374
3383
3384
3392
3393
3394
3401
3402
3403
3404
3410
3411
3412
3413
3414
3419
3420
3421
3422
3423
3427
3428
3429
3430
3431
3434
3435
3436
3437
3438
3440
3441
3442
3443
3444
3445
3446
3447
3448
3449
3450
3451
3452
3453
3454
3455
3456
3457
3458
3459
3469
3478
3479
1433
3487
3488
3489
1442
1443
3496
3497
3498
3499
1451
1452
1453
3505
3506
3507
3508
1460
3509
1461
1462
1463
3514
3515
3516
3517
1469
3518
1470
1471
1472
1473
3522
3523
3524
3525
3526
1478
1479
1480
3529
1481
3530
1482
3531
3532
3533
3535
3536
3537
3538
3539
3540
3541
3542
3543
3544
3545
3546
3547
3548
3549
3550
3551
3552
3553
3554
3563
3564
3572
3573
3574
3581
3582
3583
3584
3590
3591
3592
3593
3594
3599
3600
3601
3602
3603
3607
3608
3609
3610
3611
3614
3615
3616
3617
3618
3620
3621
3622
3623
3624
3625
3626
3627
3628
3629
3630
3631
3632
3633
3634
3635
3636
3637
3638
3639
1594
3647
3648
3649
1603
1604
3656
3657
3658
3659
1612
1613
1614
3665
3666
3667
3668
3669
1621
1622
1623
1624
3674
3675
3676
3677
3678
1630
1631
1632
1633
3682
1634
3683
3684
3685
3686
1639
1640
3689
1641
3690
1642
3691
1643
3692
3693
3695
1647
3696
1648
3697
1649
3698
1650
3699
1651
3700
3701
3702
3703
3704
3705
3706
3707
3708
3709
3710
3711
3712
3713
3714
3721
3722
3723
3724
3730
3731
3732
3733
3734
3739
3740
3741
3742
3743
3747
3748
3749
3750
3751
3754
3755
3756
3757
3758
3760
3761
3762
3763
3764
3765
3766
3767
3768
3769
3770
3771
3772
3773
3774
3775
3776
3777
3778
3779
3785
3786
3787
3788
3789
3794
3795
3796
3797
3798
3802
3803
3804
3805
3806
1760
3809
3810
3811
3812
3813
3815
3816
3817
1769
3818
1770
3819
3820
3821
3822
3823
3824
3825
3826
1778
3827
1779
3828
1780
3829
3830
3831
3832
3833
3834
1787
1788
1789
1790
3839
3840
3841
3842
3843
1796
1797
1798
3847
1799
3848
1800
3849
3850
3851
1805
3854
1806
3855
1807
3856
1808
3857
1809
3858
3860
3861
1813
3862
1814
3863
1815
3864
1816
3865
1817
3866
3867
3868
1820
3869
1821
3870
1822
3871
1823
3872
1824
3873
3874
3875
3876
3877
3878
3879
3883
3884
3885
3886
3887
3890
3891
3892
3893
3894
3896
3897
3898
3899
3900
3901
3902
3903
3904
3905
3906
3907
3908
3909
3910
3911
3912
3913
3914
3915
3918
3919
3920
3921
3922
3924
3925
3926
3927
3928
3929
3930
3931
3932
3933
3934
3935
3936
3937
3938
3939
3940
3941
3942
3943
3945
3946
3947
3948
3949
3950
3951
3952
3953
3954
3955
3956
3957
3958
3959
3960
3961
3962
3963
3964
3965
3966
3967
3968
3969
3970
3971
3972
3973
3974
3975
3976
3977
1929
3978
3979
3980
3981
3982
3983
3984
3985
3986
1938
3987
1939
3988
3989
3990
3991
3992
3993
3994
3995
1947
3996
1948
3997
1949
3998
3999
1956
1957
1958
1959
1965
1966
1967
1968
1969
1974
1975
1976
1977
1978
1982
1983
1984
1985
1986
1989
1990
1991
1992
1993
1995
1996
1997
1998
1999
)
)

// processor1

5005
(
1000
(
2099
2108
2109
2117
2118
2119
2126
2127
2128
2129
2135
2136
2137
2138
2139
2144
2145
2146
2147
2148
2152
2153
2154
2155
2156
2159
2160
2161
2162
2163
2165
2166
2167
2168
2169
2170
2171
2172
2173
2174
2268
2277
2278
2286
2287
2288
2295
2296
2297
2298
2304
2305
2306
2307
2308
2313
2314
2315
2316
2317
2321
2322
2323
2324
2325
2328
2329
2330
2331
2332
2334
2335
2336
2337
2338
2339
2340
2341
2342
2343
2344
2345
2346
2347
2434
2443
2444
2452
2453
2454
2461
2462
2463
2464
2470
2471
2472
2473
2474
2479
2480
2481
2482
2483
2487
2488
2489
2490
2491
2494
2495
2496
2497
2498
2500
2501
2502
2503
2504
2505
2506
2507
2508
2509
2510
2511
2512
2513
2514
2515
2516
2595
2604
2605
2613
2614
2615
2622
2623
2624
2625
2631
2632
2633
2634
2635
2640
2641
2642
2643
2644
2648
2649
2650
2651
2652
2655
2656
2657
2658
2659
2661
2662
2663
2664
2665
2666
2667
2668
2669
2670
2671
2672
2673
2674
2675
2676
2677
2678
2679
2749
2758
2759
2767
2768
2769
2776
2777
2778
2779
2785
2786
2787
2788
2789
2794
2795
2796
2797
2798
2802
2803
2804
2805
2806
759
2809
2810
2811
2812
2813
2815
2816
2817
2818
2819
2820
2821
2822
2823
2824
2825
2826
2827
2828
2829
2830
2831
2832
2833
2834
2894
2903
2904
2912
2913
2914
2921
2922
874
2923
2924
2930
2931
883
2932
884
2933
2934
2939
2940
2941
2942
2943
2947
2948
2949
2950
2951
2954
2955
2956
2957
2958
2960
2961
2962
2963
2964
2965
2966
2967
2968
2969
2970
2971
2972
2973
2974
2975
2976
2977
2978
2979
3029
3038
3039
3047
999
3048
3049
3056
1008
3057
1009
3058
3059
3065
1017
3066
1018
3067
1019
3068
3069
3074
3075
3076
3077
3078
3082
3083
3084
3085
3086
3089
3090
3091
3092
3093
3095
3096
3097
3098
3099
3100
3101
3102
3103
3104
3105
3106
3107
3108
3109
3110
3111
3112
3113
3114
3154
3163
3164
3172
3173
3174
3181
3182
1134
3183
3184
3190
3191
1143
3192
1144
3193
3194
3199
3200
1152
3201
1153
3202
1154
3203
3207
3208
3209
1161
3210
1162
3211
1163
1164
3214
3215
3216
3217
3218
3220
3221
3222
3223
3224
3225
3226
3227
3228
3229
3230
3231
3232
3233
3234
3235
3236
3237
3238
3239
3269
3278
3279
3287
3288
3289
3296
3297
3298
3299
3305
3306
3307
3308
3309
3314
3315
3316
3317
3318
3322
3323
3324
3325
3326
1279
3329
3330
3331
3332
3333
3335
3336
1288
3337
1289
3338
3339
3340
3341
3342
3343
3344
3345
1297
3346
1298
3347
1299
3348
3349
3350
3351
3352
3353
3354
1306
1307
1308
1309
1315
1316
1317
1318
1319
3374
3383
3384
3392
3393
3394
3401
3402
3403
3404
3410
3411
3412
3413
3414
3419
3420
3421
3422
3423
3427
3428
3429
3430
3431
3434
3435
3436
3437
3438
3440
3441
3442
3443
3444
3445
3446
3447
3448
3449
3450
3451
3452
3453
3454
3455
3456
3457
3458
3459
3469
3478
3479
1433
3487
3488
3489
1442
1443
3496
3497
3498
3499
1451
1452
1453
3505
3506
3507
3508
1460
3509
1461
1462
1463
3514
3515
3516
3517
1469
3518
1470
1471
1472
1473
3522
3523
3524
3525
3526
1478
1479
1480
3529
1481
3530
1482
3531
3532
3533
3535
3536
3537
3538
3539
3540
3541
3542
3543
3544
3545
3546
3547
3548
3549
3550
3551
3552
3553
3554
3563
3564
3572
3573
3574
3581
3582
3583
3584
3590
3591
3592
3593
3594
3599
3600
3601
3602
3603
3607
3608
3609
3610
3611
3614
3615
3616
3617
3618
3620
3621
3622
3623
3624
3625
3626
3627
3628
3629
3630
3631
3632
3633
3634
3635
3636
3637
3638
3639
1594
3647
3648
3649
1603
1604
3656
3657
3658
3659
1612
1613
1614
3665
3666
3667
3668
3669
1621
1622
1623
1624
3674
3675
3676
3677
3678
1630
1631
1632
1633
3682
1634
3683
3684
3685
3686
1639
1640
3689
1641
3690
1642
3691
1643
3692
3693
3695
1647
3696
1648
3697
1649
3698
1650
3699
1651
3700
3701
3702
3703
3704
3705
3706
3707
3708
3709
3710
3711
3712
3713
3714
3721
3722
3723
3724
3730
3731
3732
3733
3734
3739
3740
3741
3742
3743
3747
3748
3749
3750
3751
3754
3755
3756
3757
3758
3760
3761
3762
3763
3764
3765
3766
3767
3768
3769
3770
3771
3772
3773
3774
3775
3776
3777
3778
3779
3785
3786
3787
3788
3789
3794
3795
3796
3797
3798
3802
3803
3804
3805
3806
1760
3809
3810
3811
3812
3813
3815
3816
3817
1769
3818
1770
3819
3820
3821
3822
3823
3824
3825
3826
1778
3827
1779
3828
1780
3829
3830
3831
3832
3833
3834
1787
1788
1789
1790
3839
3840
3841
3842
3843
1796
1797
1798
3847
1799
3848
1800
3849
3850
3851
1805
3854
1806
3855
1807
3856
1808
3857
1809
3858
3860
3861
1813
3862
1814
3863
1815
3864
1816
3865
1817
3866
3867
3868
1820
3869
1821
3870
1822
3871
1823
3872
1824
3873
3874
3875
3876
3877
3878
3879
3883
3884
3885
3886
3887
3890
3891
3892
3893
3894
3896
3897
3898
3899
3900
3901
3902
3903
3904
3905
3906
3907
3908
3909
3910
3911
3912
3913
3914
3915
3918
3919
3920
3921
3922
3924
3925
3926
3927
3928
3929
3930
3931
3932
3933
3934
3935
3936
3937
3938
3939
3940
3941
3942
3943
3945
3946
3947
3948
3949
3950
3951
3952
3953
3954
3955
3956
3957
3958
3959
3960
3961
3962
3963
3964
3965
3966
3967
3968
3969
3970
3971
3972
3973
3974
3975
3976
3977
1929
3978
3979
3980
3981
3982
3983
3984
3985
3986
1938
3987
1939
3988
3989
3990
3991
3992
3993
3994
3995
1947
3996
1948
3997
1949
3998
3999
1956
1957
1958
1959
1965
1966
1967
1968
1969
1974
1975
1976
1977
1978
1982
1983
1984
1985
1986
1989
1990
1991
1992
1993
1995
1996
1997
1998
1999
)
)

// processor2

5005
(
1000
(
2099
2108
2109
2117
2118
2119
2126
2127
2128
2129
2135
2136
2137
2138
2139
2144
2145
2146
2147
2148
2152
2153
2154
2155
2156
2159
2160
2161
2162
2163
2165
2166
2167
2168
2169
2170
2171
2172
2173
2174
2268
2277
2278
2286
2287
2288
2295
2296
2297
2298
2304
2305
2306
2307
2308
2313
2314
2315
2316
2317
2321
2322
2323
2324
2325
2328
2329
2330
2331
2332
2334
2335
2336
2337
2338
2339
2340
2341
2342
2343
2344
2345
2346
2347
2434
2443
2444
2452
2453
2454
2461
2462
2463
2464
2470
2471
2472
2473
2474
2479
2480
2481
2482
2483
2487
2488
2489
2490
2491
2494
2495
2496
2497
2498
2500
2501
2502
2503
2504
2505
2506
2507
2508
2509
2510
2511
2512
2513
2514
2515
2516
2595
2604
2605
2613
2614
2615
2622
2623
2624
2625
2631
2632
2633
2634
2635
2640
2641
2642
2643
2644
2648
2649
2650
2651
2652
2655
2656
2657
2658
2659
2661
2662
2663
2664
2665
2666
2667
2668
2669
2670
2671
2672
2673
2674
2675
2676
2677
2678
2679
2749
2758
2759
2767
2768
2769
2776
2777
2778
2779
2785
2786
2787
2788
2789
2794
2795
2796
2797
2798
2802
2803
2804
2805
2806
759
2809
2810
2811
2812
2813
2815
2816
2817
2818
2819
2820
2821
2822
2823
2824
2825
2826
2827
2828
2829
2830
2831
2832
2833
2834
2894
2903
2904
2912
2913
2914
2921
2922
874
2923
2924
2930
2931
883
2932
884
2933
2934
2939
2940
2941
2942
2943
2947
2948
2949
2950
2951
2954
2955
2956
2957
2958
2960
2961
2962
2963
2964
2965
2966
2967
2968
2969
2970
2971
2972
2973
2974
2975
2976
2977
2978
2979
3029
3038
3039
3047
999
3048
3049
3056
1008
3057
1009
3058
3059
3065
1017
3066
1018
3067
1019
3068
3069
3074
3075
3076
3077
3078
3082
3083
3084
3085
3086
3089
3090
3091
3092
3093
3095
3096
3097
3098
3099
3100
3101
3102
3103
3104
3105
3106
3107
3108
3109
3110
3111
3112
3113
3114
3154
3163
3164
3172
3173
3174
3181
3182
1134
3183
3184
3190
3191
1143
3192
1144
3193
3194
3199
3200
1152
3201
1153
3202
1154
3203
3207
3208
3209
1161
3210
1162
3211
1163
1164
3214
3215
3216
3217
3218
3220
3221
3222
3223
3224
3225
3226
3227
3228
3229
3230
3231
3232
3233
3234
3235
3236
3237
3238
3239
3269
3278
3279
3287
3288
3289
3296
3297
3298
3299
3305
3306
3307
3308
3309
3314
3315
3316
3317
3318
3322
3323
3324
3325
3326
1279
3329
3330
3331
3332
3333
3335
3336
1288
3337
1289
3338
3339
3340
3341
3342
3343
3344
3345
1297
3346
1298
3347
1299
3348
3349
3350
3351
3352
3353
3354
1306
1307
1308
1309
1315
1316
1317
1318
1319
3374
3383
3384
3392
3393
3394
3401
3402
3403
3404
3410
3411
3412
3413
3414
3419
3420
3421
3422
3423
3427
3428
3429
3430
3431
3434
3435
3436
3437
3438
3440
3441
3442
3443
3444
3445
3446
3447
3448
3449
3450
3451
3452
3453
3454
3455
3456
3457
3458
3459
3469
3478
3479
1433
3487
3488
3489
1442
1443
3496
3497
3498
3499
1451
1452
1453
3505
3506
3507
3508
1460
3509
1461
1462
1463
3514
3515
3516
3517
1469
3518
1470
1471
1472
1473
3522
3523
3524
3525
3526
1478
1479
1480
3529
1481
3530
1482
3531
3532
3533
3535
3536
3537
3538
3539
3540
3541
3542
3543
3544
3545
3546
3547
3548
3549
3550
3551
3552
3553
3554
3563
3564
3572
3573
3574
3581
3582
3583
3584
3590
3591
3592
3593
3594
3599
3600
3601
3602
3603
3607
3608
3609
3610
3611
3614
3615
3616
3617
3618
3620
3621
3622
3623
3624
3625
3626
3627
3628
3629
3630
3631
3632
3633
3634
3635
3636
3637
3638
3639
1594
3647
3648
3649
1603
1604
3656
3657
3658
3659
1612
1613
1614
3665
3666
3667
3668
3669
1621
1622
1623
1624
3674
3675
3676
3677
3678
1630
1631
1632
1633
3682
1634
3683
3684
3685
3686
1639
1640
3689
1641
3690
1642
3691
1643
3692
3693
3695
1647
3696
1648
3697
1649
3698
1650
3699
1651
3700
3701
3702
3703
3704
3705
3706
3707
3708
3709
3710
3711
3712
3713
3714
3721
3722
3723
3724
3730
3731
3732
3733
3734
3739
3740
3741
3742
3743
3747
3748
3749
3750
3751
3754
3755
3756
3757
3758
3760
3761
3762
3763
3764
3765
3766
3767
3768
3769
3770
3771
3772
3773
3774
3775
3776
3777
3778
3779
3785
3786
3787
3788
3789
3794
3795
3796
3797
3798
3802
3803
3804
3805
3806
1760
3809
3810
3811
3812
3813
3815
3816
3817
1769
3818
1770
3819
3820
3821
3822
3823
3824
3825
3826
1778
3827
1779
3828
1780
3829
3830
3831
3832
3833
3834
1787
1788
1789
1790
3839
3840
3841
3842
3843
1796
1797
1798
3847
1799
3848
1800
3849
3850
3851
1805
3854
1806
3855
1807
3856
1808
3857
1809
3858
3860
3861
1813
3862
1814
3863
1815
3864
1816
3865
1817
3866
3867
3868
1820
3869
1821
3870
1822
3871
1823
3872
1824
3873
3874
3875
3876
3877
3878
3879
3883
3884
3885
3886
3887
3890
3891
3892
3893
3894
3896
3897
3898
3899
3900
3901
3902
3903
3904
3905
3906
3907
3908
3909
3910
3911
3912
3913
3914
3915
3918
3919
3920
3921
3922
3924
3925
3926
3927
3928
3929
3930
3931
3932
3933
3934
3935
3936
3937
3938
3939
3940
3941
3942
3943
3945
3946
3947
3948
3949
3950
3951
3952
3953
3954
3955
3956
3957
3958
3959
3960
3961
3962
3963
3964
3965
3966
3967
3968
3969
3970
3971
3972
3973
3974
3975
3976
3977
1929
3978
3979
3980
3981
3982
3983
3984
3985
3986
1938
3987
1939
3988
3989
3990
3991
3992
3993
3994
3995
1947
3996
1948
3997
1949
3998
3999
1956
1957
1958
1959
1965
1966
1967
1968
1969
1974
1975
1976
1977
1978
1982
1983
1984
1985
1986
1989
1990
1991
1992
1993
1995
1996
1997
1998
1999
)
)

// processor3

5005
(
1000
(
2099
2108
2109
2117
2118
2119
2126
2127
2128
2129
2135
2136
2137
2138
2139
2144
2145
2146
2147
2148
2152
2153
2154
2155
2156
2159
2160
2161
2162
2163
2165
2166
2167
2168
2169
2170
2171
2172
2173
2174
2268
2277
2278
2286
2287
2288
2295
2296
2297
2298
2304
2305
2306
2307
2308
2313
2314
2315
2316
2317
2321
2322
2323
2324
2325
2328
2329
2330
2331
2332
2334
2335
2336
2337
2338
2339
2340
2341
2342
2343
2344
2345
2346
2347
2434
2443
2444
2452
2453
2454
2461
2462
2463
2464
2470
2471
2472
2473
2474
2479
2480
2481
2482
2483
2487
2488
2489
2490
2491
2494
2495
2496
2497
2498
2500
2501
2502
2503
2504
2505
2506
2507
2508
2509
2510
2511
2512
2513
2514
2515
2516
2595
2604
2605
2613
2614
2615
2622
2623
2624
2625
2631
2632
2633
2634
2635
2640
2641
2642
2643
2644
2648
2649
2650
2651
2652
2655
2656
2657
2658
2659
2661
2662
2663
2664
2665
2666
2667
2668
2669
2670
2671
2672
2673
2674
2675
2676
2677
2678
2679
2749
2758
2759
2767
2768
2769
2776
2777
2778
2779
2785
2786
2787
2788
2789
2794
2795
2796
2797
2798
2802
2803
2804
2805
2806
759
2809
2810
2811
2812
2813
2815
2816
2817
2818
2819
2820
2821
2822
2823
2824
2825
2826
2827
2828
2829
2830
2831
2832
2833
2834
2894
2903
2904
2912
2913
2914
2921
2922
874
2923
2924
2930
2931
883
2932
884
2933
2934
2939
2940
2941
2942
2943
2947
2948
2949
2950
2951
2954
2955
2956
2957
2958
2960
2961
2962
2963
2964
2965
2966
2967
2968
2969
2970
2971
2972
2973
2974
2975
2976
2977
2978
2979
3029
3038
3039
3047
999
3048
3049
3056
1008
3057
1009
3058
3059
3065
1017
3066
1018
3067
1019
3068
3069
3074
3075
3076
3077
3078
3082
3083
3084
3085
3086
3089
3090
3091
3092
3093
3095
3096
3097
3098
3099
3100
3101
3102
3103
3104
3105
3106
3107
3108
3109
3110
3111
3112
3113
3114
3154
3163
3164
3172
3173
3174
3181
3182
1134
3183
3184
3190
3191
1143
3192
1144
3193
3194
3199
3200
1152
3201
1153
3202
1154
3203
3207
3208
3209
1161
3210
1162
3211
1163
1164
3214
3215
3216
3217
3218
3220
3221
3222
3223
3224
3225
3226
3227
3228
3229
3230
3231
3232
3233
3234
3235
3236
3237
3238
3239
3269
3278
3279
3287
3288
3289
3296
3297
3298
3299
3305
3306
3307
3308
3309
3314
3315
3316
3317
3318
3322
3323
3324
3325
3326
1279
3329
3330
3331
3332
3333
3335
3336
1288
3337
1289
3338
3339
3340
3341
3342
3343
3344
3345
1297
3346
1298
3347
1299
3348
3349
3350
3351
3352
3353
3354
1306
1307
1308
1309
1315
1316
1317
1318
1319
3374
3383
3384
3392
3393
3394
3401
3402
3403
3404
3410
3411
3412
3413
3414
3419
3420
3421
3422
3423
3427
3428
3429
3430
3431
3434
3435
3436
3437
3438
3440
3441
3442
3443
3444
3445
3446
3447
3448
3449
3450
3451
3452
3453
3454
3455
3456
3457
3458
3459
3469
3478
3479
1433
3487
3488
3489
1442
1443
3496
3497
3498
3499
1451
1452
1453
3505
3506
3507
3508
1460
3509
1461
1462
1463
3514
3515
3516
3517
1469
3518
1470
1471
1472
1473
3522
3523
3524
3525
3526
1478
1479
1480
3529
1481
3530
1482
3531
3532
3533
3535
3536
3537
3538
3539
3540
3541
3542
3543
3544
3545
3546
3547
3548
3549
3550
3551
3552
3553
3554
3563
3564
3572
3573
3574
3581
3582
3583
3584
3590
3591
3592
3593
3594
3599
3600
3601
3602
3603
3607
3608
3609
3610
3611
3614
3615
3616
3617
3618
3620
3621
3622
3623
3624
3625
3626
3627
3628
3629
3630
3631
3632
3633
3634
3635
3636
3637
3638
3639
1594
3647
3648
3649
1603
1604
3656
3657
3658
3659
1612
1613
1614
3665
3666
3667
3668
3669
1621
1622
1623
1624
3674
3675
3676
3677
3678
1630
1631
1632
1633
3682
1634
3683
3684
3685
3686
1639
1640
3689
1641
3690
1642
3691
1643
3692
3693
3695
1647
3696
1648
3697
1649
3698
1650
3699
1651
3700
3701
3702
3703
3704
3705
3706
3707
3708
3709
3710
3711
3712
3713
3714
3721
3722
3723
3724
3730
3731
3732
3733
3734
3739
3740
3741
3742
3743
3747
3748
3749
3750
3751
3754
3755
3756
3757
3758
3760
3761
3762
3763
3764
3765
3766
3767
3768
3769
3770
3771
3772
3773
3774
3775
3776
3777
3778
3779
3785
3786
3787
3788
3789
3794
3795
3796
3797
3798
3802
3803
3804
3805
3806
1760
3809
3810
3811
3812
3813
3815
3816
3817
1769
3818
1770
3819
3820
3821
3822
3823
3824
3825
3826
1778
3827
1779
3828
1780
3829
3830
3831
3832
3833
3834
1787
1788
1789
1790
3839
3840
3841
3842
3843
1796
1797
1798
3847
1799
3848
1800
3849
3850
3851
1805
3854
1806
3855
1807
3856
1808
3857
1809
3858
3860
3861
1813
3862
1814
3863
1815
3864
1816
3865
1817
3866
3867
3868
1820
3869
1821
3870
1822
3871
1823
3872
1824
3873
3874
3875
3876
3877
3878
3879
3883
3884
3885
3886
3887
3890
3891
3892
3893
3894
3896
3897
3898
3899
3900
3901
3902
3903
3904
3905
3906
3907
3908
3909
3910
3911
3912
3913
3914
3915
3918
3919
3920
3921
3922
3924
3925
3926
3927
3928
3929
3930
3931
3932
3933
3934
3935
3936
3937
3938
3939
3940
3941
3942
3943
3945
3946
3947
3948
3949
3950
3951
3952
3953
3954
3955
3956
3957
3958
3959
3960
3961
3962
3963
3964
3965
3966
3967
3968
3969
3970
3971
3972
3973
3974
3975
3976
3977
1929
3978
3979
3980
3981
3982
3983
3984
3985
3986
1938
3987
1939
3988
3989
3990
3991
3992
3993
3994
3995
1947
3996
1948
3997
1949
3998
3999
1956
1957
1958
1959
1965
1966
1967
1968
1969
1974
1975
1976
1977
1978
1982
1983
1984
1985
1986
1989
1990
1991
1992
1993
1995
1996
1997
1998
1999
)
)

// processor4

3
(0())

// processor5

3
(0())

// processor6

3
(0())

// processor7

3
(0())
