/*--------------------------------*- C++ -*----------------------------------*\
| =========                 |                                                 |
| \\      /  F ield         | OpenFOAM: The Open Source CFD Toolbox           |
|  \\    /   O peration     | Version:  2306                                  |
|   \\  /    A nd           | Website:  www.openfoam.com                      |
|    \\/     M anipulation  |                                                 |
\*---------------------------------------------------------------------------*/
FoamFile
{
    version     2.0;
    format      binary;
    arch        "LSB;label=32;scalar=64";
    class       decomposedBlockData;
    object      ccl;
    data.format     ascii;
    data.class      cellSet;
}
// * * * * * * * * * * * * * * * * * * * * * * * * * * * * * * * * * * * * * //


// processor0

4521
(FoamFile
{
    version     2.0;
    format      ascii;
    arch        "LSB;label=32;scalar=64";
    class       cellSet;
    location    "constant/phiI/polyMesh/sets";
    object      ccl;
}

1000
(
0
1
2050
2
2051
3
2052
4
5
6
7
8
9
10
11
2060
12
2061
13
14
15
16
17
18
19
20
21
2070
22
23
24
25
26
27
28
29
30
31
32
33
34
35
36
37
38
39
40
41
42
43
44
45
46
47
48
49
50
51
52
53
54
56
57
58
59
60
61
62
63
64
65
66
67
68
69
70
71
72
73
74
75
77
78
79
80
81
84
85
86
87
88
89
90
91
92
93
94
95
96
97
98
99
100
101
102
103
105
106
107
108
109
112
113
114
115
116
120
121
122
123
124
125
126
2175
127
2176
128
2177
129
2178
130
2179
131
132
133
2182
134
2183
135
2184
136
2185
137
2186
138
139
141
2190
142
2191
143
2192
144
2193
145
2194
148
149
150
2199
151
2200
152
2201
2202
2203
156
157
158
159
160
2209
2210
2211
2212
165
166
167
168
169
170
2219
171
2220
172
2221
173
174
175
176
177
178
179
180
2229
181
2230
182
183
184
186
187
188
189
190
2239
193
194
195
196
197
201
202
203
204
205
210
211
212
213
214
220
221
222
223
224
225
226
227
228
229
230
231
232
233
234
235
236
237
238
239
241
242
243
244
245
248
249
250
251
252
256
257
258
259
260
265
266
267
268
269
275
276
277
278
285
286
287
288
289
290
291
292
293
294
295
296
297
298
299
2348
300
2349
301
2350
302
2351
303
2352
304
306
307
2356
308
2357
309
2358
310
2359
2360
313
314
315
316
2365
317
2366
2367
2368
2369
321
322
323
324
325
2375
2376
2377
2378
330
331
332
333
334
2385
2386
2387
340
341
342
343
2395
2396
350
351
352
2405
360
361
362
363
364
365
366
367
368
369
370
371
372
373
374
375
376
377
378
379
381
382
383
384
385
388
389
390
391
392
396
397
398
399
400
405
406
407
408
409
415
416
417
418
425
426
427
435
436
445
446
447
448
449
450
451
452
453
454
455
456
457
458
459
460
461
462
463
464
466
467
468
2517
469
2518
470
2519
2520
2521
473
474
475
476
477
2526
2527
2528
2529
481
2530
482
483
484
485
2536
2537
2538
490
2539
491
492
493
494
2546
2547
2548
500
501
502
503
2556
2557
510
511
512
2566
520
521
530
540
541
542
543
544
545
546
547
548
549
550
551
552
553
554
555
556
557
558
559
561
562
563
564
565
568
569
570
571
572
576
577
578
579
580
585
586
587
588
589
595
596
597
598
605
606
607
615
616
625
2680
2681
2682
2683
2684
2690
2691
2692
2693
645
646
647
648
649
650
651
2700
652
2701
653
2702
654
655
656
657
658
659
660
661
2710
662
2711
663
664
666
667
668
669
670
2720
673
674
675
676
677
681
682
683
684
685
690
691
692
693
694
700
701
702
703
710
711
712
720
721
730
760
761
762
763
764
765
766
767
768
769
770
771
772
773
774
775
776
777
778
779
781
782
783
784
785
2835
2836
788
2837
789
2838
790
791
792
796
2845
797
2846
798
2847
799
800
805
806
2855
807
2856
808
809
815
816
2865
817
818
825
826
827
835
836
845
885
886
887
888
889
890
891
892
893
894
895
896
897
898
899
900
901
902
903
904
906
907
908
909
910
913
914
915
916
917
921
922
923
924
925
930
931
2980
932
2981
933
2982
934
940
941
2990
942
2991
943
950
951
3000
952
960
961
970
1020
1021
1022
1023
1024
1025
1026
1027
1028
1029
1030
1031
1032
1033
1034
1035
1036
1037
1038
1039
1041
1042
1043
1044
1045
1048
1049
1050
1051
1052
1056
1057
1058
1059
1060
1065
1066
3115
1067
3116
1068
1069
1075
1076
3125
1077
1078
1085
1086
1087
1095
1096
1105
1165
1166
1167
1168
1169
1170
1171
1172
1173
1174
1175
1176
1177
1178
1179
1180
1181
1182
1183
1184
1186
1187
1188
1189
1190
3240
1193
1194
1195
1196
1197
1201
1202
1203
1204
1205
1210
1211
1212
1213
1214
1220
1221
1222
1223
1230
1231
1232
1240
1241
1250
1320
1321
1322
1323
1324
1325
1326
1327
1328
1329
1330
1331
1332
1333
1334
1335
1336
1337
1338
1340
1341
1342
1343
1344
1347
1348
1349
1350
1351
1355
1356
1357
1358
1359
1364
1365
1366
1367
1368
1374
1375
1376
1377
1384
1385
1386
1394
1395
1404
1483
1484
1485
1486
1487
1488
1489
1490
1491
1492
1493
1494
1495
1496
1497
1498
1499
1501
1502
1503
1504
1505
1508
1509
1510
1511
1512
1516
1517
1518
1519
1520
1525
1526
1527
1528
1529
1535
1536
1537
1538
1545
1546
1547
1555
1556
1565
1652
1653
1654
1655
1656
1657
1658
1659
1660
1661
1662
1663
1664
1665
1667
1668
1669
1670
1671
1674
1675
1676
1677
1678
1682
1683
1684
1685
1686
1691
1692
1693
1694
1695
1701
1702
1703
1704
1711
1712
1713
1721
1722
1731
1825
1826
1827
1828
1829
1830
1831
1832
1833
1834
1836
1837
1838
1839
1840
1843
1844
1845
1846
1847
1851
1852
1853
1854
1855
1860
1861
1862
1863
1864
1870
1871
1872
1873
1880
1881
1882
1890
1891
1900
2000
2001
2002
2003
2004
2006
2007
2008
2009
2010
2013
2014
2015
2016
2017
2021
2022
2023
2024
2025
2030
2031
2032
2033
2034
2040
2041
2042
2043
)
)

// processor1

4329
(
1000
(
0
1
2050
2
2051
3
2052
4
5
6
7
8
9
10
11
2060
12
2061
13
14
15
16
17
18
19
20
21
2070
22
23
24
25
26
27
28
29
30
31
32
33
34
35
36
37
38
39
40
41
42
43
44
45
46
47
48
49
50
51
52
53
54
56
57
58
59
60
61
62
63
64
65
66
67
68
69
70
71
72
73
74
75
77
78
79
80
81
84
85
86
87
88
89
90
91
92
93
94
95
96
97
98
99
100
101
102
103
105
106
107
108
109
112
113
114
115
116
120
121
122
123
124
125
126
2175
127
2176
128
2177
129
2178
130
2179
131
132
133
2182
134
2183
135
2184
136
2185
137
2186
138
139
141
2190
142
2191
143
2192
144
2193
145
2194
148
149
150
2199
151
2200
152
2201
2202
2203
156
157
158
159
160
2209
2210
2211
2212
165
166
167
168
169
170
2219
171
2220
172
2221
173
174
175
176
177
178
179
180
2229
181
2230
182
183
184
186
187
188
189
190
2239
193
194
195
196
197
201
202
203
204
205
210
211
212
213
214
220
221
222
223
224
225
226
227
228
229
230
231
232
233
234
235
236
237
238
239
241
242
243
244
245
248
249
250
251
252
256
257
258
259
260
265
266
267
268
269
275
276
277
278
285
286
287
288
289
290
291
292
293
294
295
296
297
298
299
2348
300
2349
301
2350
302
2351
303
2352
304
306
307
2356
308
2357
309
2358
310
2359
2360
313
314
315
316
2365
317
2366
2367
2368
2369
321
322
323
324
325
2375
2376
2377
2378
330
331
332
333
334
2385
2386
2387
340
341
342
343
2395
2396
350
351
352
2405
360
361
362
363
364
365
366
367
368
369
370
371
372
373
374
375
376
377
378
379
381
382
383
384
385
388
389
390
391
392
396
397
398
399
400
405
406
407
408
409
415
416
417
418
425
426
427
435
436
445
446
447
448
449
450
451
452
453
454
455
456
457
458
459
460
461
462
463
464
466
467
468
2517
469
2518
470
2519
2520
2521
473
474
475
476
477
2526
2527
2528
2529
481
2530
482
483
484
485
2536
2537
2538
490
2539
491
492
493
494
2546
2547
2548
500
501
502
503
2556
2557
510
511
512
2566
520
521
530
540
541
542
543
544
545
546
547
548
549
550
551
552
553
554
555
556
557
558
559
561
562
563
564
565
568
569
570
571
572
576
577
578
579
580
585
586
587
588
589
595
596
597
598
605
606
607
615
616
625
2680
2681
2682
2683
2684
2690
2691
2692
2693
645
646
647
648
649
650
651
2700
652
2701
653
2702
654
655
656
657
658
659
660
661
2710
662
2711
663
664
666
667
668
669
670
2720
673
674
675
676
677
681
682
683
684
685
690
691
692
693
694
700
701
702
703
710
711
712
720
721
730
760
761
762
763
764
765
766
767
768
769
770
771
772
773
774
775
776
777
778
779
781
782
783
784
785
2835
2836
788
2837
789
2838
790
791
792
796
2845
797
2846
798
2847
799
800
805
806
2855
807
2856
808
809
815
816
2865
817
818
825
826
827
835
836
845
885
886
887
888
889
890
891
892
893
894
895
896
897
898
899
900
901
902
903
904
906
907
908
909
910
913
914
915
916
917
921
922
923
924
925
930
931
2980
932
2981
933
2982
934
940
941
2990
942
2991
943
950
951
3000
952
960
961
970
1020
1021
1022
1023
1024
1025
1026
1027
1028
1029
1030
1031
1032
1033
1034
1035
1036
1037
1038
1039
1041
1042
1043
1044
1045
1048
1049
1050
1051
1052
1056
1057
1058
1059
1060
1065
1066
3115
1067
3116
1068
1069
1075
1076
3125
1077
1078
1085
1086
1087
1095
1096
1105
1165
1166
1167
1168
1169
1170
1171
1172
1173
1174
1175
1176
1177
1178
1179
1180
1181
1182
1183
1184
1186
1187
1188
1189
1190
3240
1193
1194
1195
1196
1197
1201
1202
1203
1204
1205
1210
1211
1212
1213
1214
1220
1221
1222
1223
1230
1231
1232
1240
1241
1250
1320
1321
1322
1323
1324
1325
1326
1327
1328
1329
1330
1331
1332
1333
1334
1335
1336
1337
1338
1340
1341
1342
1343
1344
1347
1348
1349
1350
1351
1355
1356
1357
1358
1359
1364
1365
1366
1367
1368
1374
1375
1376
1377
1384
1385
1386
1394
1395
1404
1483
1484
1485
1486
1487
1488
1489
1490
1491
1492
1493
1494
1495
1496
1497
1498
1499
1501
1502
1503
1504
1505
1508
1509
1510
1511
1512
1516
1517
1518
1519
1520
1525
1526
1527
1528
1529
1535
1536
1537
1538
1545
1546
1547
1555
1556
1565
1652
1653
1654
1655
1656
1657
1658
1659
1660
1661
1662
1663
1664
1665
1667
1668
1669
1670
1671
1674
1675
1676
1677
1678
1682
1683
1684
1685
1686
1691
1692
1693
1694
1695
1701
1702
1703
1704
1711
1712
1713
1721
1722
1731
1825
1826
1827
1828
1829
1830
1831
1832
1833
1834
1836
1837
1838
1839
1840
1843
1844
1845
1846
1847
1851
1852
1853
1854
1855
1860
1861
1862
1863
1864
1870
1871
1872
1873
1880
1881
1882
1890
1891
1900
2000
2001
2002
2003
2004
2006
2007
2008
2009
2010
2013
2014
2015
2016
2017
2021
2022
2023
2024
2025
2030
2031
2032
2033
2034
2040
2041
2042
2043
)
)

// processor2

4329
(
1000
(
0
1
2050
2
2051
3
2052
4
5
6
7
8
9
10
11
2060
12
2061
13
14
15
16
17
18
19
20
21
2070
22
23
24
25
26
27
28
29
30
31
32
33
34
35
36
37
38
39
40
41
42
43
44
45
46
47
48
49
50
51
52
53
54
56
57
58
59
60
61
62
63
64
65
66
67
68
69
70
71
72
73
74
75
77
78
79
80
81
84
85
86
87
88
89
90
91
92
93
94
95
96
97
98
99
100
101
102
103
105
106
107
108
109
112
113
114
115
116
120
121
122
123
124
125
126
2175
127
2176
128
2177
129
2178
130
2179
131
132
133
2182
134
2183
135
2184
136
2185
137
2186
138
139
141
2190
142
2191
143
2192
144
2193
145
2194
148
149
150
2199
151
2200
152
2201
2202
2203
156
157
158
159
160
2209
2210
2211
2212
165
166
167
168
169
170
2219
171
2220
172
2221
173
174
175
176
177
178
179
180
2229
181
2230
182
183
184
186
187
188
189
190
2239
193
194
195
196
197
201
202
203
204
205
210
211
212
213
214
220
221
222
223
224
225
226
227
228
229
230
231
232
233
234
235
236
237
238
239
241
242
243
244
245
248
249
250
251
252
256
257
258
259
260
265
266
267
268
269
275
276
277
278
285
286
287
288
289
290
291
292
293
294
295
296
297
298
299
2348
300
2349
301
2350
302
2351
303
2352
304
306
307
2356
308
2357
309
2358
310
2359
2360
313
314
315
316
2365
317
2366
2367
2368
2369
321
322
323
324
325
2375
2376
2377
2378
330
331
332
333
334
2385
2386
2387
340
341
342
343
2395
2396
350
351
352
2405
360
361
362
363
364
365
366
367
368
369
370
371
372
373
374
375
376
377
378
379
381
382
383
384
385
388
389
390
391
392
396
397
398
399
400
405
406
407
408
409
415
416
417
418
425
426
427
435
436
445
446
447
448
449
450
451
452
453
454
455
456
457
458
459
460
461
462
463
464
466
467
468
2517
469
2518
470
2519
2520
2521
473
474
475
476
477
2526
2527
2528
2529
481
2530
482
483
484
485
2536
2537
2538
490
2539
491
492
493
494
2546
2547
2548
500
501
502
503
2556
2557
510
511
512
2566
520
521
530
540
541
542
543
544
545
546
547
548
549
550
551
552
553
554
555
556
557
558
559
561
562
563
564
565
568
569
570
571
572
576
577
578
579
580
585
586
587
588
589
595
596
597
598
605
606
607
615
616
625
2680
2681
2682
2683
2684
2690
2691
2692
2693
645
646
647
648
649
650
651
2700
652
2701
653
2702
654
655
656
657
658
659
660
661
2710
662
2711
663
664
666
667
668
669
670
2720
673
674
675
676
677
681
682
683
684
685
690
691
692
693
694
700
701
702
703
710
711
712
720
721
730
760
761
762
763
764
765
766
767
768
769
770
771
772
773
774
775
776
777
778
779
781
782
783
784
785
2835
2836
788
2837
789
2838
790
791
792
796
2845
797
2846
798
2847
799
800
805
806
2855
807
2856
808
809
815
816
2865
817
818
825
826
827
835
836
845
885
886
887
888
889
890
891
892
893
894
895
896
897
898
899
900
901
902
903
904
906
907
908
909
910
913
914
915
916
917
921
922
923
924
925
930
931
2980
932
2981
933
2982
934
940
941
2990
942
2991
943
950
951
3000
952
960
961
970
1020
1021
1022
1023
1024
1025
1026
1027
1028
1029
1030
1031
1032
1033
1034
1035
1036
1037
1038
1039
1041
1042
1043
1044
1045
1048
1049
1050
1051
1052
1056
1057
1058
1059
1060
1065
1066
3115
1067
3116
1068
1069
1075
1076
3125
1077
1078
1085
1086
1087
1095
1096
1105
1165
1166
1167
1168
1169
1170
1171
1172
1173
1174
1175
1176
1177
1178
1179
1180
1181
1182
1183
1184
1186
1187
1188
1189
1190
3240
1193
1194
1195
1196
1197
1201
1202
1203
1204
1205
1210
1211
1212
1213
1214
1220
1221
1222
1223
1230
1231
1232
1240
1241
1250
1320
1321
1322
1323
1324
1325
1326
1327
1328
1329
1330
1331
1332
1333
1334
1335
1336
1337
1338
1340
1341
1342
1343
1344
1347
1348
1349
1350
1351
1355
1356
1357
1358
1359
1364
1365
1366
1367
1368
1374
1375
1376
1377
1384
1385
1386
1394
1395
1404
1483
1484
1485
1486
1487
1488
1489
1490
1491
1492
1493
1494
1495
1496
1497
1498
1499
1501
1502
1503
1504
1505
1508
1509
1510
1511
1512
1516
1517
1518
1519
1520
1525
1526
1527
1528
1529
1535
1536
1537
1538
1545
1546
1547
1555
1556
1565
1652
1653
1654
1655
1656
1657
1658
1659
1660
1661
1662
1663
1664
1665
1667
1668
1669
1670
1671
1674
1675
1676
1677
1678
1682
1683
1684
1685
1686
1691
1692
1693
1694
1695
1701
1702
1703
1704
1711
1712
1713
1721
1722
1731
1825
1826
1827
1828
1829
1830
1831
1832
1833
1834
1836
1837
1838
1839
1840
1843
1844
1845
1846
1847
1851
1852
1853
1854
1855
1860
1861
1862
1863
1864
1870
1871
1872
1873
1880
1881
1882
1890
1891
1900
2000
2001
2002
2003
2004
2006
2007
2008
2009
2010
2013
2014
2015
2016
2017
2021
2022
2023
2024
2025
2030
2031
2032
2033
2034
2040
2041
2042
2043
)
)

// processor3

4329
(
1000
(
0
1
2050
2
2051
3
2052
4
5
6
7
8
9
10
11
2060
12
2061
13
14
15
16
17
18
19
20
21
2070
22
23
24
25
26
27
28
29
30
31
32
33
34
35
36
37
38
39
40
41
42
43
44
45
46
47
48
49
50
51
52
53
54
56
57
58
59
60
61
62
63
64
65
66
67
68
69
70
71
72
73
74
75
77
78
79
80
81
84
85
86
87
88
89
90
91
92
93
94
95
96
97
98
99
100
101
102
103
105
106
107
108
109
112
113
114
115
116
120
121
122
123
124
125
126
2175
127
2176
128
2177
129
2178
130
2179
131
132
133
2182
134
2183
135
2184
136
2185
137
2186
138
139
141
2190
142
2191
143
2192
144
2193
145
2194
148
149
150
2199
151
2200
152
2201
2202
2203
156
157
158
159
160
2209
2210
2211
2212
165
166
167
168
169
170
2219
171
2220
172
2221
173
174
175
176
177
178
179
180
2229
181
2230
182
183
184
186
187
188
189
190
2239
193
194
195
196
197
201
202
203
204
205
210
211
212
213
214
220
221
222
223
224
225
226
227
228
229
230
231
232
233
234
235
236
237
238
239
241
242
243
244
245
248
249
250
251
252
256
257
258
259
260
265
266
267
268
269
275
276
277
278
285
286
287
288
289
290
291
292
293
294
295
296
297
298
299
2348
300
2349
301
2350
302
2351
303
2352
304
306
307
2356
308
2357
309
2358
310
2359
2360
313
314
315
316
2365
317
2366
2367
2368
2369
321
322
323
324
325
2375
2376
2377
2378
330
331
332
333
334
2385
2386
2387
340
341
342
343
2395
2396
350
351
352
2405
360
361
362
363
364
365
366
367
368
369
370
371
372
373
374
375
376
377
378
379
381
382
383
384
385
388
389
390
391
392
396
397
398
399
400
405
406
407
408
409
415
416
417
418
425
426
427
435
436
445
446
447
448
449
450
451
452
453
454
455
456
457
458
459
460
461
462
463
464
466
467
468
2517
469
2518
470
2519
2520
2521
473
474
475
476
477
2526
2527
2528
2529
481
2530
482
483
484
485
2536
2537
2538
490
2539
491
492
493
494
2546
2547
2548
500
501
502
503
2556
2557
510
511
512
2566
520
521
530
540
541
542
543
544
545
546
547
548
549
550
551
552
553
554
555
556
557
558
559
561
562
563
564
565
568
569
570
571
572
576
577
578
579
580
585
586
587
588
589
595
596
597
598
605
606
607
615
616
625
2680
2681
2682
2683
2684
2690
2691
2692
2693
645
646
647
648
649
650
651
2700
652
2701
653
2702
654
655
656
657
658
659
660
661
2710
662
2711
663
664
666
667
668
669
670
2720
673
674
675
676
677
681
682
683
684
685
690
691
692
693
694
700
701
702
703
710
711
712
720
721
730
760
761
762
763
764
765
766
767
768
769
770
771
772
773
774
775
776
777
778
779
781
782
783
784
785
2835
2836
788
2837
789
2838
790
791
792
796
2845
797
2846
798
2847
799
800
805
806
2855
807
2856
808
809
815
816
2865
817
818
825
826
827
835
836
845
885
886
887
888
889
890
891
892
893
894
895
896
897
898
899
900
901
902
903
904
906
907
908
909
910
913
914
915
916
917
921
922
923
924
925
930
931
2980
932
2981
933
2982
934
940
941
2990
942
2991
943
950
951
3000
952
960
961
970
1020
1021
1022
1023
1024
1025
1026
1027
1028
1029
1030
1031
1032
1033
1034
1035
1036
1037
1038
1039
1041
1042
1043
1044
1045
1048
1049
1050
1051
1052
1056
1057
1058
1059
1060
1065
1066
3115
1067
3116
1068
1069
1075
1076
3125
1077
1078
1085
1086
1087
1095
1096
1105
1165
1166
1167
1168
1169
1170
1171
1172
1173
1174
1175
1176
1177
1178
1179
1180
1181
1182
1183
1184
1186
1187
1188
1189
1190
3240
1193
1194
1195
1196
1197
1201
1202
1203
1204
1205
1210
1211
1212
1213
1214
1220
1221
1222
1223
1230
1231
1232
1240
1241
1250
1320
1321
1322
1323
1324
1325
1326
1327
1328
1329
1330
1331
1332
1333
1334
1335
1336
1337
1338
1340
1341
1342
1343
1344
1347
1348
1349
1350
1351
1355
1356
1357
1358
1359
1364
1365
1366
1367
1368
1374
1375
1376
1377
1384
1385
1386
1394
1395
1404
1483
1484
1485
1486
1487
1488
1489
1490
1491
1492
1493
1494
1495
1496
1497
1498
1499
1501
1502
1503
1504
1505
1508
1509
1510
1511
1512
1516
1517
1518
1519
1520
1525
1526
1527
1528
1529
1535
1536
1537
1538
1545
1546
1547
1555
1556
1565
1652
1653
1654
1655
1656
1657
1658
1659
1660
1661
1662
1663
1664
1665
1667
1668
1669
1670
1671
1674
1675
1676
1677
1678
1682
1683
1684
1685
1686
1691
1692
1693
1694
1695
1701
1702
1703
1704
1711
1712
1713
1721
1722
1731
1825
1826
1827
1828
1829
1830
1831
1832
1833
1834
1836
1837
1838
1839
1840
1843
1844
1845
1846
1847
1851
1852
1853
1854
1855
1860
1861
1862
1863
1864
1870
1871
1872
1873
1880
1881
1882
1890
1891
1900
2000
2001
2002
2003
2004
2006
2007
2008
2009
2010
2013
2014
2015
2016
2017
2021
2022
2023
2024
2025
2030
2031
2032
2033
2034
2040
2041
2042
2043
)
)

// processor4

3
(0())

// processor5

3
(0())

// processor6

3
(0())

// processor7

3
(0())
