/*--------------------------------*- C++ -*----------------------------------*\
| =========                 |                                                 |
| \\      /  F ield         | OpenFOAM: The Open Source CFD Toolbox           |
|  \\    /   O peration     | Version:  2306                                  |
|   \\  /    A nd           | Website:  www.openfoam.com                      |
|    \\/     M anipulation  |                                                 |
\*---------------------------------------------------------------------------*/
FoamFile
{
    version     2.0;
    format      binary;
    arch        "LSB;label=32;scalar=64";
    class       decomposedBlockData;
    object      membrane;
    data.format     ascii;
    data.class      cellSet;
}
// * * * * * * * * * * * * * * * * * * * * * * * * * * * * * * * * * * * * * //


// processor0

9783
(FoamFile
{
    version     2.0;
    format      ascii;
    arch        "LSB;label=32;scalar=64";
    class       cellSet;
    location    "constant/phiI/polyMesh/sets";
    object      membrane;
}

2000
(
55
76
82
83
104
110
111
117
118
119
140
146
147
153
154
155
161
162
163
164
185
191
192
198
199
200
206
207
208
209
215
216
217
218
219
240
246
247
253
254
255
261
262
263
264
270
271
272
273
274
279
280
281
282
283
284
305
311
312
318
319
320
326
327
328
329
335
336
337
338
339
344
345
346
347
348
349
353
354
355
356
357
358
359
380
386
387
393
394
395
401
402
403
404
410
411
412
413
414
419
420
421
422
423
424
428
429
430
431
432
433
434
437
438
439
440
441
442
443
444
465
471
472
478
479
480
486
487
488
489
495
496
497
498
499
504
505
506
507
508
509
513
514
515
516
517
518
519
522
523
524
525
526
527
528
529
531
532
533
534
535
536
537
538
539
560
566
567
573
574
575
581
582
583
584
590
591
592
593
594
599
600
601
602
603
604
608
609
610
611
612
613
614
617
618
619
620
621
622
623
624
626
627
628
629
630
631
632
633
634
635
636
637
638
639
640
641
642
643
644
665
671
672
678
679
680
686
687
688
689
695
696
697
698
699
704
705
706
707
708
709
713
714
715
716
717
718
719
722
723
724
725
726
727
728
729
731
732
733
734
735
736
737
738
739
740
741
742
743
744
745
746
747
748
749
750
751
752
753
754
755
756
757
758
780
786
787
793
794
795
801
802
803
804
810
811
812
813
814
819
820
821
822
823
824
828
829
830
831
832
833
834
837
838
839
840
841
842
843
844
846
847
848
849
850
851
852
853
854
855
856
857
858
859
860
861
862
863
864
865
866
867
868
869
870
871
872
873
875
876
877
878
879
880
881
882
905
911
912
918
919
920
926
927
928
929
935
936
937
938
939
944
945
946
947
948
949
953
954
955
956
957
958
959
962
963
964
965
966
967
968
969
971
972
973
974
975
976
977
978
979
980
981
982
983
984
985
986
987
988
989
990
991
992
993
994
995
996
997
998
1000
1001
1002
1003
1004
1005
1006
1007
1010
1011
1012
1013
1014
1015
1016
1040
1046
1047
1053
1054
1055
1061
1062
1063
1064
1070
1071
1072
1073
1074
1079
1080
1081
1082
1083
1084
1088
1089
1090
1091
1092
1093
1094
1097
1098
1099
1100
1101
1102
1103
1104
1106
1107
1108
1109
1110
1111
1112
1113
1114
1115
1116
1117
1118
1119
1120
1121
1122
1123
1124
1125
1126
1127
1128
1129
1130
1131
1132
1133
1135
1136
1137
1138
1139
1140
1141
1142
1145
1146
1147
1148
1149
1150
1151
1155
1156
1157
1158
1159
1160
1185
1191
1192
1198
1199
1200
1206
1207
1208
1209
1215
1216
1217
1218
1219
1224
1225
1226
1227
1228
1229
1233
1234
1235
1236
1237
1238
1239
1242
1243
1244
1245
1246
1247
1248
1249
1251
1252
1253
1254
1255
1256
1257
1258
1259
1260
1261
1262
1263
1264
1265
1266
1267
1268
1269
1270
1271
1272
1273
1274
1275
1276
1277
1278
1280
1281
1282
1283
1284
1285
1286
1287
1290
1291
1292
1293
1294
1295
1296
1300
1301
1302
1303
1304
1305
1310
1311
1312
1313
1314
1339
1345
1346
1352
1353
1354
1360
1361
1362
1363
1369
1370
1371
1372
1373
1378
1379
1380
1381
1382
1383
1387
1388
1389
1390
1391
1392
1393
1396
1397
1398
1399
1400
1401
1402
1403
1405
1406
1407
1408
1409
1410
1411
1412
1413
1414
1415
1416
1417
1418
1419
1420
1421
1422
1423
1424
1425
1426
1427
1428
1429
1430
1431
1432
1434
1435
1436
1437
1438
1439
1440
1441
1444
1445
1446
1447
1448
1449
1450
1454
1455
1456
1457
1458
1459
1464
1465
1466
1467
1468
1474
1475
1476
1477
1500
1506
1507
1513
1514
1515
1521
1522
1523
1524
1530
1531
1532
1533
1534
1539
1540
1541
1542
1543
1544
1548
1549
1550
1551
1552
1553
1554
1557
1558
1559
1560
1561
1562
1563
1564
1566
1567
1568
1569
1570
1571
1572
1573
1574
1575
1576
1577
1578
1579
1580
1581
1582
1583
1584
1585
1586
1587
1588
1589
1590
1591
1592
1593
1595
1596
1597
1598
1599
1600
1601
1602
1605
1606
1607
1608
1609
1610
1611
1615
1616
1617
1618
1619
1620
1625
1626
1627
1628
1629
1635
1636
1637
1638
1644
1645
1646
1666
1672
1673
1679
1680
1681
1687
1688
1689
1690
1696
1697
1698
1699
1700
1705
1706
1707
1708
1709
1710
1714
1715
1716
1717
1718
1719
1720
1723
1724
1725
1726
1727
1728
1729
1730
1732
1733
1734
1735
1736
1737
1738
1739
1740
1741
1742
1743
1744
1745
1746
1747
1748
1749
1750
1751
1752
1753
1754
1755
1756
1757
1758
1759
1761
1762
1763
1764
1765
1766
1767
1768
1771
1772
1773
1774
1775
1776
1777
1781
1782
1783
1784
1785
1786
1791
1792
1793
1794
1795
1801
1802
1803
1804
1810
1811
1812
1818
1819
1835
1841
1842
1848
1849
1850
1856
1857
1858
1859
1865
1866
1867
1868
1869
1874
1875
1876
1877
1878
1879
1883
1884
1885
1886
1887
1888
1889
1892
1893
1894
1895
1896
1897
1898
1899
1901
1902
1903
1904
1905
1906
1907
1908
1909
1910
1911
1912
1913
1914
1915
1916
1917
1918
1919
1920
1921
1922
1923
1924
1925
1926
1927
1928
1930
1931
1932
1933
1934
1935
1936
1937
1940
1941
1942
1943
1944
1945
1946
1950
1951
1952
1953
1954
1955
1960
1961
1962
1963
1964
1970
1971
1972
1973
1979
1980
1981
1987
1988
1994
2005
2011
2012
2018
2019
2020
2026
2027
2028
2029
2035
2036
2037
2038
2039
2044
2045
2046
2047
2048
2049
2053
2054
2055
2056
2057
2058
2059
2062
2063
2064
2065
2066
2067
2068
2069
2071
2072
2073
2074
2075
2076
2077
2078
2079
2080
2081
2082
2083
2084
2085
2086
2087
2088
2089
2090
2091
2092
2093
2094
2095
2096
2097
2098
2100
2101
2102
2103
2104
2105
2106
2107
2110
2111
2112
2113
2114
2115
2116
2120
2121
2122
2123
2124
2125
2130
2131
2132
2133
2134
2140
2141
2142
2143
2149
2150
2151
2157
2158
2164
2180
2181
2187
2188
2189
2195
2196
2197
2198
2204
2205
2206
2207
2208
2213
2214
2215
2216
2217
2218
2222
2223
2224
2225
2226
2227
2228
2231
2232
2233
2234
2235
2236
2237
2238
2240
2241
2242
2243
2244
2245
2246
2247
2248
2249
2250
2251
2252
2253
2254
2255
2256
2257
2258
2259
2260
2261
2262
2263
2264
2265
2266
2267
2269
2270
2271
2272
2273
2274
2275
2276
2279
2280
2281
2282
2283
2284
2285
2289
2290
2291
2292
2293
2294
2299
2300
2301
2302
2303
2309
2310
2311
2312
2318
2319
2320
2326
2327
2333
2353
2354
2355
2361
2362
2363
2364
2370
2371
2372
2373
2374
2379
2380
2381
2382
2383
2384
2388
2389
2390
2391
2392
2393
2394
2397
2398
2399
2400
2401
2402
2403
2404
2406
2407
2408
2409
2410
2411
2412
2413
2414
2415
2416
2417
2418
2419
2420
2421
2422
2423
2424
2425
2426
2427
2428
2429
2430
2431
2432
2433
2435
2436
2437
2438
2439
2440
2441
2442
2445
2446
2447
2448
2449
2450
2451
2455
2456
2457
2458
2459
2460
2465
2466
2467
2468
2469
2475
2476
2477
2478
2484
2485
2486
2492
2493
2499
2522
2523
2524
2525
2531
2532
2533
2534
2535
2540
2541
2542
2543
2544
2545
2549
2550
2551
2552
2553
2554
2555
2558
2559
2560
2561
2562
2563
2564
2565
2567
2568
2569
2570
2571
2572
2573
2574
2575
2576
2577
2578
2579
2580
2581
2582
2583
2584
2585
2586
2587
2588
2589
2590
2591
2592
2593
2594
2596
2597
2598
2599
2600
2601
2602
2603
2606
2607
2608
2609
2610
2611
2612
2616
2617
2618
2619
2620
2621
2626
2627
2628
2629
2630
2636
2637
2638
2639
2645
2646
2647
2653
2654
2660
2685
2686
2687
2688
2689
2694
2695
2696
2697
2698
2699
2703
2704
2705
2706
2707
2708
2709
2712
2713
2714
2715
2716
2717
2718
2719
2721
2722
2723
2724
2725
2726
2727
2728
2729
2730
2731
2732
2733
2734
2735
2736
2737
2738
2739
2740
2741
2742
2743
2744
2745
2746
2747
2748
2750
2751
2752
2753
2754
2755
2756
2757
2760
2761
2762
2763
2764
2765
2766
2770
2771
2772
2773
2774
2775
2780
2781
2782
2783
2784
2790
2791
2792
2793
2799
2800
2801
2807
2808
2814
2839
2840
2841
2842
2843
2844
2848
2849
2850
2851
2852
2853
2854
2857
2858
2859
2860
2861
2862
2863
2864
2866
2867
2868
2869
2870
2871
2872
2873
2874
2875
2876
2877
2878
2879
2880
2881
2882
2883
2884
2885
2886
2887
2888
2889
2890
2891
2892
2893
2895
2896
2897
2898
2899
2900
2901
2902
2905
2906
2907
2908
2909
2910
2911
2915
2916
2917
2918
2919
2920
2925
2926
2927
2928
2929
2935
2936
2937
2938
2944
2945
2946
2952
2953
2959
2983
2984
2985
2986
2987
2988
2989
2992
2993
2994
2995
2996
2997
2998
2999
3001
3002
3003
3004
3005
3006
3007
3008
3009
3010
3011
3012
3013
3014
3015
3016
3017
3018
3019
3020
3021
3022
3023
3024
3025
3026
3027
3028
3030
3031
3032
3033
3034
3035
3036
3037
3040
3041
3042
3043
3044
3045
3046
3050
3051
3052
3053
3054
3055
3060
3061
3062
3063
3064
3070
3071
3072
3073
3079
3080
3081
3087
3088
3094
3117
3118
3119
3120
3121
3122
3123
3124
3126
3127
3128
3129
3130
3131
3132
3133
3134
3135
3136
3137
3138
3139
3140
3141
3142
3143
3144
3145
3146
3147
3148
3149
3150
3151
3152
3153
3155
3156
3157
3158
3159
3160
3161
3162
3165
3166
3167
3168
3169
3170
3171
3175
3176
3177
3178
3179
3180
3185
3186
3187
3188
3189
3195
3196
3197
3198
3204
3205
3206
3212
3213
3219
3241
3242
3243
3244
3245
3246
3247
3248
3249
3250
3251
3252
3253
3254
3255
3256
3257
3258
3259
3260
3261
3262
3263
3264
3265
3266
3267
3268
3270
3271
3272
3273
3274
3275
3276
3277
3280
3281
3282
3283
3284
3285
3286
3290
3291
3292
3293
3294
3295
3300
3301
3302
3303
3304
3310
3311
3312
3313
3319
3320
3321
3327
3328
3334
3355
3356
3357
3358
3359
3360
3361
3362
3363
3364
3365
3366
3367
3368
3369
3370
3371
3372
3373
3375
3376
3377
3378
3379
3380
3381
3382
3385
3386
3387
3388
3389
3390
3391
3395
3396
3397
3398
3399
3400
3405
3406
3407
3408
3409
3415
3416
3417
3418
3424
3425
3426
3432
3433
3439
3460
3461
3462
3463
3464
3465
3466
3467
3468
3470
3471
3472
3473
3474
3475
3476
3477
3480
3481
3482
3483
3484
3485
3486
3490
3491
3492
3493
3494
3495
3500
3501
3502
3503
3504
3510
3511
3512
3513
3519
3520
3521
3527
3528
3534
3555
3556
3557
3558
3559
3560
3561
3562
3565
3566
3567
3568
3569
3570
3571
3575
3576
3577
3578
3579
3580
3585
3586
3587
3588
3589
3595
3596
3597
3598
3604
3605
3606
3612
3613
3619
3640
3641
3642
3643
3644
3645
3646
3650
3651
3652
3653
3654
3655
3660
3661
3662
3663
3664
3670
3671
3672
3673
3679
3680
3681
3687
3688
3694
3715
3716
3717
3718
3719
3720
3725
3726
3727
3728
3729
3735
3736
3737
3738
3744
3745
3746
3752
3753
3759
3780
3781
3782
3783
3784
3790
3791
3792
3793
3799
3800
3801
3807
3808
3814
3835
3836
3837
3838
3844
3845
3846
3852
3853
3859
3880
3881
3882
3888
3889
3895
3916
3917
3923
3944
)
)

// processor1

9586
(
2000
(
55
76
82
83
104
110
111
117
118
119
140
146
147
153
154
155
161
162
163
164
185
191
192
198
199
200
206
207
208
209
215
216
217
218
219
240
246
247
253
254
255
261
262
263
264
270
271
272
273
274
279
280
281
282
283
284
305
311
312
318
319
320
326
327
328
329
335
336
337
338
339
344
345
346
347
348
349
353
354
355
356
357
358
359
380
386
387
393
394
395
401
402
403
404
410
411
412
413
414
419
420
421
422
423
424
428
429
430
431
432
433
434
437
438
439
440
441
442
443
444
465
471
472
478
479
480
486
487
488
489
495
496
497
498
499
504
505
506
507
508
509
513
514
515
516
517
518
519
522
523
524
525
526
527
528
529
531
532
533
534
535
536
537
538
539
560
566
567
573
574
575
581
582
583
584
590
591
592
593
594
599
600
601
602
603
604
608
609
610
611
612
613
614
617
618
619
620
621
622
623
624
626
627
628
629
630
631
632
633
634
635
636
637
638
639
640
641
642
643
644
665
671
672
678
679
680
686
687
688
689
695
696
697
698
699
704
705
706
707
708
709
713
714
715
716
717
718
719
722
723
724
725
726
727
728
729
731
732
733
734
735
736
737
738
739
740
741
742
743
744
745
746
747
748
749
750
751
752
753
754
755
756
757
758
780
786
787
793
794
795
801
802
803
804
810
811
812
813
814
819
820
821
822
823
824
828
829
830
831
832
833
834
837
838
839
840
841
842
843
844
846
847
848
849
850
851
852
853
854
855
856
857
858
859
860
861
862
863
864
865
866
867
868
869
870
871
872
873
875
876
877
878
879
880
881
882
905
911
912
918
919
920
926
927
928
929
935
936
937
938
939
944
945
946
947
948
949
953
954
955
956
957
958
959
962
963
964
965
966
967
968
969
971
972
973
974
975
976
977
978
979
980
981
982
983
984
985
986
987
988
989
990
991
992
993
994
995
996
997
998
1000
1001
1002
1003
1004
1005
1006
1007
1010
1011
1012
1013
1014
1015
1016
1040
1046
1047
1053
1054
1055
1061
1062
1063
1064
1070
1071
1072
1073
1074
1079
1080
1081
1082
1083
1084
1088
1089
1090
1091
1092
1093
1094
1097
1098
1099
1100
1101
1102
1103
1104
1106
1107
1108
1109
1110
1111
1112
1113
1114
1115
1116
1117
1118
1119
1120
1121
1122
1123
1124
1125
1126
1127
1128
1129
1130
1131
1132
1133
1135
1136
1137
1138
1139
1140
1141
1142
1145
1146
1147
1148
1149
1150
1151
1155
1156
1157
1158
1159
1160
1185
1191
1192
1198
1199
1200
1206
1207
1208
1209
1215
1216
1217
1218
1219
1224
1225
1226
1227
1228
1229
1233
1234
1235
1236
1237
1238
1239
1242
1243
1244
1245
1246
1247
1248
1249
1251
1252
1253
1254
1255
1256
1257
1258
1259
1260
1261
1262
1263
1264
1265
1266
1267
1268
1269
1270
1271
1272
1273
1274
1275
1276
1277
1278
1280
1281
1282
1283
1284
1285
1286
1287
1290
1291
1292
1293
1294
1295
1296
1300
1301
1302
1303
1304
1305
1310
1311
1312
1313
1314
1339
1345
1346
1352
1353
1354
1360
1361
1362
1363
1369
1370
1371
1372
1373
1378
1379
1380
1381
1382
1383
1387
1388
1389
1390
1391
1392
1393
1396
1397
1398
1399
1400
1401
1402
1403
1405
1406
1407
1408
1409
1410
1411
1412
1413
1414
1415
1416
1417
1418
1419
1420
1421
1422
1423
1424
1425
1426
1427
1428
1429
1430
1431
1432
1434
1435
1436
1437
1438
1439
1440
1441
1444
1445
1446
1447
1448
1449
1450
1454
1455
1456
1457
1458
1459
1464
1465
1466
1467
1468
1474
1475
1476
1477
1500
1506
1507
1513
1514
1515
1521
1522
1523
1524
1530
1531
1532
1533
1534
1539
1540
1541
1542
1543
1544
1548
1549
1550
1551
1552
1553
1554
1557
1558
1559
1560
1561
1562
1563
1564
1566
1567
1568
1569
1570
1571
1572
1573
1574
1575
1576
1577
1578
1579
1580
1581
1582
1583
1584
1585
1586
1587
1588
1589
1590
1591
1592
1593
1595
1596
1597
1598
1599
1600
1601
1602
1605
1606
1607
1608
1609
1610
1611
1615
1616
1617
1618
1619
1620
1625
1626
1627
1628
1629
1635
1636
1637
1638
1644
1645
1646
1666
1672
1673
1679
1680
1681
1687
1688
1689
1690
1696
1697
1698
1699
1700
1705
1706
1707
1708
1709
1710
1714
1715
1716
1717
1718
1719
1720
1723
1724
1725
1726
1727
1728
1729
1730
1732
1733
1734
1735
1736
1737
1738
1739
1740
1741
1742
1743
1744
1745
1746
1747
1748
1749
1750
1751
1752
1753
1754
1755
1756
1757
1758
1759
1761
1762
1763
1764
1765
1766
1767
1768
1771
1772
1773
1774
1775
1776
1777
1781
1782
1783
1784
1785
1786
1791
1792
1793
1794
1795
1801
1802
1803
1804
1810
1811
1812
1818
1819
1835
1841
1842
1848
1849
1850
1856
1857
1858
1859
1865
1866
1867
1868
1869
1874
1875
1876
1877
1878
1879
1883
1884
1885
1886
1887
1888
1889
1892
1893
1894
1895
1896
1897
1898
1899
1901
1902
1903
1904
1905
1906
1907
1908
1909
1910
1911
1912
1913
1914
1915
1916
1917
1918
1919
1920
1921
1922
1923
1924
1925
1926
1927
1928
1930
1931
1932
1933
1934
1935
1936
1937
1940
1941
1942
1943
1944
1945
1946
1950
1951
1952
1953
1954
1955
1960
1961
1962
1963
1964
1970
1971
1972
1973
1979
1980
1981
1987
1988
1994
2005
2011
2012
2018
2019
2020
2026
2027
2028
2029
2035
2036
2037
2038
2039
2044
2045
2046
2047
2048
2049
2053
2054
2055
2056
2057
2058
2059
2062
2063
2064
2065
2066
2067
2068
2069
2071
2072
2073
2074
2075
2076
2077
2078
2079
2080
2081
2082
2083
2084
2085
2086
2087
2088
2089
2090
2091
2092
2093
2094
2095
2096
2097
2098
2100
2101
2102
2103
2104
2105
2106
2107
2110
2111
2112
2113
2114
2115
2116
2120
2121
2122
2123
2124
2125
2130
2131
2132
2133
2134
2140
2141
2142
2143
2149
2150
2151
2157
2158
2164
2180
2181
2187
2188
2189
2195
2196
2197
2198
2204
2205
2206
2207
2208
2213
2214
2215
2216
2217
2218
2222
2223
2224
2225
2226
2227
2228
2231
2232
2233
2234
2235
2236
2237
2238
2240
2241
2242
2243
2244
2245
2246
2247
2248
2249
2250
2251
2252
2253
2254
2255
2256
2257
2258
2259
2260
2261
2262
2263
2264
2265
2266
2267
2269
2270
2271
2272
2273
2274
2275
2276
2279
2280
2281
2282
2283
2284
2285
2289
2290
2291
2292
2293
2294
2299
2300
2301
2302
2303
2309
2310
2311
2312
2318
2319
2320
2326
2327
2333
2353
2354
2355
2361
2362
2363
2364
2370
2371
2372
2373
2374
2379
2380
2381
2382
2383
2384
2388
2389
2390
2391
2392
2393
2394
2397
2398
2399
2400
2401
2402
2403
2404
2406
2407
2408
2409
2410
2411
2412
2413
2414
2415
2416
2417
2418
2419
2420
2421
2422
2423
2424
2425
2426
2427
2428
2429
2430
2431
2432
2433
2435
2436
2437
2438
2439
2440
2441
2442
2445
2446
2447
2448
2449
2450
2451
2455
2456
2457
2458
2459
2460
2465
2466
2467
2468
2469
2475
2476
2477
2478
2484
2485
2486
2492
2493
2499
2522
2523
2524
2525
2531
2532
2533
2534
2535
2540
2541
2542
2543
2544
2545
2549
2550
2551
2552
2553
2554
2555
2558
2559
2560
2561
2562
2563
2564
2565
2567
2568
2569
2570
2571
2572
2573
2574
2575
2576
2577
2578
2579
2580
2581
2582
2583
2584
2585
2586
2587
2588
2589
2590
2591
2592
2593
2594
2596
2597
2598
2599
2600
2601
2602
2603
2606
2607
2608
2609
2610
2611
2612
2616
2617
2618
2619
2620
2621
2626
2627
2628
2629
2630
2636
2637
2638
2639
2645
2646
2647
2653
2654
2660
2685
2686
2687
2688
2689
2694
2695
2696
2697
2698
2699
2703
2704
2705
2706
2707
2708
2709
2712
2713
2714
2715
2716
2717
2718
2719
2721
2722
2723
2724
2725
2726
2727
2728
2729
2730
2731
2732
2733
2734
2735
2736
2737
2738
2739
2740
2741
2742
2743
2744
2745
2746
2747
2748
2750
2751
2752
2753
2754
2755
2756
2757
2760
2761
2762
2763
2764
2765
2766
2770
2771
2772
2773
2774
2775
2780
2781
2782
2783
2784
2790
2791
2792
2793
2799
2800
2801
2807
2808
2814
2839
2840
2841
2842
2843
2844
2848
2849
2850
2851
2852
2853
2854
2857
2858
2859
2860
2861
2862
2863
2864
2866
2867
2868
2869
2870
2871
2872
2873
2874
2875
2876
2877
2878
2879
2880
2881
2882
2883
2884
2885
2886
2887
2888
2889
2890
2891
2892
2893
2895
2896
2897
2898
2899
2900
2901
2902
2905
2906
2907
2908
2909
2910
2911
2915
2916
2917
2918
2919
2920
2925
2926
2927
2928
2929
2935
2936
2937
2938
2944
2945
2946
2952
2953
2959
2983
2984
2985
2986
2987
2988
2989
2992
2993
2994
2995
2996
2997
2998
2999
3001
3002
3003
3004
3005
3006
3007
3008
3009
3010
3011
3012
3013
3014
3015
3016
3017
3018
3019
3020
3021
3022
3023
3024
3025
3026
3027
3028
3030
3031
3032
3033
3034
3035
3036
3037
3040
3041
3042
3043
3044
3045
3046
3050
3051
3052
3053
3054
3055
3060
3061
3062
3063
3064
3070
3071
3072
3073
3079
3080
3081
3087
3088
3094
3117
3118
3119
3120
3121
3122
3123
3124
3126
3127
3128
3129
3130
3131
3132
3133
3134
3135
3136
3137
3138
3139
3140
3141
3142
3143
3144
3145
3146
3147
3148
3149
3150
3151
3152
3153
3155
3156
3157
3158
3159
3160
3161
3162
3165
3166
3167
3168
3169
3170
3171
3175
3176
3177
3178
3179
3180
3185
3186
3187
3188
3189
3195
3196
3197
3198
3204
3205
3206
3212
3213
3219
3241
3242
3243
3244
3245
3246
3247
3248
3249
3250
3251
3252
3253
3254
3255
3256
3257
3258
3259
3260
3261
3262
3263
3264
3265
3266
3267
3268
3270
3271
3272
3273
3274
3275
3276
3277
3280
3281
3282
3283
3284
3285
3286
3290
3291
3292
3293
3294
3295
3300
3301
3302
3303
3304
3310
3311
3312
3313
3319
3320
3321
3327
3328
3334
3355
3356
3357
3358
3359
3360
3361
3362
3363
3364
3365
3366
3367
3368
3369
3370
3371
3372
3373
3375
3376
3377
3378
3379
3380
3381
3382
3385
3386
3387
3388
3389
3390
3391
3395
3396
3397
3398
3399
3400
3405
3406
3407
3408
3409
3415
3416
3417
3418
3424
3425
3426
3432
3433
3439
3460
3461
3462
3463
3464
3465
3466
3467
3468
3470
3471
3472
3473
3474
3475
3476
3477
3480
3481
3482
3483
3484
3485
3486
3490
3491
3492
3493
3494
3495
3500
3501
3502
3503
3504
3510
3511
3512
3513
3519
3520
3521
3527
3528
3534
3555
3556
3557
3558
3559
3560
3561
3562
3565
3566
3567
3568
3569
3570
3571
3575
3576
3577
3578
3579
3580
3585
3586
3587
3588
3589
3595
3596
3597
3598
3604
3605
3606
3612
3613
3619
3640
3641
3642
3643
3644
3645
3646
3650
3651
3652
3653
3654
3655
3660
3661
3662
3663
3664
3670
3671
3672
3673
3679
3680
3681
3687
3688
3694
3715
3716
3717
3718
3719
3720
3725
3726
3727
3728
3729
3735
3736
3737
3738
3744
3745
3746
3752
3753
3759
3780
3781
3782
3783
3784
3790
3791
3792
3793
3799
3800
3801
3807
3808
3814
3835
3836
3837
3838
3844
3845
3846
3852
3853
3859
3880
3881
3882
3888
3889
3895
3916
3917
3923
3944
)
)

// processor2

9586
(
2000
(
55
76
82
83
104
110
111
117
118
119
140
146
147
153
154
155
161
162
163
164
185
191
192
198
199
200
206
207
208
209
215
216
217
218
219
240
246
247
253
254
255
261
262
263
264
270
271
272
273
274
279
280
281
282
283
284
305
311
312
318
319
320
326
327
328
329
335
336
337
338
339
344
345
346
347
348
349
353
354
355
356
357
358
359
380
386
387
393
394
395
401
402
403
404
410
411
412
413
414
419
420
421
422
423
424
428
429
430
431
432
433
434
437
438
439
440
441
442
443
444
465
471
472
478
479
480
486
487
488
489
495
496
497
498
499
504
505
506
507
508
509
513
514
515
516
517
518
519
522
523
524
525
526
527
528
529
531
532
533
534
535
536
537
538
539
560
566
567
573
574
575
581
582
583
584
590
591
592
593
594
599
600
601
602
603
604
608
609
610
611
612
613
614
617
618
619
620
621
622
623
624
626
627
628
629
630
631
632
633
634
635
636
637
638
639
640
641
642
643
644
665
671
672
678
679
680
686
687
688
689
695
696
697
698
699
704
705
706
707
708
709
713
714
715
716
717
718
719
722
723
724
725
726
727
728
729
731
732
733
734
735
736
737
738
739
740
741
742
743
744
745
746
747
748
749
750
751
752
753
754
755
756
757
758
780
786
787
793
794
795
801
802
803
804
810
811
812
813
814
819
820
821
822
823
824
828
829
830
831
832
833
834
837
838
839
840
841
842
843
844
846
847
848
849
850
851
852
853
854
855
856
857
858
859
860
861
862
863
864
865
866
867
868
869
870
871
872
873
875
876
877
878
879
880
881
882
905
911
912
918
919
920
926
927
928
929
935
936
937
938
939
944
945
946
947
948
949
953
954
955
956
957
958
959
962
963
964
965
966
967
968
969
971
972
973
974
975
976
977
978
979
980
981
982
983
984
985
986
987
988
989
990
991
992
993
994
995
996
997
998
1000
1001
1002
1003
1004
1005
1006
1007
1010
1011
1012
1013
1014
1015
1016
1040
1046
1047
1053
1054
1055
1061
1062
1063
1064
1070
1071
1072
1073
1074
1079
1080
1081
1082
1083
1084
1088
1089
1090
1091
1092
1093
1094
1097
1098
1099
1100
1101
1102
1103
1104
1106
1107
1108
1109
1110
1111
1112
1113
1114
1115
1116
1117
1118
1119
1120
1121
1122
1123
1124
1125
1126
1127
1128
1129
1130
1131
1132
1133
1135
1136
1137
1138
1139
1140
1141
1142
1145
1146
1147
1148
1149
1150
1151
1155
1156
1157
1158
1159
1160
1185
1191
1192
1198
1199
1200
1206
1207
1208
1209
1215
1216
1217
1218
1219
1224
1225
1226
1227
1228
1229
1233
1234
1235
1236
1237
1238
1239
1242
1243
1244
1245
1246
1247
1248
1249
1251
1252
1253
1254
1255
1256
1257
1258
1259
1260
1261
1262
1263
1264
1265
1266
1267
1268
1269
1270
1271
1272
1273
1274
1275
1276
1277
1278
1280
1281
1282
1283
1284
1285
1286
1287
1290
1291
1292
1293
1294
1295
1296
1300
1301
1302
1303
1304
1305
1310
1311
1312
1313
1314
1339
1345
1346
1352
1353
1354
1360
1361
1362
1363
1369
1370
1371
1372
1373
1378
1379
1380
1381
1382
1383
1387
1388
1389
1390
1391
1392
1393
1396
1397
1398
1399
1400
1401
1402
1403
1405
1406
1407
1408
1409
1410
1411
1412
1413
1414
1415
1416
1417
1418
1419
1420
1421
1422
1423
1424
1425
1426
1427
1428
1429
1430
1431
1432
1434
1435
1436
1437
1438
1439
1440
1441
1444
1445
1446
1447
1448
1449
1450
1454
1455
1456
1457
1458
1459
1464
1465
1466
1467
1468
1474
1475
1476
1477
1500
1506
1507
1513
1514
1515
1521
1522
1523
1524
1530
1531
1532
1533
1534
1539
1540
1541
1542
1543
1544
1548
1549
1550
1551
1552
1553
1554
1557
1558
1559
1560
1561
1562
1563
1564
1566
1567
1568
1569
1570
1571
1572
1573
1574
1575
1576
1577
1578
1579
1580
1581
1582
1583
1584
1585
1586
1587
1588
1589
1590
1591
1592
1593
1595
1596
1597
1598
1599
1600
1601
1602
1605
1606
1607
1608
1609
1610
1611
1615
1616
1617
1618
1619
1620
1625
1626
1627
1628
1629
1635
1636
1637
1638
1644
1645
1646
1666
1672
1673
1679
1680
1681
1687
1688
1689
1690
1696
1697
1698
1699
1700
1705
1706
1707
1708
1709
1710
1714
1715
1716
1717
1718
1719
1720
1723
1724
1725
1726
1727
1728
1729
1730
1732
1733
1734
1735
1736
1737
1738
1739
1740
1741
1742
1743
1744
1745
1746
1747
1748
1749
1750
1751
1752
1753
1754
1755
1756
1757
1758
1759
1761
1762
1763
1764
1765
1766
1767
1768
1771
1772
1773
1774
1775
1776
1777
1781
1782
1783
1784
1785
1786
1791
1792
1793
1794
1795
1801
1802
1803
1804
1810
1811
1812
1818
1819
1835
1841
1842
1848
1849
1850
1856
1857
1858
1859
1865
1866
1867
1868
1869
1874
1875
1876
1877
1878
1879
1883
1884
1885
1886
1887
1888
1889
1892
1893
1894
1895
1896
1897
1898
1899
1901
1902
1903
1904
1905
1906
1907
1908
1909
1910
1911
1912
1913
1914
1915
1916
1917
1918
1919
1920
1921
1922
1923
1924
1925
1926
1927
1928
1930
1931
1932
1933
1934
1935
1936
1937
1940
1941
1942
1943
1944
1945
1946
1950
1951
1952
1953
1954
1955
1960
1961
1962
1963
1964
1970
1971
1972
1973
1979
1980
1981
1987
1988
1994
2005
2011
2012
2018
2019
2020
2026
2027
2028
2029
2035
2036
2037
2038
2039
2044
2045
2046
2047
2048
2049
2053
2054
2055
2056
2057
2058
2059
2062
2063
2064
2065
2066
2067
2068
2069
2071
2072
2073
2074
2075
2076
2077
2078
2079
2080
2081
2082
2083
2084
2085
2086
2087
2088
2089
2090
2091
2092
2093
2094
2095
2096
2097
2098
2100
2101
2102
2103
2104
2105
2106
2107
2110
2111
2112
2113
2114
2115
2116
2120
2121
2122
2123
2124
2125
2130
2131
2132
2133
2134
2140
2141
2142
2143
2149
2150
2151
2157
2158
2164
2180
2181
2187
2188
2189
2195
2196
2197
2198
2204
2205
2206
2207
2208
2213
2214
2215
2216
2217
2218
2222
2223
2224
2225
2226
2227
2228
2231
2232
2233
2234
2235
2236
2237
2238
2240
2241
2242
2243
2244
2245
2246
2247
2248
2249
2250
2251
2252
2253
2254
2255
2256
2257
2258
2259
2260
2261
2262
2263
2264
2265
2266
2267
2269
2270
2271
2272
2273
2274
2275
2276
2279
2280
2281
2282
2283
2284
2285
2289
2290
2291
2292
2293
2294
2299
2300
2301
2302
2303
2309
2310
2311
2312
2318
2319
2320
2326
2327
2333
2353
2354
2355
2361
2362
2363
2364
2370
2371
2372
2373
2374
2379
2380
2381
2382
2383
2384
2388
2389
2390
2391
2392
2393
2394
2397
2398
2399
2400
2401
2402
2403
2404
2406
2407
2408
2409
2410
2411
2412
2413
2414
2415
2416
2417
2418
2419
2420
2421
2422
2423
2424
2425
2426
2427
2428
2429
2430
2431
2432
2433
2435
2436
2437
2438
2439
2440
2441
2442
2445
2446
2447
2448
2449
2450
2451
2455
2456
2457
2458
2459
2460
2465
2466
2467
2468
2469
2475
2476
2477
2478
2484
2485
2486
2492
2493
2499
2522
2523
2524
2525
2531
2532
2533
2534
2535
2540
2541
2542
2543
2544
2545
2549
2550
2551
2552
2553
2554
2555
2558
2559
2560
2561
2562
2563
2564
2565
2567
2568
2569
2570
2571
2572
2573
2574
2575
2576
2577
2578
2579
2580
2581
2582
2583
2584
2585
2586
2587
2588
2589
2590
2591
2592
2593
2594
2596
2597
2598
2599
2600
2601
2602
2603
2606
2607
2608
2609
2610
2611
2612
2616
2617
2618
2619
2620
2621
2626
2627
2628
2629
2630
2636
2637
2638
2639
2645
2646
2647
2653
2654
2660
2685
2686
2687
2688
2689
2694
2695
2696
2697
2698
2699
2703
2704
2705
2706
2707
2708
2709
2712
2713
2714
2715
2716
2717
2718
2719
2721
2722
2723
2724
2725
2726
2727
2728
2729
2730
2731
2732
2733
2734
2735
2736
2737
2738
2739
2740
2741
2742
2743
2744
2745
2746
2747
2748
2750
2751
2752
2753
2754
2755
2756
2757
2760
2761
2762
2763
2764
2765
2766
2770
2771
2772
2773
2774
2775
2780
2781
2782
2783
2784
2790
2791
2792
2793
2799
2800
2801
2807
2808
2814
2839
2840
2841
2842
2843
2844
2848
2849
2850
2851
2852
2853
2854
2857
2858
2859
2860
2861
2862
2863
2864
2866
2867
2868
2869
2870
2871
2872
2873
2874
2875
2876
2877
2878
2879
2880
2881
2882
2883
2884
2885
2886
2887
2888
2889
2890
2891
2892
2893
2895
2896
2897
2898
2899
2900
2901
2902
2905
2906
2907
2908
2909
2910
2911
2915
2916
2917
2918
2919
2920
2925
2926
2927
2928
2929
2935
2936
2937
2938
2944
2945
2946
2952
2953
2959
2983
2984
2985
2986
2987
2988
2989
2992
2993
2994
2995
2996
2997
2998
2999
3001
3002
3003
3004
3005
3006
3007
3008
3009
3010
3011
3012
3013
3014
3015
3016
3017
3018
3019
3020
3021
3022
3023
3024
3025
3026
3027
3028
3030
3031
3032
3033
3034
3035
3036
3037
3040
3041
3042
3043
3044
3045
3046
3050
3051
3052
3053
3054
3055
3060
3061
3062
3063
3064
3070
3071
3072
3073
3079
3080
3081
3087
3088
3094
3117
3118
3119
3120
3121
3122
3123
3124
3126
3127
3128
3129
3130
3131
3132
3133
3134
3135
3136
3137
3138
3139
3140
3141
3142
3143
3144
3145
3146
3147
3148
3149
3150
3151
3152
3153
3155
3156
3157
3158
3159
3160
3161
3162
3165
3166
3167
3168
3169
3170
3171
3175
3176
3177
3178
3179
3180
3185
3186
3187
3188
3189
3195
3196
3197
3198
3204
3205
3206
3212
3213
3219
3241
3242
3243
3244
3245
3246
3247
3248
3249
3250
3251
3252
3253
3254
3255
3256
3257
3258
3259
3260
3261
3262
3263
3264
3265
3266
3267
3268
3270
3271
3272
3273
3274
3275
3276
3277
3280
3281
3282
3283
3284
3285
3286
3290
3291
3292
3293
3294
3295
3300
3301
3302
3303
3304
3310
3311
3312
3313
3319
3320
3321
3327
3328
3334
3355
3356
3357
3358
3359
3360
3361
3362
3363
3364
3365
3366
3367
3368
3369
3370
3371
3372
3373
3375
3376
3377
3378
3379
3380
3381
3382
3385
3386
3387
3388
3389
3390
3391
3395
3396
3397
3398
3399
3400
3405
3406
3407
3408
3409
3415
3416
3417
3418
3424
3425
3426
3432
3433
3439
3460
3461
3462
3463
3464
3465
3466
3467
3468
3470
3471
3472
3473
3474
3475
3476
3477
3480
3481
3482
3483
3484
3485
3486
3490
3491
3492
3493
3494
3495
3500
3501
3502
3503
3504
3510
3511
3512
3513
3519
3520
3521
3527
3528
3534
3555
3556
3557
3558
3559
3560
3561
3562
3565
3566
3567
3568
3569
3570
3571
3575
3576
3577
3578
3579
3580
3585
3586
3587
3588
3589
3595
3596
3597
3598
3604
3605
3606
3612
3613
3619
3640
3641
3642
3643
3644
3645
3646
3650
3651
3652
3653
3654
3655
3660
3661
3662
3663
3664
3670
3671
3672
3673
3679
3680
3681
3687
3688
3694
3715
3716
3717
3718
3719
3720
3725
3726
3727
3728
3729
3735
3736
3737
3738
3744
3745
3746
3752
3753
3759
3780
3781
3782
3783
3784
3790
3791
3792
3793
3799
3800
3801
3807
3808
3814
3835
3836
3837
3838
3844
3845
3846
3852
3853
3859
3880
3881
3882
3888
3889
3895
3916
3917
3923
3944
)
)

// processor3

9586
(
2000
(
55
76
82
83
104
110
111
117
118
119
140
146
147
153
154
155
161
162
163
164
185
191
192
198
199
200
206
207
208
209
215
216
217
218
219
240
246
247
253
254
255
261
262
263
264
270
271
272
273
274
279
280
281
282
283
284
305
311
312
318
319
320
326
327
328
329
335
336
337
338
339
344
345
346
347
348
349
353
354
355
356
357
358
359
380
386
387
393
394
395
401
402
403
404
410
411
412
413
414
419
420
421
422
423
424
428
429
430
431
432
433
434
437
438
439
440
441
442
443
444
465
471
472
478
479
480
486
487
488
489
495
496
497
498
499
504
505
506
507
508
509
513
514
515
516
517
518
519
522
523
524
525
526
527
528
529
531
532
533
534
535
536
537
538
539
560
566
567
573
574
575
581
582
583
584
590
591
592
593
594
599
600
601
602
603
604
608
609
610
611
612
613
614
617
618
619
620
621
622
623
624
626
627
628
629
630
631
632
633
634
635
636
637
638
639
640
641
642
643
644
665
671
672
678
679
680
686
687
688
689
695
696
697
698
699
704
705
706
707
708
709
713
714
715
716
717
718
719
722
723
724
725
726
727
728
729
731
732
733
734
735
736
737
738
739
740
741
742
743
744
745
746
747
748
749
750
751
752
753
754
755
756
757
758
780
786
787
793
794
795
801
802
803
804
810
811
812
813
814
819
820
821
822
823
824
828
829
830
831
832
833
834
837
838
839
840
841
842
843
844
846
847
848
849
850
851
852
853
854
855
856
857
858
859
860
861
862
863
864
865
866
867
868
869
870
871
872
873
875
876
877
878
879
880
881
882
905
911
912
918
919
920
926
927
928
929
935
936
937
938
939
944
945
946
947
948
949
953
954
955
956
957
958
959
962
963
964
965
966
967
968
969
971
972
973
974
975
976
977
978
979
980
981
982
983
984
985
986
987
988
989
990
991
992
993
994
995
996
997
998
1000
1001
1002
1003
1004
1005
1006
1007
1010
1011
1012
1013
1014
1015
1016
1040
1046
1047
1053
1054
1055
1061
1062
1063
1064
1070
1071
1072
1073
1074
1079
1080
1081
1082
1083
1084
1088
1089
1090
1091
1092
1093
1094
1097
1098
1099
1100
1101
1102
1103
1104
1106
1107
1108
1109
1110
1111
1112
1113
1114
1115
1116
1117
1118
1119
1120
1121
1122
1123
1124
1125
1126
1127
1128
1129
1130
1131
1132
1133
1135
1136
1137
1138
1139
1140
1141
1142
1145
1146
1147
1148
1149
1150
1151
1155
1156
1157
1158
1159
1160
1185
1191
1192
1198
1199
1200
1206
1207
1208
1209
1215
1216
1217
1218
1219
1224
1225
1226
1227
1228
1229
1233
1234
1235
1236
1237
1238
1239
1242
1243
1244
1245
1246
1247
1248
1249
1251
1252
1253
1254
1255
1256
1257
1258
1259
1260
1261
1262
1263
1264
1265
1266
1267
1268
1269
1270
1271
1272
1273
1274
1275
1276
1277
1278
1280
1281
1282
1283
1284
1285
1286
1287
1290
1291
1292
1293
1294
1295
1296
1300
1301
1302
1303
1304
1305
1310
1311
1312
1313
1314
1339
1345
1346
1352
1353
1354
1360
1361
1362
1363
1369
1370
1371
1372
1373
1378
1379
1380
1381
1382
1383
1387
1388
1389
1390
1391
1392
1393
1396
1397
1398
1399
1400
1401
1402
1403
1405
1406
1407
1408
1409
1410
1411
1412
1413
1414
1415
1416
1417
1418
1419
1420
1421
1422
1423
1424
1425
1426
1427
1428
1429
1430
1431
1432
1434
1435
1436
1437
1438
1439
1440
1441
1444
1445
1446
1447
1448
1449
1450
1454
1455
1456
1457
1458
1459
1464
1465
1466
1467
1468
1474
1475
1476
1477
1500
1506
1507
1513
1514
1515
1521
1522
1523
1524
1530
1531
1532
1533
1534
1539
1540
1541
1542
1543
1544
1548
1549
1550
1551
1552
1553
1554
1557
1558
1559
1560
1561
1562
1563
1564
1566
1567
1568
1569
1570
1571
1572
1573
1574
1575
1576
1577
1578
1579
1580
1581
1582
1583
1584
1585
1586
1587
1588
1589
1590
1591
1592
1593
1595
1596
1597
1598
1599
1600
1601
1602
1605
1606
1607
1608
1609
1610
1611
1615
1616
1617
1618
1619
1620
1625
1626
1627
1628
1629
1635
1636
1637
1638
1644
1645
1646
1666
1672
1673
1679
1680
1681
1687
1688
1689
1690
1696
1697
1698
1699
1700
1705
1706
1707
1708
1709
1710
1714
1715
1716
1717
1718
1719
1720
1723
1724
1725
1726
1727
1728
1729
1730
1732
1733
1734
1735
1736
1737
1738
1739
1740
1741
1742
1743
1744
1745
1746
1747
1748
1749
1750
1751
1752
1753
1754
1755
1756
1757
1758
1759
1761
1762
1763
1764
1765
1766
1767
1768
1771
1772
1773
1774
1775
1776
1777
1781
1782
1783
1784
1785
1786
1791
1792
1793
1794
1795
1801
1802
1803
1804
1810
1811
1812
1818
1819
1835
1841
1842
1848
1849
1850
1856
1857
1858
1859
1865
1866
1867
1868
1869
1874
1875
1876
1877
1878
1879
1883
1884
1885
1886
1887
1888
1889
1892
1893
1894
1895
1896
1897
1898
1899
1901
1902
1903
1904
1905
1906
1907
1908
1909
1910
1911
1912
1913
1914
1915
1916
1917
1918
1919
1920
1921
1922
1923
1924
1925
1926
1927
1928
1930
1931
1932
1933
1934
1935
1936
1937
1940
1941
1942
1943
1944
1945
1946
1950
1951
1952
1953
1954
1955
1960
1961
1962
1963
1964
1970
1971
1972
1973
1979
1980
1981
1987
1988
1994
2005
2011
2012
2018
2019
2020
2026
2027
2028
2029
2035
2036
2037
2038
2039
2044
2045
2046
2047
2048
2049
2053
2054
2055
2056
2057
2058
2059
2062
2063
2064
2065
2066
2067
2068
2069
2071
2072
2073
2074
2075
2076
2077
2078
2079
2080
2081
2082
2083
2084
2085
2086
2087
2088
2089
2090
2091
2092
2093
2094
2095
2096
2097
2098
2100
2101
2102
2103
2104
2105
2106
2107
2110
2111
2112
2113
2114
2115
2116
2120
2121
2122
2123
2124
2125
2130
2131
2132
2133
2134
2140
2141
2142
2143
2149
2150
2151
2157
2158
2164
2180
2181
2187
2188
2189
2195
2196
2197
2198
2204
2205
2206
2207
2208
2213
2214
2215
2216
2217
2218
2222
2223
2224
2225
2226
2227
2228
2231
2232
2233
2234
2235
2236
2237
2238
2240
2241
2242
2243
2244
2245
2246
2247
2248
2249
2250
2251
2252
2253
2254
2255
2256
2257
2258
2259
2260
2261
2262
2263
2264
2265
2266
2267
2269
2270
2271
2272
2273
2274
2275
2276
2279
2280
2281
2282
2283
2284
2285
2289
2290
2291
2292
2293
2294
2299
2300
2301
2302
2303
2309
2310
2311
2312
2318
2319
2320
2326
2327
2333
2353
2354
2355
2361
2362
2363
2364
2370
2371
2372
2373
2374
2379
2380
2381
2382
2383
2384
2388
2389
2390
2391
2392
2393
2394
2397
2398
2399
2400
2401
2402
2403
2404
2406
2407
2408
2409
2410
2411
2412
2413
2414
2415
2416
2417
2418
2419
2420
2421
2422
2423
2424
2425
2426
2427
2428
2429
2430
2431
2432
2433
2435
2436
2437
2438
2439
2440
2441
2442
2445
2446
2447
2448
2449
2450
2451
2455
2456
2457
2458
2459
2460
2465
2466
2467
2468
2469
2475
2476
2477
2478
2484
2485
2486
2492
2493
2499
2522
2523
2524
2525
2531
2532
2533
2534
2535
2540
2541
2542
2543
2544
2545
2549
2550
2551
2552
2553
2554
2555
2558
2559
2560
2561
2562
2563
2564
2565
2567
2568
2569
2570
2571
2572
2573
2574
2575
2576
2577
2578
2579
2580
2581
2582
2583
2584
2585
2586
2587
2588
2589
2590
2591
2592
2593
2594
2596
2597
2598
2599
2600
2601
2602
2603
2606
2607
2608
2609
2610
2611
2612
2616
2617
2618
2619
2620
2621
2626
2627
2628
2629
2630
2636
2637
2638
2639
2645
2646
2647
2653
2654
2660
2685
2686
2687
2688
2689
2694
2695
2696
2697
2698
2699
2703
2704
2705
2706
2707
2708
2709
2712
2713
2714
2715
2716
2717
2718
2719
2721
2722
2723
2724
2725
2726
2727
2728
2729
2730
2731
2732
2733
2734
2735
2736
2737
2738
2739
2740
2741
2742
2743
2744
2745
2746
2747
2748
2750
2751
2752
2753
2754
2755
2756
2757
2760
2761
2762
2763
2764
2765
2766
2770
2771
2772
2773
2774
2775
2780
2781
2782
2783
2784
2790
2791
2792
2793
2799
2800
2801
2807
2808
2814
2839
2840
2841
2842
2843
2844
2848
2849
2850
2851
2852
2853
2854
2857
2858
2859
2860
2861
2862
2863
2864
2866
2867
2868
2869
2870
2871
2872
2873
2874
2875
2876
2877
2878
2879
2880
2881
2882
2883
2884
2885
2886
2887
2888
2889
2890
2891
2892
2893
2895
2896
2897
2898
2899
2900
2901
2902
2905
2906
2907
2908
2909
2910
2911
2915
2916
2917
2918
2919
2920
2925
2926
2927
2928
2929
2935
2936
2937
2938
2944
2945
2946
2952
2953
2959
2983
2984
2985
2986
2987
2988
2989
2992
2993
2994
2995
2996
2997
2998
2999
3001
3002
3003
3004
3005
3006
3007
3008
3009
3010
3011
3012
3013
3014
3015
3016
3017
3018
3019
3020
3021
3022
3023
3024
3025
3026
3027
3028
3030
3031
3032
3033
3034
3035
3036
3037
3040
3041
3042
3043
3044
3045
3046
3050
3051
3052
3053
3054
3055
3060
3061
3062
3063
3064
3070
3071
3072
3073
3079
3080
3081
3087
3088
3094
3117
3118
3119
3120
3121
3122
3123
3124
3126
3127
3128
3129
3130
3131
3132
3133
3134
3135
3136
3137
3138
3139
3140
3141
3142
3143
3144
3145
3146
3147
3148
3149
3150
3151
3152
3153
3155
3156
3157
3158
3159
3160
3161
3162
3165
3166
3167
3168
3169
3170
3171
3175
3176
3177
3178
3179
3180
3185
3186
3187
3188
3189
3195
3196
3197
3198
3204
3205
3206
3212
3213
3219
3241
3242
3243
3244
3245
3246
3247
3248
3249
3250
3251
3252
3253
3254
3255
3256
3257
3258
3259
3260
3261
3262
3263
3264
3265
3266
3267
3268
3270
3271
3272
3273
3274
3275
3276
3277
3280
3281
3282
3283
3284
3285
3286
3290
3291
3292
3293
3294
3295
3300
3301
3302
3303
3304
3310
3311
3312
3313
3319
3320
3321
3327
3328
3334
3355
3356
3357
3358
3359
3360
3361
3362
3363
3364
3365
3366
3367
3368
3369
3370
3371
3372
3373
3375
3376
3377
3378
3379
3380
3381
3382
3385
3386
3387
3388
3389
3390
3391
3395
3396
3397
3398
3399
3400
3405
3406
3407
3408
3409
3415
3416
3417
3418
3424
3425
3426
3432
3433
3439
3460
3461
3462
3463
3464
3465
3466
3467
3468
3470
3471
3472
3473
3474
3475
3476
3477
3480
3481
3482
3483
3484
3485
3486
3490
3491
3492
3493
3494
3495
3500
3501
3502
3503
3504
3510
3511
3512
3513
3519
3520
3521
3527
3528
3534
3555
3556
3557
3558
3559
3560
3561
3562
3565
3566
3567
3568
3569
3570
3571
3575
3576
3577
3578
3579
3580
3585
3586
3587
3588
3589
3595
3596
3597
3598
3604
3605
3606
3612
3613
3619
3640
3641
3642
3643
3644
3645
3646
3650
3651
3652
3653
3654
3655
3660
3661
3662
3663
3664
3670
3671
3672
3673
3679
3680
3681
3687
3688
3694
3715
3716
3717
3718
3719
3720
3725
3726
3727
3728
3729
3735
3736
3737
3738
3744
3745
3746
3752
3753
3759
3780
3781
3782
3783
3784
3790
3791
3792
3793
3799
3800
3801
3807
3808
3814
3835
3836
3837
3838
3844
3845
3846
3852
3853
3859
3880
3881
3882
3888
3889
3895
3916
3917
3923
3944
)
)

// processor4

3
(0())

// processor5

3
(0())

// processor6

3
(0())

// processor7

3
(0())
