/*--------------------------------*- C++ -*----------------------------------*\
| =========                 |                                                 |
| \\      /  F ield         | OpenFOAM: The Open Source CFD Toolbox           |
|  \\    /   O peration     | Version:  2306                                  |
|   \\  /    A nd           | Website:  www.openfoam.com                      |
|    \\/     M anipulation  |                                                 |
\*---------------------------------------------------------------------------*/
FoamFile
{
    version     2.0;
    format      binary;
    arch        "LSB;label=32;scalar=64";
    class       decomposedBlockData;
    object      cellRegionAddressing;
    data.format     ascii;
    data.class      labelList;
}
// * * * * * * * * * * * * * * * * * * * * * * * * * * * * * * * * * * * * * //


// processor0

10236
(FoamFile
{
    version     2.0;
    format      ascii;
    arch        "LSB;label=32;scalar=64";
    class       labelList;
    location    "1/electrolyte/polyMesh";
    object      cellRegionAddressing;
}

2000
(
3399
3589
3598
3599
3779
3788
3789
3797
3798
3799
3969
3978
3979
3987
3988
3989
3996
3997
3998
3999
4159
4168
4169
4177
4178
4179
4186
4187
4188
4189
4195
4196
4197
4198
4199
4349
4358
4359
4367
4368
4369
4376
4377
4378
4379
4385
4386
4387
4388
4389
4394
4395
4396
4397
4398
4399
4539
4548
4549
4557
4558
4559
4566
4567
4568
4569
4575
4576
4577
4578
4579
4584
4585
4586
4587
4588
4589
4593
4594
4595
4596
4597
4598
4599
4729
4738
4739
4747
4748
4749
4756
4757
4758
4759
4765
4766
4767
4768
4769
4774
4775
4776
4777
4778
4779
4783
4784
4785
4786
4787
4788
4789
4792
4793
4794
4795
4796
4797
4798
4799
4919
4928
4929
4937
4938
4939
4946
4947
4948
4949
4955
4956
4957
4958
4959
4964
4965
4966
4967
4968
4969
4973
4974
4975
4976
4977
4978
4979
4982
4983
4984
4985
4986
4987
4988
4989
4991
4992
4993
4994
4995
4996
4997
4998
4999
5109
5118
5119
5127
5128
5129
5136
5137
5138
5139
5145
5146
5147
5148
5149
5154
5155
5156
5157
5158
5159
5163
5164
5165
5166
5167
5168
5169
5172
5173
5174
5175
5176
5177
5178
5179
5181
5182
5183
5184
5185
5186
5187
5188
5189
5190
5191
5192
5193
5194
5195
5196
5197
5198
5199
5299
5308
5309
5317
5318
5319
5326
5327
5328
5329
5335
5336
5337
5338
5339
5344
5345
5346
5347
5348
5349
5353
5354
5355
5356
5357
5358
5359
5362
5363
5364
5365
5366
5367
5368
5369
5371
5372
5373
5374
5375
5376
5377
5378
5379
5380
5381
5382
5383
5384
5385
5386
5387
5388
5389
5390
5391
5392
5393
5394
5395
5396
5397
5398
5489
5498
5499
5507
5508
5509
5516
5517
5518
5519
5525
5526
5527
5528
5529
5534
5535
5536
5537
5538
5539
5543
5544
5545
5546
5547
5548
5549
5552
5553
5554
5555
5556
5557
5558
5559
5561
5562
5563
5564
5565
5566
5567
5568
5569
5570
5571
5572
5573
5574
5575
5576
5577
5578
5579
5580
5581
5582
5583
5584
5585
5586
5587
5588
5590
5591
5592
5593
5594
5595
5596
5597
5679
5688
5689
5697
5698
5699
5706
5707
5708
5709
5715
5716
5717
5718
5719
5724
5725
5726
5727
5728
5729
5733
5734
5735
5736
5737
5738
5739
5742
5743
5744
5745
5746
5747
5748
5749
5751
5752
5753
5754
5755
5756
5757
5758
5759
5760
5761
5762
5763
5764
5765
5766
5767
5768
5769
5770
5771
5772
5773
5774
5775
5776
5777
5778
5780
5781
5782
5783
5784
5785
5786
5787
5790
5791
5792
5793
5794
5795
5796
5869
5878
5879
5887
5888
5889
5896
5897
5898
5899
5905
5906
5907
5908
5909
5914
5915
5916
5917
5918
5919
5923
5924
5925
5926
5927
5928
5929
5932
5933
5934
5935
5936
5937
5938
5939
5941
5942
5943
5944
5945
5946
5947
5948
5949
5950
5951
5952
5953
5954
5955
5956
5957
5958
5959
5960
5961
5962
5963
5964
5965
5966
5967
5968
5970
5971
5972
5973
5974
5975
5976
5977
5980
5981
5982
5983
5984
5985
5986
5990
5991
5992
5993
5994
5995
6059
6068
6069
6077
6078
6079
6086
6087
6088
6089
6095
6096
6097
6098
6099
6104
6105
6106
6107
6108
6109
6113
6114
6115
6116
6117
6118
6119
6122
6123
6124
6125
6126
6127
6128
6129
6131
6132
6133
6134
6135
6136
6137
6138
6139
6140
6141
6142
6143
6144
6145
6146
6147
6148
6149
6150
6151
6152
6153
6154
6155
6156
6157
6158
6160
6161
6162
6163
6164
6165
6166
6167
6170
6171
6172
6173
6174
6175
6176
6180
6181
6182
6183
6184
6185
6190
6191
6192
6193
6194
6249
6258
6259
6267
6268
6269
6276
6277
6278
6279
6285
6286
6287
6288
6289
6294
6295
6296
6297
6298
6299
6303
6304
6305
6306
6307
6308
6309
6312
6313
6314
6315
6316
6317
6318
6319
6321
6322
6323
6324
6325
6326
6327
6328
6329
6330
6331
6332
6333
6334
6335
6336
6337
6338
6339
6340
6341
6342
6343
6344
6345
6346
6347
6348
6350
6351
6352
6353
6354
6355
6356
6357
6360
6361
6362
6363
6364
6365
6366
6370
6371
6372
6373
6374
6375
6380
6381
6382
6383
6384
6390
6391
6392
6393
6439
6448
6449
6457
6458
6459
6466
6467
6468
6469
6475
6476
6477
6478
6479
6484
6485
6486
6487
6488
6489
6493
6494
6495
6496
6497
6498
6499
6502
6503
6504
6505
6506
6507
6508
6509
6511
6512
6513
6514
6515
6516
6517
6518
6519
6520
6521
6522
6523
6524
6525
6526
6527
6528
6529
6530
6531
6532
6533
6534
6535
6536
6537
6538
6540
6541
6542
6543
6544
6545
6546
6547
6550
6551
6552
6553
6554
6555
6556
6560
6561
6562
6563
6564
6565
6570
6571
6572
6573
6574
6580
6581
6582
6583
6590
6591
6592
6629
6638
6639
6647
6648
6649
6656
6657
6658
6659
6665
6666
6667
6668
6669
6674
6675
6676
6677
6678
6679
6683
6684
6685
6686
6687
6688
6689
6692
6693
6694
6695
6696
6697
6698
6699
6701
6702
6703
6704
6705
6706
6707
6708
6709
6710
6711
6712
6713
6714
6715
6716
6717
6718
6719
6720
6721
6722
6723
6724
6725
6726
6727
6728
6730
6731
6732
6733
6734
6735
6736
6737
6740
6741
6742
6743
6744
6745
6746
6750
6751
6752
6753
6754
6755
6760
6761
6762
6763
6764
6770
6771
6772
6773
6780
6781
6782
6790
6791
6819
6828
6829
6837
6838
6839
6846
6847
6848
6849
6855
6856
6857
6858
6859
6864
6865
6866
6867
6868
6869
6873
6874
6875
6876
6877
6878
6879
6882
6883
6884
6885
6886
6887
6888
6889
6891
6892
6893
6894
6895
6896
6897
6898
6899
6900
6901
6902
6903
6904
6905
6906
6907
6908
6909
6910
6911
6912
6913
6914
6915
6916
6917
6918
6920
6921
6922
6923
6924
6925
6926
6927
6930
6931
6932
6933
6934
6935
6936
6940
6941
6942
6943
6944
6945
6950
6951
6952
6953
6954
6960
6961
6962
6963
6970
6971
6972
6980
6981
6990
7009
7018
7019
7027
7028
7029
7036
7037
7038
7039
7045
7046
7047
7048
7049
7054
7055
7056
7057
7058
7059
7063
7064
7065
7066
7067
7068
7069
7072
7073
7074
7075
7076
7077
7078
7079
7081
7082
7083
7084
7085
7086
7087
7088
7089
7090
7091
7092
7093
7094
7095
7096
7097
7098
7099
7100
7101
7102
7103
7104
7105
7106
7107
7108
7110
7111
7112
7113
7114
7115
7116
7117
7120
7121
7122
7123
7124
7125
7126
7130
7131
7132
7133
7134
7135
7140
7141
7142
7143
7144
7150
7151
7152
7153
7160
7161
7162
7170
7171
7180
7208
7209
7217
7218
7219
7226
7227
7228
7229
7235
7236
7237
7238
7239
7244
7245
7246
7247
7248
7249
7253
7254
7255
7256
7257
7258
7259
7262
7263
7264
7265
7266
7267
7268
7269
7271
7272
7273
7274
7275
7276
7277
7278
7279
7280
7281
7282
7283
7284
7285
7286
7287
7288
7289
7290
7291
7292
7293
7294
7295
7296
7297
7298
7300
7301
7302
7303
7304
7305
7306
7307
7310
7311
7312
7313
7314
7315
7316
7320
7321
7322
7323
7324
7325
7330
7331
7332
7333
7334
7340
7341
7342
7343
7350
7351
7352
7360
7361
7370
7407
7408
7409
7416
7417
7418
7419
7425
7426
7427
7428
7429
7434
7435
7436
7437
7438
7439
7443
7444
7445
7446
7447
7448
7449
7452
7453
7454
7455
7456
7457
7458
7459
7461
7462
7463
7464
7465
7466
7467
7468
7469
7470
7471
7472
7473
7474
7475
7476
7477
7478
7479
7480
7481
7482
7483
7484
7485
7486
7487
7488
7490
7491
7492
7493
7494
7495
7496
7497
7500
7501
7502
7503
7504
7505
7506
7510
7511
7512
7513
7514
7515
7520
7521
7522
7523
7524
7530
7531
7532
7533
7540
7541
7542
7550
7551
7560
7606
7607
7608
7609
7615
7616
7617
7618
7619
7624
7625
7626
7627
7628
7629
7633
7634
7635
7636
7637
7638
7639
7642
7643
7644
7645
7646
7647
7648
7649
7651
7652
7653
7654
7655
7656
7657
7658
7659
7660
7661
7662
7663
7664
7665
7666
7667
7668
7669
7670
7671
7672
7673
7674
7675
7676
7677
7678
7680
7681
7682
7683
7684
7685
7686
7687
7690
7691
7692
7693
7694
7695
7696
7700
7701
7702
7703
7704
7705
7710
7711
7712
7713
7714
7720
7721
7722
7723
7730
7731
7732
7740
7741
7750
7805
7806
7807
7808
7809
7814
7815
7816
7817
7818
7819
7823
7824
7825
7826
7827
7828
7829
7832
7833
7834
7835
7836
7837
7838
7839
7841
7842
7843
7844
7845
7846
7847
7848
7849
7850
7851
7852
7853
7854
7855
7856
7857
7858
7859
7860
7861
7862
7863
7864
7865
7866
7867
7868
7870
7871
7872
7873
7874
7875
7876
7877
7880
7881
7882
7883
7884
7885
7886
7890
7891
7892
7893
7894
7895
7900
7901
7902
7903
7904
7910
7911
7912
7913
7920
7921
7922
7930
7931
7940
8004
8005
8006
8007
8008
8009
8013
8014
8015
8016
8017
8018
8019
8022
8023
8024
8025
8026
8027
8028
8029
8031
8032
8033
8034
8035
8036
8037
8038
8039
8040
8041
8042
8043
8044
8045
8046
8047
8048
8049
8050
8051
8052
8053
8054
8055
8056
8057
8058
8060
8061
8062
8063
8064
8065
8066
8067
8070
8071
8072
8073
8074
8075
8076
8080
8081
8082
8083
8084
8085
8090
8091
8092
8093
8094
8100
8101
8102
8103
8110
8111
8112
8120
8121
8130
8203
8204
8205
8206
8207
8208
8209
8212
8213
8214
8215
8216
8217
8218
8219
8221
8222
8223
8224
8225
8226
8227
8228
8229
8230
8231
8232
8233
8234
8235
8236
8237
8238
8239
8240
8241
8242
8243
8244
8245
8246
8247
8248
8250
8251
8252
8253
8254
8255
8256
8257
8260
8261
8262
8263
8264
8265
8266
8270
8271
8272
8273
8274
8275
8280
8281
8282
8283
8284
8290
8291
8292
8293
8300
8301
8302
8310
8311
8320
8402
8403
8404
8405
8406
8407
8408
8409
8411
8412
8413
8414
8415
8416
8417
8418
8419
8420
8421
8422
8423
8424
8425
8426
8427
8428
8429
8430
8431
8432
8433
8434
8435
8436
8437
8438
8440
8441
8442
8443
8444
8445
8446
8447
8450
8451
8452
8453
8454
8455
8456
8460
8461
8462
8463
8464
8465
8470
8471
8472
8473
8474
8480
8481
8482
8483
8490
8491
8492
8500
8501
8510
8601
8602
8603
8604
8605
8606
8607
8608
8609
8610
8611
8612
8613
8614
8615
8616
8617
8618
8619
8620
8621
8622
8623
8624
8625
8626
8627
8628
8630
8631
8632
8633
8634
8635
8636
8637
8640
8641
8642
8643
8644
8645
8646
8650
8651
8652
8653
8654
8655
8660
8661
8662
8663
8664
8670
8671
8672
8673
8680
8681
8682
8690
8691
8700
8800
8801
8802
8803
8804
8805
8806
8807
8808
8809
8810
8811
8812
8813
8814
8815
8816
8817
8818
8820
8821
8822
8823
8824
8825
8826
8827
8830
8831
8832
8833
8834
8835
8836
8840
8841
8842
8843
8844
8845
8850
8851
8852
8853
8854
8860
8861
8862
8863
8870
8871
8872
8880
8881
8890
9000
9001
9002
9003
9004
9005
9006
9007
9008
9010
9011
9012
9013
9014
9015
9016
9017
9020
9021
9022
9023
9024
9025
9026
9030
9031
9032
9033
9034
9035
9040
9041
9042
9043
9044
9050
9051
9052
9053
9060
9061
9062
9070
9071
9080
9200
9201
9202
9203
9204
9205
9206
9207
9210
9211
9212
9213
9214
9215
9216
9220
9221
9222
9223
9224
9225
9230
9231
9232
9233
9234
9240
9241
9242
9243
9250
9251
9252
9260
9261
9270
9400
9401
9402
9403
9404
9405
9406
9410
9411
9412
9413
9414
9415
9420
9421
9422
9423
9424
9430
9431
9432
9433
9440
9441
9442
9450
9451
9460
9600
9601
9602
9603
9604
9605
9610
9611
9612
9613
9614
9620
9621
9622
9623
9630
9631
9632
9640
9641
9650
9800
9801
9802
9803
9804
9810
9811
9812
9813
9820
9821
9822
9830
9831
9840
10000
10001
10002
10003
10010
10011
10012
10020
10021
10030
10200
10201
10202
10210
10211
10220
10400
10401
10410
10600
)
)

// processor1

10030
(
2000
(
3399
3589
3598
3599
3779
3788
3789
3797
3798
3799
3969
3978
3979
3987
3988
3989
3996
3997
3998
3999
4159
4168
4169
4177
4178
4179
4186
4187
4188
4189
4195
4196
4197
4198
4199
4349
4358
4359
4367
4368
4369
4376
4377
4378
4379
4385
4386
4387
4388
4389
4394
4395
4396
4397
4398
4399
4539
4548
4549
4557
4558
4559
4566
4567
4568
4569
4575
4576
4577
4578
4579
4584
4585
4586
4587
4588
4589
4593
4594
4595
4596
4597
4598
4599
4729
4738
4739
4747
4748
4749
4756
4757
4758
4759
4765
4766
4767
4768
4769
4774
4775
4776
4777
4778
4779
4783
4784
4785
4786
4787
4788
4789
4792
4793
4794
4795
4796
4797
4798
4799
4919
4928
4929
4937
4938
4939
4946
4947
4948
4949
4955
4956
4957
4958
4959
4964
4965
4966
4967
4968
4969
4973
4974
4975
4976
4977
4978
4979
4982
4983
4984
4985
4986
4987
4988
4989
4991
4992
4993
4994
4995
4996
4997
4998
4999
5109
5118
5119
5127
5128
5129
5136
5137
5138
5139
5145
5146
5147
5148
5149
5154
5155
5156
5157
5158
5159
5163
5164
5165
5166
5167
5168
5169
5172
5173
5174
5175
5176
5177
5178
5179
5181
5182
5183
5184
5185
5186
5187
5188
5189
5190
5191
5192
5193
5194
5195
5196
5197
5198
5199
5299
5308
5309
5317
5318
5319
5326
5327
5328
5329
5335
5336
5337
5338
5339
5344
5345
5346
5347
5348
5349
5353
5354
5355
5356
5357
5358
5359
5362
5363
5364
5365
5366
5367
5368
5369
5371
5372
5373
5374
5375
5376
5377
5378
5379
5380
5381
5382
5383
5384
5385
5386
5387
5388
5389
5390
5391
5392
5393
5394
5395
5396
5397
5398
5489
5498
5499
5507
5508
5509
5516
5517
5518
5519
5525
5526
5527
5528
5529
5534
5535
5536
5537
5538
5539
5543
5544
5545
5546
5547
5548
5549
5552
5553
5554
5555
5556
5557
5558
5559
5561
5562
5563
5564
5565
5566
5567
5568
5569
5570
5571
5572
5573
5574
5575
5576
5577
5578
5579
5580
5581
5582
5583
5584
5585
5586
5587
5588
5590
5591
5592
5593
5594
5595
5596
5597
5679
5688
5689
5697
5698
5699
5706
5707
5708
5709
5715
5716
5717
5718
5719
5724
5725
5726
5727
5728
5729
5733
5734
5735
5736
5737
5738
5739
5742
5743
5744
5745
5746
5747
5748
5749
5751
5752
5753
5754
5755
5756
5757
5758
5759
5760
5761
5762
5763
5764
5765
5766
5767
5768
5769
5770
5771
5772
5773
5774
5775
5776
5777
5778
5780
5781
5782
5783
5784
5785
5786
5787
5790
5791
5792
5793
5794
5795
5796
5869
5878
5879
5887
5888
5889
5896
5897
5898
5899
5905
5906
5907
5908
5909
5914
5915
5916
5917
5918
5919
5923
5924
5925
5926
5927
5928
5929
5932
5933
5934
5935
5936
5937
5938
5939
5941
5942
5943
5944
5945
5946
5947
5948
5949
5950
5951
5952
5953
5954
5955
5956
5957
5958
5959
5960
5961
5962
5963
5964
5965
5966
5967
5968
5970
5971
5972
5973
5974
5975
5976
5977
5980
5981
5982
5983
5984
5985
5986
5990
5991
5992
5993
5994
5995
6059
6068
6069
6077
6078
6079
6086
6087
6088
6089
6095
6096
6097
6098
6099
6104
6105
6106
6107
6108
6109
6113
6114
6115
6116
6117
6118
6119
6122
6123
6124
6125
6126
6127
6128
6129
6131
6132
6133
6134
6135
6136
6137
6138
6139
6140
6141
6142
6143
6144
6145
6146
6147
6148
6149
6150
6151
6152
6153
6154
6155
6156
6157
6158
6160
6161
6162
6163
6164
6165
6166
6167
6170
6171
6172
6173
6174
6175
6176
6180
6181
6182
6183
6184
6185
6190
6191
6192
6193
6194
6249
6258
6259
6267
6268
6269
6276
6277
6278
6279
6285
6286
6287
6288
6289
6294
6295
6296
6297
6298
6299
6303
6304
6305
6306
6307
6308
6309
6312
6313
6314
6315
6316
6317
6318
6319
6321
6322
6323
6324
6325
6326
6327
6328
6329
6330
6331
6332
6333
6334
6335
6336
6337
6338
6339
6340
6341
6342
6343
6344
6345
6346
6347
6348
6350
6351
6352
6353
6354
6355
6356
6357
6360
6361
6362
6363
6364
6365
6366
6370
6371
6372
6373
6374
6375
6380
6381
6382
6383
6384
6390
6391
6392
6393
6439
6448
6449
6457
6458
6459
6466
6467
6468
6469
6475
6476
6477
6478
6479
6484
6485
6486
6487
6488
6489
6493
6494
6495
6496
6497
6498
6499
6502
6503
6504
6505
6506
6507
6508
6509
6511
6512
6513
6514
6515
6516
6517
6518
6519
6520
6521
6522
6523
6524
6525
6526
6527
6528
6529
6530
6531
6532
6533
6534
6535
6536
6537
6538
6540
6541
6542
6543
6544
6545
6546
6547
6550
6551
6552
6553
6554
6555
6556
6560
6561
6562
6563
6564
6565
6570
6571
6572
6573
6574
6580
6581
6582
6583
6590
6591
6592
6629
6638
6639
6647
6648
6649
6656
6657
6658
6659
6665
6666
6667
6668
6669
6674
6675
6676
6677
6678
6679
6683
6684
6685
6686
6687
6688
6689
6692
6693
6694
6695
6696
6697
6698
6699
6701
6702
6703
6704
6705
6706
6707
6708
6709
6710
6711
6712
6713
6714
6715
6716
6717
6718
6719
6720
6721
6722
6723
6724
6725
6726
6727
6728
6730
6731
6732
6733
6734
6735
6736
6737
6740
6741
6742
6743
6744
6745
6746
6750
6751
6752
6753
6754
6755
6760
6761
6762
6763
6764
6770
6771
6772
6773
6780
6781
6782
6790
6791
6819
6828
6829
6837
6838
6839
6846
6847
6848
6849
6855
6856
6857
6858
6859
6864
6865
6866
6867
6868
6869
6873
6874
6875
6876
6877
6878
6879
6882
6883
6884
6885
6886
6887
6888
6889
6891
6892
6893
6894
6895
6896
6897
6898
6899
6900
6901
6902
6903
6904
6905
6906
6907
6908
6909
6910
6911
6912
6913
6914
6915
6916
6917
6918
6920
6921
6922
6923
6924
6925
6926
6927
6930
6931
6932
6933
6934
6935
6936
6940
6941
6942
6943
6944
6945
6950
6951
6952
6953
6954
6960
6961
6962
6963
6970
6971
6972
6980
6981
6990
7009
7018
7019
7027
7028
7029
7036
7037
7038
7039
7045
7046
7047
7048
7049
7054
7055
7056
7057
7058
7059
7063
7064
7065
7066
7067
7068
7069
7072
7073
7074
7075
7076
7077
7078
7079
7081
7082
7083
7084
7085
7086
7087
7088
7089
7090
7091
7092
7093
7094
7095
7096
7097
7098
7099
7100
7101
7102
7103
7104
7105
7106
7107
7108
7110
7111
7112
7113
7114
7115
7116
7117
7120
7121
7122
7123
7124
7125
7126
7130
7131
7132
7133
7134
7135
7140
7141
7142
7143
7144
7150
7151
7152
7153
7160
7161
7162
7170
7171
7180
7208
7209
7217
7218
7219
7226
7227
7228
7229
7235
7236
7237
7238
7239
7244
7245
7246
7247
7248
7249
7253
7254
7255
7256
7257
7258
7259
7262
7263
7264
7265
7266
7267
7268
7269
7271
7272
7273
7274
7275
7276
7277
7278
7279
7280
7281
7282
7283
7284
7285
7286
7287
7288
7289
7290
7291
7292
7293
7294
7295
7296
7297
7298
7300
7301
7302
7303
7304
7305
7306
7307
7310
7311
7312
7313
7314
7315
7316
7320
7321
7322
7323
7324
7325
7330
7331
7332
7333
7334
7340
7341
7342
7343
7350
7351
7352
7360
7361
7370
7407
7408
7409
7416
7417
7418
7419
7425
7426
7427
7428
7429
7434
7435
7436
7437
7438
7439
7443
7444
7445
7446
7447
7448
7449
7452
7453
7454
7455
7456
7457
7458
7459
7461
7462
7463
7464
7465
7466
7467
7468
7469
7470
7471
7472
7473
7474
7475
7476
7477
7478
7479
7480
7481
7482
7483
7484
7485
7486
7487
7488
7490
7491
7492
7493
7494
7495
7496
7497
7500
7501
7502
7503
7504
7505
7506
7510
7511
7512
7513
7514
7515
7520
7521
7522
7523
7524
7530
7531
7532
7533
7540
7541
7542
7550
7551
7560
7606
7607
7608
7609
7615
7616
7617
7618
7619
7624
7625
7626
7627
7628
7629
7633
7634
7635
7636
7637
7638
7639
7642
7643
7644
7645
7646
7647
7648
7649
7651
7652
7653
7654
7655
7656
7657
7658
7659
7660
7661
7662
7663
7664
7665
7666
7667
7668
7669
7670
7671
7672
7673
7674
7675
7676
7677
7678
7680
7681
7682
7683
7684
7685
7686
7687
7690
7691
7692
7693
7694
7695
7696
7700
7701
7702
7703
7704
7705
7710
7711
7712
7713
7714
7720
7721
7722
7723
7730
7731
7732
7740
7741
7750
7805
7806
7807
7808
7809
7814
7815
7816
7817
7818
7819
7823
7824
7825
7826
7827
7828
7829
7832
7833
7834
7835
7836
7837
7838
7839
7841
7842
7843
7844
7845
7846
7847
7848
7849
7850
7851
7852
7853
7854
7855
7856
7857
7858
7859
7860
7861
7862
7863
7864
7865
7866
7867
7868
7870
7871
7872
7873
7874
7875
7876
7877
7880
7881
7882
7883
7884
7885
7886
7890
7891
7892
7893
7894
7895
7900
7901
7902
7903
7904
7910
7911
7912
7913
7920
7921
7922
7930
7931
7940
8004
8005
8006
8007
8008
8009
8013
8014
8015
8016
8017
8018
8019
8022
8023
8024
8025
8026
8027
8028
8029
8031
8032
8033
8034
8035
8036
8037
8038
8039
8040
8041
8042
8043
8044
8045
8046
8047
8048
8049
8050
8051
8052
8053
8054
8055
8056
8057
8058
8060
8061
8062
8063
8064
8065
8066
8067
8070
8071
8072
8073
8074
8075
8076
8080
8081
8082
8083
8084
8085
8090
8091
8092
8093
8094
8100
8101
8102
8103
8110
8111
8112
8120
8121
8130
8203
8204
8205
8206
8207
8208
8209
8212
8213
8214
8215
8216
8217
8218
8219
8221
8222
8223
8224
8225
8226
8227
8228
8229
8230
8231
8232
8233
8234
8235
8236
8237
8238
8239
8240
8241
8242
8243
8244
8245
8246
8247
8248
8250
8251
8252
8253
8254
8255
8256
8257
8260
8261
8262
8263
8264
8265
8266
8270
8271
8272
8273
8274
8275
8280
8281
8282
8283
8284
8290
8291
8292
8293
8300
8301
8302
8310
8311
8320
8402
8403
8404
8405
8406
8407
8408
8409
8411
8412
8413
8414
8415
8416
8417
8418
8419
8420
8421
8422
8423
8424
8425
8426
8427
8428
8429
8430
8431
8432
8433
8434
8435
8436
8437
8438
8440
8441
8442
8443
8444
8445
8446
8447
8450
8451
8452
8453
8454
8455
8456
8460
8461
8462
8463
8464
8465
8470
8471
8472
8473
8474
8480
8481
8482
8483
8490
8491
8492
8500
8501
8510
8601
8602
8603
8604
8605
8606
8607
8608
8609
8610
8611
8612
8613
8614
8615
8616
8617
8618
8619
8620
8621
8622
8623
8624
8625
8626
8627
8628
8630
8631
8632
8633
8634
8635
8636
8637
8640
8641
8642
8643
8644
8645
8646
8650
8651
8652
8653
8654
8655
8660
8661
8662
8663
8664
8670
8671
8672
8673
8680
8681
8682
8690
8691
8700
8800
8801
8802
8803
8804
8805
8806
8807
8808
8809
8810
8811
8812
8813
8814
8815
8816
8817
8818
8820
8821
8822
8823
8824
8825
8826
8827
8830
8831
8832
8833
8834
8835
8836
8840
8841
8842
8843
8844
8845
8850
8851
8852
8853
8854
8860
8861
8862
8863
8870
8871
8872
8880
8881
8890
9000
9001
9002
9003
9004
9005
9006
9007
9008
9010
9011
9012
9013
9014
9015
9016
9017
9020
9021
9022
9023
9024
9025
9026
9030
9031
9032
9033
9034
9035
9040
9041
9042
9043
9044
9050
9051
9052
9053
9060
9061
9062
9070
9071
9080
9200
9201
9202
9203
9204
9205
9206
9207
9210
9211
9212
9213
9214
9215
9216
9220
9221
9222
9223
9224
9225
9230
9231
9232
9233
9234
9240
9241
9242
9243
9250
9251
9252
9260
9261
9270
9400
9401
9402
9403
9404
9405
9406
9410
9411
9412
9413
9414
9415
9420
9421
9422
9423
9424
9430
9431
9432
9433
9440
9441
9442
9450
9451
9460
9600
9601
9602
9603
9604
9605
9610
9611
9612
9613
9614
9620
9621
9622
9623
9630
9631
9632
9640
9641
9650
9800
9801
9802
9803
9804
9810
9811
9812
9813
9820
9821
9822
9830
9831
9840
10000
10001
10002
10003
10010
10011
10012
10020
10021
10030
10200
10201
10202
10210
10211
10220
10400
10401
10410
10600
)
)

// processor2

10030
(
2000
(
3399
3589
3598
3599
3779
3788
3789
3797
3798
3799
3969
3978
3979
3987
3988
3989
3996
3997
3998
3999
4159
4168
4169
4177
4178
4179
4186
4187
4188
4189
4195
4196
4197
4198
4199
4349
4358
4359
4367
4368
4369
4376
4377
4378
4379
4385
4386
4387
4388
4389
4394
4395
4396
4397
4398
4399
4539
4548
4549
4557
4558
4559
4566
4567
4568
4569
4575
4576
4577
4578
4579
4584
4585
4586
4587
4588
4589
4593
4594
4595
4596
4597
4598
4599
4729
4738
4739
4747
4748
4749
4756
4757
4758
4759
4765
4766
4767
4768
4769
4774
4775
4776
4777
4778
4779
4783
4784
4785
4786
4787
4788
4789
4792
4793
4794
4795
4796
4797
4798
4799
4919
4928
4929
4937
4938
4939
4946
4947
4948
4949
4955
4956
4957
4958
4959
4964
4965
4966
4967
4968
4969
4973
4974
4975
4976
4977
4978
4979
4982
4983
4984
4985
4986
4987
4988
4989
4991
4992
4993
4994
4995
4996
4997
4998
4999
5109
5118
5119
5127
5128
5129
5136
5137
5138
5139
5145
5146
5147
5148
5149
5154
5155
5156
5157
5158
5159
5163
5164
5165
5166
5167
5168
5169
5172
5173
5174
5175
5176
5177
5178
5179
5181
5182
5183
5184
5185
5186
5187
5188
5189
5190
5191
5192
5193
5194
5195
5196
5197
5198
5199
5299
5308
5309
5317
5318
5319
5326
5327
5328
5329
5335
5336
5337
5338
5339
5344
5345
5346
5347
5348
5349
5353
5354
5355
5356
5357
5358
5359
5362
5363
5364
5365
5366
5367
5368
5369
5371
5372
5373
5374
5375
5376
5377
5378
5379
5380
5381
5382
5383
5384
5385
5386
5387
5388
5389
5390
5391
5392
5393
5394
5395
5396
5397
5398
5489
5498
5499
5507
5508
5509
5516
5517
5518
5519
5525
5526
5527
5528
5529
5534
5535
5536
5537
5538
5539
5543
5544
5545
5546
5547
5548
5549
5552
5553
5554
5555
5556
5557
5558
5559
5561
5562
5563
5564
5565
5566
5567
5568
5569
5570
5571
5572
5573
5574
5575
5576
5577
5578
5579
5580
5581
5582
5583
5584
5585
5586
5587
5588
5590
5591
5592
5593
5594
5595
5596
5597
5679
5688
5689
5697
5698
5699
5706
5707
5708
5709
5715
5716
5717
5718
5719
5724
5725
5726
5727
5728
5729
5733
5734
5735
5736
5737
5738
5739
5742
5743
5744
5745
5746
5747
5748
5749
5751
5752
5753
5754
5755
5756
5757
5758
5759
5760
5761
5762
5763
5764
5765
5766
5767
5768
5769
5770
5771
5772
5773
5774
5775
5776
5777
5778
5780
5781
5782
5783
5784
5785
5786
5787
5790
5791
5792
5793
5794
5795
5796
5869
5878
5879
5887
5888
5889
5896
5897
5898
5899
5905
5906
5907
5908
5909
5914
5915
5916
5917
5918
5919
5923
5924
5925
5926
5927
5928
5929
5932
5933
5934
5935
5936
5937
5938
5939
5941
5942
5943
5944
5945
5946
5947
5948
5949
5950
5951
5952
5953
5954
5955
5956
5957
5958
5959
5960
5961
5962
5963
5964
5965
5966
5967
5968
5970
5971
5972
5973
5974
5975
5976
5977
5980
5981
5982
5983
5984
5985
5986
5990
5991
5992
5993
5994
5995
6059
6068
6069
6077
6078
6079
6086
6087
6088
6089
6095
6096
6097
6098
6099
6104
6105
6106
6107
6108
6109
6113
6114
6115
6116
6117
6118
6119
6122
6123
6124
6125
6126
6127
6128
6129
6131
6132
6133
6134
6135
6136
6137
6138
6139
6140
6141
6142
6143
6144
6145
6146
6147
6148
6149
6150
6151
6152
6153
6154
6155
6156
6157
6158
6160
6161
6162
6163
6164
6165
6166
6167
6170
6171
6172
6173
6174
6175
6176
6180
6181
6182
6183
6184
6185
6190
6191
6192
6193
6194
6249
6258
6259
6267
6268
6269
6276
6277
6278
6279
6285
6286
6287
6288
6289
6294
6295
6296
6297
6298
6299
6303
6304
6305
6306
6307
6308
6309
6312
6313
6314
6315
6316
6317
6318
6319
6321
6322
6323
6324
6325
6326
6327
6328
6329
6330
6331
6332
6333
6334
6335
6336
6337
6338
6339
6340
6341
6342
6343
6344
6345
6346
6347
6348
6350
6351
6352
6353
6354
6355
6356
6357
6360
6361
6362
6363
6364
6365
6366
6370
6371
6372
6373
6374
6375
6380
6381
6382
6383
6384
6390
6391
6392
6393
6439
6448
6449
6457
6458
6459
6466
6467
6468
6469
6475
6476
6477
6478
6479
6484
6485
6486
6487
6488
6489
6493
6494
6495
6496
6497
6498
6499
6502
6503
6504
6505
6506
6507
6508
6509
6511
6512
6513
6514
6515
6516
6517
6518
6519
6520
6521
6522
6523
6524
6525
6526
6527
6528
6529
6530
6531
6532
6533
6534
6535
6536
6537
6538
6540
6541
6542
6543
6544
6545
6546
6547
6550
6551
6552
6553
6554
6555
6556
6560
6561
6562
6563
6564
6565
6570
6571
6572
6573
6574
6580
6581
6582
6583
6590
6591
6592
6629
6638
6639
6647
6648
6649
6656
6657
6658
6659
6665
6666
6667
6668
6669
6674
6675
6676
6677
6678
6679
6683
6684
6685
6686
6687
6688
6689
6692
6693
6694
6695
6696
6697
6698
6699
6701
6702
6703
6704
6705
6706
6707
6708
6709
6710
6711
6712
6713
6714
6715
6716
6717
6718
6719
6720
6721
6722
6723
6724
6725
6726
6727
6728
6730
6731
6732
6733
6734
6735
6736
6737
6740
6741
6742
6743
6744
6745
6746
6750
6751
6752
6753
6754
6755
6760
6761
6762
6763
6764
6770
6771
6772
6773
6780
6781
6782
6790
6791
6819
6828
6829
6837
6838
6839
6846
6847
6848
6849
6855
6856
6857
6858
6859
6864
6865
6866
6867
6868
6869
6873
6874
6875
6876
6877
6878
6879
6882
6883
6884
6885
6886
6887
6888
6889
6891
6892
6893
6894
6895
6896
6897
6898
6899
6900
6901
6902
6903
6904
6905
6906
6907
6908
6909
6910
6911
6912
6913
6914
6915
6916
6917
6918
6920
6921
6922
6923
6924
6925
6926
6927
6930
6931
6932
6933
6934
6935
6936
6940
6941
6942
6943
6944
6945
6950
6951
6952
6953
6954
6960
6961
6962
6963
6970
6971
6972
6980
6981
6990
7009
7018
7019
7027
7028
7029
7036
7037
7038
7039
7045
7046
7047
7048
7049
7054
7055
7056
7057
7058
7059
7063
7064
7065
7066
7067
7068
7069
7072
7073
7074
7075
7076
7077
7078
7079
7081
7082
7083
7084
7085
7086
7087
7088
7089
7090
7091
7092
7093
7094
7095
7096
7097
7098
7099
7100
7101
7102
7103
7104
7105
7106
7107
7108
7110
7111
7112
7113
7114
7115
7116
7117
7120
7121
7122
7123
7124
7125
7126
7130
7131
7132
7133
7134
7135
7140
7141
7142
7143
7144
7150
7151
7152
7153
7160
7161
7162
7170
7171
7180
7208
7209
7217
7218
7219
7226
7227
7228
7229
7235
7236
7237
7238
7239
7244
7245
7246
7247
7248
7249
7253
7254
7255
7256
7257
7258
7259
7262
7263
7264
7265
7266
7267
7268
7269
7271
7272
7273
7274
7275
7276
7277
7278
7279
7280
7281
7282
7283
7284
7285
7286
7287
7288
7289
7290
7291
7292
7293
7294
7295
7296
7297
7298
7300
7301
7302
7303
7304
7305
7306
7307
7310
7311
7312
7313
7314
7315
7316
7320
7321
7322
7323
7324
7325
7330
7331
7332
7333
7334
7340
7341
7342
7343
7350
7351
7352
7360
7361
7370
7407
7408
7409
7416
7417
7418
7419
7425
7426
7427
7428
7429
7434
7435
7436
7437
7438
7439
7443
7444
7445
7446
7447
7448
7449
7452
7453
7454
7455
7456
7457
7458
7459
7461
7462
7463
7464
7465
7466
7467
7468
7469
7470
7471
7472
7473
7474
7475
7476
7477
7478
7479
7480
7481
7482
7483
7484
7485
7486
7487
7488
7490
7491
7492
7493
7494
7495
7496
7497
7500
7501
7502
7503
7504
7505
7506
7510
7511
7512
7513
7514
7515
7520
7521
7522
7523
7524
7530
7531
7532
7533
7540
7541
7542
7550
7551
7560
7606
7607
7608
7609
7615
7616
7617
7618
7619
7624
7625
7626
7627
7628
7629
7633
7634
7635
7636
7637
7638
7639
7642
7643
7644
7645
7646
7647
7648
7649
7651
7652
7653
7654
7655
7656
7657
7658
7659
7660
7661
7662
7663
7664
7665
7666
7667
7668
7669
7670
7671
7672
7673
7674
7675
7676
7677
7678
7680
7681
7682
7683
7684
7685
7686
7687
7690
7691
7692
7693
7694
7695
7696
7700
7701
7702
7703
7704
7705
7710
7711
7712
7713
7714
7720
7721
7722
7723
7730
7731
7732
7740
7741
7750
7805
7806
7807
7808
7809
7814
7815
7816
7817
7818
7819
7823
7824
7825
7826
7827
7828
7829
7832
7833
7834
7835
7836
7837
7838
7839
7841
7842
7843
7844
7845
7846
7847
7848
7849
7850
7851
7852
7853
7854
7855
7856
7857
7858
7859
7860
7861
7862
7863
7864
7865
7866
7867
7868
7870
7871
7872
7873
7874
7875
7876
7877
7880
7881
7882
7883
7884
7885
7886
7890
7891
7892
7893
7894
7895
7900
7901
7902
7903
7904
7910
7911
7912
7913
7920
7921
7922
7930
7931
7940
8004
8005
8006
8007
8008
8009
8013
8014
8015
8016
8017
8018
8019
8022
8023
8024
8025
8026
8027
8028
8029
8031
8032
8033
8034
8035
8036
8037
8038
8039
8040
8041
8042
8043
8044
8045
8046
8047
8048
8049
8050
8051
8052
8053
8054
8055
8056
8057
8058
8060
8061
8062
8063
8064
8065
8066
8067
8070
8071
8072
8073
8074
8075
8076
8080
8081
8082
8083
8084
8085
8090
8091
8092
8093
8094
8100
8101
8102
8103
8110
8111
8112
8120
8121
8130
8203
8204
8205
8206
8207
8208
8209
8212
8213
8214
8215
8216
8217
8218
8219
8221
8222
8223
8224
8225
8226
8227
8228
8229
8230
8231
8232
8233
8234
8235
8236
8237
8238
8239
8240
8241
8242
8243
8244
8245
8246
8247
8248
8250
8251
8252
8253
8254
8255
8256
8257
8260
8261
8262
8263
8264
8265
8266
8270
8271
8272
8273
8274
8275
8280
8281
8282
8283
8284
8290
8291
8292
8293
8300
8301
8302
8310
8311
8320
8402
8403
8404
8405
8406
8407
8408
8409
8411
8412
8413
8414
8415
8416
8417
8418
8419
8420
8421
8422
8423
8424
8425
8426
8427
8428
8429
8430
8431
8432
8433
8434
8435
8436
8437
8438
8440
8441
8442
8443
8444
8445
8446
8447
8450
8451
8452
8453
8454
8455
8456
8460
8461
8462
8463
8464
8465
8470
8471
8472
8473
8474
8480
8481
8482
8483
8490
8491
8492
8500
8501
8510
8601
8602
8603
8604
8605
8606
8607
8608
8609
8610
8611
8612
8613
8614
8615
8616
8617
8618
8619
8620
8621
8622
8623
8624
8625
8626
8627
8628
8630
8631
8632
8633
8634
8635
8636
8637
8640
8641
8642
8643
8644
8645
8646
8650
8651
8652
8653
8654
8655
8660
8661
8662
8663
8664
8670
8671
8672
8673
8680
8681
8682
8690
8691
8700
8800
8801
8802
8803
8804
8805
8806
8807
8808
8809
8810
8811
8812
8813
8814
8815
8816
8817
8818
8820
8821
8822
8823
8824
8825
8826
8827
8830
8831
8832
8833
8834
8835
8836
8840
8841
8842
8843
8844
8845
8850
8851
8852
8853
8854
8860
8861
8862
8863
8870
8871
8872
8880
8881
8890
9000
9001
9002
9003
9004
9005
9006
9007
9008
9010
9011
9012
9013
9014
9015
9016
9017
9020
9021
9022
9023
9024
9025
9026
9030
9031
9032
9033
9034
9035
9040
9041
9042
9043
9044
9050
9051
9052
9053
9060
9061
9062
9070
9071
9080
9200
9201
9202
9203
9204
9205
9206
9207
9210
9211
9212
9213
9214
9215
9216
9220
9221
9222
9223
9224
9225
9230
9231
9232
9233
9234
9240
9241
9242
9243
9250
9251
9252
9260
9261
9270
9400
9401
9402
9403
9404
9405
9406
9410
9411
9412
9413
9414
9415
9420
9421
9422
9423
9424
9430
9431
9432
9433
9440
9441
9442
9450
9451
9460
9600
9601
9602
9603
9604
9605
9610
9611
9612
9613
9614
9620
9621
9622
9623
9630
9631
9632
9640
9641
9650
9800
9801
9802
9803
9804
9810
9811
9812
9813
9820
9821
9822
9830
9831
9840
10000
10001
10002
10003
10010
10011
10012
10020
10021
10030
10200
10201
10202
10210
10211
10220
10400
10401
10410
10600
)
)

// processor3

10030
(
2000
(
3399
3589
3598
3599
3779
3788
3789
3797
3798
3799
3969
3978
3979
3987
3988
3989
3996
3997
3998
3999
4159
4168
4169
4177
4178
4179
4186
4187
4188
4189
4195
4196
4197
4198
4199
4349
4358
4359
4367
4368
4369
4376
4377
4378
4379
4385
4386
4387
4388
4389
4394
4395
4396
4397
4398
4399
4539
4548
4549
4557
4558
4559
4566
4567
4568
4569
4575
4576
4577
4578
4579
4584
4585
4586
4587
4588
4589
4593
4594
4595
4596
4597
4598
4599
4729
4738
4739
4747
4748
4749
4756
4757
4758
4759
4765
4766
4767
4768
4769
4774
4775
4776
4777
4778
4779
4783
4784
4785
4786
4787
4788
4789
4792
4793
4794
4795
4796
4797
4798
4799
4919
4928
4929
4937
4938
4939
4946
4947
4948
4949
4955
4956
4957
4958
4959
4964
4965
4966
4967
4968
4969
4973
4974
4975
4976
4977
4978
4979
4982
4983
4984
4985
4986
4987
4988
4989
4991
4992
4993
4994
4995
4996
4997
4998
4999
5109
5118
5119
5127
5128
5129
5136
5137
5138
5139
5145
5146
5147
5148
5149
5154
5155
5156
5157
5158
5159
5163
5164
5165
5166
5167
5168
5169
5172
5173
5174
5175
5176
5177
5178
5179
5181
5182
5183
5184
5185
5186
5187
5188
5189
5190
5191
5192
5193
5194
5195
5196
5197
5198
5199
5299
5308
5309
5317
5318
5319
5326
5327
5328
5329
5335
5336
5337
5338
5339
5344
5345
5346
5347
5348
5349
5353
5354
5355
5356
5357
5358
5359
5362
5363
5364
5365
5366
5367
5368
5369
5371
5372
5373
5374
5375
5376
5377
5378
5379
5380
5381
5382
5383
5384
5385
5386
5387
5388
5389
5390
5391
5392
5393
5394
5395
5396
5397
5398
5489
5498
5499
5507
5508
5509
5516
5517
5518
5519
5525
5526
5527
5528
5529
5534
5535
5536
5537
5538
5539
5543
5544
5545
5546
5547
5548
5549
5552
5553
5554
5555
5556
5557
5558
5559
5561
5562
5563
5564
5565
5566
5567
5568
5569
5570
5571
5572
5573
5574
5575
5576
5577
5578
5579
5580
5581
5582
5583
5584
5585
5586
5587
5588
5590
5591
5592
5593
5594
5595
5596
5597
5679
5688
5689
5697
5698
5699
5706
5707
5708
5709
5715
5716
5717
5718
5719
5724
5725
5726
5727
5728
5729
5733
5734
5735
5736
5737
5738
5739
5742
5743
5744
5745
5746
5747
5748
5749
5751
5752
5753
5754
5755
5756
5757
5758
5759
5760
5761
5762
5763
5764
5765
5766
5767
5768
5769
5770
5771
5772
5773
5774
5775
5776
5777
5778
5780
5781
5782
5783
5784
5785
5786
5787
5790
5791
5792
5793
5794
5795
5796
5869
5878
5879
5887
5888
5889
5896
5897
5898
5899
5905
5906
5907
5908
5909
5914
5915
5916
5917
5918
5919
5923
5924
5925
5926
5927
5928
5929
5932
5933
5934
5935
5936
5937
5938
5939
5941
5942
5943
5944
5945
5946
5947
5948
5949
5950
5951
5952
5953
5954
5955
5956
5957
5958
5959
5960
5961
5962
5963
5964
5965
5966
5967
5968
5970
5971
5972
5973
5974
5975
5976
5977
5980
5981
5982
5983
5984
5985
5986
5990
5991
5992
5993
5994
5995
6059
6068
6069
6077
6078
6079
6086
6087
6088
6089
6095
6096
6097
6098
6099
6104
6105
6106
6107
6108
6109
6113
6114
6115
6116
6117
6118
6119
6122
6123
6124
6125
6126
6127
6128
6129
6131
6132
6133
6134
6135
6136
6137
6138
6139
6140
6141
6142
6143
6144
6145
6146
6147
6148
6149
6150
6151
6152
6153
6154
6155
6156
6157
6158
6160
6161
6162
6163
6164
6165
6166
6167
6170
6171
6172
6173
6174
6175
6176
6180
6181
6182
6183
6184
6185
6190
6191
6192
6193
6194
6249
6258
6259
6267
6268
6269
6276
6277
6278
6279
6285
6286
6287
6288
6289
6294
6295
6296
6297
6298
6299
6303
6304
6305
6306
6307
6308
6309
6312
6313
6314
6315
6316
6317
6318
6319
6321
6322
6323
6324
6325
6326
6327
6328
6329
6330
6331
6332
6333
6334
6335
6336
6337
6338
6339
6340
6341
6342
6343
6344
6345
6346
6347
6348
6350
6351
6352
6353
6354
6355
6356
6357
6360
6361
6362
6363
6364
6365
6366
6370
6371
6372
6373
6374
6375
6380
6381
6382
6383
6384
6390
6391
6392
6393
6439
6448
6449
6457
6458
6459
6466
6467
6468
6469
6475
6476
6477
6478
6479
6484
6485
6486
6487
6488
6489
6493
6494
6495
6496
6497
6498
6499
6502
6503
6504
6505
6506
6507
6508
6509
6511
6512
6513
6514
6515
6516
6517
6518
6519
6520
6521
6522
6523
6524
6525
6526
6527
6528
6529
6530
6531
6532
6533
6534
6535
6536
6537
6538
6540
6541
6542
6543
6544
6545
6546
6547
6550
6551
6552
6553
6554
6555
6556
6560
6561
6562
6563
6564
6565
6570
6571
6572
6573
6574
6580
6581
6582
6583
6590
6591
6592
6629
6638
6639
6647
6648
6649
6656
6657
6658
6659
6665
6666
6667
6668
6669
6674
6675
6676
6677
6678
6679
6683
6684
6685
6686
6687
6688
6689
6692
6693
6694
6695
6696
6697
6698
6699
6701
6702
6703
6704
6705
6706
6707
6708
6709
6710
6711
6712
6713
6714
6715
6716
6717
6718
6719
6720
6721
6722
6723
6724
6725
6726
6727
6728
6730
6731
6732
6733
6734
6735
6736
6737
6740
6741
6742
6743
6744
6745
6746
6750
6751
6752
6753
6754
6755
6760
6761
6762
6763
6764
6770
6771
6772
6773
6780
6781
6782
6790
6791
6819
6828
6829
6837
6838
6839
6846
6847
6848
6849
6855
6856
6857
6858
6859
6864
6865
6866
6867
6868
6869
6873
6874
6875
6876
6877
6878
6879
6882
6883
6884
6885
6886
6887
6888
6889
6891
6892
6893
6894
6895
6896
6897
6898
6899
6900
6901
6902
6903
6904
6905
6906
6907
6908
6909
6910
6911
6912
6913
6914
6915
6916
6917
6918
6920
6921
6922
6923
6924
6925
6926
6927
6930
6931
6932
6933
6934
6935
6936
6940
6941
6942
6943
6944
6945
6950
6951
6952
6953
6954
6960
6961
6962
6963
6970
6971
6972
6980
6981
6990
7009
7018
7019
7027
7028
7029
7036
7037
7038
7039
7045
7046
7047
7048
7049
7054
7055
7056
7057
7058
7059
7063
7064
7065
7066
7067
7068
7069
7072
7073
7074
7075
7076
7077
7078
7079
7081
7082
7083
7084
7085
7086
7087
7088
7089
7090
7091
7092
7093
7094
7095
7096
7097
7098
7099
7100
7101
7102
7103
7104
7105
7106
7107
7108
7110
7111
7112
7113
7114
7115
7116
7117
7120
7121
7122
7123
7124
7125
7126
7130
7131
7132
7133
7134
7135
7140
7141
7142
7143
7144
7150
7151
7152
7153
7160
7161
7162
7170
7171
7180
7208
7209
7217
7218
7219
7226
7227
7228
7229
7235
7236
7237
7238
7239
7244
7245
7246
7247
7248
7249
7253
7254
7255
7256
7257
7258
7259
7262
7263
7264
7265
7266
7267
7268
7269
7271
7272
7273
7274
7275
7276
7277
7278
7279
7280
7281
7282
7283
7284
7285
7286
7287
7288
7289
7290
7291
7292
7293
7294
7295
7296
7297
7298
7300
7301
7302
7303
7304
7305
7306
7307
7310
7311
7312
7313
7314
7315
7316
7320
7321
7322
7323
7324
7325
7330
7331
7332
7333
7334
7340
7341
7342
7343
7350
7351
7352
7360
7361
7370
7407
7408
7409
7416
7417
7418
7419
7425
7426
7427
7428
7429
7434
7435
7436
7437
7438
7439
7443
7444
7445
7446
7447
7448
7449
7452
7453
7454
7455
7456
7457
7458
7459
7461
7462
7463
7464
7465
7466
7467
7468
7469
7470
7471
7472
7473
7474
7475
7476
7477
7478
7479
7480
7481
7482
7483
7484
7485
7486
7487
7488
7490
7491
7492
7493
7494
7495
7496
7497
7500
7501
7502
7503
7504
7505
7506
7510
7511
7512
7513
7514
7515
7520
7521
7522
7523
7524
7530
7531
7532
7533
7540
7541
7542
7550
7551
7560
7606
7607
7608
7609
7615
7616
7617
7618
7619
7624
7625
7626
7627
7628
7629
7633
7634
7635
7636
7637
7638
7639
7642
7643
7644
7645
7646
7647
7648
7649
7651
7652
7653
7654
7655
7656
7657
7658
7659
7660
7661
7662
7663
7664
7665
7666
7667
7668
7669
7670
7671
7672
7673
7674
7675
7676
7677
7678
7680
7681
7682
7683
7684
7685
7686
7687
7690
7691
7692
7693
7694
7695
7696
7700
7701
7702
7703
7704
7705
7710
7711
7712
7713
7714
7720
7721
7722
7723
7730
7731
7732
7740
7741
7750
7805
7806
7807
7808
7809
7814
7815
7816
7817
7818
7819
7823
7824
7825
7826
7827
7828
7829
7832
7833
7834
7835
7836
7837
7838
7839
7841
7842
7843
7844
7845
7846
7847
7848
7849
7850
7851
7852
7853
7854
7855
7856
7857
7858
7859
7860
7861
7862
7863
7864
7865
7866
7867
7868
7870
7871
7872
7873
7874
7875
7876
7877
7880
7881
7882
7883
7884
7885
7886
7890
7891
7892
7893
7894
7895
7900
7901
7902
7903
7904
7910
7911
7912
7913
7920
7921
7922
7930
7931
7940
8004
8005
8006
8007
8008
8009
8013
8014
8015
8016
8017
8018
8019
8022
8023
8024
8025
8026
8027
8028
8029
8031
8032
8033
8034
8035
8036
8037
8038
8039
8040
8041
8042
8043
8044
8045
8046
8047
8048
8049
8050
8051
8052
8053
8054
8055
8056
8057
8058
8060
8061
8062
8063
8064
8065
8066
8067
8070
8071
8072
8073
8074
8075
8076
8080
8081
8082
8083
8084
8085
8090
8091
8092
8093
8094
8100
8101
8102
8103
8110
8111
8112
8120
8121
8130
8203
8204
8205
8206
8207
8208
8209
8212
8213
8214
8215
8216
8217
8218
8219
8221
8222
8223
8224
8225
8226
8227
8228
8229
8230
8231
8232
8233
8234
8235
8236
8237
8238
8239
8240
8241
8242
8243
8244
8245
8246
8247
8248
8250
8251
8252
8253
8254
8255
8256
8257
8260
8261
8262
8263
8264
8265
8266
8270
8271
8272
8273
8274
8275
8280
8281
8282
8283
8284
8290
8291
8292
8293
8300
8301
8302
8310
8311
8320
8402
8403
8404
8405
8406
8407
8408
8409
8411
8412
8413
8414
8415
8416
8417
8418
8419
8420
8421
8422
8423
8424
8425
8426
8427
8428
8429
8430
8431
8432
8433
8434
8435
8436
8437
8438
8440
8441
8442
8443
8444
8445
8446
8447
8450
8451
8452
8453
8454
8455
8456
8460
8461
8462
8463
8464
8465
8470
8471
8472
8473
8474
8480
8481
8482
8483
8490
8491
8492
8500
8501
8510
8601
8602
8603
8604
8605
8606
8607
8608
8609
8610
8611
8612
8613
8614
8615
8616
8617
8618
8619
8620
8621
8622
8623
8624
8625
8626
8627
8628
8630
8631
8632
8633
8634
8635
8636
8637
8640
8641
8642
8643
8644
8645
8646
8650
8651
8652
8653
8654
8655
8660
8661
8662
8663
8664
8670
8671
8672
8673
8680
8681
8682
8690
8691
8700
8800
8801
8802
8803
8804
8805
8806
8807
8808
8809
8810
8811
8812
8813
8814
8815
8816
8817
8818
8820
8821
8822
8823
8824
8825
8826
8827
8830
8831
8832
8833
8834
8835
8836
8840
8841
8842
8843
8844
8845
8850
8851
8852
8853
8854
8860
8861
8862
8863
8870
8871
8872
8880
8881
8890
9000
9001
9002
9003
9004
9005
9006
9007
9008
9010
9011
9012
9013
9014
9015
9016
9017
9020
9021
9022
9023
9024
9025
9026
9030
9031
9032
9033
9034
9035
9040
9041
9042
9043
9044
9050
9051
9052
9053
9060
9061
9062
9070
9071
9080
9200
9201
9202
9203
9204
9205
9206
9207
9210
9211
9212
9213
9214
9215
9216
9220
9221
9222
9223
9224
9225
9230
9231
9232
9233
9234
9240
9241
9242
9243
9250
9251
9252
9260
9261
9270
9400
9401
9402
9403
9404
9405
9406
9410
9411
9412
9413
9414
9415
9420
9421
9422
9423
9424
9430
9431
9432
9433
9440
9441
9442
9450
9451
9460
9600
9601
9602
9603
9604
9605
9610
9611
9612
9613
9614
9620
9621
9622
9623
9630
9631
9632
9640
9641
9650
9800
9801
9802
9803
9804
9810
9811
9812
9813
9820
9821
9822
9830
9831
9840
10000
10001
10002
10003
10010
10011
10012
10020
10021
10030
10200
10201
10202
10210
10211
10220
10400
10401
10410
10600
)
)

// processor4

3
(0())

// processor5

3
(0())

// processor6

3
(0())

// processor7

3
(0())
