/*--------------------------------*- C++ -*----------------------------------*\
| =========                 |                                                 |
| \\      /  F ield         | OpenFOAM: The Open Source CFD Toolbox           |
|  \\    /   O peration     | Version:  2306                                  |
|   \\  /    A nd           | Website:  www.openfoam.com                      |
|    \\/     M anipulation  |                                                 |
\*---------------------------------------------------------------------------*/
FoamFile
{
    version     2.0;
    format      binary;
    arch        "LSB;label=32;scalar=64";
    class       decomposedBlockData;
    object      T;
    data.format     ascii;
    data.class      volScalarField;
}
// * * * * * * * * * * * * * * * * * * * * * * * * * * * * * * * * * * * * * //


// processor0

18435
(FoamFile
{
    version     2.0;
    format      ascii;
    arch        "LSB;label=32;scalar=64";
    class       volScalarField;
    location    "0.5/electrolyte";
    object      T;
}
dimensions      [0 0 0 1 0 0 0];

internalField   nonuniform List<scalar> 
2000
(
356.0023
356.0337
356.0593
356.0001
356.1035
356.1001
356.0315
356.0961
356.0572
355.9978
356.2244
356.1906
356.1013
356.1416
356.0979
356.0293
356.1188
356.0939
356.0549
355.9955
356.4079
356.3472
356.2222
356.2426
356.1884
356.0991
356.167
356.1395
356.0957
356.0269
356.1337
356.1167
356.0917
356.0526
355.9931
356.6421
356.5855
356.4056
356.4174
356.345
356.2199
356.2737
356.2405
356.1862
356.0968
356.1834
356.1648
356.1373
356.0934
356.0246
356.1446
356.1316
356.1145
356.0894
356.0503
355.9907
356.8649
356.8927
356.6397
356.6833
356.5833
356.4033
356.4584
356.4152
356.3428
356.2176
356.2935
356.2716
356.2383
356.1839
356.0944
356.1953
356.1813
356.1627
356.135
356.0911
356.0222
356.1521
356.1424
356.1294
356.1122
356.0871
356.0479
355.9883
357.0393
357.1922
356.8623
357.0274
356.8903
356.6372
356.7395
356.6811
356.581
356.4009
356.4839
356.4563
356.413
356.3405
356.2152
356.3078
356.2914
356.2694
356.236
356.1816
356.092
356.2036
356.1932
356.1791
356.1604
356.1327
356.0887
356.0197
356.1586
356.15
356.1403
356.1272
356.1099
356.0847
356.0455
355.9858
357.1547
357.4332
357.0367
357.3665
357.1897
356.8597
357.104
357.025
356.8879
356.6347
356.774
356.7374
356.6789
356.5787
356.3984
356.5023
356.4818
356.4541
356.4107
356.3382
356.2128
356.3176
356.3057
356.2892
356.2672
356.2337
356.1792
356.0895
356.2106
356.2015
356.191
356.1769
356.1581
356.1303
356.0862
356.0172
356.1635
356.1564
356.1478
356.138
356.1249
356.1075
356.0823
356.043
355.9832
357.2115
357.5963
357.1521
357.6426
357.4307
357.0341
357.4654
357.364
357.1873
356.8571
357.1504
357.1017
357.0226
356.8855
356.6321
356.7986
356.7718
356.7351
356.6765
356.5763
356.3959
356.5146
356.5002
356.4796
356.4518
356.4084
356.3357
356.2103
356.326
356.3155
356.3035
356.287
356.2649
356.2313
356.1767
356.087
356.2159
356.2085
356.1993
356.1888
356.1746
356.1557
356.1279
356.0837
356.0146
356.1707
356.1614
356.1543
356.1456
356.1357
356.1225
356.1051
356.0798
356.0404
355.9806
357.2115
357.6776
357.2088
357.8315
357.5938
357.1495
357.7617
357.6401
357.4282
357.0315
357.5249
357.4629
357.3615
357.1848
356.8546
357.1836
357.1481
357.0992
357.0202
356.883
356.6296
356.8149
356.7964
356.7696
356.7328
356.6741
356.5738
356.3934
356.5254
356.5125
356.498
356.4774
356.4495
356.406
356.3332
356.2077
356.332
356.3239
356.3133
356.3013
356.2847
356.2625
356.2288
356.1742
356.0844
356.2238
356.2138
356.2064
356.1971
356.1865
356.1722
356.1533
356.1254
356.0812
356.012
356.1686
356.1592
356.152
356.1433
356.1334
356.1201
356.1026
356.0773
356.0378
357.1547
357.6776
357.2088
357.9263
357.6752
357.2062
357.9655
357.829
357.5914
357.1469
357.8332
357.7592
357.6376
357.4258
357.0289
357.5674
357.5224
357.4604
357.359
357.1823
356.8519
357.2052
357.1812
357.1456
357.0968
357.0177
356.8805
356.627
356.8294
356.8127
356.7942
356.7672
356.7304
356.6717
356.5713
356.3908
356.5327
356.5233
356.5104
356.4958
356.4751
356.447
356.4035
356.3307
356.205
356.3413
356.3299
356.3217
356.3111
356.299
356.2823
356.26
356.2263
356.1716
356.0817
356.2217
356.2117
356.2041
356.1948
356.1841
356.1698
356.1508
356.1228
356.0785
356.1664
356.157
356.1497
356.1409
356.131
356.1176
356.1001
356.0747
357.0393
357.5963
357.1521
357.9263
357.6752
357.2062
358.0683
357.9239
357.6728
357.2036
358.046
357.963
357.8265
357.589
357.1442
357.8843
357.8306
357.7567
357.6352
357.4233
357.0262
357.5949
357.5649
357.5199
357.4579
357.3565
357.1799
356.8493
357.2247
357.2028
357.1788
357.1432
357.0943
357.0152
356.878
356.6243
356.8386
356.8272
356.8105
356.7919
356.7648
356.7279
356.6692
356.5687
356.3881
356.5445
356.5307
356.5212
356.5081
356.4934
356.4726
356.4446
356.4009
356.328
356.2023
356.3392
356.3278
356.3195
356.3088
356.2966
356.2799
356.2575
356.2237
356.1689
356.2195
356.2094
356.2018
356.1924
356.1817
356.1673
356.1482
356.1202
356.1642
356.1547
356.1474
356.1385
356.1285
356.1151
356.0975
356.8649
357.4332
357.0367
357.8315
357.5938
357.1495
358.0683
357.9239
357.6728
357.2036
358.1536
358.0658
357.9214
357.6704
357.201
358.1037
358.0435
357.9605
357.8241
357.5865
357.1416
357.9172
357.8818
357.8281
357.7541
357.6327
357.4209
357.0236
357.6199
357.5924
357.5624
357.5174
357.4554
357.354
357.1774
356.8467
357.2365
357.2223
357.2004
357.1763
357.1407
357.0918
357.0127
356.8755
356.6217
356.8542
356.8365
356.825
356.8082
356.7895
356.7624
356.7254
356.6666
356.5661
356.3854
356.5424
356.5285
356.5189
356.5058
356.491
356.4702
356.442
356.3983
356.3253
356.3371
356.3255
356.3172
356.3064
356.2942
356.2774
356.2549
356.2211
356.2173
356.2071
356.1995
356.19
356.1792
356.1647
356.1456
356.1619
356.1524
356.145
356.1361
356.126
356.1125
356.6421
357.1922
356.8623
357.6426
357.4307
357.0341
357.9655
357.829
357.5914
357.1469
358.1536
358.0658
357.9214
357.6704
357.201
358.2147
358.1511
358.0634
357.919
357.6679
357.1983
358.1407
358.1011
358.041
357.9581
357.8216
357.5841
357.139
357.9473
357.9147
357.8792
357.8256
357.7517
357.6302
357.4184
357.0209
357.6346
357.6174
357.5899
357.5598
357.5148
357.4529
357.3515
357.1749
356.844
357.2572
357.2341
357.2199
357.1979
357.1738
357.1382
357.0893
357.0101
356.8729
356.619
356.852
356.8342
356.8227
356.8058
356.787
356.7599
356.7228
356.6639
356.5634
356.5403
356.5262
356.5166
356.5034
356.4885
356.4676
356.4394
356.3956
356.3348
356.3232
356.3148
356.304
356.2917
356.2748
356.2523
356.215
356.2048
356.1971
356.1875
356.1767
356.1621
356.1596
356.15
356.1425
356.1336
356.1234
356.4079
356.8927
356.6397
357.3665
357.1897
356.8597
357.7617
357.6401
357.4282
357.0315
358.046
357.963
357.8265
357.589
357.1442
358.2147
358.1511
358.0634
357.919
357.6679
357.1983
358.2539
358.2122
358.1486
358.0609
357.9165
357.6655
357.1957
358.1746
358.1381
358.0986
358.0385
357.9556
357.8192
357.5817
357.1363
357.9646
357.9447
357.9121
357.8767
357.8231
357.7492
357.6278
357.416
357.0183
357.6609
357.6321
357.6148
357.5873
357.5573
357.5123
357.4503
357.349
357.1724
356.8413
357.2548
357.2317
357.2174
357.1955
357.1713
357.1357
357.0867
357.0075
356.8703
356.8498
356.8319
356.8203
356.8033
356.7845
356.7573
356.7201
356.6612
356.538
356.5239
356.5142
356.5009
356.486
356.465
356.4367
356.3325
356.3209
356.3124
356.3014
356.2891
356.2721
356.2126
356.2024
356.1946
356.185
356.1741
356.1572
356.1475
356.14
356.131
356.2244
356.5855
356.4056
357.0274
356.8903
356.6372
357.4654
357.364
357.1873
356.8571
357.8332
357.7592
357.6376
357.4258
357.0289
358.1037
358.0435
357.9605
357.8241
357.5865
357.1416
358.2539
358.2122
358.1486
358.0609
357.9165
357.6655
357.1957
358.29
358.2514
358.2097
358.1461
358.0584
357.9141
357.6631
357.193
358.1939
358.1721
358.1356
358.0961
358.036
357.9531
357.8168
357.5793
357.1336
357.9961
357.962
357.9422
357.9096
357.8742
357.8206
357.7467
357.6253
357.4135
357.0156
357.6583
357.6295
357.6123
357.5848
357.5548
357.5098
357.4478
357.3465
357.1699
357.2524
357.2293
357.2149
357.1929
357.1688
357.1331
357.0841
357.0049
356.8475
356.8295
356.8178
356.8008
356.7819
356.7546
356.7174
356.5357
356.5215
356.5117
356.4983
356.4834
356.4623
356.3302
356.3184
356.3099
356.2989
356.2864
356.2102
356.1999
356.1921
356.1824
356.1547
356.145
356.1374
356.1035
356.3472
356.2222
356.6833
356.5833
356.4033
357.104
357.025
356.8879
356.6347
357.5249
357.4629
357.3615
357.1848
356.8546
357.8843
357.8306
357.7567
357.6352
357.4233
357.0262
358.1407
358.1011
358.041
357.9581
357.8216
357.5841
357.139
358.29
358.2514
358.2097
358.1461
358.0584
357.9141
357.6631
357.193
358.3103
358.2874
358.2489
358.2072
358.1436
358.056
357.9117
357.6607
357.1903
358.2293
358.1914
358.1695
358.1331
358.0936
358.0335
357.9507
357.8144
357.5768
357.1309
357.9935
357.9595
357.9396
357.9071
357.8717
357.8181
357.7442
357.6229
357.4111
357.6558
357.627
357.6098
357.5823
357.5523
357.5073
357.4453
357.344
357.2499
357.2268
357.2124
357.1904
357.1662
357.1305
357.0815
356.8451
356.8271
356.8153
356.7982
356.7792
356.7519
356.5333
356.519
356.5092
356.4957
356.4806
356.3278
356.3159
356.3073
356.2962
356.2078
356.1974
356.1895
356.1522
356.1424
356.0337
356.1906
356.1013
356.4173
356.345
356.2199
356.7395
356.6811
356.581
356.4009
357.1505
357.1017
357.0226
356.8855
356.6321
357.5674
357.5224
357.4604
357.359
357.1823
356.8519
357.9172
357.8818
357.8281
357.7542
357.6327
357.4209
357.0236
358.1746
358.1381
358.0986
358.0385
357.9556
357.8192
357.5817
357.1363
358.3103
358.2874
358.2489
358.2072
358.1436
358.056
357.9117
357.6607
357.1903
358.3478
358.3078
358.2849
358.2464
358.2047
358.1412
358.0536
357.9093
357.6583
357.1877
358.2267
358.1888
358.167
358.1306
358.0911
358.0311
357.9482
357.8119
357.5744
357.9909
357.9569
357.9371
357.9045
357.8692
357.8156
357.7417
357.6204
357.6533
357.6245
357.6072
357.5797
357.5497
357.5047
357.4428
357.2474
357.2243
357.2099
357.1878
357.1636
357.1278
356.8427
356.8246
356.8127
356.7956
356.7765
356.5308
356.5165
356.5065
356.493
356.3252
356.3134
356.3047
356.2052
356.1948
356.1496
356.0023
356.1001
356.0315
356.2426
356.1884
356.0991
356.4584
356.4152
356.3428
356.2176
356.774
356.7374
356.6789
356.5787
356.3984
357.1836
357.1481
357.0992
357.0202
356.883
356.6296
357.5949
357.5649
357.5199
357.4579
357.3565
357.1799
356.8493
357.9473
357.9147
357.8792
357.8256
357.7517
357.6302
357.4184
357.0209
358.1939
358.1721
358.1356
358.0961
358.036
357.9531
357.8168
357.5793
357.1336
358.3478
358.3078
358.2849
358.2464
358.2047
358.1412
358.0536
357.9093
357.6583
357.1877
358.3452
358.3052
358.2824
358.2439
358.2022
358.1387
358.0511
357.9069
357.6559
358.2242
358.1863
358.1645
358.1281
358.0886
358.0286
357.9458
357.8095
357.9884
357.9544
357.9346
357.902
357.8667
357.8131
357.7393
357.6507
357.6219
357.6047
357.5772
357.5472
357.5022
357.2449
357.2217
357.2073
357.1852
357.1609
356.8401
356.822
356.81
356.7928
356.5283
356.5139
356.5038
356.3227
356.3107
356.2026
356.0593
356.0001
356.1416
356.0979
356.0293
356.2737
356.2405
356.1862
356.0968
356.484
356.4563
356.413
356.3405
356.2152
356.7986
356.7718
356.7351
356.6765
356.5763
356.3959
357.2052
357.1812
357.1456
357.0968
357.0177
356.8805
356.627
357.6199
357.5924
357.5624
357.5174
357.4554
357.354
357.1774
356.8467
357.9646
357.9447
357.9121
357.8767
357.8231
357.7492
357.6278
357.416
357.0183
358.2293
358.1914
358.1695
358.1331
358.0936
358.0335
357.9507
357.8144
357.5768
357.1309
358.3452
358.3052
358.2824
358.2439
358.2022
358.1387
358.0511
357.9069
357.6559
358.3427
358.3027
358.2799
358.2414
358.1998
358.1363
358.0487
357.9045
358.2216
358.1838
358.162
358.1256
358.0862
358.0262
357.9434
357.9859
357.9519
357.9321
357.8995
357.8642
357.8107
357.6482
357.6194
357.6022
357.5747
357.5446
357.2424
357.2191
357.2047
357.1826
356.8375
356.8193
356.8073
356.5256
356.5112
356.32
356.0961
356.0572
355.9978
356.167
356.1395
356.0957
356.0269
356.2935
356.2716
356.2383
356.1839
356.0944
356.5023
356.4818
356.4541
356.4107
356.3382
356.2128
356.8149
356.7965
356.7696
356.7328
356.6741
356.5738
356.3934
357.2247
357.2028
357.1788
357.1432
357.0943
357.0152
356.878
356.6243
357.6346
357.6174
357.5899
357.5599
357.5149
357.4529
357.3515
357.1749
356.844
357.9961
357.962
357.9422
357.9096
357.8742
357.8206
357.7467
357.6253
357.4135
357.0156
358.2267
358.1888
358.167
358.1306
358.0911
358.0311
357.9482
357.8119
357.5744
358.3427
358.3027
358.2799
358.2414
358.1998
358.1363
358.0487
357.9045
358.3402
358.3002
358.2774
358.2389
358.1974
358.1339
358.0463
358.2191
358.1813
358.1595
358.1231
358.0837
358.0238
357.9833
357.9494
357.9296
357.8971
357.8617
357.6457
357.6168
357.5996
357.5721
357.2398
357.2165
357.202
356.8349
356.8166
356.5229
356.1188
356.0939
356.0549
355.9955
356.1834
356.1649
356.1373
356.0934
356.0246
356.3078
356.2914
356.2694
356.236
356.1816
356.092
356.5146
356.5002
356.4797
356.4518
356.4084
356.3357
356.2103
356.8294
356.8127
356.7942
356.7672
356.7304
356.6717
356.5713
356.3908
357.2365
357.2223
357.2004
357.1763
357.1407
357.0918
357.0127
356.8755
356.6217
357.6609
357.632
357.6148
357.5873
357.5573
357.5123
357.4503
357.349
357.1724
356.8413
357.9935
357.9595
357.9396
357.9071
357.8717
357.8181
357.7442
357.6229
357.4111
358.2242
358.1863
358.1645
358.1281
358.0886
358.0286
357.9458
357.8095
358.3402
358.3002
358.2774
358.2389
358.1974
358.1339
358.0463
358.3377
358.2977
358.2749
358.2365
358.1949
358.1315
358.2166
358.1788
358.1571
358.1207
358.0813
357.9808
357.9469
357.9271
357.8946
357.6431
357.6143
357.5971
357.2372
357.2139
356.8321
356.1337
356.1167
356.0917
356.0526
355.9931
356.1954
356.1813
356.1627
356.135
356.0911
356.0222
356.3176
356.3057
356.2893
356.2672
356.2337
356.1792
356.0895
356.5254
356.5125
356.498
356.4774
356.4495
356.406
356.3332
356.2077
356.8386
356.8272
356.8105
356.7919
356.7648
356.7279
356.6692
356.5687
356.3881
357.2572
357.2341
357.2199
357.1979
357.1738
357.1382
357.0893
357.0101
356.8729
356.619
357.6583
357.6295
357.6123
357.5848
357.5548
357.5098
357.4478
357.3465
357.1699
357.9909
357.9569
357.9371
357.9045
357.8692
357.8156
357.7418
357.6204
358.2216
358.1838
358.162
358.1256
358.0862
358.0262
357.9434
358.3377
358.2977
358.2749
358.2365
358.1949
358.1315
358.3352
358.2953
358.2725
358.2341
358.1925
358.2141
358.1763
358.1546
358.1183
357.9783
357.9444
357.9246
357.6406
357.6117
357.2345
356.1446
356.1316
356.1145
356.0894
356.0503
355.9907
356.2036
356.1932
356.1791
356.1604
356.1327
356.0887
356.0197
356.326
356.3155
356.3035
356.287
356.2649
356.2313
356.1767
356.087
356.5327
356.5233
356.5104
356.4958
356.4751
356.447
356.4035
356.3307
356.205
356.8542
356.8365
356.825
356.8082
356.7895
356.7624
356.7254
356.6666
356.5661
356.3854
357.2548
357.2317
357.2174
357.1955
357.1713
357.1357
357.0867
357.0075
356.8703
357.6558
357.627
357.6098
357.5823
357.5523
357.5073
357.4453
357.344
357.9884
357.9544
357.9346
357.902
357.8667
357.8131
357.7393
358.2191
358.1813
358.1595
358.1231
358.0837
358.0238
358.3352
358.2953
358.2725
358.2341
358.1925
358.3327
358.2928
358.2701
358.2317
358.2117
358.1739
358.1522
357.9758
357.9419
357.638
356.1521
356.1425
356.1294
356.1122
356.0871
356.0479
355.9883
356.2106
356.2015
356.1911
356.1769
356.1581
356.1303
356.0862
356.0172
356.332
356.3239
356.3133
356.3013
356.2847
356.2625
356.2288
356.1742
356.0844
356.5445
356.5306
356.5212
356.5081
356.4934
356.4727
356.4446
356.4009
356.328
356.2023
356.852
356.8342
356.8227
356.8058
356.787
356.7599
356.7228
356.6639
356.5634
357.2524
357.2292
357.2149
357.1929
357.1688
357.1331
357.0841
357.0049
357.6533
357.6245
357.6072
357.5797
357.5497
357.5047
357.4428
357.9859
357.9519
357.9321
357.8995
357.8642
357.8107
358.2166
358.1788
358.1571
358.1207
358.0813
358.3327
358.2928
358.2701
358.2317
358.3303
358.2904
358.2677
358.2092
358.1714
357.9733
356.1586
356.15
356.1403
356.1272
356.1099
356.0847
356.0455
355.9858
356.2159
356.2085
356.1993
356.1888
356.1746
356.1557
356.1279
356.0837
356.0146
356.3413
356.3299
356.3217
356.3111
356.299
356.2823
356.26
356.2263
356.1716
356.0817
356.5424
356.5285
356.5189
356.5058
356.491
356.4702
356.442
356.3983
356.3253
356.8498
356.8319
356.8203
356.8033
356.7845
356.7573
356.7201
356.6612
357.2499
357.2268
357.2124
357.1904
357.1662
357.1305
357.0815
357.6507
357.6219
357.6047
357.5772
357.5472
357.5022
357.9833
357.9494
357.9296
357.8971
357.8617
358.2141
358.1763
358.1546
358.1183
358.3303
358.2904
358.2677
358.3278
358.288
358.2068
356.1635
356.1564
356.1478
356.138
356.1249
356.1075
356.0823
356.043
355.9832
356.2238
356.2138
356.2063
356.1971
356.1865
356.1722
356.1533
356.1254
356.0812
356.012
356.3392
356.3278
356.3195
356.3088
356.2966
356.2799
356.2575
356.2237
356.1689
356.5403
356.5262
356.5166
356.5034
356.4886
356.4676
356.4394
356.3956
356.8475
356.8295
356.8178
356.8008
356.7819
356.7546
356.7174
357.2474
357.2242
357.2099
357.1878
357.1636
357.1278
357.6482
357.6194
357.6022
357.5747
357.5446
357.9808
357.9469
357.9271
357.8946
358.2117
358.1739
358.1522
358.3278
358.288
358.3254
356.1707
356.1614
356.1543
356.1456
356.1357
356.1225
356.1051
356.0798
356.0404
355.9806
356.2217
356.2116
356.2041
356.1948
356.1842
356.1698
356.1508
356.1228
356.0785
356.3371
356.3255
356.3172
356.3064
356.2942
356.2774
356.2549
356.2211
356.538
356.5239
356.5142
356.5009
356.486
356.465
356.4367
356.8451
356.8271
356.8153
356.7982
356.7793
356.7519
357.2449
357.2217
357.2073
357.1852
357.1609
357.6457
357.6168
357.5996
357.5721
357.9783
357.9444
357.9246
358.2092
358.1714
358.3254
356.1686
356.1592
356.152
356.1433
356.1334
356.1201
356.1026
356.0773
356.0378
356.2195
356.2094
356.2018
356.1924
356.1817
356.1673
356.1483
356.1202
356.3348
356.3232
356.3148
356.3039
356.2917
356.2748
356.2523
356.5357
356.5215
356.5117
356.4983
356.4834
356.4623
356.8427
356.8246
356.8127
356.7956
356.7765
357.2424
357.2191
357.2047
357.1826
357.6431
357.6143
357.5971
357.9758
357.9419
358.2068
356.1664
356.157
356.1497
356.1409
356.131
356.1176
356.1001
356.0747
356.2173
356.2071
356.1995
356.19
356.1793
356.1648
356.1456
356.3325
356.3209
356.3124
356.3014
356.2891
356.2721
356.5333
356.519
356.5092
356.4957
356.4807
356.8401
356.822
356.81
356.7928
357.2398
357.2165
357.202
357.6406
357.6117
357.9733
356.1642
356.1547
356.1474
356.1385
356.1285
356.1151
356.0975
356.215
356.2048
356.1971
356.1875
356.1767
356.1621
356.3302
356.3184
356.3099
356.2989
356.2864
356.5308
356.5165
356.5065
356.493
356.8375
356.8193
356.8073
357.2372
357.2138
357.638
356.1619
356.1523
356.145
356.1361
356.126
356.1125
356.2126
356.2024
356.1946
356.185
356.1741
356.3278
356.3159
356.3073
356.2962
356.5283
356.5139
356.5038
356.8349
356.8166
357.2345
356.1596
356.1499
356.1425
356.1336
356.1234
356.2102
356.1999
356.192
356.1824
356.3252
356.3134
356.3047
356.5256
356.5111
356.8321
356.1572
356.1475
356.14
356.131
356.2078
356.1974
356.1894
356.3227
356.3107
356.5229
356.1547
356.145
356.1374
356.2052
356.1948
356.32
356.1522
356.1424
356.2026
356.1496
)
;

boundaryField
{
    electrolyteSides
    {
        type            zeroGradient;
    }
    electrolyte_to_fuel
    {
        type            zeroGradient;
    }
    electrolyte_to_air
    {
        type            zeroGradient;
    }
    procBoundary0to1
    {
        type            processor;
        value           uniform 356.15;
    }
}
)

// processor1

18318
(dimensions      [0 0 0 1 0 0 0];

internalField   nonuniform List<scalar> 
2000
(
356.1826
356.2372
356.1864
356.1804
356.3582
356.2412
356.2351
356.188
356.1843
356.1783
356.5674
356.3626
356.3561
356.2429
356.2391
356.2329
356.1889
356.1859
356.1821
356.1761
356.8865
356.5725
356.5653
356.3644
356.3605
356.3539
356.2438
356.2408
356.237
356.2307
356.1895
356.1868
356.1837
356.1799
356.1738
357.3023
356.8926
356.8843
356.5745
356.5704
356.5631
356.3654
356.3623
356.3584
356.3517
356.2444
356.2417
356.2386
356.2347
356.2284
356.19
356.1874
356.1846
356.1815
356.1776
356.1714
357.7204
357.3098
357.2999
356.8949
356.8904
356.8821
356.5756
356.5724
356.5683
356.5609
356.366
356.3633
356.3602
356.3562
356.3494
356.2449
356.2423
356.2395
356.2364
356.2325
356.2261
356.1904
356.1878
356.1852
356.1824
356.1792
356.1753
356.169
358.069
357.7292
357.7178
357.3124
357.3073
357.2975
356.8961
356.8927
356.8882
356.8797
356.5763
356.5735
356.5702
356.566
356.5586
356.3665
356.3639
356.3611
356.3579
356.3539
356.3471
356.2454
356.2428
356.2401
356.2373
356.2341
356.2301
356.2237
356.191
356.1883
356.1857
356.183
356.1801
356.1769
356.1729
356.1666
358.3125
358.0791
358.0663
357.7322
357.7266
357.7152
357.3138
357.31
357.3049
357.295
356.8969
356.8939
356.8904
356.8859
356.8773
356.5769
356.5742
356.5713
356.568
356.5637
356.5562
356.367
356.3644
356.3618
356.3589
356.3556
356.3515
356.3446
356.2459
356.2433
356.2406
356.2379
356.235
356.2318
356.2277
356.2212
356.1915
356.1888
356.1861
356.1834
356.1807
356.1777
356.1745
356.1704
356.1641
358.4366
358.3236
358.3099
358.0824
358.0765
358.0637
357.7339
357.7296
357.7241
357.7126
357.3148
357.3114
357.3075
357.3024
357.2925
356.8976
356.8948
356.8917
356.8881
356.8835
356.8749
356.5774
356.5748
356.572
356.5691
356.5657
356.5613
356.5537
356.3676
356.3649
356.3623
356.3596
356.3566
356.3533
356.3491
356.3421
356.2464
356.2438
356.2411
356.2384
356.2356
356.2327
356.2294
356.2252
356.2187
356.192
356.1893
356.1867
356.1839
356.1812
356.1783
356.1754
356.172
356.1679
356.1615
358.4366
358.4482
358.4339
358.3272
358.3209
358.3072
358.0843
358.0798
358.0738
358.0611
357.7351
357.7313
357.727
357.7215
357.71
357.3156
357.3124
357.309
357.305
357.2999
357.2899
356.8982
356.8954
356.8925
356.8893
356.8857
356.881
356.8723
356.5779
356.5753
356.5726
356.5698
356.5667
356.5633
356.5588
356.5511
356.3681
356.3655
356.3628
356.3601
356.3573
356.3542
356.3508
356.3466
356.3395
356.2469
356.2443
356.2416
356.2389
356.2361
356.2333
356.2303
356.2269
356.2227
356.2161
356.1898
356.1872
356.1844
356.1816
356.1788
356.1759
356.1729
356.1695
356.1653
358.3125
358.4482
358.4339
358.4519
358.4455
358.4313
358.3292
358.3245
358.3183
358.3046
358.0857
358.0817
358.0772
358.0712
358.0585
357.736
357.7325
357.7287
357.7245
357.7189
357.7075
357.3163
357.3132
357.31
357.3065
357.3025
357.2974
357.2873
356.8988
356.896
356.8932
356.8902
356.887
356.8833
356.8785
356.8697
356.5785
356.5759
356.5731
356.5704
356.5675
356.5643
356.5608
356.5563
356.5485
356.3686
356.366
356.3633
356.3606
356.3578
356.3549
356.3518
356.3483
356.344
356.3369
356.2448
356.2421
356.2394
356.2366
356.2338
356.2309
356.2278
356.2243
356.2201
356.1877
356.1849
356.1822
356.1793
356.1764
356.1735
356.1704
356.1669
358.069
358.3236
358.3099
358.4519
358.4455
358.4313
358.454
358.4492
358.4429
358.4287
358.3307
358.3266
358.3219
358.3157
358.302
358.0867
358.083
358.0791
358.0745
358.0686
358.0559
357.7367
357.7334
357.7299
357.7262
357.7219
357.7163
357.7049
357.3169
357.3139
357.3107
357.3075
357.304
357.3
357.2948
357.2847
356.8993
356.8966
356.8937
356.8909
356.8878
356.8845
356.8807
356.8759
356.8671
356.5791
356.5764
356.5737
356.5709
356.568
356.5651
356.5619
356.5582
356.5536
356.5458
356.3665
356.3638
356.3611
356.3583
356.3554
356.3525
356.3493
356.3458
356.3413
356.2426
356.2399
356.2371
356.2342
356.2314
356.2284
356.2252
356.2217
356.1854
356.1827
356.1798
356.1769
356.174
356.171
356.1678
357.7204
358.0791
358.0663
358.3272
358.3209
358.3072
358.454
358.4492
358.4429
358.4287
358.4555
358.4514
358.4466
358.4402
358.4261
358.3318
358.328
358.3239
358.3192
358.3131
358.2994
358.0875
358.0841
358.0804
358.0765
358.0719
358.066
358.0533
357.7375
357.7342
357.7308
357.7273
357.7236
357.7193
357.7137
357.7023
357.3175
357.3145
357.3114
357.3083
357.305
357.3014
357.2974
357.2922
357.2821
356.9
356.8971
356.8943
356.8914
356.8885
356.8853
356.882
356.8781
356.8732
356.8643
356.577
356.5742
356.5714
356.5686
356.5656
356.5626
356.5593
356.5556
356.5509
356.3644
356.3616
356.3588
356.3559
356.353
356.35
356.3467
356.3431
356.2404
356.2376
356.2348
356.2318
356.2289
356.2259
356.2226
356.1831
356.1803
356.1774
356.1744
356.1714
356.1684
357.3023
357.7292
357.7178
358.0824
358.0765
358.0637
358.3292
358.3245
358.3183
358.3046
358.4555
358.4514
358.4466
358.4402
358.4261
358.4567
358.4529
358.4487
358.444
358.4377
358.4235
358.3327
358.3292
358.3254
358.3213
358.3167
358.3105
358.2969
358.0884
358.0849
358.0815
358.0778
358.0739
358.0694
358.0635
358.0508
357.7381
357.7349
357.7316
357.7283
357.7248
357.721
357.7167
357.7111
357.6997
357.3183
357.3151
357.3121
357.3089
357.3058
357.3024
357.2988
357.2948
357.2895
357.2794
356.8978
356.8949
356.892
356.889
356.886
356.8828
356.8793
356.8754
356.8704
356.5748
356.572
356.5691
356.5662
356.5632
356.56
356.5567
356.5529
356.3621
356.3593
356.3564
356.3535
356.3505
356.3474
356.3441
356.2381
356.2353
356.2324
356.2294
356.2263
356.2233
356.1808
356.1779
356.175
356.1719
356.1689
356.8865
357.3098
357.2999
357.7322
357.7266
357.7152
358.0843
358.0798
358.0738
358.0611
358.3307
358.3266
358.3219
358.3157
358.302
358.4567
358.4529
358.4487
358.444
358.4377
358.4235
358.4576
358.4541
358.4503
358.4461
358.4414
358.4351
358.421
358.3336
358.33
358.3265
358.3228
358.3187
358.3141
358.3079
358.2943
358.089
358.0857
358.0823
358.0788
358.0752
358.0713
358.0668
358.0609
358.0482
357.739
357.7355
357.7323
357.729
357.7257
357.7222
357.7184
357.7141
357.7085
357.6971
357.3159
357.3126
357.3096
357.3064
357.3032
357.2998
357.2962
357.2921
357.2868
356.8956
356.8926
356.8896
356.8866
356.8835
356.8802
356.8767
356.8727
356.5725
356.5696
356.5667
356.5637
356.5606
356.5574
356.5539
356.3598
356.3569
356.354
356.3509
356.3479
356.3447
356.2358
356.2329
356.2299
356.2268
356.2237
356.1784
356.1755
356.1724
356.1693
356.5674
356.8926
356.8843
357.3124
357.3073
357.2975
357.7339
357.7296
357.7241
357.7126
358.0857
358.0817
358.0772
358.0712
358.0585
358.3318
358.328
358.3239
358.3192
358.3131
358.2994
358.4576
358.4541
358.4503
358.4461
358.4414
358.4351
358.421
358.4586
358.455
358.4514
358.4476
358.4435
358.4388
358.4325
358.4185
358.3343
358.3309
358.3274
358.3239
358.3202
358.3161
358.3115
358.3054
358.2918
358.09
358.0864
358.0831
358.0797
358.0762
358.0726
358.0687
358.0642
358.0583
358.0457
357.7364
357.7329
357.7298
357.7264
357.7231
357.7196
357.7158
357.7115
357.7059
357.3134
357.3102
357.3071
357.3039
357.3006
357.2972
357.2936
357.2894
356.8932
356.8902
356.8872
356.884
356.8808
356.8775
356.8739
356.5702
356.5672
356.5642
356.5611
356.558
356.5547
356.3575
356.3545
356.3515
356.3484
356.3452
356.2334
356.2304
356.2273
356.2242
356.1759
356.1729
356.1699
356.3582
356.5725
356.5653
356.8949
356.8904
356.8821
357.3138
357.31
357.3049
357.295
357.7351
357.7313
357.727
357.7215
357.71
358.0867
358.083
358.0791
358.0745
358.0686
358.0559
358.3327
358.3292
358.3254
358.3213
358.3167
358.3105
358.2969
358.4586
358.455
358.4514
358.4476
358.4435
358.4388
358.4325
358.4185
358.4593
358.4559
358.4523
358.4488
358.4451
358.441
358.4363
358.43
358.4159
358.3353
358.3316
358.3283
358.3248
358.3213
358.3176
358.3136
358.309
358.3029
358.2893
358.0873
358.0838
358.0805
358.0771
358.0737
358.07
358.0661
358.0617
358.0558
357.7338
357.7304
357.7272
357.7238
357.7205
357.717
357.7132
357.7089
357.3109
357.3076
357.3045
357.3013
357.298
357.2946
357.2909
356.8908
356.8877
356.8846
356.8814
356.8782
356.8747
356.5678
356.5648
356.5617
356.5585
356.5552
356.355
356.352
356.3489
356.3457
356.2309
356.2278
356.2247
356.1734
356.1704
356.2372
356.3626
356.3561
356.5745
356.5704
356.5631
356.8961
356.8927
356.8882
356.8797
357.3148
357.3114
357.3075
357.3024
357.2925
357.736
357.7325
357.7287
357.7245
357.7189
357.7075
358.0875
358.0841
358.0804
358.0765
358.0719
358.066
358.0533
358.3336
358.33
358.3265
358.3228
358.3187
358.3141
358.3079
358.2943
358.4593
358.4559
358.4523
358.4488
358.4451
358.441
358.4363
358.43
358.4159
358.4603
358.4566
358.4533
358.4497
358.4462
358.4425
358.4384
358.4337
358.4275
358.4135
358.3326
358.329
358.3257
358.3222
358.3187
358.3151
358.311
358.3065
358.3004
358.0847
358.0811
358.0779
358.0745
358.0711
358.0675
358.0636
358.0591
357.7312
357.7278
357.7246
357.7212
357.7179
357.7144
357.7106
357.3084
357.3051
357.3019
357.2987
357.2954
357.2919
356.8884
356.8852
356.882
356.8787
356.8754
356.5653
356.5622
356.559
356.5558
356.3525
356.3494
356.3463
356.2283
356.2252
356.1708
356.1826
356.2412
356.2351
356.3644
356.3605
356.3539
356.5756
356.5724
356.5683
356.5609
356.8969
356.8939
356.8904
356.8859
356.8773
357.3156
357.3124
357.309
357.305
357.2999
357.2899
357.7367
357.7334
357.7299
357.7262
357.7219
357.7163
357.7049
358.0884
358.0849
358.0815
358.0778
358.0739
358.0694
358.0635
358.0508
358.3343
358.3309
358.3274
358.3239
358.3202
358.3161
358.3115
358.3054
358.2918
358.4603
358.4566
358.4533
358.4497
358.4462
358.4425
358.4384
358.4337
358.4275
358.4135
358.4577
358.454
358.4507
358.4471
358.4437
358.4399
358.4359
358.4312
358.425
358.33
358.3264
358.3231
358.3196
358.3162
358.3125
358.3085
358.304
358.0821
358.0785
358.0753
358.0719
358.0685
358.0649
358.0611
357.7287
357.7252
357.722
357.7187
357.7153
357.7118
357.3059
357.3025
357.2993
357.296
357.2927
356.8858
356.8826
356.8793
356.876
356.5628
356.5596
356.5563
356.3499
356.3468
356.2257
356.1864
356.1804
356.2429
356.2391
356.2329
356.3654
356.3623
356.3584
356.3517
356.5763
356.5735
356.5702
356.566
356.5586
356.8976
356.8948
356.8917
356.8881
356.8835
356.8749
357.3163
357.3132
357.31
357.3065
357.3025
357.2974
357.2873
357.7375
357.7342
357.7308
357.7273
357.7236
357.7193
357.7137
357.7023
358.089
358.0857
358.0823
358.0788
358.0752
358.0713
358.0668
358.0609
358.0482
358.3353
358.3316
358.3283
358.3248
358.3213
358.3176
358.3136
358.309
358.3029
358.2893
358.4577
358.454
358.4507
358.4471
358.4437
358.4399
358.4359
358.4312
358.425
358.455
358.4514
358.4481
358.4446
358.4411
358.4374
358.4334
358.4287
358.3274
358.3238
358.3205
358.3171
358.3136
358.31
358.306
358.0795
358.076
358.0727
358.0693
358.066
358.0624
357.7261
357.7226
357.7194
357.7161
357.7127
357.3033
357.2999
357.2967
357.2933
356.8832
356.8799
356.8766
356.5601
356.5568
356.3473
356.188
356.1843
356.1783
356.2438
356.2408
356.237
356.2307
356.366
356.3633
356.3602
356.3562
356.3494
356.5769
356.5742
356.5713
356.568
356.5637
356.5562
356.8982
356.8954
356.8925
356.8893
356.8857
356.881
356.8723
357.3169
357.3138
357.3107
357.3075
357.304
357.3
357.2948
357.2847
357.7381
357.7349
357.7316
357.7283
357.7248
357.721
357.7167
357.7111
357.6997
358.09
358.0864
358.0831
358.0797
358.0762
358.0726
358.0687
358.0642
358.0583
358.0457
358.3326
358.329
358.3257
358.3222
358.3187
358.315
358.311
358.3065
358.3004
358.455
358.4514
358.4481
358.4446
358.4411
358.4374
358.4334
358.4287
358.4524
358.4488
358.4455
358.442
358.4386
358.4349
358.4309
358.3248
358.3212
358.318
358.3145
358.3111
358.3075
358.0769
358.0734
358.0702
358.0668
358.0634
357.7235
357.72
357.7168
357.7135
357.3007
357.2973
357.294
356.8805
356.8771
356.5574
356.1889
356.1859
356.1821
356.1761
356.2444
356.2417
356.2386
356.2347
356.2284
356.3665
356.3639
356.3611
356.3579
356.3539
356.3471
356.5774
356.5748
356.572
356.5691
356.5657
356.5613
356.5537
356.8988
356.896
356.8932
356.8902
356.8869
356.8833
356.8785
356.8697
357.3175
357.3145
357.3114
357.3083
357.305
357.3014
357.2974
357.2922
357.2821
357.739
357.7355
357.7323
357.729
357.7257
357.7222
357.7184
357.7141
357.7085
357.6971
358.0873
358.0838
358.0805
358.0771
358.0737
358.07
358.0661
358.0617
358.0558
358.33
358.3264
358.3231
358.3196
358.3162
358.3125
358.3085
358.304
358.4524
358.4488
358.4455
358.442
358.4386
358.4349
358.4309
358.4498
358.4462
358.443
358.4395
358.4361
358.4324
358.3222
358.3186
358.3154
358.312
358.3086
358.0743
358.0708
358.0676
358.0643
357.7209
357.7174
357.7142
357.298
357.2946
356.8778
356.1895
356.1868
356.1837
356.1799
356.1738
356.2449
356.2423
356.2395
356.2364
356.2324
356.2261
356.367
356.3644
356.3618
356.3589
356.3556
356.3515
356.3446
356.5779
356.5753
356.5726
356.5698
356.5667
356.5633
356.5588
356.5511
356.8993
356.8966
356.8937
356.8908
356.8878
356.8845
356.8807
356.8759
356.8671
357.3183
357.3151
357.3121
357.3089
357.3057
357.3024
357.2988
357.2948
357.2895
357.2794
357.7364
357.7329
357.7298
357.7264
357.7231
357.7196
357.7158
357.7115
357.7059
358.0847
358.0811
358.0779
358.0745
358.0711
358.0675
358.0636
358.0591
358.3274
358.3238
358.3205
358.3171
358.3136
358.31
358.306
358.4498
358.4462
358.443
358.4395
358.4361
358.4324
358.4473
358.4437
358.4404
358.437
358.4336
358.3197
358.3161
358.3129
358.3095
358.0718
358.0683
358.0651
357.7183
357.7148
357.2953
356.19
356.1874
356.1846
356.1815
356.1776
356.1714
356.2454
356.2428
356.2401
356.2373
356.2341
356.2301
356.2237
356.3676
356.3649
356.3623
356.3595
356.3566
356.3533
356.3491
356.3421
356.5785
356.5758
356.5731
356.5704
356.5675
356.5643
356.5608
356.5563
356.5485
356.9
356.8971
356.8943
356.8914
356.8885
356.8853
356.8819
356.8781
356.8732
356.8643
357.3159
357.3126
357.3096
357.3064
357.3032
357.2998
357.2962
357.2921
357.2868
357.7338
357.7304
357.7272
357.7238
357.7205
357.717
357.7132
357.7089
358.0821
358.0785
358.0753
358.0719
358.0685
358.0649
358.061
358.3248
358.3212
358.318
358.3145
358.3111
358.3075
358.4473
358.4437
358.4404
358.437
358.4336
358.4447
358.4411
358.4379
358.4345
358.3171
358.3136
358.3104
358.0692
358.0657
357.7157
356.1904
356.1878
356.1852
356.1824
356.1792
356.1753
356.169
356.2459
356.2433
356.2406
356.2379
356.235
356.2318
356.2277
356.2212
356.3681
356.3655
356.3628
356.3601
356.3572
356.3542
356.3508
356.3466
356.3395
356.5791
356.5764
356.5737
356.5709
356.568
356.5651
356.5619
356.5582
356.5536
356.5458
356.8978
356.8949
356.892
356.889
356.886
356.8828
356.8793
356.8754
356.8704
357.3134
357.3102
357.3071
357.3039
357.3006
357.2972
357.2936
357.2894
357.7312
357.7278
357.7246
357.7212
357.7179
357.7144
357.7106
358.0795
358.076
358.0727
358.0693
358.066
358.0624
358.3222
358.3186
358.3154
358.312
358.3086
358.4447
358.4411
358.4379
358.4345
358.4422
358.4386
358.4354
358.3146
358.3111
358.0667
356.191
356.1883
356.1857
356.183
356.1801
356.1769
356.1729
356.1666
356.2464
356.2438
356.2411
356.2384
356.2356
356.2327
356.2294
356.2252
356.2186
356.3686
356.366
356.3633
356.3606
356.3578
356.3549
356.3518
356.3483
356.344
356.3369
356.577
356.5742
356.5714
356.5686
356.5656
356.5626
356.5593
356.5556
356.5509
356.8956
356.8926
356.8896
356.8866
356.8835
356.8802
356.8767
356.8727
357.3109
357.3076
357.3045
357.3013
357.298
357.2946
357.2909
357.7287
357.7252
357.722
357.7187
357.7153
357.7118
358.0769
358.0734
358.0702
358.0668
358.0634
358.3197
358.3161
358.3129
358.3095
358.4422
358.4386
358.4354
358.4397
358.4361
358.3121
356.1915
356.1888
356.1861
356.1834
356.1807
356.1777
356.1745
356.1704
356.1641
356.2469
356.2443
356.2416
356.2389
356.2361
356.2333
356.2302
356.2269
356.2227
356.216
356.3665
356.3638
356.3611
356.3583
356.3554
356.3524
356.3493
356.3458
356.3413
356.5748
356.572
356.5691
356.5661
356.5632
356.56
356.5567
356.5529
356.8932
356.8902
356.8872
356.884
356.8808
356.8775
356.8739
357.3084
357.3051
357.3019
357.2987
357.2954
357.2919
357.7261
357.7226
357.7194
357.7161
357.7127
358.0743
358.0708
358.0676
358.0643
358.3171
358.3136
358.3104
358.4397
358.4361
358.4372
356.192
356.1893
356.1867
356.1839
356.1812
356.1783
356.1753
356.172
356.1679
356.1615
356.2448
356.2421
356.2394
356.2366
356.2338
356.2309
356.2278
356.2243
356.2201
356.3644
356.3616
356.3588
356.3559
356.353
356.3499
356.3467
356.3431
356.5726
356.5696
356.5667
356.5637
356.5606
356.5574
356.5539
356.8908
356.8877
356.8846
356.8814
356.8782
356.8747
357.3059
357.3025
357.2993
357.296
357.2927
357.7235
357.72
357.7168
357.7135
358.0718
358.0683
358.0651
358.3146
358.3111
358.4372
356.1898
356.1872
356.1844
356.1816
356.1788
356.1759
356.1729
356.1695
356.1653
356.2426
356.2399
356.2371
356.2342
356.2313
356.2284
356.2252
356.2217
356.3621
356.3593
356.3564
356.3535
356.3505
356.3474
356.3441
356.5702
356.5672
356.5642
356.5611
356.558
356.5547
356.8884
356.8852
356.882
356.8787
356.8754
357.3033
357.2999
357.2967
357.2933
357.7209
357.7174
357.7142
358.0692
358.0657
358.3121
356.1877
356.1849
356.1822
356.1793
356.1764
356.1735
356.1704
356.1669
356.2404
356.2376
356.2348
356.2318
356.2289
356.2258
356.2226
356.3598
356.3569
356.354
356.3509
356.3479
356.3447
356.5678
356.5648
356.5617
356.5585
356.5552
356.8858
356.8826
356.8793
356.876
357.3007
357.2973
357.294
357.7183
357.7148
358.0667
356.1854
356.1827
356.1798
356.1769
356.174
356.171
356.1678
356.2381
356.2353
356.2324
356.2293
356.2263
356.2232
356.3575
356.3545
356.3515
356.3484
356.3452
356.5653
356.5622
356.559
356.5558
356.8832
356.8799
356.8766
357.298
357.2946
357.7157
356.1832
356.1803
356.1774
356.1744
356.1714
356.1684
356.2358
356.2329
356.2299
356.2268
356.2237
356.355
356.352
356.3489
356.3457
356.5628
356.5596
356.5563
356.8805
356.8771
357.2953
356.1808
356.1779
356.175
356.1719
356.1689
356.2334
356.2304
356.2273
356.2242
356.3525
356.3494
356.3462
356.5601
356.5568
356.8778
356.1784
356.1755
356.1724
356.1693
356.2309
356.2278
356.2247
356.3499
356.3468
356.5574
356.1759
356.1729
356.1699
356.2283
356.2252
356.3473
356.1734
356.1704
356.2257
356.1708
)
;

boundaryField
{
    electrolyteSides
    {
        type            zeroGradient;
    }
    electrolyte_to_fuel
    {
        type            zeroGradient;
    }
    electrolyte_to_air
    {
        type            zeroGradient;
    }
    procBoundary1to0
    {
        type            processor;
        value           uniform 356.15;
    }
    procBoundary1to2
    {
        type            processor;
        value           uniform 356.15;
    }
}
)

// processor2

18328
(dimensions      [0 0 0 1 0 0 0];

internalField   nonuniform List<scalar> 
2000
(
356.1927
356.2477
356.1932
356.1906
356.3695
356.2482
356.2456
356.1937
356.1911
356.1884
356.5801
356.37
356.3674
356.2487
356.2461
356.2434
356.1943
356.1916
356.1889
356.1862
356.9013
356.5807
356.578
356.3706
356.3679
356.3652
356.2493
356.2466
356.2439
356.2412
356.195
356.1922
356.1894
356.1867
356.1839
357.32
356.9019
356.8991
356.5812
356.5786
356.5758
356.3711
356.3685
356.3658
356.363
356.2499
356.2472
356.2445
356.2417
356.2389
356.1956
356.1928
356.19
356.1872
356.1844
356.1815
357.7411
357.3206
357.3176
356.9025
356.8997
356.8969
356.5817
356.5791
356.5764
356.5736
356.3717
356.369
356.3663
356.3635
356.3607
356.2506
356.2478
356.245
356.2422
356.2394
356.2365
356.1963
356.1935
356.1907
356.1878
356.1849
356.182
356.1791
358.0925
357.7418
357.7385
357.3212
357.3182
357.3151
356.903
356.9003
356.8975
356.8946
356.5824
356.5796
356.5769
356.5741
356.5713
356.3724
356.3696
356.3668
356.3641
356.3612
356.3583
356.2513
356.2485
356.2457
356.2428
356.2399
356.2371
356.2341
356.197
356.1942
356.1913
356.1884
356.1855
356.1826
356.1796
356.1767
358.3381
358.0932
358.0899
357.7424
357.7392
357.736
357.3218
357.3188
357.3158
357.3126
356.9036
356.9008
356.898
356.8951
356.8922
356.583
356.5803
356.5775
356.5747
356.5718
356.5689
356.3731
356.3703
356.3675
356.3646
356.3618
356.3589
356.3559
356.2519
356.2492
356.2463
356.2434
356.2405
356.2376
356.2346
356.2316
356.1977
356.1948
356.192
356.189
356.1861
356.1831
356.1802
356.1772
356.1741
358.4633
358.3389
358.3355
358.0939
358.0906
358.0872
357.743
357.7398
357.7366
357.7334
357.3224
357.3193
357.3163
357.3133
357.3101
356.9042
356.9014
356.8985
356.8957
356.8927
356.8897
356.5837
356.5809
356.5781
356.5752
356.5723
356.5694
356.5664
356.3737
356.371
356.3681
356.3652
356.3623
356.3594
356.3564
356.3534
356.2527
356.2498
356.247
356.244
356.2411
356.2381
356.2352
356.2322
356.2291
356.1984
356.1956
356.1927
356.1898
356.1868
356.1838
356.1807
356.1777
356.1747
356.1716
358.4633
358.4641
358.4606
358.3395
358.3362
358.3328
358.0944
358.0912
358.088
358.0846
357.7436
357.7404
357.7372
357.734
357.7308
357.323
357.32
357.3169
357.3138
357.3107
357.3076
356.905
356.902
356.8992
356.8962
356.8933
356.8903
356.8872
356.5843
356.5816
356.5787
356.5758
356.5729
356.5699
356.5669
356.5638
356.3745
356.3716
356.3688
356.3659
356.3629
356.3599
356.357
356.3539
356.3508
356.2534
356.2506
356.2477
356.2448
356.2418
356.2388
356.2357
356.2327
356.2296
356.2265
356.1962
356.1934
356.1904
356.1875
356.1844
356.1814
356.1783
356.1752
356.1721
358.3381
358.4641
358.4606
358.4647
358.4614
358.458
358.3401
358.3369
358.3336
358.3302
358.0951
358.0918
358.0886
358.0853
358.082
357.7442
357.741
357.7378
357.7347
357.7315
357.7282
357.3237
357.3206
357.3175
357.3144
357.3113
357.3082
357.305
356.9056
356.9028
356.8998
356.8968
356.8938
356.8908
356.8877
356.8845
356.5851
356.5822
356.5794
356.5764
356.5735
356.5705
356.5675
356.5644
356.5612
356.3751
356.3724
356.3695
356.3666
356.3636
356.3606
356.3575
356.3544
356.3513
356.3482
356.2512
356.2484
356.2454
356.2425
356.2394
356.2364
356.2332
356.2301
356.227
356.1941
356.1911
356.1881
356.1851
356.182
356.1789
356.1757
356.1726
358.0925
358.3389
358.3355
358.4647
358.4614
358.458
358.4653
358.4621
358.4588
358.4554
358.3408
358.3374
358.3342
358.3309
358.3276
358.0957
358.0925
358.0892
358.086
358.0827
358.0794
357.745
357.7416
357.7385
357.7352
357.7321
357.7289
357.7256
357.3244
357.3213
357.3181
357.315
357.3119
357.3088
357.3056
357.3024
356.9064
356.9034
356.9005
356.8974
356.8944
356.8914
356.8883
356.8851
356.8819
356.5858
356.583
356.5801
356.5772
356.5741
356.5711
356.568
356.5649
356.5617
356.5585
356.373
356.3702
356.3672
356.3643
356.3612
356.3581
356.355
356.3519
356.3487
356.2491
356.2461
356.2431
356.2401
356.237
356.2339
356.2307
356.2275
356.1918
356.1888
356.1858
356.1827
356.1795
356.1764
356.1732
357.7411
358.0932
358.0899
358.3395
358.3362
358.3328
358.4653
358.4621
358.4588
358.4554
358.466
358.4627
358.4594
358.4561
358.4528
358.3414
358.3381
358.3348
358.3316
358.3283
358.325
358.0965
358.0931
358.0898
358.0866
358.0834
358.0801
358.0769
357.7456
357.7424
357.739
357.7359
357.7326
357.7295
357.7263
357.723
357.3252
357.322
357.3189
357.3156
357.3125
357.3093
357.3062
357.303
357.2997
356.9071
356.9042
356.9012
356.8982
356.895
356.892
356.8888
356.8857
356.8824
356.8791
356.5837
356.5808
356.5778
356.5748
356.5717
356.5686
356.5654
356.5623
356.559
356.3709
356.368
356.3649
356.3619
356.3587
356.3556
356.3524
356.3492
356.2468
356.2438
356.2408
356.2377
356.2345
356.2313
356.2281
356.1895
356.1865
356.1834
356.1803
356.177
356.1738
357.32
357.7418
357.7385
358.0939
358.0906
358.0872
358.3401
358.3369
358.3336
358.3302
358.466
358.4627
358.4594
358.4561
358.4528
358.4666
358.4633
358.46
358.4568
358.4535
358.4502
358.3422
358.3387
358.3355
358.3322
358.329
358.3258
358.3225
358.0972
358.0938
358.0904
358.0872
358.084
358.0808
358.0776
358.0743
357.7465
357.7431
357.7398
357.7365
357.7333
357.73
357.7269
357.7237
357.7204
357.326
357.3228
357.3195
357.3164
357.3131
357.31
357.3067
357.3036
357.3003
357.297
356.9049
356.9019
356.8988
356.8958
356.8926
356.8894
356.8862
356.883
356.8797
356.5815
356.5786
356.5755
356.5724
356.5692
356.566
356.5628
356.5595
356.3686
356.3656
356.3625
356.3595
356.3562
356.353
356.3497
356.2445
356.2415
356.2383
356.2352
356.232
356.2287
356.1872
356.1841
356.1809
356.1777
356.1744
356.9013
357.3206
357.3176
357.7424
357.7392
357.736
358.0944
358.0912
358.0879
358.0846
358.3408
358.3374
358.3342
358.3309
358.3276
358.4666
358.4633
358.46
358.4568
358.4535
358.4502
358.4674
358.4639
358.4607
358.4574
358.4542
358.451
358.4477
358.3428
358.3395
358.3361
358.3329
358.3296
358.3264
358.3232
358.3199
358.098
358.0945
358.0912
358.0878
358.0846
358.0814
358.0782
358.075
358.0717
357.7473
357.7439
357.7405
357.7372
357.7339
357.7307
357.7275
357.7243
357.7211
357.7178
357.3235
357.3203
357.317
357.3138
357.3105
357.3074
357.3041
357.3009
357.2977
356.9026
356.8996
356.8964
356.8933
356.89
356.8868
356.8835
356.8802
356.5792
356.5762
356.5731
356.5699
356.5666
356.5634
356.5601
356.3663
356.3633
356.3601
356.3569
356.3536
356.3504
356.2422
356.2391
356.2359
356.2327
356.2293
356.1848
356.1816
356.1784
356.1751
356.5801
356.9019
356.8991
357.3212
357.3182
357.3151
357.743
357.7398
357.7366
357.7334
358.0951
358.0918
358.0886
358.0853
358.082
358.3414
358.3381
358.3348
358.3316
358.3283
358.325
358.4674
358.4639
358.4607
358.4574
358.4542
358.451
358.4477
358.4681
358.4647
358.4613
358.4581
358.4548
358.4516
358.4484
358.4451
358.3437
358.3402
358.3369
358.3335
358.3303
358.327
358.3239
358.3207
358.3174
358.0989
358.0954
358.0919
358.0886
358.0852
358.082
358.0788
358.0756
358.0725
358.0692
357.7447
357.7413
357.7379
357.7346
357.7313
357.7281
357.7249
357.7217
357.7185
357.3211
357.3179
357.3145
357.3113
357.308
357.3047
357.3015
357.2982
356.9003
356.8972
356.8939
356.8908
356.8874
356.8841
356.8807
356.5769
356.5738
356.5706
356.5674
356.564
356.5607
356.3639
356.3608
356.3576
356.3544
356.351
356.2397
356.2366
356.2333
356.2301
356.1823
356.1791
356.1758
356.3695
356.5807
356.578
356.9025
356.8997
356.8969
357.3217
357.3188
357.3157
357.3126
357.7436
357.7404
357.7372
357.734
357.7308
358.0957
358.0925
358.0892
358.086
358.0827
358.0794
358.3422
358.3387
358.3355
358.3322
358.329
358.3258
358.3225
358.4681
358.4647
358.4613
358.4581
358.4548
358.4516
358.4484
358.4451
358.469
358.4654
358.4621
358.4587
358.4555
358.4522
358.4491
358.4459
358.4426
358.3446
358.3411
358.3375
358.3342
358.3309
358.3277
358.3244
358.3213
358.3181
358.3149
358.0962
358.0928
358.0893
358.086
358.0826
358.0794
358.0762
358.0731
358.0699
357.7421
357.7388
357.7353
357.732
357.7287
357.7255
357.7223
357.7191
357.3186
357.3153
357.3119
357.3087
357.3053
357.3021
357.2988
356.8979
356.8947
356.8914
356.8881
356.8847
356.8814
356.5745
356.5713
356.568
356.5647
356.5613
356.3615
356.3583
356.355
356.3517
356.2373
356.234
356.2307
356.1798
356.1765
356.2477
356.37
356.3674
356.5812
356.5786
356.5758
356.903
356.9003
356.8975
356.8946
357.3224
357.3193
357.3163
357.3133
357.3101
357.7442
357.741
357.7378
357.7347
357.7315
357.7282
358.0965
358.0931
358.0898
358.0865
358.0834
358.0801
358.0769
358.3428
358.3395
358.3361
358.3329
358.3296
358.3264
358.3232
358.3199
358.469
358.4654
358.4621
358.4587
358.4555
358.4522
358.4491
358.4459
358.4426
358.4698
358.4663
358.4628
358.4595
358.4561
358.4529
358.4497
358.4466
358.4434
358.4401
358.3419
358.3384
358.3349
358.3316
358.3283
358.3251
358.3219
358.3188
358.3156
358.0936
358.0901
358.0867
358.0834
358.08
358.0769
358.0737
358.0706
357.7395
357.7362
357.7327
357.7295
357.7261
357.7229
357.7197
357.3161
357.3128
357.3094
357.3061
357.3027
357.2994
356.8954
356.8922
356.8888
356.8854
356.882
356.572
356.5688
356.5654
356.562
356.359
356.3557
356.3523
356.2347
356.2314
356.1772
356.1927
356.2482
356.2456
356.3705
356.3679
356.3652
356.5817
356.5791
356.5764
356.5736
356.9036
356.9008
356.898
356.8951
356.8922
357.323
357.32
357.3169
357.3138
357.3107
357.3076
357.745
357.7416
357.7384
357.7352
357.7321
357.7289
357.7256
358.0972
358.0938
358.0904
358.0872
358.0839
358.0808
358.0776
358.0743
358.3437
358.3402
358.3369
358.3334
358.3303
358.327
358.3239
358.3207
358.3174
358.4698
358.4663
358.4628
358.4595
358.4561
358.4529
358.4497
358.4466
358.4434
358.4401
358.4672
358.4637
358.4601
358.4569
358.4535
358.4504
358.4472
358.444
358.4409
358.3393
358.3358
358.3323
358.3291
358.3257
358.3226
358.3194
358.3163
358.091
358.0875
358.0841
358.0808
358.0775
358.0743
358.0711
357.737
357.7336
357.7301
357.7269
357.7235
357.7203
357.3135
357.3102
357.3067
357.3034
357.3
356.8929
356.8896
356.8861
356.8827
356.5694
356.5661
356.5626
356.3564
356.3531
356.2321
356.1932
356.1906
356.2487
356.2461
356.2434
356.3711
356.3685
356.3658
356.363
356.5824
356.5796
356.5769
356.5741
356.5713
356.9042
356.9014
356.8985
356.8957
356.8927
356.8897
357.3238
357.3205
357.3175
357.3144
357.3113
357.3082
357.305
357.7456
357.7424
357.739
357.7359
357.7326
357.7295
357.7263
357.723
358.098
358.0945
358.0912
358.0878
358.0846
358.0814
358.0782
358.075
358.0717
358.3446
358.3411
358.3375
358.3342
358.3308
358.3277
358.3244
358.3213
358.3181
358.3149
358.4672
358.4636
358.4601
358.4569
358.4535
358.4504
358.4472
358.444
358.4409
358.4645
358.461
358.4575
358.4543
358.4509
358.4478
358.4446
358.4416
358.3367
358.3332
358.3297
358.3265
358.3232
358.3201
358.3169
358.0884
358.0849
358.0815
358.0782
358.0749
358.0718
357.7344
357.731
357.7275
357.7243
357.7209
357.3109
357.3076
357.3041
357.3007
356.8903
356.8869
356.8833
356.5668
356.5634
356.3537
356.1937
356.1911
356.1884
356.2493
356.2466
356.2439
356.2412
356.3717
356.369
356.3663
356.3635
356.3607
356.583
356.5803
356.5774
356.5747
356.5718
356.5689
356.905
356.902
356.8992
356.8962
356.8933
356.8903
356.8872
357.3244
357.3213
357.3181
357.315
357.3119
357.3088
357.3056
357.3024
357.7465
357.7431
357.7398
357.7364
357.7333
357.73
357.7269
357.7237
357.7204
358.0989
358.0954
358.0919
358.0886
358.0852
358.082
358.0788
358.0756
358.0724
358.0692
358.3419
358.3384
358.3349
358.3316
358.3283
358.3251
358.3219
358.3188
358.3156
358.4645
358.461
358.4575
358.4543
358.4509
358.4478
358.4446
358.4416
358.4619
358.4584
358.455
358.4517
358.4484
358.4453
358.4422
358.3341
358.3306
358.3272
358.3239
358.3206
358.3175
358.0858
358.0824
358.0789
358.0757
358.0724
357.7318
357.7284
357.7249
357.7217
357.3083
357.3049
357.3014
356.8876
356.8841
356.564
356.1943
356.1916
356.1889
356.1862
356.2499
356.2472
356.2445
356.2417
356.2389
356.3723
356.3696
356.3668
356.3641
356.3612
356.3583
356.5837
356.5809
356.5781
356.5752
356.5723
356.5694
356.5664
356.9056
356.9028
356.8998
356.8968
356.8938
356.8908
356.8877
356.8845
357.3252
357.322
357.3189
357.3156
357.3125
357.3093
357.3062
357.303
357.2997
357.7473
357.7439
357.7405
357.7372
357.7339
357.7307
357.7274
357.7243
357.7211
357.7178
358.0962
358.0927
358.0893
358.086
358.0826
358.0794
358.0762
358.0731
358.0699
358.3393
358.3358
358.3323
358.3291
358.3257
358.3226
358.3194
358.3163
358.4619
358.4584
358.455
358.4517
358.4484
358.4453
358.4422
358.4593
358.4559
358.4524
358.4492
358.4459
358.4428
358.3315
358.3281
358.3246
358.3214
358.3181
358.0832
358.0798
358.0764
358.0731
357.7292
357.7258
357.7223
357.3056
357.3022
356.8848
356.1949
356.1922
356.1894
356.1867
356.1839
356.2506
356.2478
356.245
356.2422
356.2394
356.2365
356.3731
356.3702
356.3675
356.3646
356.3618
356.3589
356.3559
356.5843
356.5816
356.5787
356.5758
356.5729
356.5699
356.5669
356.5638
356.9064
356.9034
356.9005
356.8974
356.8944
356.8913
356.8883
356.8851
356.8819
357.326
357.3228
357.3195
357.3164
357.3131
357.3099
357.3067
357.3036
357.3003
357.297
357.7447
357.7413
357.7379
357.7347
357.7313
357.7281
357.7248
357.7217
357.7185
358.0936
358.0901
358.0867
358.0834
358.08
358.0769
358.0737
358.0705
358.3367
358.3332
358.3297
358.3265
358.3232
358.32
358.3169
358.4593
358.4559
358.4524
358.4492
358.4459
358.4428
358.4567
358.4533
358.4499
358.4467
358.4434
358.3289
358.3255
358.3221
358.3189
358.0806
358.0772
358.0738
357.7266
357.7232
357.303
356.1956
356.1928
356.19
356.1872
356.1844
356.1815
356.2513
356.2484
356.2456
356.2428
356.2399
356.237
356.2341
356.3737
356.371
356.3681
356.3652
356.3623
356.3594
356.3564
356.3534
356.5851
356.5822
356.5794
356.5764
356.5735
356.5705
356.5675
356.5644
356.5612
356.9071
356.9042
356.9011
356.8982
356.895
356.892
356.8888
356.8857
356.8824
356.8791
357.3236
357.3203
357.317
357.3139
357.3105
357.3074
357.3041
357.3009
357.2977
357.7421
357.7387
357.7353
357.7321
357.7287
357.7255
357.7222
357.7191
358.091
358.0875
358.0841
358.0808
358.0775
358.0743
358.0711
358.3341
358.3306
358.3272
358.324
358.3206
358.3175
358.4567
358.4533
358.4499
358.4467
358.4434
358.4542
358.4508
358.4474
358.4442
358.3264
358.323
358.3196
358.0781
358.0747
357.724
356.1963
356.1934
356.1906
356.1878
356.1849
356.182
356.1791
356.2519
356.2492
356.2463
356.2434
356.2405
356.2376
356.2346
356.2316
356.3744
356.3716
356.3688
356.3658
356.3629
356.3599
356.3569
356.3539
356.3508
356.5858
356.583
356.5801
356.5772
356.5741
356.5711
356.568
356.5649
356.5617
356.5585
356.9049
356.9019
356.8988
356.8958
356.8926
356.8894
356.8862
356.883
356.8797
357.3211
357.3178
357.3145
357.3113
357.3079
357.3047
357.3015
357.2982
357.7396
357.7361
357.7327
357.7295
357.7261
357.7229
357.7196
358.0884
358.0849
358.0815
358.0783
358.0749
358.0718
358.3315
358.328
358.3246
358.3214
358.3181
358.4542
358.4508
358.4474
358.4442
358.4517
358.4483
358.4449
358.3239
358.3205
358.0755
356.197
356.1942
356.1913
356.1884
356.1855
356.1826
356.1796
356.1767
356.2527
356.2498
356.247
356.244
356.2411
356.2381
356.2352
356.2322
356.2291
356.3752
356.3723
356.3695
356.3666
356.3635
356.3606
356.3575
356.3544
356.3513
356.3482
356.5837
356.5808
356.5778
356.5749
356.5717
356.5686
356.5654
356.5622
356.559
356.9027
356.8996
356.8964
356.8933
356.89
356.8868
356.8835
356.8802
357.3186
357.3153
357.3119
357.3087
357.3053
357.3021
357.2988
357.737
357.7335
357.7301
357.7269
357.7235
357.7203
358.0858
358.0823
358.0789
358.0757
358.0724
358.3289
358.3255
358.3221
358.3189
358.4517
358.4483
358.4449
358.4491
358.4458
358.3213
356.1977
356.1948
356.192
356.189
356.1861
356.1831
356.1802
356.1772
356.1741
356.2534
356.2505
356.2476
356.2448
356.2417
356.2388
356.2357
356.2327
356.2296
356.2265
356.3731
356.3702
356.3672
356.3643
356.3612
356.3581
356.355
356.3519
356.3487
356.5815
356.5785
356.5755
356.5724
356.5692
356.566
356.5628
356.5595
356.9003
356.8972
356.8939
356.8908
356.8874
356.8841
356.8807
357.3161
357.3127
357.3093
357.3061
357.3027
357.2994
357.7344
357.731
357.7275
357.7243
357.7209
358.0832
358.0798
358.0764
358.0732
358.3264
358.323
358.3196
358.4491
358.4458
358.4467
356.1984
356.1956
356.1926
356.1898
356.1867
356.1838
356.1807
356.1777
356.1746
356.1716
356.2512
356.2484
356.2454
356.2425
356.2394
356.2363
356.2332
356.2301
356.227
356.3709
356.3679
356.3649
356.3619
356.3587
356.3556
356.3524
356.3492
356.5793
356.5762
356.5731
356.57
356.5666
356.5634
356.56
356.8979
356.8947
356.8914
356.8882
356.8847
356.8813
357.3135
357.3102
357.3067
357.3034
357.3
357.7318
357.7284
357.7249
357.7217
358.0806
358.0772
358.0738
358.3239
358.3205
358.4467
356.1963
356.1934
356.1904
356.1875
356.1844
356.1814
356.1782
356.1752
356.1721
356.2491
356.2461
356.2431
356.2401
356.237
356.2339
356.2307
356.2275
356.3686
356.3656
356.3625
356.3595
356.3562
356.353
356.3497
356.5769
356.5738
356.5706
356.5674
356.564
356.5607
356.8954
356.8922
356.8888
356.8855
356.8819
357.3109
357.3075
357.3041
357.3008
357.7292
357.7258
357.7223
358.0781
358.0747
358.3213
356.1941
356.1911
356.1881
356.1851
356.182
356.1789
356.1757
356.1726
356.2468
356.2438
356.2408
356.2377
356.2345
356.2313
356.2281
356.3663
356.3633
356.3601
356.357
356.3536
356.3504
356.5745
356.5713
356.568
356.5647
356.5613
356.8929
356.8895
356.8861
356.8827
357.3083
357.3049
357.3014
357.7266
357.7231
358.0755
356.1918
356.1888
356.1858
356.1827
356.1795
356.1764
356.1731
356.2445
356.2415
356.2383
356.2352
356.2319
356.2287
356.364
356.3608
356.3576
356.3544
356.351
356.572
356.5687
356.5653
356.562
356.8903
356.8868
356.8833
357.3057
357.3022
357.724
356.1895
356.1865
356.1834
356.1803
356.177
356.1738
356.2422
356.2391
356.2358
356.2327
356.2293
356.3615
356.3583
356.355
356.3517
356.5694
356.5661
356.5626
356.8876
356.8841
357.303
356.1872
356.1841
356.1809
356.1777
356.1744
356.2398
356.2366
356.2333
356.2301
356.359
356.3557
356.3523
356.5668
356.5634
356.8848
356.1848
356.1816
356.1784
356.1751
356.2373
356.234
356.2307
356.3564
356.353
356.5641
356.1823
356.1791
356.1758
356.2347
356.2314
356.3537
356.1798
356.1765
356.2321
356.1772
)
;

boundaryField
{
    electrolyteSides
    {
        type            zeroGradient;
    }
    electrolyte_to_fuel
    {
        type            zeroGradient;
    }
    electrolyte_to_air
    {
        type            zeroGradient;
    }
    procBoundary2to1
    {
        type            processor;
        value           uniform 356.15;
    }
    procBoundary2to3
    {
        type            processor;
        value           uniform 356.15;
    }
}
)

// processor3

18231
(dimensions      [0 0 0 1 0 0 0];

internalField   nonuniform List<scalar> 
2000
(
356.1991
356.2541
356.1998
356.197
356.3759
356.2548
356.252
356.2005
356.1977
356.1948
356.5865
356.3766
356.3738
356.2555
356.2527
356.2498
356.2012
356.1984
356.1955
356.1925
356.9079
356.5872
356.5844
356.3772
356.3745
356.3716
356.2561
356.2533
356.2505
356.2475
356.2019
356.199
356.1962
356.1932
356.1902
357.3268
356.9086
356.9057
356.5879
356.5851
356.5822
356.3779
356.3751
356.3723
356.3694
356.2568
356.254
356.2512
356.2482
356.2452
356.2025
356.1997
356.1969
356.1939
356.1909
356.1879
357.7482
357.3275
357.3244
356.9092
356.9064
356.9034
356.5886
356.5858
356.5829
356.58
356.3786
356.3758
356.373
356.37
356.3671
356.2575
356.2547
356.2518
356.2489
356.2459
356.2429
356.2032
356.2004
356.1976
356.1946
356.1916
356.1886
356.1855
358.0999
357.7489
357.7457
357.3282
357.3251
357.3219
356.9099
356.9071
356.9041
356.9011
356.5893
356.5865
356.5836
356.5807
356.5776
356.3792
356.3765
356.3736
356.3707
356.3677
356.3647
356.2581
356.2554
356.2525
356.2496
356.2466
356.2436
356.2405
356.2038
356.201
356.1982
356.1953
356.1923
356.1893
356.1862
356.183
358.3457
358.1006
358.0972
357.7496
357.7463
357.7431
357.3289
357.3258
357.3226
357.3195
356.9106
356.9077
356.9048
356.9018
356.8987
356.5899
356.5872
356.5843
356.5813
356.5783
356.5752
356.3799
356.3771
356.3743
356.3714
356.3684
356.3654
356.3622
356.2587
356.256
356.2532
356.2503
356.2473
356.2443
356.2412
356.238
356.2041
356.2016
356.1988
356.196
356.193
356.19
356.1869
356.1837
356.1805
358.4709
358.3464
358.343
358.1013
358.0979
358.0946
357.7503
357.7471
357.7438
357.7405
357.3296
357.3265
357.3233
357.3201
357.3169
356.9113
356.9084
356.9055
356.9025
356.8994
356.8962
356.5905
356.5878
356.585
356.582
356.579
356.5759
356.5727
356.3805
356.3778
356.375
356.3721
356.3691
356.366
356.3629
356.3597
356.2591
356.2566
356.2538
356.2509
356.248
356.2449
356.2418
356.2387
356.2354
356.204
356.202
356.1995
356.1966
356.1937
356.1907
356.1875
356.1844
356.1812
356.1779
358.4709
358.4716
358.4683
358.3471
358.3437
358.3404
358.102
358.0987
358.0953
358.092
357.7511
357.7478
357.7445
357.7412
357.7379
357.3303
357.3272
357.324
357.3208
357.3176
357.3144
356.9119
356.9091
356.9062
356.9031
356.9001
356.8969
356.8937
356.5912
356.5884
356.5856
356.5827
356.5797
356.5766
356.5734
356.5702
356.3808
356.3784
356.3756
356.3727
356.3698
356.3667
356.3636
356.3604
356.3571
356.259
356.2569
356.2544
356.2516
356.2486
356.2456
356.2425
356.2394
356.2361
356.2328
356.2019
356.1998
356.1972
356.1943
356.1913
356.1882
356.1851
356.1819
356.1786
358.3457
358.4716
358.4683
358.4724
358.469
358.4656
358.3478
358.3444
358.3411
358.3377
358.1028
358.0994
358.096
358.0927
358.0894
357.7518
357.7485
357.7452
357.7419
357.7386
357.7353
357.331
357.3278
357.3247
357.3215
357.3183
357.315
357.3118
356.9126
356.9097
356.9068
356.9038
356.9007
356.8976
356.8943
356.891
356.5915
356.5891
356.5862
356.5833
356.5804
356.5773
356.5741
356.5708
356.5675
356.3807
356.3787
356.3762
356.3734
356.3704
356.3674
356.3643
356.3611
356.3578
356.3545
356.2568
356.2548
356.2522
356.2493
356.2463
356.2432
356.24
356.2368
356.2335
356.1997
356.1975
356.1949
356.1919
356.1889
356.1858
356.1825
356.1793
358.0999
358.3464
358.343
358.4724
358.469
358.4656
358.4731
358.4697
358.4663
358.463
358.3486
358.3451
358.3418
358.3384
358.3351
358.1035
358.1001
358.0967
358.0934
358.0901
358.0868
357.7525
357.7492
357.7459
357.7426
357.7393
357.736
357.7327
357.3317
357.3285
357.3254
357.3222
357.319
357.3157
357.3125
357.3092
356.913
356.9104
356.9075
356.9045
356.9014
356.8982
356.895
356.8917
356.8883
356.5914
356.5894
356.5869
356.584
356.581
356.578
356.5748
356.5715
356.5682
356.5648
356.3786
356.3766
356.374
356.3711
356.368
356.365
356.3617
356.3585
356.3551
356.2547
356.2525
356.2499
356.2469
356.2438
356.2407
356.2375
356.2342
356.1974
356.1952
356.1926
356.1895
356.1864
356.1832
356.1799
357.7483
358.1006
358.0973
358.3471
358.3437
358.3404
358.4731
358.4697
358.4663
358.463
358.4739
358.4704
358.4671
358.4637
358.4604
358.3493
358.3459
358.3425
358.3392
358.3358
358.3325
358.1042
358.1008
358.0975
358.0941
358.0908
358.0875
358.0842
357.7532
357.7499
357.7466
357.7433
357.74
357.7367
357.7334
357.7301
357.3321
357.3292
357.3261
357.3229
357.3197
357.3164
357.3132
357.3098
357.3065
356.9129
356.9108
356.9081
356.9051
356.9021
356.899
356.8957
356.8924
356.889
356.8856
356.5893
356.5872
356.5846
356.5817
356.5786
356.5755
356.5722
356.5689
356.5655
356.3765
356.3743
356.3717
356.3687
356.3656
356.3624
356.3591
356.3558
356.2524
356.2502
356.2475
356.2445
356.2414
356.2382
356.2349
356.1951
356.1929
356.1901
356.1871
356.1839
356.1806
357.3269
357.749
357.7457
358.1013
358.098
358.0946
358.3478
358.3444
358.3411
358.3377
358.4739
358.4704
358.4671
358.4637
358.4604
358.4746
358.4712
358.4678
358.4644
358.4611
358.4578
358.3501
358.3466
358.3433
358.3399
358.3366
358.3333
358.33
358.105
358.1016
358.0982
358.0949
358.0915
358.0882
358.0849
358.0816
357.7537
357.7506
357.7473
357.744
357.7407
357.7374
357.7341
357.7308
357.7275
357.3321
357.3296
357.3268
357.3236
357.3204
357.3172
357.3138
357.3105
357.3072
357.3038
356.9107
356.9085
356.9058
356.9027
356.8996
356.8964
356.8931
356.8897
356.8863
356.5871
356.585
356.5823
356.5792
356.5761
356.5729
356.5695
356.5661
356.3742
356.372
356.3693
356.3662
356.3631
356.3598
356.3565
356.2501
356.2478
356.2451
356.242
356.2388
356.2356
356.1928
356.1905
356.1877
356.1845
356.1813
356.9079
357.3275
357.3244
357.7496
357.7464
357.7431
358.102
358.0987
358.0953
358.092
358.3486
358.3451
358.3418
358.3385
358.3351
358.4745
358.4712
358.4678
358.4644
358.4611
358.4578
358.4753
358.4719
358.4686
358.4651
358.4618
358.4585
358.4553
358.3508
358.3474
358.344
358.3407
358.3373
358.334
358.3307
358.3274
358.1055
358.1023
358.0989
358.0956
358.0923
358.0889
358.0856
358.0823
358.0791
357.7538
357.7511
357.748
357.7447
357.7414
357.7382
357.7348
357.7315
357.7282
357.7249
357.3297
357.3272
357.3243
357.3211
357.3178
357.3146
357.3112
357.3079
357.3045
356.9085
356.9062
356.9034
356.9003
356.897
356.8938
356.8904
356.8869
356.5849
356.5826
356.5799
356.5767
356.5735
356.5702
356.5668
356.3719
356.3696
356.3669
356.3637
356.3605
356.3572
356.2478
356.2454
356.2426
356.2394
356.2362
356.1904
356.188
356.1851
356.1819
356.5865
356.9086
356.9057
357.3282
357.3251
357.322
357.7503
357.7471
357.7438
357.7405
358.1028
358.0994
358.096
358.0927
358.0894
358.3493
358.3459
358.3425
358.3392
358.3358
358.3326
358.4753
358.4719
358.4685
358.4651
358.4618
358.4585
358.4553
358.4761
358.4727
358.4692
358.4659
358.4625
358.4593
358.456
358.4527
358.3514
358.3481
358.3447
358.3413
358.3381
358.3347
358.3314
358.3281
358.3249
358.1057
358.1028
358.0997
358.0963
358.093
358.0897
358.0863
358.0831
358.0798
358.0765
357.7512
357.7485
357.7454
357.7421
357.7388
357.7356
357.7322
357.7289
357.7256
357.3272
357.3247
357.3217
357.3185
357.3152
357.3119
357.3086
357.3052
356.9061
356.9038
356.9009
356.8977
356.8944
356.8911
356.8876
356.5826
356.5802
356.5774
356.5742
356.5709
356.5675
356.3695
356.3672
356.3643
356.3611
356.3578
356.2453
356.2429
356.2401
356.2368
356.1879
356.1855
356.1825
356.3759
356.5872
356.5844
356.9093
356.9064
356.9034
357.3289
357.3258
357.3226
357.3195
357.7511
357.7478
357.7445
357.7412
357.7379
358.1034
358.1001
358.0967
358.0934
358.0901
358.0868
358.35
358.3466
358.3433
358.3399
358.3366
358.3333
358.33
358.4761
358.4727
358.4692
358.4659
358.4625
358.4593
358.456
358.4527
358.4767
358.4734
358.47
358.4666
358.4633
358.46
358.4567
358.4535
358.4502
358.3516
358.3487
358.3455
358.3421
358.3387
358.3355
358.3321
358.3289
358.3256
358.3224
358.103
358.1002
358.0971
358.0937
358.0904
358.0871
358.0838
358.0805
358.0772
357.7486
357.7459
357.7428
357.7395
357.7362
357.733
357.7296
357.7263
357.3247
357.3222
357.3192
357.3159
357.3126
357.3093
357.3059
356.9037
356.9013
356.8983
356.8951
356.8917
356.8883
356.5801
356.5777
356.5748
356.5715
356.5681
356.3671
356.3647
356.3617
356.3584
356.2428
356.2404
356.2374
356.1854
356.1829
356.2541
356.3766
356.3738
356.5879
356.5851
356.5823
356.9099
356.9071
356.9041
356.9011
357.3296
357.3265
357.3233
357.3202
357.3169
357.7517
357.7485
357.7452
357.7419
357.7386
357.7353
358.1042
358.1008
358.0975
358.0941
358.0908
358.0875
358.0842
358.3508
358.3474
358.344
358.3406
358.3373
358.334
358.3307
358.3274
358.4766
358.4734
358.47
358.4666
358.4633
358.46
358.4567
358.4535
358.4502
358.477
358.474
358.4708
358.4674
358.464
358.4608
358.4574
358.4542
358.4509
358.4477
358.349
358.346
358.3429
358.3395
358.3362
358.3329
358.3296
358.3263
358.3231
358.1004
358.0976
358.0944
358.0911
358.0878
358.0845
358.0812
358.078
357.7461
357.7433
357.7402
357.7369
357.7336
357.7304
357.727
357.3222
357.3196
357.3166
357.3133
357.3099
357.3066
356.9013
356.8987
356.8957
356.8924
356.8889
356.5776
356.5751
356.5721
356.5688
356.3646
356.3621
356.3591
356.2403
356.2378
356.1828
356.1991
356.2548
356.252
356.3773
356.3745
356.3716
356.5886
356.5858
356.5829
356.58
356.9106
356.9077
356.9048
356.9018
356.8987
357.3302
357.3272
357.324
357.3208
357.3176
357.3144
357.7525
357.7491
357.7459
357.7426
357.7393
357.736
357.7327
358.105
358.1016
358.0982
358.0949
358.0915
358.0882
358.0849
358.0817
358.3513
358.3481
358.3447
358.3413
358.338
358.3347
358.3314
358.3282
358.3249
358.4769
358.474
358.4708
358.4674
358.464
358.4607
358.4574
358.4542
358.4509
358.4477
358.4743
358.4713
358.4682
358.4648
358.4614
358.4582
358.4549
358.4517
358.4485
358.3463
358.3434
358.3403
358.3369
358.3336
358.3304
358.327
358.3238
358.0978
358.095
358.0919
358.0885
358.0852
358.082
358.0787
357.7435
357.7407
357.7377
357.7343
357.731
357.7277
357.3197
357.317
357.314
357.3106
357.3072
356.8987
356.8961
356.893
356.8896
356.5751
356.5725
356.5694
356.362
356.3594
356.2377
356.1998
356.197
356.2555
356.2527
356.2498
356.3779
356.3752
356.3723
356.3694
356.5892
356.5865
356.5836
356.5807
356.5777
356.9112
356.9084
356.9055
356.9025
356.8994
356.8962
357.3309
357.3278
357.3247
357.3215
357.3183
357.3151
357.3118
357.7532
357.7499
357.7466
357.7433
357.74
357.7367
357.7334
357.7301
358.1055
358.1023
358.0989
358.0955
358.0922
358.0889
358.0856
358.0823
358.0791
358.3516
358.3487
358.3455
358.3421
358.3387
358.3354
358.3321
358.3289
358.3256
358.3224
358.4743
358.4713
358.4682
358.4648
358.4614
358.4582
358.4549
358.4517
358.4485
358.4716
358.4687
358.4656
358.4622
358.4589
358.4557
358.4524
358.4492
358.3437
358.3408
358.3377
358.3344
358.331
358.3278
358.3245
358.0952
358.0924
358.0893
358.086
358.0827
358.0794
357.7409
357.7381
357.7351
357.7317
357.7284
357.3171
357.3144
357.3113
357.3079
356.8961
356.8934
356.8903
356.5724
356.5698
356.3593
356.2005
356.1977
356.1948
356.2561
356.2534
356.2505
356.2476
356.3786
356.3758
356.373
356.3701
356.3671
356.5898
356.5871
356.5843
356.5814
356.5784
356.5753
356.9119
356.909
356.9061
356.9031
356.9001
356.8969
356.8937
357.3316
357.3285
357.3253
357.3222
357.319
357.3158
357.3125
357.3092
357.7537
357.7506
357.7473
357.744
357.7407
357.7374
357.7341
357.7308
357.7275
358.1056
358.1028
358.0997
358.0963
358.0929
358.0896
358.0863
358.0831
358.0798
358.0765
358.3489
358.346
358.3429
358.3395
358.3361
358.3329
358.3296
358.3263
358.3231
358.4716
358.4687
358.4656
358.4622
358.4589
358.4557
358.4524
358.4492
358.469
358.4661
358.463
358.4597
358.4564
358.4532
358.4499
358.3411
358.3382
358.3351
358.3318
358.3285
358.3253
358.0926
358.0898
358.0867
358.0834
358.0801
357.7383
357.7355
357.7324
357.7291
357.3144
357.3117
357.3086
356.8934
356.8906
356.5697
356.2012
356.1984
356.1955
356.1926
356.2568
356.254
356.2512
356.2483
356.2453
356.3792
356.3765
356.3736
356.3707
356.3678
356.3647
356.5905
356.5877
356.5849
356.582
356.579
356.5759
356.5728
356.9126
356.9097
356.9068
356.9038
356.9007
356.8976
356.8944
356.8911
357.332
357.3292
357.326
357.3229
357.3197
357.3164
357.3132
357.3099
357.3065
357.7538
357.7511
357.748
357.7447
357.7414
357.7381
357.7348
357.7315
357.7282
357.7249
358.103
358.1002
358.0971
358.0937
358.0903
358.0871
358.0838
358.0805
358.0772
358.3463
358.3434
358.3403
358.3369
358.3336
358.3303
358.327
358.3238
358.469
358.4661
358.463
358.4597
358.4564
358.4532
358.4499
358.4664
358.4636
358.4604
358.4571
358.4539
358.4507
358.3385
358.3357
358.3326
358.3293
358.326
358.09
358.0872
358.0841
358.0809
357.7357
357.7329
357.7298
357.3118
357.309
356.8906
356.2018
356.199
356.1962
356.1933
356.1903
356.2574
356.2547
356.2518
356.2489
356.246
356.2429
356.3799
356.3771
356.3743
356.3714
356.3684
356.3654
356.3622
356.5912
356.5884
356.5856
356.5827
356.5797
356.5766
356.5734
356.5702
356.9129
356.9104
356.9074
356.9044
356.9014
356.8982
356.895
356.8917
356.8884
357.3321
357.3296
357.3268
357.3236
357.3203
357.3171
357.3138
357.3105
357.3072
357.3038
357.7512
357.7485
357.7454
357.7421
357.7388
357.7355
357.7322
357.7289
357.7256
358.1004
358.0976
358.0944
358.0911
358.0878
358.0845
358.0812
358.078
358.3437
358.3408
358.3377
358.3343
358.331
358.3278
358.3245
358.4664
358.4635
358.4604
358.4571
358.4538
358.4507
358.4639
358.461
358.4579
358.4546
358.4514
358.336
358.3331
358.33
358.3268
358.0875
358.0847
358.0816
357.7331
357.7303
357.3091
356.2025
356.1997
356.1969
356.1939
356.191
356.1879
356.2581
356.2553
356.2525
356.2496
356.2466
356.2436
356.2405
356.3805
356.3777
356.3749
356.372
356.3691
356.3661
356.3629
356.3597
356.5915
356.5891
356.5862
356.5833
356.5803
356.5773
356.5741
356.5709
356.5675
356.9129
356.9107
356.9081
356.9051
356.902
356.8989
356.8957
356.8924
356.889
356.8856
357.3296
357.3272
357.3243
357.321
357.3178
357.3145
357.3112
357.3079
357.3045
357.7486
357.7459
357.7428
357.7395
357.7362
357.7329
357.7296
357.7263
358.0977
358.0949
358.0919
358.0885
358.0852
358.0819
358.0787
358.3411
358.3382
358.3351
358.3318
358.3285
358.3253
358.4639
358.461
358.4579
358.4546
358.4514
358.4613
358.4585
358.4554
358.4521
358.3334
358.3306
358.3275
358.0849
358.0821
357.7305
356.2031
356.2003
356.1975
356.1946
356.1916
356.1886
356.1855
356.2587
356.256
356.2531
356.2502
356.2473
356.2443
356.2412
356.238
356.3808
356.3784
356.3756
356.3727
356.3697
356.3667
356.3636
356.3604
356.3571
356.5914
356.5894
356.5869
356.5839
356.581
356.5779
356.5748
356.5715
356.5682
356.5648
356.9107
356.9085
356.9058
356.9027
356.8995
356.8963
356.8931
356.8897
356.8863
357.3272
357.3247
357.3217
357.3185
357.3152
357.3119
357.3086
357.3052
357.746
357.7433
357.7402
357.7369
357.7336
357.7303
357.727
358.0951
358.0924
358.0893
358.0859
358.0826
358.0794
358.3385
358.3357
358.3326
358.3293
358.326
358.4613
358.4585
358.4554
358.4521
358.4588
358.456
358.4529
358.3309
358.3281
358.0824
356.2038
356.201
356.1982
356.1953
356.1923
356.1893
356.1862
356.183
356.259
356.2566
356.2538
356.2509
356.2479
356.2449
356.2418
356.2387
356.2354
356.3807
356.3787
356.3762
356.3733
356.3704
356.3674
356.3643
356.3611
356.3578
356.3545
356.5893
356.5872
356.5846
356.5816
356.5785
356.5754
356.5722
356.5689
356.5655
356.9084
356.9061
356.9034
356.9002
356.897
356.8937
356.8904
356.8869
357.3247
357.3221
357.3192
357.3159
357.3126
357.3092
357.3059
357.7434
357.7407
357.7377
357.7343
357.731
357.7277
358.0925
358.0898
358.0867
358.0834
358.0801
358.3359
358.3331
358.33
358.3268
358.4588
358.456
358.4529
358.4563
358.4535
358.3284
356.2041
356.2016
356.1988
356.1959
356.193
356.19
356.1869
356.1837
356.1805
356.2589
356.2569
356.2544
356.2515
356.2486
356.2456
356.2425
356.2394
356.2361
356.2328
356.3786
356.3765
356.374
356.371
356.368
356.3649
356.3617
356.3585
356.3552
356.5871
356.5849
356.5823
356.5792
356.576
356.5728
356.5695
356.5662
356.9061
356.9037
356.9009
356.8977
356.8944
356.891
356.8876
357.3222
357.3196
357.3166
357.3133
357.3099
357.3065
357.7408
357.7381
357.7351
357.7317
357.7284
358.09
358.0872
358.0841
358.0808
358.3334
358.3306
358.3275
358.4563
358.4535
358.4538
356.2039
356.2019
356.1994
356.1966
356.1936
356.1906
356.1875
356.1844
356.1812
356.1779
356.2568
356.2547
356.2522
356.2492
356.2462
356.2432
356.24
356.2368
356.2335
356.3764
356.3743
356.3717
356.3686
356.3655
356.3624
356.3591
356.3558
356.5848
356.5826
356.5799
356.5767
356.5735
356.5702
356.5668
356.9037
356.9012
356.8983
356.895
356.8917
356.8883
357.3196
357.317
357.314
357.3106
357.3072
357.7382
357.7355
357.7324
357.7291
358.0874
358.0846
358.0816
358.3309
358.3281
358.4538
356.2018
356.1997
356.1972
356.1943
356.1912
356.1882
356.1851
356.1819
356.1786
356.2546
356.2525
356.2499
356.2469
356.2438
356.2407
356.2375
356.2342
356.3742
356.372
356.3693
356.3662
356.363
356.3598
356.3565
356.5825
356.5802
356.5774
356.5741
356.5708
356.5674
356.9012
356.8987
356.8957
356.8923
356.8889
357.317
357.3144
357.3113
357.3079
357.7356
357.7329
357.7298
358.0848
358.0821
358.3283
356.1996
356.1975
356.1949
356.1919
356.1888
356.1857
356.1825
356.1793
356.2524
356.2502
356.2475
356.2444
356.2413
356.2381
356.2349
356.3719
356.3696
356.3668
356.3637
356.3604
356.3571
356.5801
356.5777
356.5748
356.5715
356.5681
356.8986
356.8961
356.893
356.8896
357.3144
357.3117
357.3086
357.733
357.7303
358.0823
356.1974
356.1952
356.1925
356.1895
356.1864
356.1832
356.1799
356.2501
356.2478
356.2451
356.242
356.2388
356.2355
356.3695
356.3671
356.3643
356.3611
356.3578
356.5776
356.5751
356.5721
356.5687
356.896
356.8934
356.8903
357.3117
357.309
357.7304
356.1951
356.1928
356.1901
356.187
356.1838
356.1806
356.2477
356.2454
356.2426
356.2394
356.2361
356.367
356.3646
356.3617
356.3584
356.575
356.5724
356.5694
356.8933
356.8906
357.309
356.1927
356.1904
356.1877
356.1845
356.1812
356.2453
356.2429
356.2401
356.2368
356.3645
356.362
356.3591
356.5724
356.5697
356.8906
356.1903
356.1879
356.1851
356.1819
356.2428
356.2403
356.2374
356.3619
356.3594
356.5696
356.1878
356.1854
356.1825
356.2402
356.2377
356.3593
356.1853
356.1828
356.2376
356.1827
)
;

boundaryField
{
    electrolyteSides
    {
        type            zeroGradient;
    }
    electrolyte_to_fuel
    {
        type            zeroGradient;
    }
    electrolyte_to_air
    {
        type            zeroGradient;
    }
    procBoundary3to2
    {
        type            processor;
        value           uniform 356.15;
    }
}
)

// processor4

316
(dimensions      [0 0 0 1 0 0 0];

internalField   nonuniform List<scalar> 0();

boundaryField
{
    electrolyteSides
    {
        type            zeroGradient;
    }
    electrolyte_to_fuel
    {
        type            zeroGradient;
    }
    electrolyte_to_air
    {
        type            zeroGradient;
    }
}
)

// processor5

316
(dimensions      [0 0 0 1 0 0 0];

internalField   nonuniform List<scalar> 0();

boundaryField
{
    electrolyteSides
    {
        type            zeroGradient;
    }
    electrolyte_to_fuel
    {
        type            zeroGradient;
    }
    electrolyte_to_air
    {
        type            zeroGradient;
    }
}
)

// processor6

316
(dimensions      [0 0 0 1 0 0 0];

internalField   nonuniform List<scalar> 0();

boundaryField
{
    electrolyteSides
    {
        type            zeroGradient;
    }
    electrolyte_to_fuel
    {
        type            zeroGradient;
    }
    electrolyte_to_air
    {
        type            zeroGradient;
    }
}
)

// processor7

316
(dimensions      [0 0 0 1 0 0 0];

internalField   nonuniform List<scalar> 0();

boundaryField
{
    electrolyteSides
    {
        type            zeroGradient;
    }
    electrolyte_to_fuel
    {
        type            zeroGradient;
    }
    electrolyte_to_air
    {
        type            zeroGradient;
    }
}
)
