/*--------------------------------*- C++ -*----------------------------------*\
| =========                 |                                                 |
| \\      /  F ield         | OpenFOAM: The Open Source CFD Toolbox           |
|  \\    /   O peration     | Version:  2306                                  |
|   \\  /    A nd           | Website:  www.openfoam.com                      |
|    \\/     M anipulation  |                                                 |
\*---------------------------------------------------------------------------*/
FoamFile
{
    version     2.0;
    format      binary;
    arch        "LSB;label=32;scalar=64";
    class       decomposedBlockData;
    location    "constant/polyMesh/sets";
    object      achannel;
    data.format ascii;
    data.class  cellSet;
}
// * * * * * * * * * * * * * * * * * * * * * * * * * * * * * * * * * * * * * //


// processor0

6182
(FoamFile
{
    version     2.0;
    format      ascii;
    arch        "LSB;label=32;scalar=64";
    class       cellSet;
    location    "constant/polyMesh/sets";
    object      achannel;
}

1000
(
12288
12289
12290
12295
12296
12297
12298
12299
12305
12306
12307
12308
10299
10308
10309
10317
10318
10319
10326
10327
10328
10329
10335
10336
10337
10338
10339
10344
10345
10346
10347
10348
12396
10349
12397
12398
12399
12400
12401
12402
12403
12405
12406
12407
12408
12409
12410
12411
12412
12413
12414
12415
12416
12417
12418
12419
12420
12421
12422
12423
12424
12425
12426
12427
12428
12429
12430
12431
12432
12434
12435
12436
12437
12438
12439
12440
12441
12444
12445
12446
12447
12448
12449
12450
12454
12455
12456
12457
12458
12459
12464
12465
12466
12467
12468
12474
12475
12476
12477
12483
12484
12485
10489
10498
10499
10507
10508
10509
10516
10517
10518
10519
12567
12568
12569
12570
12571
12572
10525
12573
10526
12574
10527
12575
10528
12576
10529
12577
12578
12579
12580
12581
10534
12582
10535
12583
10536
12584
10537
12585
10538
12586
10539
12587
12588
12589
12590
10543
12591
10544
12592
10545
12593
10546
12594
10547
10548
12596
10549
12597
12598
12599
12600
12601
12602
12603
12606
12607
12608
12609
12610
12611
12612
12616
12617
12618
12619
12620
12621
12626
12627
12628
12629
12630
12636
12637
12638
12639
12645
12646
12647
12653
12654
10679
12730
12731
12732
12733
12734
12735
10688
12736
10689
12737
12738
12739
12740
12741
12742
12743
12744
10697
12745
10698
12746
10699
12747
12748
12750
12751
12752
12753
10706
12754
10707
12755
10708
12756
10709
12757
12760
12761
12762
10715
12763
10716
12764
10717
12765
10718
12766
10719
12770
12771
10724
12772
10725
12773
10726
12774
10727
12775
10728
10729
12780
12781
10733
12782
10734
12783
10735
12784
10736
10737
10738
10739
12790
10742
12791
10743
12792
10744
12793
10745
10746
10747
10748
10749
12799
12800
12801
12807
12808
12814
12885
12886
12887
12888
12889
12890
12891
12892
12893
12895
12896
12897
12898
12899
12900
12901
12902
12905
12906
12907
12908
12909
12910
12911
12915
12916
12917
10869
12918
12919
12920
12925
12926
10878
12927
10879
12928
12929
12935
10887
12936
10888
12937
10889
12938
12944
10896
12945
10897
12946
10898
10899
12952
12953
10905
10906
10907
10908
10909
12959
10914
10915
10916
10917
10918
10919
10923
10924
10925
10926
10927
10928
10929
10932
10933
10934
10935
10936
10937
10938
10939
10941
10942
10943
10944
10945
10946
10947
10948
10949
13030
13031
13032
13033
13034
13035
13036
13037
13040
13041
13042
13043
13044
13045
13046
13050
13051
13052
13053
13054
13055
13060
13061
13062
13063
13064
13070
13071
13072
13073
13079
13080
13081
13087
13088
13094
11059
11068
11069
11077
11078
11079
11086
11087
11088
11089
11095
11096
11097
11098
11099
11104
11105
11106
11107
11108
11109
11113
11114
11115
11116
13165
11117
13166
11118
13167
11119
13168
13169
13170
11122
13171
11123
11124
11125
11126
13175
11127
13176
11128
13177
11129
13178
13179
11131
13180
11132
11133
11134
11135
11136
13185
11137
13186
11138
13187
11139
13188
11140
13189
11141
11142
11143
11144
11145
11146
13195
11147
13196
11148
13197
11149
13198
13204
13205
13206
13212
13213
13219
13290
13291
13292
13293
13294
13295
13300
13301
13302
13303
13304
11258
11259
13310
13311
13312
13313
11267
11268
11269
13319
13320
13321
11276
11277
11278
13327
11279
13328
11285
13334
11286
11287
11288
11289
11294
11295
11296
11297
11298
11299
11303
11304
11305
11306
11307
11308
11309
11312
11313
11314
11315
11316
11317
11318
11319
11321
11322
11323
11324
11325
11326
11327
11328
11329
11330
11331
11332
11333
11334
11335
11336
11337
11338
11339
11340
11341
11342
11343
11344
11345
11346
11347
11348
13405
13406
13407
13408
13409
13415
13416
13417
13418
13424
13425
13426
13432
13433
13439
9349
11456
11457
11458
13510
13511
13512
13513
11465
11466
11467
11468
13519
13520
13521
11474
11475
11476
11477
11478
13527
13528
11483
11484
11485
13534
11486
11487
11488
11492
11493
11494
11495
11496
11497
11498
11501
11502
11503
11504
11505
11506
11507
11508
11510
11511
11512
11513
11514
11515
11516
11517
11518
11519
11520
11521
11522
11523
11524
11525
11526
11527
11528
11529
11530
11531
11532
11533
11534
11535
11536
11537
11539
11540
11541
11542
11543
11544
11545
11546
13604
13605
13606
13612
13613
13619
9539
9548
9549
13687
13688
13694
11652
11653
11654
11655
11661
11662
11663
11664
11665
11670
11671
11672
11673
11674
11675
11679
11680
11681
11682
11683
11684
11685
11688
11689
11690
11691
11692
11693
11694
11695
11697
11698
11699
11700
11701
11702
11703
11704
11705
11706
11707
11708
11709
11710
13759
11711
11712
11713
11714
11715
11716
11717
11718
11719
11720
11721
11722
11723
11724
11726
11727
11728
11729
11730
11731
11732
11733
11736
11737
11738
11739
11740
11741
11742
9729
9738
9739
9747
9748
9749
11845
11846
11847
11848
11849
11854
11855
11856
11857
11858
11859
11863
11864
11865
11866
11867
11868
11869
11872
11873
11874
11875
11876
11877
11878
11879
11881
11882
11883
11884
11885
11886
11887
11888
11889
11890
11891
11892
11893
11894
11895
11896
11897
11898
11899
11900
11901
11902
11903
11904
11905
11906
11907
11908
11910
11911
11912
11913
11914
11915
11916
11917
11920
11921
11922
11923
11924
11925
11926
11930
11931
11932
11933
11934
11935
9919
9928
9929
9937
9938
9939
9946
9947
9948
9949
12034
12035
12036
12037
12038
12039
12043
12044
12045
12046
12047
12048
12049
12052
12053
12054
12055
12056
12057
12058
12059
12061
12062
12063
12064
12065
12066
12067
12068
12069
12070
12071
12072
12073
12074
12075
12076
12077
12078
12079
12080
12081
12082
12083
12084
12085
12086
12087
12088
12090
12091
12092
12093
12094
12095
12096
12097
12100
12101
12102
12103
12104
12105
12106
12110
12111
12112
12113
12114
12115
12120
12121
12122
12123
12124
10109
10118
10119
10127
10128
10129
10136
10137
10138
10139
10145
10146
10147
10148
10149
12218
12219
12220
12221
12222
12223
12224
12227
12228
12229
12230
12231
12232
12233
12234
12236
12237
12238
12239
12240
12241
12242
12243
12244
12245
12246
12247
12248
12249
12250
12251
12252
12253
12254
12255
12256
12257
12258
12259
12260
12261
12262
12263
12265
12266
12267
12268
12269
12270
12271
12272
12275
12276
12277
12278
12279
12280
12281
12285
12286
12287
)
)

// processor1

5990
(
1000
(
12288
12289
12290
12295
12296
12297
12298
12299
12305
12306
12307
12308
10299
10308
10309
10317
10318
10319
10326
10327
10328
10329
10335
10336
10337
10338
10339
10344
10345
10346
10347
10348
12396
10349
12397
12398
12399
12400
12401
12402
12403
12405
12406
12407
12408
12409
12410
12411
12412
12413
12414
12415
12416
12417
12418
12419
12420
12421
12422
12423
12424
12425
12426
12427
12428
12429
12430
12431
12432
12434
12435
12436
12437
12438
12439
12440
12441
12444
12445
12446
12447
12448
12449
12450
12454
12455
12456
12457
12458
12459
12464
12465
12466
12467
12468
12474
12475
12476
12477
12483
12484
12485
10489
10498
10499
10507
10508
10509
10516
10517
10518
10519
12567
12568
12569
12570
12571
12572
10525
12573
10526
12574
10527
12575
10528
12576
10529
12577
12578
12579
12580
12581
10534
12582
10535
12583
10536
12584
10537
12585
10538
12586
10539
12587
12588
12589
12590
10543
12591
10544
12592
10545
12593
10546
12594
10547
10548
12596
10549
12597
12598
12599
12600
12601
12602
12603
12606
12607
12608
12609
12610
12611
12612
12616
12617
12618
12619
12620
12621
12626
12627
12628
12629
12630
12636
12637
12638
12639
12645
12646
12647
12653
12654
10679
12730
12731
12732
12733
12734
12735
10688
12736
10689
12737
12738
12739
12740
12741
12742
12743
12744
10697
12745
10698
12746
10699
12747
12748
12750
12751
12752
12753
10706
12754
10707
12755
10708
12756
10709
12757
12760
12761
12762
10715
12763
10716
12764
10717
12765
10718
12766
10719
12770
12771
10724
12772
10725
12773
10726
12774
10727
12775
10728
10729
12780
12781
10733
12782
10734
12783
10735
12784
10736
10737
10738
10739
12790
10742
12791
10743
12792
10744
12793
10745
10746
10747
10748
10749
12799
12800
12801
12807
12808
12814
12885
12886
12887
12888
12889
12890
12891
12892
12893
12895
12896
12897
12898
12899
12900
12901
12902
12905
12906
12907
12908
12909
12910
12911
12915
12916
12917
10869
12918
12919
12920
12925
12926
10878
12927
10879
12928
12929
12935
10887
12936
10888
12937
10889
12938
12944
10896
12945
10897
12946
10898
10899
12952
12953
10905
10906
10907
10908
10909
12959
10914
10915
10916
10917
10918
10919
10923
10924
10925
10926
10927
10928
10929
10932
10933
10934
10935
10936
10937
10938
10939
10941
10942
10943
10944
10945
10946
10947
10948
10949
13030
13031
13032
13033
13034
13035
13036
13037
13040
13041
13042
13043
13044
13045
13046
13050
13051
13052
13053
13054
13055
13060
13061
13062
13063
13064
13070
13071
13072
13073
13079
13080
13081
13087
13088
13094
11059
11068
11069
11077
11078
11079
11086
11087
11088
11089
11095
11096
11097
11098
11099
11104
11105
11106
11107
11108
11109
11113
11114
11115
11116
13165
11117
13166
11118
13167
11119
13168
13169
13170
11122
13171
11123
11124
11125
11126
13175
11127
13176
11128
13177
11129
13178
13179
11131
13180
11132
11133
11134
11135
11136
13185
11137
13186
11138
13187
11139
13188
11140
13189
11141
11142
11143
11144
11145
11146
13195
11147
13196
11148
13197
11149
13198
13204
13205
13206
13212
13213
13219
13290
13291
13292
13293
13294
13295
13300
13301
13302
13303
13304
11258
11259
13310
13311
13312
13313
11267
11268
11269
13319
13320
13321
11276
11277
11278
13327
11279
13328
11285
13334
11286
11287
11288
11289
11294
11295
11296
11297
11298
11299
11303
11304
11305
11306
11307
11308
11309
11312
11313
11314
11315
11316
11317
11318
11319
11321
11322
11323
11324
11325
11326
11327
11328
11329
11330
11331
11332
11333
11334
11335
11336
11337
11338
11339
11340
11341
11342
11343
11344
11345
11346
11347
11348
13405
13406
13407
13408
13409
13415
13416
13417
13418
13424
13425
13426
13432
13433
13439
9349
11456
11457
11458
13510
13511
13512
13513
11465
11466
11467
11468
13519
13520
13521
11474
11475
11476
11477
11478
13527
13528
11483
11484
11485
13534
11486
11487
11488
11492
11493
11494
11495
11496
11497
11498
11501
11502
11503
11504
11505
11506
11507
11508
11510
11511
11512
11513
11514
11515
11516
11517
11518
11519
11520
11521
11522
11523
11524
11525
11526
11527
11528
11529
11530
11531
11532
11533
11534
11535
11536
11537
11539
11540
11541
11542
11543
11544
11545
11546
13604
13605
13606
13612
13613
13619
9539
9548
9549
13687
13688
13694
11652
11653
11654
11655
11661
11662
11663
11664
11665
11670
11671
11672
11673
11674
11675
11679
11680
11681
11682
11683
11684
11685
11688
11689
11690
11691
11692
11693
11694
11695
11697
11698
11699
11700
11701
11702
11703
11704
11705
11706
11707
11708
11709
11710
13759
11711
11712
11713
11714
11715
11716
11717
11718
11719
11720
11721
11722
11723
11724
11726
11727
11728
11729
11730
11731
11732
11733
11736
11737
11738
11739
11740
11741
11742
9729
9738
9739
9747
9748
9749
11845
11846
11847
11848
11849
11854
11855
11856
11857
11858
11859
11863
11864
11865
11866
11867
11868
11869
11872
11873
11874
11875
11876
11877
11878
11879
11881
11882
11883
11884
11885
11886
11887
11888
11889
11890
11891
11892
11893
11894
11895
11896
11897
11898
11899
11900
11901
11902
11903
11904
11905
11906
11907
11908
11910
11911
11912
11913
11914
11915
11916
11917
11920
11921
11922
11923
11924
11925
11926
11930
11931
11932
11933
11934
11935
9919
9928
9929
9937
9938
9939
9946
9947
9948
9949
12034
12035
12036
12037
12038
12039
12043
12044
12045
12046
12047
12048
12049
12052
12053
12054
12055
12056
12057
12058
12059
12061
12062
12063
12064
12065
12066
12067
12068
12069
12070
12071
12072
12073
12074
12075
12076
12077
12078
12079
12080
12081
12082
12083
12084
12085
12086
12087
12088
12090
12091
12092
12093
12094
12095
12096
12097
12100
12101
12102
12103
12104
12105
12106
12110
12111
12112
12113
12114
12115
12120
12121
12122
12123
12124
10109
10118
10119
10127
10128
10129
10136
10137
10138
10139
10145
10146
10147
10148
10149
12218
12219
12220
12221
12222
12223
12224
12227
12228
12229
12230
12231
12232
12233
12234
12236
12237
12238
12239
12240
12241
12242
12243
12244
12245
12246
12247
12248
12249
12250
12251
12252
12253
12254
12255
12256
12257
12258
12259
12260
12261
12262
12263
12265
12266
12267
12268
12269
12270
12271
12272
12275
12276
12277
12278
12279
12280
12281
12285
12286
12287
)
)

// processor2

5990
(
1000
(
12288
12289
12290
12295
12296
12297
12298
12299
12305
12306
12307
12308
10299
10308
10309
10317
10318
10319
10326
10327
10328
10329
10335
10336
10337
10338
10339
10344
10345
10346
10347
10348
12396
10349
12397
12398
12399
12400
12401
12402
12403
12405
12406
12407
12408
12409
12410
12411
12412
12413
12414
12415
12416
12417
12418
12419
12420
12421
12422
12423
12424
12425
12426
12427
12428
12429
12430
12431
12432
12434
12435
12436
12437
12438
12439
12440
12441
12444
12445
12446
12447
12448
12449
12450
12454
12455
12456
12457
12458
12459
12464
12465
12466
12467
12468
12474
12475
12476
12477
12483
12484
12485
10489
10498
10499
10507
10508
10509
10516
10517
10518
10519
12567
12568
12569
12570
12571
12572
10525
12573
10526
12574
10527
12575
10528
12576
10529
12577
12578
12579
12580
12581
10534
12582
10535
12583
10536
12584
10537
12585
10538
12586
10539
12587
12588
12589
12590
10543
12591
10544
12592
10545
12593
10546
12594
10547
10548
12596
10549
12597
12598
12599
12600
12601
12602
12603
12606
12607
12608
12609
12610
12611
12612
12616
12617
12618
12619
12620
12621
12626
12627
12628
12629
12630
12636
12637
12638
12639
12645
12646
12647
12653
12654
10679
12730
12731
12732
12733
12734
12735
10688
12736
10689
12737
12738
12739
12740
12741
12742
12743
12744
10697
12745
10698
12746
10699
12747
12748
12750
12751
12752
12753
10706
12754
10707
12755
10708
12756
10709
12757
12760
12761
12762
10715
12763
10716
12764
10717
12765
10718
12766
10719
12770
12771
10724
12772
10725
12773
10726
12774
10727
12775
10728
10729
12780
12781
10733
12782
10734
12783
10735
12784
10736
10737
10738
10739
12790
10742
12791
10743
12792
10744
12793
10745
10746
10747
10748
10749
12799
12800
12801
12807
12808
12814
12885
12886
12887
12888
12889
12890
12891
12892
12893
12895
12896
12897
12898
12899
12900
12901
12902
12905
12906
12907
12908
12909
12910
12911
12915
12916
12917
10869
12918
12919
12920
12925
12926
10878
12927
10879
12928
12929
12935
10887
12936
10888
12937
10889
12938
12944
10896
12945
10897
12946
10898
10899
12952
12953
10905
10906
10907
10908
10909
12959
10914
10915
10916
10917
10918
10919
10923
10924
10925
10926
10927
10928
10929
10932
10933
10934
10935
10936
10937
10938
10939
10941
10942
10943
10944
10945
10946
10947
10948
10949
13030
13031
13032
13033
13034
13035
13036
13037
13040
13041
13042
13043
13044
13045
13046
13050
13051
13052
13053
13054
13055
13060
13061
13062
13063
13064
13070
13071
13072
13073
13079
13080
13081
13087
13088
13094
11059
11068
11069
11077
11078
11079
11086
11087
11088
11089
11095
11096
11097
11098
11099
11104
11105
11106
11107
11108
11109
11113
11114
11115
11116
13165
11117
13166
11118
13167
11119
13168
13169
13170
11122
13171
11123
11124
11125
11126
13175
11127
13176
11128
13177
11129
13178
13179
11131
13180
11132
11133
11134
11135
11136
13185
11137
13186
11138
13187
11139
13188
11140
13189
11141
11142
11143
11144
11145
11146
13195
11147
13196
11148
13197
11149
13198
13204
13205
13206
13212
13213
13219
13290
13291
13292
13293
13294
13295
13300
13301
13302
13303
13304
11258
11259
13310
13311
13312
13313
11267
11268
11269
13319
13320
13321
11276
11277
11278
13327
11279
13328
11285
13334
11286
11287
11288
11289
11294
11295
11296
11297
11298
11299
11303
11304
11305
11306
11307
11308
11309
11312
11313
11314
11315
11316
11317
11318
11319
11321
11322
11323
11324
11325
11326
11327
11328
11329
11330
11331
11332
11333
11334
11335
11336
11337
11338
11339
11340
11341
11342
11343
11344
11345
11346
11347
11348
13405
13406
13407
13408
13409
13415
13416
13417
13418
13424
13425
13426
13432
13433
13439
9349
11456
11457
11458
13510
13511
13512
13513
11465
11466
11467
11468
13519
13520
13521
11474
11475
11476
11477
11478
13527
13528
11483
11484
11485
13534
11486
11487
11488
11492
11493
11494
11495
11496
11497
11498
11501
11502
11503
11504
11505
11506
11507
11508
11510
11511
11512
11513
11514
11515
11516
11517
11518
11519
11520
11521
11522
11523
11524
11525
11526
11527
11528
11529
11530
11531
11532
11533
11534
11535
11536
11537
11539
11540
11541
11542
11543
11544
11545
11546
13604
13605
13606
13612
13613
13619
9539
9548
9549
13687
13688
13694
11652
11653
11654
11655
11661
11662
11663
11664
11665
11670
11671
11672
11673
11674
11675
11679
11680
11681
11682
11683
11684
11685
11688
11689
11690
11691
11692
11693
11694
11695
11697
11698
11699
11700
11701
11702
11703
11704
11705
11706
11707
11708
11709
11710
13759
11711
11712
11713
11714
11715
11716
11717
11718
11719
11720
11721
11722
11723
11724
11726
11727
11728
11729
11730
11731
11732
11733
11736
11737
11738
11739
11740
11741
11742
9729
9738
9739
9747
9748
9749
11845
11846
11847
11848
11849
11854
11855
11856
11857
11858
11859
11863
11864
11865
11866
11867
11868
11869
11872
11873
11874
11875
11876
11877
11878
11879
11881
11882
11883
11884
11885
11886
11887
11888
11889
11890
11891
11892
11893
11894
11895
11896
11897
11898
11899
11900
11901
11902
11903
11904
11905
11906
11907
11908
11910
11911
11912
11913
11914
11915
11916
11917
11920
11921
11922
11923
11924
11925
11926
11930
11931
11932
11933
11934
11935
9919
9928
9929
9937
9938
9939
9946
9947
9948
9949
12034
12035
12036
12037
12038
12039
12043
12044
12045
12046
12047
12048
12049
12052
12053
12054
12055
12056
12057
12058
12059
12061
12062
12063
12064
12065
12066
12067
12068
12069
12070
12071
12072
12073
12074
12075
12076
12077
12078
12079
12080
12081
12082
12083
12084
12085
12086
12087
12088
12090
12091
12092
12093
12094
12095
12096
12097
12100
12101
12102
12103
12104
12105
12106
12110
12111
12112
12113
12114
12115
12120
12121
12122
12123
12124
10109
10118
10119
10127
10128
10129
10136
10137
10138
10139
10145
10146
10147
10148
10149
12218
12219
12220
12221
12222
12223
12224
12227
12228
12229
12230
12231
12232
12233
12234
12236
12237
12238
12239
12240
12241
12242
12243
12244
12245
12246
12247
12248
12249
12250
12251
12252
12253
12254
12255
12256
12257
12258
12259
12260
12261
12262
12263
12265
12266
12267
12268
12269
12270
12271
12272
12275
12276
12277
12278
12279
12280
12281
12285
12286
12287
)
)

// processor3

5990
(
1000
(
12288
12289
12290
12295
12296
12297
12298
12299
12305
12306
12307
12308
10299
10308
10309
10317
10318
10319
10326
10327
10328
10329
10335
10336
10337
10338
10339
10344
10345
10346
10347
10348
12396
10349
12397
12398
12399
12400
12401
12402
12403
12405
12406
12407
12408
12409
12410
12411
12412
12413
12414
12415
12416
12417
12418
12419
12420
12421
12422
12423
12424
12425
12426
12427
12428
12429
12430
12431
12432
12434
12435
12436
12437
12438
12439
12440
12441
12444
12445
12446
12447
12448
12449
12450
12454
12455
12456
12457
12458
12459
12464
12465
12466
12467
12468
12474
12475
12476
12477
12483
12484
12485
10489
10498
10499
10507
10508
10509
10516
10517
10518
10519
12567
12568
12569
12570
12571
12572
10525
12573
10526
12574
10527
12575
10528
12576
10529
12577
12578
12579
12580
12581
10534
12582
10535
12583
10536
12584
10537
12585
10538
12586
10539
12587
12588
12589
12590
10543
12591
10544
12592
10545
12593
10546
12594
10547
10548
12596
10549
12597
12598
12599
12600
12601
12602
12603
12606
12607
12608
12609
12610
12611
12612
12616
12617
12618
12619
12620
12621
12626
12627
12628
12629
12630
12636
12637
12638
12639
12645
12646
12647
12653
12654
10679
12730
12731
12732
12733
12734
12735
10688
12736
10689
12737
12738
12739
12740
12741
12742
12743
12744
10697
12745
10698
12746
10699
12747
12748
12750
12751
12752
12753
10706
12754
10707
12755
10708
12756
10709
12757
12760
12761
12762
10715
12763
10716
12764
10717
12765
10718
12766
10719
12770
12771
10724
12772
10725
12773
10726
12774
10727
12775
10728
10729
12780
12781
10733
12782
10734
12783
10735
12784
10736
10737
10738
10739
12790
10742
12791
10743
12792
10744
12793
10745
10746
10747
10748
10749
12799
12800
12801
12807
12808
12814
12885
12886
12887
12888
12889
12890
12891
12892
12893
12895
12896
12897
12898
12899
12900
12901
12902
12905
12906
12907
12908
12909
12910
12911
12915
12916
12917
10869
12918
12919
12920
12925
12926
10878
12927
10879
12928
12929
12935
10887
12936
10888
12937
10889
12938
12944
10896
12945
10897
12946
10898
10899
12952
12953
10905
10906
10907
10908
10909
12959
10914
10915
10916
10917
10918
10919
10923
10924
10925
10926
10927
10928
10929
10932
10933
10934
10935
10936
10937
10938
10939
10941
10942
10943
10944
10945
10946
10947
10948
10949
13030
13031
13032
13033
13034
13035
13036
13037
13040
13041
13042
13043
13044
13045
13046
13050
13051
13052
13053
13054
13055
13060
13061
13062
13063
13064
13070
13071
13072
13073
13079
13080
13081
13087
13088
13094
11059
11068
11069
11077
11078
11079
11086
11087
11088
11089
11095
11096
11097
11098
11099
11104
11105
11106
11107
11108
11109
11113
11114
11115
11116
13165
11117
13166
11118
13167
11119
13168
13169
13170
11122
13171
11123
11124
11125
11126
13175
11127
13176
11128
13177
11129
13178
13179
11131
13180
11132
11133
11134
11135
11136
13185
11137
13186
11138
13187
11139
13188
11140
13189
11141
11142
11143
11144
11145
11146
13195
11147
13196
11148
13197
11149
13198
13204
13205
13206
13212
13213
13219
13290
13291
13292
13293
13294
13295
13300
13301
13302
13303
13304
11258
11259
13310
13311
13312
13313
11267
11268
11269
13319
13320
13321
11276
11277
11278
13327
11279
13328
11285
13334
11286
11287
11288
11289
11294
11295
11296
11297
11298
11299
11303
11304
11305
11306
11307
11308
11309
11312
11313
11314
11315
11316
11317
11318
11319
11321
11322
11323
11324
11325
11326
11327
11328
11329
11330
11331
11332
11333
11334
11335
11336
11337
11338
11339
11340
11341
11342
11343
11344
11345
11346
11347
11348
13405
13406
13407
13408
13409
13415
13416
13417
13418
13424
13425
13426
13432
13433
13439
9349
11456
11457
11458
13510
13511
13512
13513
11465
11466
11467
11468
13519
13520
13521
11474
11475
11476
11477
11478
13527
13528
11483
11484
11485
13534
11486
11487
11488
11492
11493
11494
11495
11496
11497
11498
11501
11502
11503
11504
11505
11506
11507
11508
11510
11511
11512
11513
11514
11515
11516
11517
11518
11519
11520
11521
11522
11523
11524
11525
11526
11527
11528
11529
11530
11531
11532
11533
11534
11535
11536
11537
11539
11540
11541
11542
11543
11544
11545
11546
13604
13605
13606
13612
13613
13619
9539
9548
9549
13687
13688
13694
11652
11653
11654
11655
11661
11662
11663
11664
11665
11670
11671
11672
11673
11674
11675
11679
11680
11681
11682
11683
11684
11685
11688
11689
11690
11691
11692
11693
11694
11695
11697
11698
11699
11700
11701
11702
11703
11704
11705
11706
11707
11708
11709
11710
13759
11711
11712
11713
11714
11715
11716
11717
11718
11719
11720
11721
11722
11723
11724
11726
11727
11728
11729
11730
11731
11732
11733
11736
11737
11738
11739
11740
11741
11742
9729
9738
9739
9747
9748
9749
11845
11846
11847
11848
11849
11854
11855
11856
11857
11858
11859
11863
11864
11865
11866
11867
11868
11869
11872
11873
11874
11875
11876
11877
11878
11879
11881
11882
11883
11884
11885
11886
11887
11888
11889
11890
11891
11892
11893
11894
11895
11896
11897
11898
11899
11900
11901
11902
11903
11904
11905
11906
11907
11908
11910
11911
11912
11913
11914
11915
11916
11917
11920
11921
11922
11923
11924
11925
11926
11930
11931
11932
11933
11934
11935
9919
9928
9929
9937
9938
9939
9946
9947
9948
9949
12034
12035
12036
12037
12038
12039
12043
12044
12045
12046
12047
12048
12049
12052
12053
12054
12055
12056
12057
12058
12059
12061
12062
12063
12064
12065
12066
12067
12068
12069
12070
12071
12072
12073
12074
12075
12076
12077
12078
12079
12080
12081
12082
12083
12084
12085
12086
12087
12088
12090
12091
12092
12093
12094
12095
12096
12097
12100
12101
12102
12103
12104
12105
12106
12110
12111
12112
12113
12114
12115
12120
12121
12122
12123
12124
10109
10118
10119
10127
10128
10129
10136
10137
10138
10139
10145
10146
10147
10148
10149
12218
12219
12220
12221
12222
12223
12224
12227
12228
12229
12230
12231
12232
12233
12234
12236
12237
12238
12239
12240
12241
12242
12243
12244
12245
12246
12247
12248
12249
12250
12251
12252
12253
12254
12255
12256
12257
12258
12259
12260
12261
12262
12263
12265
12266
12267
12268
12269
12270
12271
12272
12275
12276
12277
12278
12279
12280
12281
12285
12286
12287
)
)

// processor4

3
(0())

// processor5

3
(0())

// processor6

3
(0())

// processor7

3
(0())
