/*--------------------------------*- C++ -*----------------------------------*\
| =========                 |                                                 |
| \\      /  F ield         | OpenFOAM: The Open Source CFD Toolbox           |
|  \\    /   O peration     | Version:  2306                                  |
|   \\  /    A nd           | Website:  www.openfoam.com                      |
|    \\/     M anipulation  |                                                 |
\*---------------------------------------------------------------------------*/
FoamFile
{
    version     2.0;
    format      binary;
    arch        "LSB;label=32;scalar=64";
    class       decomposedBlockData;
    location    "constant/polyMesh/sets";
    object      acl;
    data.format ascii;
    data.class  cellSet;
}
// * * * * * * * * * * * * * * * * * * * * * * * * * * * * * * * * * * * * * //


// processor0

5342
(FoamFile
{
    version     2.0;
    format      ascii;
    arch        "LSB;label=32;scalar=64";
    class       cellSet;
    location    "constant/polyMesh/sets";
    object      acl;
}

1000
(
10240
10241
10242
10243
10250
10251
10252
6159
10260
10261
6168
6169
10270
6177
6178
6179
6186
6187
6188
6189
6195
6196
6197
6198
6199
8249
8258
8259
8267
8268
8269
8276
8277
8278
8279
8285
8286
8287
8288
8289
8294
8295
8296
8297
8298
8303
8304
8305
8306
8307
8312
8313
8314
8315
8316
8321
8322
8323
8324
8325
8330
8331
8332
8333
8334
8340
8341
8342
8343
8350
8351
8352
10402
10403
10404
10405
10406
8360
8361
10411
10412
10413
10414
10415
8370
10420
10421
10422
10423
10424
10430
10431
10432
10433
10440
10441
10442
6349
10450
10451
6358
6359
10460
6367
6368
6369
6376
6377
6378
6379
6385
6386
6387
6388
6389
8439
6394
6395
6396
6397
6398
8448
8449
8457
8458
8459
8466
8467
8468
8469
8475
8476
8477
8478
8479
8484
8485
8486
8487
8488
8493
8494
8495
8496
8497
8502
8503
8504
8505
8506
8511
8512
8513
8514
8515
8520
8521
8522
8523
8524
8530
8531
8532
8533
8540
8541
8542
8550
8551
10601
10602
10603
10604
10605
8560
10610
10611
10612
10613
10614
10620
10621
10622
10623
10630
10631
10632
6539
10640
10641
6548
6549
10650
6557
6558
6559
6566
6567
6568
6569
6575
6576
6577
6578
6579
8629
6584
6585
6586
6587
6588
8638
8639
6593
6594
6595
6596
6597
8647
8648
8649
8656
8657
8658
8659
8665
8666
8667
8668
8669
8674
8675
8676
8677
8678
8683
8684
8685
8686
8687
8692
8693
8694
8695
8696
8701
8702
8703
8704
8705
8710
8711
8712
8713
8714
8720
8721
8722
8723
8730
8731
8732
8740
8741
8750
10800
10801
10802
10803
10804
10810
10811
10812
10813
10820
10821
10822
6729
10830
10831
6738
6739
10840
6747
6748
6749
6756
6757
6758
6759
6765
6766
6767
6768
6769
8819
6774
6775
6776
6777
6778
8828
8829
6783
6784
6785
6786
6787
8837
8838
8839
6792
6793
6794
6795
6796
8846
8847
8848
8849
8855
8856
8857
8858
8859
8864
8865
8866
8867
8868
8873
8874
8875
8876
8877
8882
8883
8884
8885
8886
8891
8892
8893
8894
8895
8900
8901
8902
8903
8904
8910
8911
8912
8913
8920
8921
8922
8930
8931
8940
11000
11001
11002
11003
11010
11011
11012
6919
11020
11021
6928
6929
11030
6937
6938
6939
6946
6947
6948
6949
6955
6956
6957
6958
6959
9009
6964
6965
6966
6967
6968
9018
9019
6973
6974
6975
6976
6977
9027
9028
9029
6982
6983
6984
6985
6986
9036
9037
9038
6991
9039
6992
6993
6994
6995
9045
9046
9047
9048
9049
9054
9055
9056
9057
9058
9063
9064
9065
9066
9067
9072
9073
9074
9075
9076
9081
9082
9083
9084
9085
9090
9091
9092
9093
9094
9100
9101
9102
9103
9110
9111
9112
9120
9121
9130
11200
11201
11202
7109
11210
11211
7118
7119
11220
7127
7128
7129
7136
7137
7138
7139
7145
7146
7147
7148
7149
7154
7155
7156
7157
7158
9208
9209
7163
7164
7165
7166
7167
9217
9218
9219
7172
7173
7174
7175
7176
9226
9227
9228
7181
9229
7182
7183
7184
7185
9235
9236
9237
7190
9238
7191
9239
7192
7193
7194
9244
9245
9246
9247
9248
9253
9254
9255
9256
9257
9262
9263
9264
9265
9266
9271
9272
9273
9274
9275
9280
9281
9282
9283
9284
9290
9291
9292
9293
9300
9301
9302
9310
9311
9320
7299
11399
11400
7308
7309
11409
7317
7318
7319
7326
7327
7328
7329
7335
7336
7337
7338
7339
7344
7345
7346
7347
7348
7353
7354
7355
7356
7357
9407
9408
9409
7362
7363
7364
7365
7366
9416
9417
9418
7371
9419
7372
7373
7374
7375
9425
9426
9427
7380
9428
7381
9429
7382
7383
7384
9434
9435
9436
9437
7390
9438
7391
7392
7393
9443
9444
9445
9446
9447
9452
9453
9454
9455
9456
9461
9462
9463
9464
9465
9470
9471
9472
9473
9474
9480
9481
9482
9483
9490
9491
9492
5399
9500
9501
9510
7489
7498
7499
11596
7507
7508
7509
7516
7517
7518
7519
7525
7526
7527
7528
7529
7534
7535
7536
7537
7538
7543
7544
7545
7546
7547
7552
7553
7554
7555
7556
9606
9607
9608
7561
9609
7562
7563
7564
7565
9615
9616
9617
7570
9618
7571
9619
7572
7573
7574
9624
9625
9626
9627
7580
9628
7581
7582
7583
9633
9634
9635
9636
9637
7590
7591
7592
9642
9643
9644
9645
9646
9651
9652
9653
9654
9655
9660
9661
9662
9663
9664
9670
9671
9672
9673
9680
9681
9682
5589
9690
9691
5598
5599
9700
7679
7688
7689
7697
7698
7699
7706
7707
7708
7709
7715
7716
7717
7718
7719
7724
7725
7726
7727
7728
7733
7734
7735
7736
7737
7742
7743
7744
7745
7746
7751
7752
7753
7754
7755
9805
9806
9807
7760
9808
7761
9809
7762
7763
7764
9814
9815
9816
9817
9818
7770
7771
7772
7773
9823
9824
9825
9826
9827
7780
7781
7782
9832
9833
9834
9835
9836
7790
7791
9841
9842
9843
9844
9845
9850
9851
9852
9853
9854
9860
9861
9862
9863
9870
9871
9872
5779
9880
9881
5788
5789
9890
5797
5798
5799
7869
7878
7879
7887
7888
7889
7896
7897
7898
7899
7905
7906
7907
7908
7909
7914
7915
7916
7917
7918
7923
7924
7925
7926
7927
7932
7933
7934
7935
7936
7941
7942
7943
7944
7945
7950
7951
7952
7953
7954
10004
10005
10006
10007
10008
7960
7961
7962
7963
10013
10014
10015
10016
10017
7970
7971
7972
10022
10023
10024
10025
10026
7980
7981
10031
10032
10033
10034
10035
7990
10040
10041
10042
10043
10044
10050
10051
10052
10053
10060
10061
10062
5969
10070
10071
5978
5979
10080
5987
5988
5989
5996
5997
5998
5999
8059
8068
8069
8077
8078
8079
8086
8087
8088
8089
8095
8096
8097
8098
8099
8104
8105
8106
8107
8108
8113
8114
8115
8116
8117
8122
8123
8124
8125
8126
8131
8132
8133
8134
8135
8140
8141
8142
8143
8144
8150
8151
8152
8153
10203
10204
10205
10206
10207
8160
8161
8162
10212
10213
10214
10215
10216
8170
8171
10221
10222
10223
10224
10225
8180
10230
10231
10232
10233
10234
)
)

// processor1

5155
(
1000
(
10240
10241
10242
10243
10250
10251
10252
6159
10260
10261
6168
6169
10270
6177
6178
6179
6186
6187
6188
6189
6195
6196
6197
6198
6199
8249
8258
8259
8267
8268
8269
8276
8277
8278
8279
8285
8286
8287
8288
8289
8294
8295
8296
8297
8298
8303
8304
8305
8306
8307
8312
8313
8314
8315
8316
8321
8322
8323
8324
8325
8330
8331
8332
8333
8334
8340
8341
8342
8343
8350
8351
8352
10402
10403
10404
10405
10406
8360
8361
10411
10412
10413
10414
10415
8370
10420
10421
10422
10423
10424
10430
10431
10432
10433
10440
10441
10442
6349
10450
10451
6358
6359
10460
6367
6368
6369
6376
6377
6378
6379
6385
6386
6387
6388
6389
8439
6394
6395
6396
6397
6398
8448
8449
8457
8458
8459
8466
8467
8468
8469
8475
8476
8477
8478
8479
8484
8485
8486
8487
8488
8493
8494
8495
8496
8497
8502
8503
8504
8505
8506
8511
8512
8513
8514
8515
8520
8521
8522
8523
8524
8530
8531
8532
8533
8540
8541
8542
8550
8551
10601
10602
10603
10604
10605
8560
10610
10611
10612
10613
10614
10620
10621
10622
10623
10630
10631
10632
6539
10640
10641
6548
6549
10650
6557
6558
6559
6566
6567
6568
6569
6575
6576
6577
6578
6579
8629
6584
6585
6586
6587
6588
8638
8639
6593
6594
6595
6596
6597
8647
8648
8649
8656
8657
8658
8659
8665
8666
8667
8668
8669
8674
8675
8676
8677
8678
8683
8684
8685
8686
8687
8692
8693
8694
8695
8696
8701
8702
8703
8704
8705
8710
8711
8712
8713
8714
8720
8721
8722
8723
8730
8731
8732
8740
8741
8750
10800
10801
10802
10803
10804
10810
10811
10812
10813
10820
10821
10822
6729
10830
10831
6738
6739
10840
6747
6748
6749
6756
6757
6758
6759
6765
6766
6767
6768
6769
8819
6774
6775
6776
6777
6778
8828
8829
6783
6784
6785
6786
6787
8837
8838
8839
6792
6793
6794
6795
6796
8846
8847
8848
8849
8855
8856
8857
8858
8859
8864
8865
8866
8867
8868
8873
8874
8875
8876
8877
8882
8883
8884
8885
8886
8891
8892
8893
8894
8895
8900
8901
8902
8903
8904
8910
8911
8912
8913
8920
8921
8922
8930
8931
8940
11000
11001
11002
11003
11010
11011
11012
6919
11020
11021
6928
6929
11030
6937
6938
6939
6946
6947
6948
6949
6955
6956
6957
6958
6959
9009
6964
6965
6966
6967
6968
9018
9019
6973
6974
6975
6976
6977
9027
9028
9029
6982
6983
6984
6985
6986
9036
9037
9038
6991
9039
6992
6993
6994
6995
9045
9046
9047
9048
9049
9054
9055
9056
9057
9058
9063
9064
9065
9066
9067
9072
9073
9074
9075
9076
9081
9082
9083
9084
9085
9090
9091
9092
9093
9094
9100
9101
9102
9103
9110
9111
9112
9120
9121
9130
11200
11201
11202
7109
11210
11211
7118
7119
11220
7127
7128
7129
7136
7137
7138
7139
7145
7146
7147
7148
7149
7154
7155
7156
7157
7158
9208
9209
7163
7164
7165
7166
7167
9217
9218
9219
7172
7173
7174
7175
7176
9226
9227
9228
7181
9229
7182
7183
7184
7185
9235
9236
9237
7190
9238
7191
9239
7192
7193
7194
9244
9245
9246
9247
9248
9253
9254
9255
9256
9257
9262
9263
9264
9265
9266
9271
9272
9273
9274
9275
9280
9281
9282
9283
9284
9290
9291
9292
9293
9300
9301
9302
9310
9311
9320
7299
11399
11400
7308
7309
11409
7317
7318
7319
7326
7327
7328
7329
7335
7336
7337
7338
7339
7344
7345
7346
7347
7348
7353
7354
7355
7356
7357
9407
9408
9409
7362
7363
7364
7365
7366
9416
9417
9418
7371
9419
7372
7373
7374
7375
9425
9426
9427
7380
9428
7381
9429
7382
7383
7384
9434
9435
9436
9437
7390
9438
7391
7392
7393
9443
9444
9445
9446
9447
9452
9453
9454
9455
9456
9461
9462
9463
9464
9465
9470
9471
9472
9473
9474
9480
9481
9482
9483
9490
9491
9492
5399
9500
9501
9510
7489
7498
7499
11596
7507
7508
7509
7516
7517
7518
7519
7525
7526
7527
7528
7529
7534
7535
7536
7537
7538
7543
7544
7545
7546
7547
7552
7553
7554
7555
7556
9606
9607
9608
7561
9609
7562
7563
7564
7565
9615
9616
9617
7570
9618
7571
9619
7572
7573
7574
9624
9625
9626
9627
7580
9628
7581
7582
7583
9633
9634
9635
9636
9637
7590
7591
7592
9642
9643
9644
9645
9646
9651
9652
9653
9654
9655
9660
9661
9662
9663
9664
9670
9671
9672
9673
9680
9681
9682
5589
9690
9691
5598
5599
9700
7679
7688
7689
7697
7698
7699
7706
7707
7708
7709
7715
7716
7717
7718
7719
7724
7725
7726
7727
7728
7733
7734
7735
7736
7737
7742
7743
7744
7745
7746
7751
7752
7753
7754
7755
9805
9806
9807
7760
9808
7761
9809
7762
7763
7764
9814
9815
9816
9817
9818
7770
7771
7772
7773
9823
9824
9825
9826
9827
7780
7781
7782
9832
9833
9834
9835
9836
7790
7791
9841
9842
9843
9844
9845
9850
9851
9852
9853
9854
9860
9861
9862
9863
9870
9871
9872
5779
9880
9881
5788
5789
9890
5797
5798
5799
7869
7878
7879
7887
7888
7889
7896
7897
7898
7899
7905
7906
7907
7908
7909
7914
7915
7916
7917
7918
7923
7924
7925
7926
7927
7932
7933
7934
7935
7936
7941
7942
7943
7944
7945
7950
7951
7952
7953
7954
10004
10005
10006
10007
10008
7960
7961
7962
7963
10013
10014
10015
10016
10017
7970
7971
7972
10022
10023
10024
10025
10026
7980
7981
10031
10032
10033
10034
10035
7990
10040
10041
10042
10043
10044
10050
10051
10052
10053
10060
10061
10062
5969
10070
10071
5978
5979
10080
5987
5988
5989
5996
5997
5998
5999
8059
8068
8069
8077
8078
8079
8086
8087
8088
8089
8095
8096
8097
8098
8099
8104
8105
8106
8107
8108
8113
8114
8115
8116
8117
8122
8123
8124
8125
8126
8131
8132
8133
8134
8135
8140
8141
8142
8143
8144
8150
8151
8152
8153
10203
10204
10205
10206
10207
8160
8161
8162
10212
10213
10214
10215
10216
8170
8171
10221
10222
10223
10224
10225
8180
10230
10231
10232
10233
10234
)
)

// processor2

5155
(
1000
(
10240
10241
10242
10243
10250
10251
10252
6159
10260
10261
6168
6169
10270
6177
6178
6179
6186
6187
6188
6189
6195
6196
6197
6198
6199
8249
8258
8259
8267
8268
8269
8276
8277
8278
8279
8285
8286
8287
8288
8289
8294
8295
8296
8297
8298
8303
8304
8305
8306
8307
8312
8313
8314
8315
8316
8321
8322
8323
8324
8325
8330
8331
8332
8333
8334
8340
8341
8342
8343
8350
8351
8352
10402
10403
10404
10405
10406
8360
8361
10411
10412
10413
10414
10415
8370
10420
10421
10422
10423
10424
10430
10431
10432
10433
10440
10441
10442
6349
10450
10451
6358
6359
10460
6367
6368
6369
6376
6377
6378
6379
6385
6386
6387
6388
6389
8439
6394
6395
6396
6397
6398
8448
8449
8457
8458
8459
8466
8467
8468
8469
8475
8476
8477
8478
8479
8484
8485
8486
8487
8488
8493
8494
8495
8496
8497
8502
8503
8504
8505
8506
8511
8512
8513
8514
8515
8520
8521
8522
8523
8524
8530
8531
8532
8533
8540
8541
8542
8550
8551
10601
10602
10603
10604
10605
8560
10610
10611
10612
10613
10614
10620
10621
10622
10623
10630
10631
10632
6539
10640
10641
6548
6549
10650
6557
6558
6559
6566
6567
6568
6569
6575
6576
6577
6578
6579
8629
6584
6585
6586
6587
6588
8638
8639
6593
6594
6595
6596
6597
8647
8648
8649
8656
8657
8658
8659
8665
8666
8667
8668
8669
8674
8675
8676
8677
8678
8683
8684
8685
8686
8687
8692
8693
8694
8695
8696
8701
8702
8703
8704
8705
8710
8711
8712
8713
8714
8720
8721
8722
8723
8730
8731
8732
8740
8741
8750
10800
10801
10802
10803
10804
10810
10811
10812
10813
10820
10821
10822
6729
10830
10831
6738
6739
10840
6747
6748
6749
6756
6757
6758
6759
6765
6766
6767
6768
6769
8819
6774
6775
6776
6777
6778
8828
8829
6783
6784
6785
6786
6787
8837
8838
8839
6792
6793
6794
6795
6796
8846
8847
8848
8849
8855
8856
8857
8858
8859
8864
8865
8866
8867
8868
8873
8874
8875
8876
8877
8882
8883
8884
8885
8886
8891
8892
8893
8894
8895
8900
8901
8902
8903
8904
8910
8911
8912
8913
8920
8921
8922
8930
8931
8940
11000
11001
11002
11003
11010
11011
11012
6919
11020
11021
6928
6929
11030
6937
6938
6939
6946
6947
6948
6949
6955
6956
6957
6958
6959
9009
6964
6965
6966
6967
6968
9018
9019
6973
6974
6975
6976
6977
9027
9028
9029
6982
6983
6984
6985
6986
9036
9037
9038
6991
9039
6992
6993
6994
6995
9045
9046
9047
9048
9049
9054
9055
9056
9057
9058
9063
9064
9065
9066
9067
9072
9073
9074
9075
9076
9081
9082
9083
9084
9085
9090
9091
9092
9093
9094
9100
9101
9102
9103
9110
9111
9112
9120
9121
9130
11200
11201
11202
7109
11210
11211
7118
7119
11220
7127
7128
7129
7136
7137
7138
7139
7145
7146
7147
7148
7149
7154
7155
7156
7157
7158
9208
9209
7163
7164
7165
7166
7167
9217
9218
9219
7172
7173
7174
7175
7176
9226
9227
9228
7181
9229
7182
7183
7184
7185
9235
9236
9237
7190
9238
7191
9239
7192
7193
7194
9244
9245
9246
9247
9248
9253
9254
9255
9256
9257
9262
9263
9264
9265
9266
9271
9272
9273
9274
9275
9280
9281
9282
9283
9284
9290
9291
9292
9293
9300
9301
9302
9310
9311
9320
7299
11399
11400
7308
7309
11409
7317
7318
7319
7326
7327
7328
7329
7335
7336
7337
7338
7339
7344
7345
7346
7347
7348
7353
7354
7355
7356
7357
9407
9408
9409
7362
7363
7364
7365
7366
9416
9417
9418
7371
9419
7372
7373
7374
7375
9425
9426
9427
7380
9428
7381
9429
7382
7383
7384
9434
9435
9436
9437
7390
9438
7391
7392
7393
9443
9444
9445
9446
9447
9452
9453
9454
9455
9456
9461
9462
9463
9464
9465
9470
9471
9472
9473
9474
9480
9481
9482
9483
9490
9491
9492
5399
9500
9501
9510
7489
7498
7499
11596
7507
7508
7509
7516
7517
7518
7519
7525
7526
7527
7528
7529
7534
7535
7536
7537
7538
7543
7544
7545
7546
7547
7552
7553
7554
7555
7556
9606
9607
9608
7561
9609
7562
7563
7564
7565
9615
9616
9617
7570
9618
7571
9619
7572
7573
7574
9624
9625
9626
9627
7580
9628
7581
7582
7583
9633
9634
9635
9636
9637
7590
7591
7592
9642
9643
9644
9645
9646
9651
9652
9653
9654
9655
9660
9661
9662
9663
9664
9670
9671
9672
9673
9680
9681
9682
5589
9690
9691
5598
5599
9700
7679
7688
7689
7697
7698
7699
7706
7707
7708
7709
7715
7716
7717
7718
7719
7724
7725
7726
7727
7728
7733
7734
7735
7736
7737
7742
7743
7744
7745
7746
7751
7752
7753
7754
7755
9805
9806
9807
7760
9808
7761
9809
7762
7763
7764
9814
9815
9816
9817
9818
7770
7771
7772
7773
9823
9824
9825
9826
9827
7780
7781
7782
9832
9833
9834
9835
9836
7790
7791
9841
9842
9843
9844
9845
9850
9851
9852
9853
9854
9860
9861
9862
9863
9870
9871
9872
5779
9880
9881
5788
5789
9890
5797
5798
5799
7869
7878
7879
7887
7888
7889
7896
7897
7898
7899
7905
7906
7907
7908
7909
7914
7915
7916
7917
7918
7923
7924
7925
7926
7927
7932
7933
7934
7935
7936
7941
7942
7943
7944
7945
7950
7951
7952
7953
7954
10004
10005
10006
10007
10008
7960
7961
7962
7963
10013
10014
10015
10016
10017
7970
7971
7972
10022
10023
10024
10025
10026
7980
7981
10031
10032
10033
10034
10035
7990
10040
10041
10042
10043
10044
10050
10051
10052
10053
10060
10061
10062
5969
10070
10071
5978
5979
10080
5987
5988
5989
5996
5997
5998
5999
8059
8068
8069
8077
8078
8079
8086
8087
8088
8089
8095
8096
8097
8098
8099
8104
8105
8106
8107
8108
8113
8114
8115
8116
8117
8122
8123
8124
8125
8126
8131
8132
8133
8134
8135
8140
8141
8142
8143
8144
8150
8151
8152
8153
10203
10204
10205
10206
10207
8160
8161
8162
10212
10213
10214
10215
10216
8170
8171
10221
10222
10223
10224
10225
8180
10230
10231
10232
10233
10234
)
)

// processor3

5155
(
1000
(
10240
10241
10242
10243
10250
10251
10252
6159
10260
10261
6168
6169
10270
6177
6178
6179
6186
6187
6188
6189
6195
6196
6197
6198
6199
8249
8258
8259
8267
8268
8269
8276
8277
8278
8279
8285
8286
8287
8288
8289
8294
8295
8296
8297
8298
8303
8304
8305
8306
8307
8312
8313
8314
8315
8316
8321
8322
8323
8324
8325
8330
8331
8332
8333
8334
8340
8341
8342
8343
8350
8351
8352
10402
10403
10404
10405
10406
8360
8361
10411
10412
10413
10414
10415
8370
10420
10421
10422
10423
10424
10430
10431
10432
10433
10440
10441
10442
6349
10450
10451
6358
6359
10460
6367
6368
6369
6376
6377
6378
6379
6385
6386
6387
6388
6389
8439
6394
6395
6396
6397
6398
8448
8449
8457
8458
8459
8466
8467
8468
8469
8475
8476
8477
8478
8479
8484
8485
8486
8487
8488
8493
8494
8495
8496
8497
8502
8503
8504
8505
8506
8511
8512
8513
8514
8515
8520
8521
8522
8523
8524
8530
8531
8532
8533
8540
8541
8542
8550
8551
10601
10602
10603
10604
10605
8560
10610
10611
10612
10613
10614
10620
10621
10622
10623
10630
10631
10632
6539
10640
10641
6548
6549
10650
6557
6558
6559
6566
6567
6568
6569
6575
6576
6577
6578
6579
8629
6584
6585
6586
6587
6588
8638
8639
6593
6594
6595
6596
6597
8647
8648
8649
8656
8657
8658
8659
8665
8666
8667
8668
8669
8674
8675
8676
8677
8678
8683
8684
8685
8686
8687
8692
8693
8694
8695
8696
8701
8702
8703
8704
8705
8710
8711
8712
8713
8714
8720
8721
8722
8723
8730
8731
8732
8740
8741
8750
10800
10801
10802
10803
10804
10810
10811
10812
10813
10820
10821
10822
6729
10830
10831
6738
6739
10840
6747
6748
6749
6756
6757
6758
6759
6765
6766
6767
6768
6769
8819
6774
6775
6776
6777
6778
8828
8829
6783
6784
6785
6786
6787
8837
8838
8839
6792
6793
6794
6795
6796
8846
8847
8848
8849
8855
8856
8857
8858
8859
8864
8865
8866
8867
8868
8873
8874
8875
8876
8877
8882
8883
8884
8885
8886
8891
8892
8893
8894
8895
8900
8901
8902
8903
8904
8910
8911
8912
8913
8920
8921
8922
8930
8931
8940
11000
11001
11002
11003
11010
11011
11012
6919
11020
11021
6928
6929
11030
6937
6938
6939
6946
6947
6948
6949
6955
6956
6957
6958
6959
9009
6964
6965
6966
6967
6968
9018
9019
6973
6974
6975
6976
6977
9027
9028
9029
6982
6983
6984
6985
6986
9036
9037
9038
6991
9039
6992
6993
6994
6995
9045
9046
9047
9048
9049
9054
9055
9056
9057
9058
9063
9064
9065
9066
9067
9072
9073
9074
9075
9076
9081
9082
9083
9084
9085
9090
9091
9092
9093
9094
9100
9101
9102
9103
9110
9111
9112
9120
9121
9130
11200
11201
11202
7109
11210
11211
7118
7119
11220
7127
7128
7129
7136
7137
7138
7139
7145
7146
7147
7148
7149
7154
7155
7156
7157
7158
9208
9209
7163
7164
7165
7166
7167
9217
9218
9219
7172
7173
7174
7175
7176
9226
9227
9228
7181
9229
7182
7183
7184
7185
9235
9236
9237
7190
9238
7191
9239
7192
7193
7194
9244
9245
9246
9247
9248
9253
9254
9255
9256
9257
9262
9263
9264
9265
9266
9271
9272
9273
9274
9275
9280
9281
9282
9283
9284
9290
9291
9292
9293
9300
9301
9302
9310
9311
9320
7299
11399
11400
7308
7309
11409
7317
7318
7319
7326
7327
7328
7329
7335
7336
7337
7338
7339
7344
7345
7346
7347
7348
7353
7354
7355
7356
7357
9407
9408
9409
7362
7363
7364
7365
7366
9416
9417
9418
7371
9419
7372
7373
7374
7375
9425
9426
9427
7380
9428
7381
9429
7382
7383
7384
9434
9435
9436
9437
7390
9438
7391
7392
7393
9443
9444
9445
9446
9447
9452
9453
9454
9455
9456
9461
9462
9463
9464
9465
9470
9471
9472
9473
9474
9480
9481
9482
9483
9490
9491
9492
5399
9500
9501
9510
7489
7498
7499
11596
7507
7508
7509
7516
7517
7518
7519
7525
7526
7527
7528
7529
7534
7535
7536
7537
7538
7543
7544
7545
7546
7547
7552
7553
7554
7555
7556
9606
9607
9608
7561
9609
7562
7563
7564
7565
9615
9616
9617
7570
9618
7571
9619
7572
7573
7574
9624
9625
9626
9627
7580
9628
7581
7582
7583
9633
9634
9635
9636
9637
7590
7591
7592
9642
9643
9644
9645
9646
9651
9652
9653
9654
9655
9660
9661
9662
9663
9664
9670
9671
9672
9673
9680
9681
9682
5589
9690
9691
5598
5599
9700
7679
7688
7689
7697
7698
7699
7706
7707
7708
7709
7715
7716
7717
7718
7719
7724
7725
7726
7727
7728
7733
7734
7735
7736
7737
7742
7743
7744
7745
7746
7751
7752
7753
7754
7755
9805
9806
9807
7760
9808
7761
9809
7762
7763
7764
9814
9815
9816
9817
9818
7770
7771
7772
7773
9823
9824
9825
9826
9827
7780
7781
7782
9832
9833
9834
9835
9836
7790
7791
9841
9842
9843
9844
9845
9850
9851
9852
9853
9854
9860
9861
9862
9863
9870
9871
9872
5779
9880
9881
5788
5789
9890
5797
5798
5799
7869
7878
7879
7887
7888
7889
7896
7897
7898
7899
7905
7906
7907
7908
7909
7914
7915
7916
7917
7918
7923
7924
7925
7926
7927
7932
7933
7934
7935
7936
7941
7942
7943
7944
7945
7950
7951
7952
7953
7954
10004
10005
10006
10007
10008
7960
7961
7962
7963
10013
10014
10015
10016
10017
7970
7971
7972
10022
10023
10024
10025
10026
7980
7981
10031
10032
10033
10034
10035
7990
10040
10041
10042
10043
10044
10050
10051
10052
10053
10060
10061
10062
5969
10070
10071
5978
5979
10080
5987
5988
5989
5996
5997
5998
5999
8059
8068
8069
8077
8078
8079
8086
8087
8088
8089
8095
8096
8097
8098
8099
8104
8105
8106
8107
8108
8113
8114
8115
8116
8117
8122
8123
8124
8125
8126
8131
8132
8133
8134
8135
8140
8141
8142
8143
8144
8150
8151
8152
8153
10203
10204
10205
10206
10207
8160
8161
8162
10212
10213
10214
10215
10216
8170
8171
10221
10222
10223
10224
10225
8180
10230
10231
10232
10233
10234
)
)

// processor4

3
(0())

// processor5

3
(0())

// processor6

3
(0())

// processor7

3
(0())
