/*--------------------------------*- C++ -*----------------------------------*\
| =========                 |                                                 |
| \\      /  F ield         | OpenFOAM: The Open Source CFD Toolbox           |
|  \\    /   O peration     | Version:  2306                                  |
|   \\  /    A nd           | Website:  www.openfoam.com                      |
|    \\/     M anipulation  |                                                 |
\*---------------------------------------------------------------------------*/
FoamFile
{
    version     2.0;
    format      binary;
    arch        "LSB;label=32;scalar=64";
    class       decomposedBlockData;
    location    "constant/polyMesh/sets";
    object      ampl;
    data.format ascii;
    data.class  cellSet;
}
// * * * * * * * * * * * * * * * * * * * * * * * * * * * * * * * * * * * * * //


// processor0

5573
(FoamFile
{
    version     2.0;
    format      ascii;
    arch        "LSB;label=32;scalar=64";
    class       cellSet;
    location    "constant/polyMesh/sets";
    object      ampl;
}

1000
(
8192
8193
8194
10244
10245
10246
10247
10248
10253
10254
10255
10256
10257
10262
10263
10264
10265
10266
10271
10272
10273
10274
10275
10280
10281
10282
10283
10284
10290
10291
10292
10293
12344
12345
10300
10301
10302
12354
10310
10311
10320
8299
8308
8309
8317
8318
8319
8326
8327
8328
8329
8335
8336
8337
8338
8339
8344
8345
8346
8347
8348
8353
8354
8355
8356
8357
10407
10408
10409
8362
8363
8364
8365
8366
10416
10417
10418
8371
10419
8372
8373
8374
8375
10425
10426
10427
8380
10428
8381
10429
8382
8383
8384
10434
10435
10436
10437
8390
10438
8391
8392
8393
10443
10444
10445
10446
10447
10452
10453
10454
10455
10456
10461
10462
10463
10464
10465
12516
10470
10471
10472
10473
10474
10480
10481
10482
10483
10490
10491
10492
6399
10500
10501
10510
8489
8498
8499
8507
8508
8509
8516
8517
8518
8519
8525
8526
8527
8528
8529
8534
8535
8536
8537
8538
8543
8544
8545
8546
8547
8552
8553
8554
8555
8556
10606
10607
10608
8561
10609
8562
8563
8564
8565
10615
10616
10617
8570
10618
8571
10619
8572
8573
8574
10624
10625
10626
10627
8580
10628
8581
8582
8583
10633
10634
10635
10636
10637
8590
8591
8592
10642
10643
10644
10645
10646
10651
10652
10653
10654
10655
10660
10661
10662
10663
10664
10670
10671
10672
10673
10680
10681
10682
6589
10690
10691
6598
6599
10700
8679
8688
8689
8697
8698
8699
8706
8707
8708
8709
8715
8716
8717
8718
8719
8724
8725
8726
8727
8728
8733
8734
8735
8736
8737
8742
8743
8744
8745
8746
8751
8752
8753
8754
8755
10805
10806
10807
8760
10808
8761
10809
8762
8763
8764
10814
10815
10816
10817
10818
8770
8771
8772
8773
10823
10824
10825
10826
10827
8780
8781
8782
10832
10833
10834
10835
10836
8790
8791
10841
10842
10843
10844
10845
10850
10851
10852
10853
10854
10860
10861
10862
10863
10870
10871
10872
6779
10880
10881
6788
6789
10890
6797
6798
6799
8869
8878
8879
8887
8888
8889
8896
8897
8898
8899
8905
8906
8907
8908
8909
8914
8915
8916
8917
8918
8923
8924
8925
8926
8927
8932
8933
8934
8935
8936
8941
8942
8943
8944
8945
8950
8951
8952
8953
8954
11004
11005
11006
11007
11008
8960
8961
8962
8963
11013
11014
11015
11016
11017
8970
8971
8972
11022
11023
11024
11025
11026
8980
8981
11031
11032
11033
11034
11035
8990
11040
11041
11042
11043
11044
11050
11051
11052
11053
11060
11061
11062
6969
11070
11071
6978
6979
11080
6987
6988
6989
6996
6997
6998
6999
9059
9068
9069
9077
9078
9079
9086
9087
9088
9089
9095
9096
9097
9098
9099
9104
9105
9106
9107
9108
9113
9114
9115
9116
9117
9122
9123
9124
9125
9126
9131
9132
9133
9134
9135
9140
9141
9142
9143
9144
9150
9151
9152
9153
11203
11204
11205
11206
11207
9160
9161
9162
11212
11213
11214
11215
11216
9170
9171
11221
11222
11223
11224
11225
9180
11230
11231
11232
11233
11234
11240
11241
11242
11243
11250
11251
11252
7159
11260
11261
7168
7169
11270
7177
7178
7179
7186
7187
7188
7189
7195
7196
7197
7198
7199
9249
9258
9259
9267
9268
9269
9276
9277
9278
9279
9285
9286
9287
9288
9289
9294
9295
9296
9297
9298
9303
9304
9305
9306
9307
9312
9313
9314
9315
9316
9321
9322
9323
9324
9325
9330
9331
9332
9333
9334
9340
9341
9342
9343
9350
9351
9352
11401
11402
11403
11404
11405
9360
9361
11410
11411
11412
11413
11414
9370
11419
11420
11421
11422
11423
11429
11430
11431
11432
11439
11440
11441
7349
11449
11450
7358
7359
11459
7367
7368
7369
7376
7377
7378
7379
7385
7386
7387
7388
7389
9439
7394
7395
7396
7397
7398
9448
9449
9457
9458
9459
9466
9467
9468
9469
9475
9476
9477
9478
9479
9484
9485
9486
9487
9488
9493
9494
9495
9496
9497
9502
9503
9504
9505
9506
9511
9512
9513
9514
9515
9520
9521
9522
9523
9524
9530
9531
9532
9533
9540
9541
9542
11597
11598
9550
11599
9551
11600
11601
11606
11607
11608
9560
11609
11610
11616
11617
11618
11619
11626
11627
11628
7539
11636
11637
7548
7549
11646
7557
7558
7559
7566
7567
7568
7569
7575
7576
7577
7578
7579
9629
7584
7585
7586
7587
7588
9638
9639
7593
7594
7595
7596
7597
9647
9648
9649
9656
9657
9658
9659
9665
9666
9667
9668
9669
9674
9675
9676
9677
9678
9683
9684
9685
9686
9687
9692
9693
9694
9695
9696
9701
9702
9703
9704
9705
9710
9711
9712
9713
9714
9720
9721
9722
9723
9730
9731
9732
9740
9741
11790
11791
11792
11793
11794
9750
11800
11801
11802
11803
11810
11811
11812
11820
11821
7729
11830
7738
7739
7747
7748
7749
7756
7757
7758
7759
7765
7766
7767
7768
7769
9819
7774
7775
7776
7777
7778
9828
9829
7783
7784
7785
7786
7787
9837
9838
9839
7792
7793
7794
7795
7796
9846
9847
9848
9849
9855
9856
9857
9858
9859
9864
9865
9866
9867
9868
9873
9874
9875
9876
9877
9882
9883
9884
9885
9886
9891
9892
9893
9894
9895
9900
9901
9902
9903
9904
9910
9911
9912
9913
9920
9921
9922
9930
9931
11980
11981
11982
11983
9940
11990
11991
11992
12000
12001
12010
7919
7928
7929
7937
7938
7939
7946
7947
7948
7949
7955
7956
7957
7958
7959
10009
7964
7965
7966
7967
7968
10018
10019
7973
7974
7975
7976
7977
10027
10028
10029
7982
7983
7984
7985
7986
10036
10037
10038
7991
10039
7992
7993
7994
7995
10045
10046
10047
10048
10049
10054
10055
10056
10057
10058
10063
10064
10065
10066
10067
10072
10073
10074
10075
10076
10081
10082
10083
10084
10085
10090
10091
10092
10093
10094
10100
10101
10102
10103
10110
10111
10112
12165
12166
12167
10120
10121
12175
12176
10130
12185
8109
8118
8119
8127
8128
8129
8136
8137
8138
8139
8145
8146
8147
8148
8149
8154
8155
8156
8157
8158
10208
10209
8163
8164
8165
8166
8167
10217
10218
10219
8172
8173
8174
8175
8176
10226
10227
10228
8181
10229
8182
8183
8184
8185
10235
10236
10237
8190
10238
8191
10239
)
)

// processor1

5385
(
1000
(
8192
8193
8194
10244
10245
10246
10247
10248
10253
10254
10255
10256
10257
10262
10263
10264
10265
10266
10271
10272
10273
10274
10275
10280
10281
10282
10283
10284
10290
10291
10292
10293
12344
12345
10300
10301
10302
12354
10310
10311
10320
8299
8308
8309
8317
8318
8319
8326
8327
8328
8329
8335
8336
8337
8338
8339
8344
8345
8346
8347
8348
8353
8354
8355
8356
8357
10407
10408
10409
8362
8363
8364
8365
8366
10416
10417
10418
8371
10419
8372
8373
8374
8375
10425
10426
10427
8380
10428
8381
10429
8382
8383
8384
10434
10435
10436
10437
8390
10438
8391
8392
8393
10443
10444
10445
10446
10447
10452
10453
10454
10455
10456
10461
10462
10463
10464
10465
12516
10470
10471
10472
10473
10474
10480
10481
10482
10483
10490
10491
10492
6399
10500
10501
10510
8489
8498
8499
8507
8508
8509
8516
8517
8518
8519
8525
8526
8527
8528
8529
8534
8535
8536
8537
8538
8543
8544
8545
8546
8547
8552
8553
8554
8555
8556
10606
10607
10608
8561
10609
8562
8563
8564
8565
10615
10616
10617
8570
10618
8571
10619
8572
8573
8574
10624
10625
10626
10627
8580
10628
8581
8582
8583
10633
10634
10635
10636
10637
8590
8591
8592
10642
10643
10644
10645
10646
10651
10652
10653
10654
10655
10660
10661
10662
10663
10664
10670
10671
10672
10673
10680
10681
10682
6589
10690
10691
6598
6599
10700
8679
8688
8689
8697
8698
8699
8706
8707
8708
8709
8715
8716
8717
8718
8719
8724
8725
8726
8727
8728
8733
8734
8735
8736
8737
8742
8743
8744
8745
8746
8751
8752
8753
8754
8755
10805
10806
10807
8760
10808
8761
10809
8762
8763
8764
10814
10815
10816
10817
10818
8770
8771
8772
8773
10823
10824
10825
10826
10827
8780
8781
8782
10832
10833
10834
10835
10836
8790
8791
10841
10842
10843
10844
10845
10850
10851
10852
10853
10854
10860
10861
10862
10863
10870
10871
10872
6779
10880
10881
6788
6789
10890
6797
6798
6799
8869
8878
8879
8887
8888
8889
8896
8897
8898
8899
8905
8906
8907
8908
8909
8914
8915
8916
8917
8918
8923
8924
8925
8926
8927
8932
8933
8934
8935
8936
8941
8942
8943
8944
8945
8950
8951
8952
8953
8954
11004
11005
11006
11007
11008
8960
8961
8962
8963
11013
11014
11015
11016
11017
8970
8971
8972
11022
11023
11024
11025
11026
8980
8981
11031
11032
11033
11034
11035
8990
11040
11041
11042
11043
11044
11050
11051
11052
11053
11060
11061
11062
6969
11070
11071
6978
6979
11080
6987
6988
6989
6996
6997
6998
6999
9059
9068
9069
9077
9078
9079
9086
9087
9088
9089
9095
9096
9097
9098
9099
9104
9105
9106
9107
9108
9113
9114
9115
9116
9117
9122
9123
9124
9125
9126
9131
9132
9133
9134
9135
9140
9141
9142
9143
9144
9150
9151
9152
9153
11203
11204
11205
11206
11207
9160
9161
9162
11212
11213
11214
11215
11216
9170
9171
11221
11222
11223
11224
11225
9180
11230
11231
11232
11233
11234
11240
11241
11242
11243
11250
11251
11252
7159
11260
11261
7168
7169
11270
7177
7178
7179
7186
7187
7188
7189
7195
7196
7197
7198
7199
9249
9258
9259
9267
9268
9269
9276
9277
9278
9279
9285
9286
9287
9288
9289
9294
9295
9296
9297
9298
9303
9304
9305
9306
9307
9312
9313
9314
9315
9316
9321
9322
9323
9324
9325
9330
9331
9332
9333
9334
9340
9341
9342
9343
9350
9351
9352
11401
11402
11403
11404
11405
9360
9361
11410
11411
11412
11413
11414
9370
11419
11420
11421
11422
11423
11429
11430
11431
11432
11439
11440
11441
7349
11449
11450
7358
7359
11459
7367
7368
7369
7376
7377
7378
7379
7385
7386
7387
7388
7389
9439
7394
7395
7396
7397
7398
9448
9449
9457
9458
9459
9466
9467
9468
9469
9475
9476
9477
9478
9479
9484
9485
9486
9487
9488
9493
9494
9495
9496
9497
9502
9503
9504
9505
9506
9511
9512
9513
9514
9515
9520
9521
9522
9523
9524
9530
9531
9532
9533
9540
9541
9542
11597
11598
9550
11599
9551
11600
11601
11606
11607
11608
9560
11609
11610
11616
11617
11618
11619
11626
11627
11628
7539
11636
11637
7548
7549
11646
7557
7558
7559
7566
7567
7568
7569
7575
7576
7577
7578
7579
9629
7584
7585
7586
7587
7588
9638
9639
7593
7594
7595
7596
7597
9647
9648
9649
9656
9657
9658
9659
9665
9666
9667
9668
9669
9674
9675
9676
9677
9678
9683
9684
9685
9686
9687
9692
9693
9694
9695
9696
9701
9702
9703
9704
9705
9710
9711
9712
9713
9714
9720
9721
9722
9723
9730
9731
9732
9740
9741
11790
11791
11792
11793
11794
9750
11800
11801
11802
11803
11810
11811
11812
11820
11821
7729
11830
7738
7739
7747
7748
7749
7756
7757
7758
7759
7765
7766
7767
7768
7769
9819
7774
7775
7776
7777
7778
9828
9829
7783
7784
7785
7786
7787
9837
9838
9839
7792
7793
7794
7795
7796
9846
9847
9848
9849
9855
9856
9857
9858
9859
9864
9865
9866
9867
9868
9873
9874
9875
9876
9877
9882
9883
9884
9885
9886
9891
9892
9893
9894
9895
9900
9901
9902
9903
9904
9910
9911
9912
9913
9920
9921
9922
9930
9931
11980
11981
11982
11983
9940
11990
11991
11992
12000
12001
12010
7919
7928
7929
7937
7938
7939
7946
7947
7948
7949
7955
7956
7957
7958
7959
10009
7964
7965
7966
7967
7968
10018
10019
7973
7974
7975
7976
7977
10027
10028
10029
7982
7983
7984
7985
7986
10036
10037
10038
7991
10039
7992
7993
7994
7995
10045
10046
10047
10048
10049
10054
10055
10056
10057
10058
10063
10064
10065
10066
10067
10072
10073
10074
10075
10076
10081
10082
10083
10084
10085
10090
10091
10092
10093
10094
10100
10101
10102
10103
10110
10111
10112
12165
12166
12167
10120
10121
12175
12176
10130
12185
8109
8118
8119
8127
8128
8129
8136
8137
8138
8139
8145
8146
8147
8148
8149
8154
8155
8156
8157
8158
10208
10209
8163
8164
8165
8166
8167
10217
10218
10219
8172
8173
8174
8175
8176
10226
10227
10228
8181
10229
8182
8183
8184
8185
10235
10236
10237
8190
10238
8191
10239
)
)

// processor2

5385
(
1000
(
8192
8193
8194
10244
10245
10246
10247
10248
10253
10254
10255
10256
10257
10262
10263
10264
10265
10266
10271
10272
10273
10274
10275
10280
10281
10282
10283
10284
10290
10291
10292
10293
12344
12345
10300
10301
10302
12354
10310
10311
10320
8299
8308
8309
8317
8318
8319
8326
8327
8328
8329
8335
8336
8337
8338
8339
8344
8345
8346
8347
8348
8353
8354
8355
8356
8357
10407
10408
10409
8362
8363
8364
8365
8366
10416
10417
10418
8371
10419
8372
8373
8374
8375
10425
10426
10427
8380
10428
8381
10429
8382
8383
8384
10434
10435
10436
10437
8390
10438
8391
8392
8393
10443
10444
10445
10446
10447
10452
10453
10454
10455
10456
10461
10462
10463
10464
10465
12516
10470
10471
10472
10473
10474
10480
10481
10482
10483
10490
10491
10492
6399
10500
10501
10510
8489
8498
8499
8507
8508
8509
8516
8517
8518
8519
8525
8526
8527
8528
8529
8534
8535
8536
8537
8538
8543
8544
8545
8546
8547
8552
8553
8554
8555
8556
10606
10607
10608
8561
10609
8562
8563
8564
8565
10615
10616
10617
8570
10618
8571
10619
8572
8573
8574
10624
10625
10626
10627
8580
10628
8581
8582
8583
10633
10634
10635
10636
10637
8590
8591
8592
10642
10643
10644
10645
10646
10651
10652
10653
10654
10655
10660
10661
10662
10663
10664
10670
10671
10672
10673
10680
10681
10682
6589
10690
10691
6598
6599
10700
8679
8688
8689
8697
8698
8699
8706
8707
8708
8709
8715
8716
8717
8718
8719
8724
8725
8726
8727
8728
8733
8734
8735
8736
8737
8742
8743
8744
8745
8746
8751
8752
8753
8754
8755
10805
10806
10807
8760
10808
8761
10809
8762
8763
8764
10814
10815
10816
10817
10818
8770
8771
8772
8773
10823
10824
10825
10826
10827
8780
8781
8782
10832
10833
10834
10835
10836
8790
8791
10841
10842
10843
10844
10845
10850
10851
10852
10853
10854
10860
10861
10862
10863
10870
10871
10872
6779
10880
10881
6788
6789
10890
6797
6798
6799
8869
8878
8879
8887
8888
8889
8896
8897
8898
8899
8905
8906
8907
8908
8909
8914
8915
8916
8917
8918
8923
8924
8925
8926
8927
8932
8933
8934
8935
8936
8941
8942
8943
8944
8945
8950
8951
8952
8953
8954
11004
11005
11006
11007
11008
8960
8961
8962
8963
11013
11014
11015
11016
11017
8970
8971
8972
11022
11023
11024
11025
11026
8980
8981
11031
11032
11033
11034
11035
8990
11040
11041
11042
11043
11044
11050
11051
11052
11053
11060
11061
11062
6969
11070
11071
6978
6979
11080
6987
6988
6989
6996
6997
6998
6999
9059
9068
9069
9077
9078
9079
9086
9087
9088
9089
9095
9096
9097
9098
9099
9104
9105
9106
9107
9108
9113
9114
9115
9116
9117
9122
9123
9124
9125
9126
9131
9132
9133
9134
9135
9140
9141
9142
9143
9144
9150
9151
9152
9153
11203
11204
11205
11206
11207
9160
9161
9162
11212
11213
11214
11215
11216
9170
9171
11221
11222
11223
11224
11225
9180
11230
11231
11232
11233
11234
11240
11241
11242
11243
11250
11251
11252
7159
11260
11261
7168
7169
11270
7177
7178
7179
7186
7187
7188
7189
7195
7196
7197
7198
7199
9249
9258
9259
9267
9268
9269
9276
9277
9278
9279
9285
9286
9287
9288
9289
9294
9295
9296
9297
9298
9303
9304
9305
9306
9307
9312
9313
9314
9315
9316
9321
9322
9323
9324
9325
9330
9331
9332
9333
9334
9340
9341
9342
9343
9350
9351
9352
11401
11402
11403
11404
11405
9360
9361
11410
11411
11412
11413
11414
9370
11419
11420
11421
11422
11423
11429
11430
11431
11432
11439
11440
11441
7349
11449
11450
7358
7359
11459
7367
7368
7369
7376
7377
7378
7379
7385
7386
7387
7388
7389
9439
7394
7395
7396
7397
7398
9448
9449
9457
9458
9459
9466
9467
9468
9469
9475
9476
9477
9478
9479
9484
9485
9486
9487
9488
9493
9494
9495
9496
9497
9502
9503
9504
9505
9506
9511
9512
9513
9514
9515
9520
9521
9522
9523
9524
9530
9531
9532
9533
9540
9541
9542
11597
11598
9550
11599
9551
11600
11601
11606
11607
11608
9560
11609
11610
11616
11617
11618
11619
11626
11627
11628
7539
11636
11637
7548
7549
11646
7557
7558
7559
7566
7567
7568
7569
7575
7576
7577
7578
7579
9629
7584
7585
7586
7587
7588
9638
9639
7593
7594
7595
7596
7597
9647
9648
9649
9656
9657
9658
9659
9665
9666
9667
9668
9669
9674
9675
9676
9677
9678
9683
9684
9685
9686
9687
9692
9693
9694
9695
9696
9701
9702
9703
9704
9705
9710
9711
9712
9713
9714
9720
9721
9722
9723
9730
9731
9732
9740
9741
11790
11791
11792
11793
11794
9750
11800
11801
11802
11803
11810
11811
11812
11820
11821
7729
11830
7738
7739
7747
7748
7749
7756
7757
7758
7759
7765
7766
7767
7768
7769
9819
7774
7775
7776
7777
7778
9828
9829
7783
7784
7785
7786
7787
9837
9838
9839
7792
7793
7794
7795
7796
9846
9847
9848
9849
9855
9856
9857
9858
9859
9864
9865
9866
9867
9868
9873
9874
9875
9876
9877
9882
9883
9884
9885
9886
9891
9892
9893
9894
9895
9900
9901
9902
9903
9904
9910
9911
9912
9913
9920
9921
9922
9930
9931
11980
11981
11982
11983
9940
11990
11991
11992
12000
12001
12010
7919
7928
7929
7937
7938
7939
7946
7947
7948
7949
7955
7956
7957
7958
7959
10009
7964
7965
7966
7967
7968
10018
10019
7973
7974
7975
7976
7977
10027
10028
10029
7982
7983
7984
7985
7986
10036
10037
10038
7991
10039
7992
7993
7994
7995
10045
10046
10047
10048
10049
10054
10055
10056
10057
10058
10063
10064
10065
10066
10067
10072
10073
10074
10075
10076
10081
10082
10083
10084
10085
10090
10091
10092
10093
10094
10100
10101
10102
10103
10110
10111
10112
12165
12166
12167
10120
10121
12175
12176
10130
12185
8109
8118
8119
8127
8128
8129
8136
8137
8138
8139
8145
8146
8147
8148
8149
8154
8155
8156
8157
8158
10208
10209
8163
8164
8165
8166
8167
10217
10218
10219
8172
8173
8174
8175
8176
10226
10227
10228
8181
10229
8182
8183
8184
8185
10235
10236
10237
8190
10238
8191
10239
)
)

// processor3

5385
(
1000
(
8192
8193
8194
10244
10245
10246
10247
10248
10253
10254
10255
10256
10257
10262
10263
10264
10265
10266
10271
10272
10273
10274
10275
10280
10281
10282
10283
10284
10290
10291
10292
10293
12344
12345
10300
10301
10302
12354
10310
10311
10320
8299
8308
8309
8317
8318
8319
8326
8327
8328
8329
8335
8336
8337
8338
8339
8344
8345
8346
8347
8348
8353
8354
8355
8356
8357
10407
10408
10409
8362
8363
8364
8365
8366
10416
10417
10418
8371
10419
8372
8373
8374
8375
10425
10426
10427
8380
10428
8381
10429
8382
8383
8384
10434
10435
10436
10437
8390
10438
8391
8392
8393
10443
10444
10445
10446
10447
10452
10453
10454
10455
10456
10461
10462
10463
10464
10465
12516
10470
10471
10472
10473
10474
10480
10481
10482
10483
10490
10491
10492
6399
10500
10501
10510
8489
8498
8499
8507
8508
8509
8516
8517
8518
8519
8525
8526
8527
8528
8529
8534
8535
8536
8537
8538
8543
8544
8545
8546
8547
8552
8553
8554
8555
8556
10606
10607
10608
8561
10609
8562
8563
8564
8565
10615
10616
10617
8570
10618
8571
10619
8572
8573
8574
10624
10625
10626
10627
8580
10628
8581
8582
8583
10633
10634
10635
10636
10637
8590
8591
8592
10642
10643
10644
10645
10646
10651
10652
10653
10654
10655
10660
10661
10662
10663
10664
10670
10671
10672
10673
10680
10681
10682
6589
10690
10691
6598
6599
10700
8679
8688
8689
8697
8698
8699
8706
8707
8708
8709
8715
8716
8717
8718
8719
8724
8725
8726
8727
8728
8733
8734
8735
8736
8737
8742
8743
8744
8745
8746
8751
8752
8753
8754
8755
10805
10806
10807
8760
10808
8761
10809
8762
8763
8764
10814
10815
10816
10817
10818
8770
8771
8772
8773
10823
10824
10825
10826
10827
8780
8781
8782
10832
10833
10834
10835
10836
8790
8791
10841
10842
10843
10844
10845
10850
10851
10852
10853
10854
10860
10861
10862
10863
10870
10871
10872
6779
10880
10881
6788
6789
10890
6797
6798
6799
8869
8878
8879
8887
8888
8889
8896
8897
8898
8899
8905
8906
8907
8908
8909
8914
8915
8916
8917
8918
8923
8924
8925
8926
8927
8932
8933
8934
8935
8936
8941
8942
8943
8944
8945
8950
8951
8952
8953
8954
11004
11005
11006
11007
11008
8960
8961
8962
8963
11013
11014
11015
11016
11017
8970
8971
8972
11022
11023
11024
11025
11026
8980
8981
11031
11032
11033
11034
11035
8990
11040
11041
11042
11043
11044
11050
11051
11052
11053
11060
11061
11062
6969
11070
11071
6978
6979
11080
6987
6988
6989
6996
6997
6998
6999
9059
9068
9069
9077
9078
9079
9086
9087
9088
9089
9095
9096
9097
9098
9099
9104
9105
9106
9107
9108
9113
9114
9115
9116
9117
9122
9123
9124
9125
9126
9131
9132
9133
9134
9135
9140
9141
9142
9143
9144
9150
9151
9152
9153
11203
11204
11205
11206
11207
9160
9161
9162
11212
11213
11214
11215
11216
9170
9171
11221
11222
11223
11224
11225
9180
11230
11231
11232
11233
11234
11240
11241
11242
11243
11250
11251
11252
7159
11260
11261
7168
7169
11270
7177
7178
7179
7186
7187
7188
7189
7195
7196
7197
7198
7199
9249
9258
9259
9267
9268
9269
9276
9277
9278
9279
9285
9286
9287
9288
9289
9294
9295
9296
9297
9298
9303
9304
9305
9306
9307
9312
9313
9314
9315
9316
9321
9322
9323
9324
9325
9330
9331
9332
9333
9334
9340
9341
9342
9343
9350
9351
9352
11401
11402
11403
11404
11405
9360
9361
11410
11411
11412
11413
11414
9370
11419
11420
11421
11422
11423
11429
11430
11431
11432
11439
11440
11441
7349
11449
11450
7358
7359
11459
7367
7368
7369
7376
7377
7378
7379
7385
7386
7387
7388
7389
9439
7394
7395
7396
7397
7398
9448
9449
9457
9458
9459
9466
9467
9468
9469
9475
9476
9477
9478
9479
9484
9485
9486
9487
9488
9493
9494
9495
9496
9497
9502
9503
9504
9505
9506
9511
9512
9513
9514
9515
9520
9521
9522
9523
9524
9530
9531
9532
9533
9540
9541
9542
11597
11598
9550
11599
9551
11600
11601
11606
11607
11608
9560
11609
11610
11616
11617
11618
11619
11626
11627
11628
7539
11636
11637
7548
7549
11646
7557
7558
7559
7566
7567
7568
7569
7575
7576
7577
7578
7579
9629
7584
7585
7586
7587
7588
9638
9639
7593
7594
7595
7596
7597
9647
9648
9649
9656
9657
9658
9659
9665
9666
9667
9668
9669
9674
9675
9676
9677
9678
9683
9684
9685
9686
9687
9692
9693
9694
9695
9696
9701
9702
9703
9704
9705
9710
9711
9712
9713
9714
9720
9721
9722
9723
9730
9731
9732
9740
9741
11790
11791
11792
11793
11794
9750
11800
11801
11802
11803
11810
11811
11812
11820
11821
7729
11830
7738
7739
7747
7748
7749
7756
7757
7758
7759
7765
7766
7767
7768
7769
9819
7774
7775
7776
7777
7778
9828
9829
7783
7784
7785
7786
7787
9837
9838
9839
7792
7793
7794
7795
7796
9846
9847
9848
9849
9855
9856
9857
9858
9859
9864
9865
9866
9867
9868
9873
9874
9875
9876
9877
9882
9883
9884
9885
9886
9891
9892
9893
9894
9895
9900
9901
9902
9903
9904
9910
9911
9912
9913
9920
9921
9922
9930
9931
11980
11981
11982
11983
9940
11990
11991
11992
12000
12001
12010
7919
7928
7929
7937
7938
7939
7946
7947
7948
7949
7955
7956
7957
7958
7959
10009
7964
7965
7966
7967
7968
10018
10019
7973
7974
7975
7976
7977
10027
10028
10029
7982
7983
7984
7985
7986
10036
10037
10038
7991
10039
7992
7993
7994
7995
10045
10046
10047
10048
10049
10054
10055
10056
10057
10058
10063
10064
10065
10066
10067
10072
10073
10074
10075
10076
10081
10082
10083
10084
10085
10090
10091
10092
10093
10094
10100
10101
10102
10103
10110
10111
10112
12165
12166
12167
10120
10121
12175
12176
10130
12185
8109
8118
8119
8127
8128
8129
8136
8137
8138
8139
8145
8146
8147
8148
8149
8154
8155
8156
8157
8158
10208
10209
8163
8164
8165
8166
8167
10217
10218
10219
8172
8173
8174
8175
8176
10226
10227
10228
8181
10229
8182
8183
8184
8185
10235
10236
10237
8190
10238
8191
10239
)
)

// processor4

3
(0())

// processor5

3
(0())

// processor6

3
(0())

// processor7

3
(0())
