/*--------------------------------*- C++ -*----------------------------------*\
| =========                 |                                                 |
| \\      /  F ield         | OpenFOAM: The Open Source CFD Toolbox           |
|  \\    /   O peration     | Version:  2306                                  |
|   \\  /    A nd           | Website:  www.openfoam.com                      |
|    \\/     M anipulation  |                                                 |
\*---------------------------------------------------------------------------*/
FoamFile
{
    version     2.0;
    format      binary;
    arch        "LSB;label=32;scalar=64";
    class       decomposedBlockData;
    location    "constant/polyMesh/sets";
    object      anode;
    data.format ascii;
    data.class  cellSet;
}
// * * * * * * * * * * * * * * * * * * * * * * * * * * * * * * * * * * * * * //


// processor0

5824
(FoamFile
{
    version     2.0;
    format      ascii;
    arch        "LSB;label=32;scalar=64";
    class       cellSet;
    location    "constant/polyMesh/sets";
    object      anode;
}

1000
(
8195
8196
8197
8198
8199
10249
10258
10259
10267
10268
10269
10276
10277
10278
10279
10285
10286
10287
10288
10289
10294
10295
10296
10297
12346
10298
12347
12348
12349
12350
10303
10304
10305
10306
12355
10307
12356
12357
12358
12359
10312
10313
10314
10315
12364
10316
12365
12366
12367
12368
10321
10322
10323
10324
10325
12374
12375
12376
12377
10330
10331
10332
10333
10334
12384
12385
12386
10340
10341
10342
10343
12394
12395
10350
10351
10352
12404
10360
10361
10370
8349
8358
8359
8367
8368
8369
8376
8377
8378
8379
8385
8386
8387
8388
8389
10439
8394
8395
8396
8397
8398
10448
10449
10457
10458
10459
10466
10467
10468
12517
10469
12518
12519
12520
12521
10475
10476
10477
12526
10478
12527
10479
12528
12529
12530
10484
10485
10486
10487
12536
10488
12537
12538
12539
10493
10494
10495
10496
10497
12546
12547
12548
10502
10503
10504
10505
10506
12556
12557
10511
10512
10513
10514
10515
12566
10520
10521
10522
10523
10524
10530
10531
10532
10533
10540
10541
10542
10550
10551
10560
8539
8548
8549
8557
8558
8559
8566
8567
8568
8569
8575
8576
8577
8578
8579
10629
12680
8584
12681
8585
12682
8586
12683
8587
12684
8588
10638
10639
8593
12690
8594
12691
8595
12692
8596
12693
8597
10647
10648
10649
12700
12701
12702
10656
10657
10658
10659
12710
12711
10665
10666
10667
10668
10669
12720
10674
10675
10676
10677
10678
10683
10684
10685
10686
10687
10692
10693
10694
10695
10696
10701
10702
10703
10704
10705
10710
10711
10712
10713
10714
10720
10721
10722
10723
10730
10731
10732
10740
10741
10750
8729
8738
12835
8739
12836
12837
12838
8747
8748
12845
8749
12846
12847
8756
8757
8758
12855
8759
12856
8765
8766
8767
8768
12865
8769
10819
8774
8775
8776
8777
8778
10828
10829
8783
8784
8785
8786
8787
10837
10838
10839
8792
8793
8794
8795
8796
10846
10847
10848
10849
10855
10856
10857
10858
10859
10864
10865
10866
10867
10868
10873
10874
10875
10876
10877
10882
10883
10884
10885
10886
10891
10892
10893
10894
10895
10900
10901
10902
10903
10904
10910
10911
10912
10913
10920
10921
10922
10930
10931
12980
12981
12982
10940
12990
12991
13000
8919
8928
8929
8937
8938
8939
8946
8947
8948
8949
8955
8956
8957
8958
8959
11009
8964
8965
8966
8967
8968
11018
11019
8973
8974
8975
8976
8977
11027
11028
11029
8982
8983
8984
8985
8986
11036
11037
11038
8991
11039
8992
8993
8994
8995
11045
11046
11047
11048
11049
11054
11055
11056
11057
11058
11063
11064
11065
11066
13115
11067
13116
11072
11073
11074
11075
11076
13125
11081
11082
11083
11084
11085
11090
11091
11092
11093
11094
11100
11101
11102
11103
11110
11111
11112
11120
11121
11130
9109
9118
9119
9127
9128
9129
9136
9137
9138
9139
13240
9145
9146
9147
9148
9149
9154
9155
9156
9157
9158
11208
11209
9163
9164
9165
9166
9167
11217
11218
11219
9172
9173
9174
9175
9176
11226
11227
11228
9181
11229
9182
9183
9184
9185
11235
11236
11237
9190
11238
9191
11239
9192
9193
9194
11244
11245
11246
11247
11248
11253
11254
11255
11256
11257
11262
11263
11264
11265
11266
11271
11272
11273
11274
11275
11280
11281
11282
11283
11284
11290
11291
11292
11293
11300
11301
11302
11310
11311
11320
9299
9308
9309
9317
9318
9319
9326
9327
9328
9329
9335
9336
9337
9338
9339
9344
9345
9346
9347
9348
9353
9354
9355
9356
9357
11406
11407
11408
9362
9363
9364
9365
9366
11415
11416
11417
11418
9371
9372
9373
9374
9375
11424
11425
11426
11427
9380
11428
9381
9382
9383
9384
11433
11434
11435
11436
11437
9390
9391
9392
9393
11442
11443
11444
11445
11446
11451
11452
11453
11454
11455
11460
11461
11462
11463
11464
11469
11470
11471
11472
11473
11479
11480
11481
11482
11489
11490
11491
7399
11499
11500
11509
9489
9498
9499
9507
9508
9509
9516
9517
9518
9519
9525
9526
9527
9528
9529
9534
9535
9536
9537
9538
9543
9544
9545
9546
9547
9552
9553
9554
11602
9555
11603
9556
11604
11605
9561
9562
9563
11611
9564
11612
9565
11613
11614
11615
9570
9571
9572
11620
9573
11621
9574
11622
11623
11624
9580
9581
11629
9582
11630
9583
11631
11632
11633
9590
11638
9591
11639
9592
11640
11641
11642
11647
11648
11649
11650
11651
11656
11657
11658
11659
11660
11666
11667
11668
11669
11676
11677
11678
7589
11686
11687
7598
7599
11696
9679
9688
9689
9697
9698
9699
9706
9707
9708
9709
9715
9716
9717
9718
9719
9724
9725
9726
9727
9728
9733
9734
9735
9736
9737
9742
9743
9744
9745
9746
11795
11796
11797
11798
9751
11799
9752
9753
9754
9755
11804
11805
11806
11807
11808
9760
9761
9762
9763
9764
11813
11814
11815
11816
11817
9770
9771
9772
9773
11822
11823
11824
11825
11826
9780
9781
9782
11831
11832
11833
11834
11835
9790
9791
11840
11841
11842
11843
11844
11850
11851
11852
11853
11860
11861
11862
11870
11871
7779
11880
7788
7789
7797
7798
7799
9869
9878
9879
9887
9888
9889
9896
9897
9898
9899
9905
9906
9907
9908
9909
9914
9915
9916
9917
9918
9923
9924
9925
9926
9927
9932
9933
9934
9935
11984
9936
11985
11986
11987
11988
9941
9942
9943
9944
11993
9945
11994
11995
11996
11997
9950
9951
9952
9953
12002
9954
12003
12004
12005
12006
9960
9961
9962
12011
9963
12012
12013
12014
12015
9970
9971
12020
9972
12021
12022
12023
12024
9980
9981
12030
12031
12032
12033
9990
12040
12041
12042
12050
12051
12060
7969
7978
7979
7987
7988
7989
7996
7997
7998
7999
10059
10068
10069
10077
10078
10079
10086
10087
10088
10089
10095
10096
10097
10098
10099
10104
10105
10106
10107
10108
10113
10114
10115
10116
10117
12168
12169
12170
10122
12171
10123
12172
10124
10125
10126
12177
12178
12179
10131
12180
10132
12181
10133
10134
10135
12186
12187
12188
10140
12189
10141
12190
10142
10143
10144
12195
12196
12197
12198
10150
12199
10151
10152
10153
12205
12206
12207
12208
10160
10161
10162
12215
12216
12217
10170
10171
12225
12226
10180
12235
8159
8168
8169
8177
8178
8179
8186
8187
8188
8189
)
)

// processor1

5635
(
1000
(
8195
8196
8197
8198
8199
10249
10258
10259
10267
10268
10269
10276
10277
10278
10279
10285
10286
10287
10288
10289
10294
10295
10296
10297
12346
10298
12347
12348
12349
12350
10303
10304
10305
10306
12355
10307
12356
12357
12358
12359
10312
10313
10314
10315
12364
10316
12365
12366
12367
12368
10321
10322
10323
10324
10325
12374
12375
12376
12377
10330
10331
10332
10333
10334
12384
12385
12386
10340
10341
10342
10343
12394
12395
10350
10351
10352
12404
10360
10361
10370
8349
8358
8359
8367
8368
8369
8376
8377
8378
8379
8385
8386
8387
8388
8389
10439
8394
8395
8396
8397
8398
10448
10449
10457
10458
10459
10466
10467
10468
12517
10469
12518
12519
12520
12521
10475
10476
10477
12526
10478
12527
10479
12528
12529
12530
10484
10485
10486
10487
12536
10488
12537
12538
12539
10493
10494
10495
10496
10497
12546
12547
12548
10502
10503
10504
10505
10506
12556
12557
10511
10512
10513
10514
10515
12566
10520
10521
10522
10523
10524
10530
10531
10532
10533
10540
10541
10542
10550
10551
10560
8539
8548
8549
8557
8558
8559
8566
8567
8568
8569
8575
8576
8577
8578
8579
10629
12680
8584
12681
8585
12682
8586
12683
8587
12684
8588
10638
10639
8593
12690
8594
12691
8595
12692
8596
12693
8597
10647
10648
10649
12700
12701
12702
10656
10657
10658
10659
12710
12711
10665
10666
10667
10668
10669
12720
10674
10675
10676
10677
10678
10683
10684
10685
10686
10687
10692
10693
10694
10695
10696
10701
10702
10703
10704
10705
10710
10711
10712
10713
10714
10720
10721
10722
10723
10730
10731
10732
10740
10741
10750
8729
8738
12835
8739
12836
12837
12838
8747
8748
12845
8749
12846
12847
8756
8757
8758
12855
8759
12856
8765
8766
8767
8768
12865
8769
10819
8774
8775
8776
8777
8778
10828
10829
8783
8784
8785
8786
8787
10837
10838
10839
8792
8793
8794
8795
8796
10846
10847
10848
10849
10855
10856
10857
10858
10859
10864
10865
10866
10867
10868
10873
10874
10875
10876
10877
10882
10883
10884
10885
10886
10891
10892
10893
10894
10895
10900
10901
10902
10903
10904
10910
10911
10912
10913
10920
10921
10922
10930
10931
12980
12981
12982
10940
12990
12991
13000
8919
8928
8929
8937
8938
8939
8946
8947
8948
8949
8955
8956
8957
8958
8959
11009
8964
8965
8966
8967
8968
11018
11019
8973
8974
8975
8976
8977
11027
11028
11029
8982
8983
8984
8985
8986
11036
11037
11038
8991
11039
8992
8993
8994
8995
11045
11046
11047
11048
11049
11054
11055
11056
11057
11058
11063
11064
11065
11066
13115
11067
13116
11072
11073
11074
11075
11076
13125
11081
11082
11083
11084
11085
11090
11091
11092
11093
11094
11100
11101
11102
11103
11110
11111
11112
11120
11121
11130
9109
9118
9119
9127
9128
9129
9136
9137
9138
9139
13240
9145
9146
9147
9148
9149
9154
9155
9156
9157
9158
11208
11209
9163
9164
9165
9166
9167
11217
11218
11219
9172
9173
9174
9175
9176
11226
11227
11228
9181
11229
9182
9183
9184
9185
11235
11236
11237
9190
11238
9191
11239
9192
9193
9194
11244
11245
11246
11247
11248
11253
11254
11255
11256
11257
11262
11263
11264
11265
11266
11271
11272
11273
11274
11275
11280
11281
11282
11283
11284
11290
11291
11292
11293
11300
11301
11302
11310
11311
11320
9299
9308
9309
9317
9318
9319
9326
9327
9328
9329
9335
9336
9337
9338
9339
9344
9345
9346
9347
9348
9353
9354
9355
9356
9357
11406
11407
11408
9362
9363
9364
9365
9366
11415
11416
11417
11418
9371
9372
9373
9374
9375
11424
11425
11426
11427
9380
11428
9381
9382
9383
9384
11433
11434
11435
11436
11437
9390
9391
9392
9393
11442
11443
11444
11445
11446
11451
11452
11453
11454
11455
11460
11461
11462
11463
11464
11469
11470
11471
11472
11473
11479
11480
11481
11482
11489
11490
11491
7399
11499
11500
11509
9489
9498
9499
9507
9508
9509
9516
9517
9518
9519
9525
9526
9527
9528
9529
9534
9535
9536
9537
9538
9543
9544
9545
9546
9547
9552
9553
9554
11602
9555
11603
9556
11604
11605
9561
9562
9563
11611
9564
11612
9565
11613
11614
11615
9570
9571
9572
11620
9573
11621
9574
11622
11623
11624
9580
9581
11629
9582
11630
9583
11631
11632
11633
9590
11638
9591
11639
9592
11640
11641
11642
11647
11648
11649
11650
11651
11656
11657
11658
11659
11660
11666
11667
11668
11669
11676
11677
11678
7589
11686
11687
7598
7599
11696
9679
9688
9689
9697
9698
9699
9706
9707
9708
9709
9715
9716
9717
9718
9719
9724
9725
9726
9727
9728
9733
9734
9735
9736
9737
9742
9743
9744
9745
9746
11795
11796
11797
11798
9751
11799
9752
9753
9754
9755
11804
11805
11806
11807
11808
9760
9761
9762
9763
9764
11813
11814
11815
11816
11817
9770
9771
9772
9773
11822
11823
11824
11825
11826
9780
9781
9782
11831
11832
11833
11834
11835
9790
9791
11840
11841
11842
11843
11844
11850
11851
11852
11853
11860
11861
11862
11870
11871
7779
11880
7788
7789
7797
7798
7799
9869
9878
9879
9887
9888
9889
9896
9897
9898
9899
9905
9906
9907
9908
9909
9914
9915
9916
9917
9918
9923
9924
9925
9926
9927
9932
9933
9934
9935
11984
9936
11985
11986
11987
11988
9941
9942
9943
9944
11993
9945
11994
11995
11996
11997
9950
9951
9952
9953
12002
9954
12003
12004
12005
12006
9960
9961
9962
12011
9963
12012
12013
12014
12015
9970
9971
12020
9972
12021
12022
12023
12024
9980
9981
12030
12031
12032
12033
9990
12040
12041
12042
12050
12051
12060
7969
7978
7979
7987
7988
7989
7996
7997
7998
7999
10059
10068
10069
10077
10078
10079
10086
10087
10088
10089
10095
10096
10097
10098
10099
10104
10105
10106
10107
10108
10113
10114
10115
10116
10117
12168
12169
12170
10122
12171
10123
12172
10124
10125
10126
12177
12178
12179
10131
12180
10132
12181
10133
10134
10135
12186
12187
12188
10140
12189
10141
12190
10142
10143
10144
12195
12196
12197
12198
10150
12199
10151
10152
10153
12205
12206
12207
12208
10160
10161
10162
12215
12216
12217
10170
10171
12225
12226
10180
12235
8159
8168
8169
8177
8178
8179
8186
8187
8188
8189
)
)

// processor2

5635
(
1000
(
8195
8196
8197
8198
8199
10249
10258
10259
10267
10268
10269
10276
10277
10278
10279
10285
10286
10287
10288
10289
10294
10295
10296
10297
12346
10298
12347
12348
12349
12350
10303
10304
10305
10306
12355
10307
12356
12357
12358
12359
10312
10313
10314
10315
12364
10316
12365
12366
12367
12368
10321
10322
10323
10324
10325
12374
12375
12376
12377
10330
10331
10332
10333
10334
12384
12385
12386
10340
10341
10342
10343
12394
12395
10350
10351
10352
12404
10360
10361
10370
8349
8358
8359
8367
8368
8369
8376
8377
8378
8379
8385
8386
8387
8388
8389
10439
8394
8395
8396
8397
8398
10448
10449
10457
10458
10459
10466
10467
10468
12517
10469
12518
12519
12520
12521
10475
10476
10477
12526
10478
12527
10479
12528
12529
12530
10484
10485
10486
10487
12536
10488
12537
12538
12539
10493
10494
10495
10496
10497
12546
12547
12548
10502
10503
10504
10505
10506
12556
12557
10511
10512
10513
10514
10515
12566
10520
10521
10522
10523
10524
10530
10531
10532
10533
10540
10541
10542
10550
10551
10560
8539
8548
8549
8557
8558
8559
8566
8567
8568
8569
8575
8576
8577
8578
8579
10629
12680
8584
12681
8585
12682
8586
12683
8587
12684
8588
10638
10639
8593
12690
8594
12691
8595
12692
8596
12693
8597
10647
10648
10649
12700
12701
12702
10656
10657
10658
10659
12710
12711
10665
10666
10667
10668
10669
12720
10674
10675
10676
10677
10678
10683
10684
10685
10686
10687
10692
10693
10694
10695
10696
10701
10702
10703
10704
10705
10710
10711
10712
10713
10714
10720
10721
10722
10723
10730
10731
10732
10740
10741
10750
8729
8738
12835
8739
12836
12837
12838
8747
8748
12845
8749
12846
12847
8756
8757
8758
12855
8759
12856
8765
8766
8767
8768
12865
8769
10819
8774
8775
8776
8777
8778
10828
10829
8783
8784
8785
8786
8787
10837
10838
10839
8792
8793
8794
8795
8796
10846
10847
10848
10849
10855
10856
10857
10858
10859
10864
10865
10866
10867
10868
10873
10874
10875
10876
10877
10882
10883
10884
10885
10886
10891
10892
10893
10894
10895
10900
10901
10902
10903
10904
10910
10911
10912
10913
10920
10921
10922
10930
10931
12980
12981
12982
10940
12990
12991
13000
8919
8928
8929
8937
8938
8939
8946
8947
8948
8949
8955
8956
8957
8958
8959
11009
8964
8965
8966
8967
8968
11018
11019
8973
8974
8975
8976
8977
11027
11028
11029
8982
8983
8984
8985
8986
11036
11037
11038
8991
11039
8992
8993
8994
8995
11045
11046
11047
11048
11049
11054
11055
11056
11057
11058
11063
11064
11065
11066
13115
11067
13116
11072
11073
11074
11075
11076
13125
11081
11082
11083
11084
11085
11090
11091
11092
11093
11094
11100
11101
11102
11103
11110
11111
11112
11120
11121
11130
9109
9118
9119
9127
9128
9129
9136
9137
9138
9139
13240
9145
9146
9147
9148
9149
9154
9155
9156
9157
9158
11208
11209
9163
9164
9165
9166
9167
11217
11218
11219
9172
9173
9174
9175
9176
11226
11227
11228
9181
11229
9182
9183
9184
9185
11235
11236
11237
9190
11238
9191
11239
9192
9193
9194
11244
11245
11246
11247
11248
11253
11254
11255
11256
11257
11262
11263
11264
11265
11266
11271
11272
11273
11274
11275
11280
11281
11282
11283
11284
11290
11291
11292
11293
11300
11301
11302
11310
11311
11320
9299
9308
9309
9317
9318
9319
9326
9327
9328
9329
9335
9336
9337
9338
9339
9344
9345
9346
9347
9348
9353
9354
9355
9356
9357
11406
11407
11408
9362
9363
9364
9365
9366
11415
11416
11417
11418
9371
9372
9373
9374
9375
11424
11425
11426
11427
9380
11428
9381
9382
9383
9384
11433
11434
11435
11436
11437
9390
9391
9392
9393
11442
11443
11444
11445
11446
11451
11452
11453
11454
11455
11460
11461
11462
11463
11464
11469
11470
11471
11472
11473
11479
11480
11481
11482
11489
11490
11491
7399
11499
11500
11509
9489
9498
9499
9507
9508
9509
9516
9517
9518
9519
9525
9526
9527
9528
9529
9534
9535
9536
9537
9538
9543
9544
9545
9546
9547
9552
9553
9554
11602
9555
11603
9556
11604
11605
9561
9562
9563
11611
9564
11612
9565
11613
11614
11615
9570
9571
9572
11620
9573
11621
9574
11622
11623
11624
9580
9581
11629
9582
11630
9583
11631
11632
11633
9590
11638
9591
11639
9592
11640
11641
11642
11647
11648
11649
11650
11651
11656
11657
11658
11659
11660
11666
11667
11668
11669
11676
11677
11678
7589
11686
11687
7598
7599
11696
9679
9688
9689
9697
9698
9699
9706
9707
9708
9709
9715
9716
9717
9718
9719
9724
9725
9726
9727
9728
9733
9734
9735
9736
9737
9742
9743
9744
9745
9746
11795
11796
11797
11798
9751
11799
9752
9753
9754
9755
11804
11805
11806
11807
11808
9760
9761
9762
9763
9764
11813
11814
11815
11816
11817
9770
9771
9772
9773
11822
11823
11824
11825
11826
9780
9781
9782
11831
11832
11833
11834
11835
9790
9791
11840
11841
11842
11843
11844
11850
11851
11852
11853
11860
11861
11862
11870
11871
7779
11880
7788
7789
7797
7798
7799
9869
9878
9879
9887
9888
9889
9896
9897
9898
9899
9905
9906
9907
9908
9909
9914
9915
9916
9917
9918
9923
9924
9925
9926
9927
9932
9933
9934
9935
11984
9936
11985
11986
11987
11988
9941
9942
9943
9944
11993
9945
11994
11995
11996
11997
9950
9951
9952
9953
12002
9954
12003
12004
12005
12006
9960
9961
9962
12011
9963
12012
12013
12014
12015
9970
9971
12020
9972
12021
12022
12023
12024
9980
9981
12030
12031
12032
12033
9990
12040
12041
12042
12050
12051
12060
7969
7978
7979
7987
7988
7989
7996
7997
7998
7999
10059
10068
10069
10077
10078
10079
10086
10087
10088
10089
10095
10096
10097
10098
10099
10104
10105
10106
10107
10108
10113
10114
10115
10116
10117
12168
12169
12170
10122
12171
10123
12172
10124
10125
10126
12177
12178
12179
10131
12180
10132
12181
10133
10134
10135
12186
12187
12188
10140
12189
10141
12190
10142
10143
10144
12195
12196
12197
12198
10150
12199
10151
10152
10153
12205
12206
12207
12208
10160
10161
10162
12215
12216
12217
10170
10171
12225
12226
10180
12235
8159
8168
8169
8177
8178
8179
8186
8187
8188
8189
)
)

// processor3

5635
(
1000
(
8195
8196
8197
8198
8199
10249
10258
10259
10267
10268
10269
10276
10277
10278
10279
10285
10286
10287
10288
10289
10294
10295
10296
10297
12346
10298
12347
12348
12349
12350
10303
10304
10305
10306
12355
10307
12356
12357
12358
12359
10312
10313
10314
10315
12364
10316
12365
12366
12367
12368
10321
10322
10323
10324
10325
12374
12375
12376
12377
10330
10331
10332
10333
10334
12384
12385
12386
10340
10341
10342
10343
12394
12395
10350
10351
10352
12404
10360
10361
10370
8349
8358
8359
8367
8368
8369
8376
8377
8378
8379
8385
8386
8387
8388
8389
10439
8394
8395
8396
8397
8398
10448
10449
10457
10458
10459
10466
10467
10468
12517
10469
12518
12519
12520
12521
10475
10476
10477
12526
10478
12527
10479
12528
12529
12530
10484
10485
10486
10487
12536
10488
12537
12538
12539
10493
10494
10495
10496
10497
12546
12547
12548
10502
10503
10504
10505
10506
12556
12557
10511
10512
10513
10514
10515
12566
10520
10521
10522
10523
10524
10530
10531
10532
10533
10540
10541
10542
10550
10551
10560
8539
8548
8549
8557
8558
8559
8566
8567
8568
8569
8575
8576
8577
8578
8579
10629
12680
8584
12681
8585
12682
8586
12683
8587
12684
8588
10638
10639
8593
12690
8594
12691
8595
12692
8596
12693
8597
10647
10648
10649
12700
12701
12702
10656
10657
10658
10659
12710
12711
10665
10666
10667
10668
10669
12720
10674
10675
10676
10677
10678
10683
10684
10685
10686
10687
10692
10693
10694
10695
10696
10701
10702
10703
10704
10705
10710
10711
10712
10713
10714
10720
10721
10722
10723
10730
10731
10732
10740
10741
10750
8729
8738
12835
8739
12836
12837
12838
8747
8748
12845
8749
12846
12847
8756
8757
8758
12855
8759
12856
8765
8766
8767
8768
12865
8769
10819
8774
8775
8776
8777
8778
10828
10829
8783
8784
8785
8786
8787
10837
10838
10839
8792
8793
8794
8795
8796
10846
10847
10848
10849
10855
10856
10857
10858
10859
10864
10865
10866
10867
10868
10873
10874
10875
10876
10877
10882
10883
10884
10885
10886
10891
10892
10893
10894
10895
10900
10901
10902
10903
10904
10910
10911
10912
10913
10920
10921
10922
10930
10931
12980
12981
12982
10940
12990
12991
13000
8919
8928
8929
8937
8938
8939
8946
8947
8948
8949
8955
8956
8957
8958
8959
11009
8964
8965
8966
8967
8968
11018
11019
8973
8974
8975
8976
8977
11027
11028
11029
8982
8983
8984
8985
8986
11036
11037
11038
8991
11039
8992
8993
8994
8995
11045
11046
11047
11048
11049
11054
11055
11056
11057
11058
11063
11064
11065
11066
13115
11067
13116
11072
11073
11074
11075
11076
13125
11081
11082
11083
11084
11085
11090
11091
11092
11093
11094
11100
11101
11102
11103
11110
11111
11112
11120
11121
11130
9109
9118
9119
9127
9128
9129
9136
9137
9138
9139
13240
9145
9146
9147
9148
9149
9154
9155
9156
9157
9158
11208
11209
9163
9164
9165
9166
9167
11217
11218
11219
9172
9173
9174
9175
9176
11226
11227
11228
9181
11229
9182
9183
9184
9185
11235
11236
11237
9190
11238
9191
11239
9192
9193
9194
11244
11245
11246
11247
11248
11253
11254
11255
11256
11257
11262
11263
11264
11265
11266
11271
11272
11273
11274
11275
11280
11281
11282
11283
11284
11290
11291
11292
11293
11300
11301
11302
11310
11311
11320
9299
9308
9309
9317
9318
9319
9326
9327
9328
9329
9335
9336
9337
9338
9339
9344
9345
9346
9347
9348
9353
9354
9355
9356
9357
11406
11407
11408
9362
9363
9364
9365
9366
11415
11416
11417
11418
9371
9372
9373
9374
9375
11424
11425
11426
11427
9380
11428
9381
9382
9383
9384
11433
11434
11435
11436
11437
9390
9391
9392
9393
11442
11443
11444
11445
11446
11451
11452
11453
11454
11455
11460
11461
11462
11463
11464
11469
11470
11471
11472
11473
11479
11480
11481
11482
11489
11490
11491
7399
11499
11500
11509
9489
9498
9499
9507
9508
9509
9516
9517
9518
9519
9525
9526
9527
9528
9529
9534
9535
9536
9537
9538
9543
9544
9545
9546
9547
9552
9553
9554
11602
9555
11603
9556
11604
11605
9561
9562
9563
11611
9564
11612
9565
11613
11614
11615
9570
9571
9572
11620
9573
11621
9574
11622
11623
11624
9580
9581
11629
9582
11630
9583
11631
11632
11633
9590
11638
9591
11639
9592
11640
11641
11642
11647
11648
11649
11650
11651
11656
11657
11658
11659
11660
11666
11667
11668
11669
11676
11677
11678
7589
11686
11687
7598
7599
11696
9679
9688
9689
9697
9698
9699
9706
9707
9708
9709
9715
9716
9717
9718
9719
9724
9725
9726
9727
9728
9733
9734
9735
9736
9737
9742
9743
9744
9745
9746
11795
11796
11797
11798
9751
11799
9752
9753
9754
9755
11804
11805
11806
11807
11808
9760
9761
9762
9763
9764
11813
11814
11815
11816
11817
9770
9771
9772
9773
11822
11823
11824
11825
11826
9780
9781
9782
11831
11832
11833
11834
11835
9790
9791
11840
11841
11842
11843
11844
11850
11851
11852
11853
11860
11861
11862
11870
11871
7779
11880
7788
7789
7797
7798
7799
9869
9878
9879
9887
9888
9889
9896
9897
9898
9899
9905
9906
9907
9908
9909
9914
9915
9916
9917
9918
9923
9924
9925
9926
9927
9932
9933
9934
9935
11984
9936
11985
11986
11987
11988
9941
9942
9943
9944
11993
9945
11994
11995
11996
11997
9950
9951
9952
9953
12002
9954
12003
12004
12005
12006
9960
9961
9962
12011
9963
12012
12013
12014
12015
9970
9971
12020
9972
12021
12022
12023
12024
9980
9981
12030
12031
12032
12033
9990
12040
12041
12042
12050
12051
12060
7969
7978
7979
7987
7988
7989
7996
7997
7998
7999
10059
10068
10069
10077
10078
10079
10086
10087
10088
10089
10095
10096
10097
10098
10099
10104
10105
10106
10107
10108
10113
10114
10115
10116
10117
12168
12169
12170
10122
12171
10123
12172
10124
10125
10126
12177
12178
12179
10131
12180
10132
12181
10133
10134
10135
12186
12187
12188
10140
12189
10141
12190
10142
10143
10144
12195
12196
12197
12198
10150
12199
10151
10152
10153
12205
12206
12207
12208
10160
10161
10162
12215
12216
12217
10170
10171
12225
12226
10180
12235
8159
8168
8169
8177
8178
8179
8186
8187
8188
8189
)
)

// processor4

3
(0())

// processor5

3
(0())

// processor6

3
(0())

// processor7

3
(0())
