/*--------------------------------*- C++ -*----------------------------------*\
| =========                 |                                                 |
| \\      /  F ield         | OpenFOAM: The Open Source CFD Toolbox           |
|  \\    /   O peration     | Version:  2306                                  |
|   \\  /    A nd           | Website:  www.openfoam.com                      |
|    \\/     M anipulation  |                                                 |
\*---------------------------------------------------------------------------*/
FoamFile
{
    version     2.0;
    format      binary;
    arch        "LSB;label=32;scalar=64";
    class       decomposedBlockData;
    location    "constant/polyMesh/sets";
    object      cathode;
    data.format ascii;
    data.class  cellSet;
}
// * * * * * * * * * * * * * * * * * * * * * * * * * * * * * * * * * * * * * //


// processor0

5196
(FoamFile
{
    version     2.0;
    format      ascii;
    arch        "LSB;label=32;scalar=64";
    class       cellSet;
    location    "constant/polyMesh/sets";
    object      cathode;
}

1000
(
4100
4101
4102
4103
4110
4111
4112
4120
4121
4130
6200
6201
6202
6210
6211
2119
6220
2128
2129
2137
2138
2139
2146
2147
2148
2149
2155
2156
2157
2158
2159
4208
4209
2164
2165
2166
2167
2168
4217
4218
4219
2173
2174
2175
2176
2177
4226
4227
4228
4229
2182
2183
2184
2185
2186
4235
4236
4237
4238
2191
4239
2192
2193
2194
2195
4244
4245
4246
4247
2200
4248
2201
2202
2203
2204
4253
4254
4255
4256
4257
4262
4263
4264
4265
4266
4271
4272
4273
4274
4275
4280
4281
4282
4283
4284
4290
4291
4292
4293
4300
4301
4302
4310
4311
4320
2303
6400
6401
2312
2313
6410
2321
2322
2323
2330
2331
2332
2333
2339
2340
2341
2342
2343
2348
2349
2350
2351
2352
2357
2358
2359
4407
2360
4408
2361
4409
2366
2367
2368
4416
2369
4417
2370
4418
4419
2375
2376
2377
4425
2378
4426
2379
4427
4428
4429
2384
2385
2386
4434
2387
4435
2388
4436
4437
4438
2394
2395
4443
2396
4444
2397
4445
4446
4447
4452
4453
4454
4455
4456
4461
4462
4463
4464
4465
4470
4471
4472
4473
4474
4480
4481
4482
4483
4490
4491
4492
4500
4501
4510
2490
2499
2500
6600
2508
2509
2510
2517
2518
2519
2520
2526
2527
2528
2529
2530
2535
2536
2537
2538
2539
2544
2545
2546
2547
2548
2553
2554
2555
2556
2557
4606
4607
4608
4609
2562
2563
2564
2565
2566
4615
4616
4617
4618
2571
4619
2572
2573
2574
2575
4624
4625
4626
4627
4628
2581
2582
2583
2584
4633
4634
4635
4636
4637
2591
2592
2593
4642
4643
4644
4645
4646
4651
4652
4653
4654
4655
4660
4661
4662
4663
4664
4670
4671
4672
4673
4680
4681
4682
4690
4691
4700
2679
2688
2689
2697
2698
2699
2706
2707
2708
2709
2715
2716
2717
2718
2719
2724
2725
2726
2727
2728
2733
2734
2735
2736
2737
2742
2743
2744
2745
2746
2751
2752
2753
2754
2755
4805
4806
4807
2760
4808
2761
4809
2762
2763
2764
4814
4815
4816
4817
4818
2770
2771
2772
2773
4823
4824
4825
4826
4827
2780
2781
2782
4832
4833
4834
4835
4836
2790
2791
4841
4842
4843
4844
4845
4850
4851
4852
4853
4854
759
4860
4861
4862
4863
4870
4871
4872
4880
4881
4890
2869
2878
2879
2887
2888
2889
2896
2897
2898
2899
2905
2906
2907
2908
2909
2914
2915
2916
2917
2918
874
2923
2924
2925
2926
2927
883
2932
884
2933
2934
2935
2936
2941
2942
2943
2944
2945
2950
2951
2952
2953
2954
5004
5005
5006
5007
5008
2960
2961
2962
2963
5013
5014
5015
5016
5017
2970
2971
2972
5022
5023
5024
5025
5026
2980
2981
5031
5032
5033
5034
5035
2990
5040
5041
5042
5043
5044
5050
5051
5052
5053
5060
5061
5062
5070
5071
5080
999
1008
1009
3059
1017
1018
1019
3068
3069
3077
3078
3079
3086
3087
3088
3089
3095
3096
3097
3098
3099
3104
3105
3106
3107
3108
3113
3114
3115
3116
3117
3122
3123
3124
3125
3126
3131
3132
3133
3134
3135
3140
3141
3142
3143
3144
3150
3151
3152
3153
5203
5204
5205
5206
5207
3160
3161
3162
5212
5213
5214
5215
5216
3170
3171
5221
5222
5223
5224
5225
3180
5230
1134
5231
5232
5233
5234
1143
5240
1144
5241
5242
5243
1152
1153
5250
1154
5251
5252
1161
1162
1163
5260
1164
5261
5270
3249
3258
3259
3267
3268
3269
3276
3277
3278
3279
3285
3286
3287
3288
3289
3294
3295
3296
3297
3298
3303
3304
3305
3306
3307
3312
3313
3314
3315
3316
3321
3322
3323
3324
3325
1279
3330
3331
3332
3333
3334
1288
1289
3340
3341
3342
3343
1297
1298
1299
3350
3351
3352
5402
1306
5403
1307
5404
1308
5405
1309
5406
3360
3361
5411
1315
5412
1316
5413
1317
5414
1318
5415
1319
3370
5420
5421
5422
5423
5424
5430
5431
5432
5433
5440
5441
5442
5450
5451
5460
3439
3448
3449
3457
3458
3459
3466
3467
3468
3469
3475
3476
3477
3478
3479
1433
3484
3485
3486
3487
3488
1442
1443
3493
3494
3495
3496
3497
1451
1452
1453
3502
3503
3504
3505
3506
1460
1461
1462
1463
3511
3512
3513
3514
3515
1469
1470
1471
1472
3520
1473
3521
3522
3523
3524
1478
1479
1480
1481
1482
3530
3531
3532
3533
3540
3541
3542
3550
3551
5601
5602
5603
5604
5605
3560
5610
5611
5612
5613
5614
5620
5621
5622
5623
5630
5631
5632
5640
5641
5650
3629
3638
3639
1595
3647
3648
3649
1604
1605
3656
3657
3658
3659
1613
1614
1615
3665
3666
3667
3668
3669
1622
1623
1624
1625
3674
3675
3676
3677
3678
1631
1632
1633
1634
1635
3683
3684
3685
3686
3687
1640
1641
1642
1643
1644
3692
3693
3694
3695
3696
1649
1650
1651
1652
1653
3701
3702
3703
3704
3705
3710
3711
3712
3713
3714
3720
3721
3722
3723
3730
3731
3732
3740
3741
3750
5800
5801
5802
5803
5804
5810
5811
5812
5813
5820
5821
5822
5830
5831
5840
1764
3819
1773
1774
3828
3829
1782
1783
1784
3837
3838
1791
3839
1792
1793
1794
3846
3847
1800
3848
1801
3849
1802
1803
1804
3855
3856
1809
3857
1810
3858
1811
3859
1812
1813
3864
3865
1818
3866
1819
3867
1820
3868
1821
1822
3873
3874
1827
3875
1828
3876
1829
3877
1830
1831
3882
3883
3884
3885
3886
3891
3892
3893
3894
3895
3900
3901
3902
3903
3904
3910
3911
3912
3913
3920
3921
3922
3930
3931
3940
6000
6001
6002
6003
6010
6011
6012
6020
6021
6030
1939
1948
1949
1957
1958
1959
4009
1966
1967
1968
1969
4018
4019
1975
1976
1977
1978
1979
4027
4028
4029
1984
1985
1986
1987
1988
4036
4037
4038
4039
1993
1994
1995
1996
1997
4045
4046
4047
4048
4049
2002
2003
2004
2005
2006
4054
4055
4056
4057
4058
2011
2012
2013
2014
2015
4063
4064
4065
4066
4067
4072
4073
4074
4075
4076
4081
4082
4083
4084
4085
4090
4091
4092
4093
4094
)
)

// processor1

5005
(
1000
(
4100
4101
4102
4103
4110
4111
4112
4120
4121
4130
6200
6201
6202
6210
6211
2119
6220
2128
2129
2137
2138
2139
2146
2147
2148
2149
2155
2156
2157
2158
2159
4208
4209
2164
2165
2166
2167
2168
4217
4218
4219
2173
2174
2175
2176
2177
4226
4227
4228
4229
2182
2183
2184
2185
2186
4235
4236
4237
4238
2191
4239
2192
2193
2194
2195
4244
4245
4246
4247
2200
4248
2201
2202
2203
2204
4253
4254
4255
4256
4257
4262
4263
4264
4265
4266
4271
4272
4273
4274
4275
4280
4281
4282
4283
4284
4290
4291
4292
4293
4300
4301
4302
4310
4311
4320
2303
6400
6401
2312
2313
6410
2321
2322
2323
2330
2331
2332
2333
2339
2340
2341
2342
2343
2348
2349
2350
2351
2352
2357
2358
2359
4407
2360
4408
2361
4409
2366
2367
2368
4416
2369
4417
2370
4418
4419
2375
2376
2377
4425
2378
4426
2379
4427
4428
4429
2384
2385
2386
4434
2387
4435
2388
4436
4437
4438
2394
2395
4443
2396
4444
2397
4445
4446
4447
4452
4453
4454
4455
4456
4461
4462
4463
4464
4465
4470
4471
4472
4473
4474
4480
4481
4482
4483
4490
4491
4492
4500
4501
4510
2490
2499
2500
6600
2508
2509
2510
2517
2518
2519
2520
2526
2527
2528
2529
2530
2535
2536
2537
2538
2539
2544
2545
2546
2547
2548
2553
2554
2555
2556
2557
4606
4607
4608
4609
2562
2563
2564
2565
2566
4615
4616
4617
4618
2571
4619
2572
2573
2574
2575
4624
4625
4626
4627
4628
2581
2582
2583
2584
4633
4634
4635
4636
4637
2591
2592
2593
4642
4643
4644
4645
4646
4651
4652
4653
4654
4655
4660
4661
4662
4663
4664
4670
4671
4672
4673
4680
4681
4682
4690
4691
4700
2679
2688
2689
2697
2698
2699
2706
2707
2708
2709
2715
2716
2717
2718
2719
2724
2725
2726
2727
2728
2733
2734
2735
2736
2737
2742
2743
2744
2745
2746
2751
2752
2753
2754
2755
4805
4806
4807
2760
4808
2761
4809
2762
2763
2764
4814
4815
4816
4817
4818
2770
2771
2772
2773
4823
4824
4825
4826
4827
2780
2781
2782
4832
4833
4834
4835
4836
2790
2791
4841
4842
4843
4844
4845
4850
4851
4852
4853
4854
759
4860
4861
4862
4863
4870
4871
4872
4880
4881
4890
2869
2878
2879
2887
2888
2889
2896
2897
2898
2899
2905
2906
2907
2908
2909
2914
2915
2916
2917
2918
874
2923
2924
2925
2926
2927
883
2932
884
2933
2934
2935
2936
2941
2942
2943
2944
2945
2950
2951
2952
2953
2954
5004
5005
5006
5007
5008
2960
2961
2962
2963
5013
5014
5015
5016
5017
2970
2971
2972
5022
5023
5024
5025
5026
2980
2981
5031
5032
5033
5034
5035
2990
5040
5041
5042
5043
5044
5050
5051
5052
5053
5060
5061
5062
5070
5071
5080
999
1008
1009
3059
1017
1018
1019
3068
3069
3077
3078
3079
3086
3087
3088
3089
3095
3096
3097
3098
3099
3104
3105
3106
3107
3108
3113
3114
3115
3116
3117
3122
3123
3124
3125
3126
3131
3132
3133
3134
3135
3140
3141
3142
3143
3144
3150
3151
3152
3153
5203
5204
5205
5206
5207
3160
3161
3162
5212
5213
5214
5215
5216
3170
3171
5221
5222
5223
5224
5225
3180
5230
1134
5231
5232
5233
5234
1143
5240
1144
5241
5242
5243
1152
1153
5250
1154
5251
5252
1161
1162
1163
5260
1164
5261
5270
3249
3258
3259
3267
3268
3269
3276
3277
3278
3279
3285
3286
3287
3288
3289
3294
3295
3296
3297
3298
3303
3304
3305
3306
3307
3312
3313
3314
3315
3316
3321
3322
3323
3324
3325
1279
3330
3331
3332
3333
3334
1288
1289
3340
3341
3342
3343
1297
1298
1299
3350
3351
3352
5402
1306
5403
1307
5404
1308
5405
1309
5406
3360
3361
5411
1315
5412
1316
5413
1317
5414
1318
5415
1319
3370
5420
5421
5422
5423
5424
5430
5431
5432
5433
5440
5441
5442
5450
5451
5460
3439
3448
3449
3457
3458
3459
3466
3467
3468
3469
3475
3476
3477
3478
3479
1433
3484
3485
3486
3487
3488
1442
1443
3493
3494
3495
3496
3497
1451
1452
1453
3502
3503
3504
3505
3506
1460
1461
1462
1463
3511
3512
3513
3514
3515
1469
1470
1471
1472
3520
1473
3521
3522
3523
3524
1478
1479
1480
1481
1482
3530
3531
3532
3533
3540
3541
3542
3550
3551
5601
5602
5603
5604
5605
3560
5610
5611
5612
5613
5614
5620
5621
5622
5623
5630
5631
5632
5640
5641
5650
3629
3638
3639
1595
3647
3648
3649
1604
1605
3656
3657
3658
3659
1613
1614
1615
3665
3666
3667
3668
3669
1622
1623
1624
1625
3674
3675
3676
3677
3678
1631
1632
1633
1634
1635
3683
3684
3685
3686
3687
1640
1641
1642
1643
1644
3692
3693
3694
3695
3696
1649
1650
1651
1652
1653
3701
3702
3703
3704
3705
3710
3711
3712
3713
3714
3720
3721
3722
3723
3730
3731
3732
3740
3741
3750
5800
5801
5802
5803
5804
5810
5811
5812
5813
5820
5821
5822
5830
5831
5840
1764
3819
1773
1774
3828
3829
1782
1783
1784
3837
3838
1791
3839
1792
1793
1794
3846
3847
1800
3848
1801
3849
1802
1803
1804
3855
3856
1809
3857
1810
3858
1811
3859
1812
1813
3864
3865
1818
3866
1819
3867
1820
3868
1821
1822
3873
3874
1827
3875
1828
3876
1829
3877
1830
1831
3882
3883
3884
3885
3886
3891
3892
3893
3894
3895
3900
3901
3902
3903
3904
3910
3911
3912
3913
3920
3921
3922
3930
3931
3940
6000
6001
6002
6003
6010
6011
6012
6020
6021
6030
1939
1948
1949
1957
1958
1959
4009
1966
1967
1968
1969
4018
4019
1975
1976
1977
1978
1979
4027
4028
4029
1984
1985
1986
1987
1988
4036
4037
4038
4039
1993
1994
1995
1996
1997
4045
4046
4047
4048
4049
2002
2003
2004
2005
2006
4054
4055
4056
4057
4058
2011
2012
2013
2014
2015
4063
4064
4065
4066
4067
4072
4073
4074
4075
4076
4081
4082
4083
4084
4085
4090
4091
4092
4093
4094
)
)

// processor2

5005
(
1000
(
4100
4101
4102
4103
4110
4111
4112
4120
4121
4130
6200
6201
6202
6210
6211
2119
6220
2128
2129
2137
2138
2139
2146
2147
2148
2149
2155
2156
2157
2158
2159
4208
4209
2164
2165
2166
2167
2168
4217
4218
4219
2173
2174
2175
2176
2177
4226
4227
4228
4229
2182
2183
2184
2185
2186
4235
4236
4237
4238
2191
4239
2192
2193
2194
2195
4244
4245
4246
4247
2200
4248
2201
2202
2203
2204
4253
4254
4255
4256
4257
4262
4263
4264
4265
4266
4271
4272
4273
4274
4275
4280
4281
4282
4283
4284
4290
4291
4292
4293
4300
4301
4302
4310
4311
4320
2303
6400
6401
2312
2313
6410
2321
2322
2323
2330
2331
2332
2333
2339
2340
2341
2342
2343
2348
2349
2350
2351
2352
2357
2358
2359
4407
2360
4408
2361
4409
2366
2367
2368
4416
2369
4417
2370
4418
4419
2375
2376
2377
4425
2378
4426
2379
4427
4428
4429
2384
2385
2386
4434
2387
4435
2388
4436
4437
4438
2394
2395
4443
2396
4444
2397
4445
4446
4447
4452
4453
4454
4455
4456
4461
4462
4463
4464
4465
4470
4471
4472
4473
4474
4480
4481
4482
4483
4490
4491
4492
4500
4501
4510
2490
2499
2500
6600
2508
2509
2510
2517
2518
2519
2520
2526
2527
2528
2529
2530
2535
2536
2537
2538
2539
2544
2545
2546
2547
2548
2553
2554
2555
2556
2557
4606
4607
4608
4609
2562
2563
2564
2565
2566
4615
4616
4617
4618
2571
4619
2572
2573
2574
2575
4624
4625
4626
4627
4628
2581
2582
2583
2584
4633
4634
4635
4636
4637
2591
2592
2593
4642
4643
4644
4645
4646
4651
4652
4653
4654
4655
4660
4661
4662
4663
4664
4670
4671
4672
4673
4680
4681
4682
4690
4691
4700
2679
2688
2689
2697
2698
2699
2706
2707
2708
2709
2715
2716
2717
2718
2719
2724
2725
2726
2727
2728
2733
2734
2735
2736
2737
2742
2743
2744
2745
2746
2751
2752
2753
2754
2755
4805
4806
4807
2760
4808
2761
4809
2762
2763
2764
4814
4815
4816
4817
4818
2770
2771
2772
2773
4823
4824
4825
4826
4827
2780
2781
2782
4832
4833
4834
4835
4836
2790
2791
4841
4842
4843
4844
4845
4850
4851
4852
4853
4854
759
4860
4861
4862
4863
4870
4871
4872
4880
4881
4890
2869
2878
2879
2887
2888
2889
2896
2897
2898
2899
2905
2906
2907
2908
2909
2914
2915
2916
2917
2918
874
2923
2924
2925
2926
2927
883
2932
884
2933
2934
2935
2936
2941
2942
2943
2944
2945
2950
2951
2952
2953
2954
5004
5005
5006
5007
5008
2960
2961
2962
2963
5013
5014
5015
5016
5017
2970
2971
2972
5022
5023
5024
5025
5026
2980
2981
5031
5032
5033
5034
5035
2990
5040
5041
5042
5043
5044
5050
5051
5052
5053
5060
5061
5062
5070
5071
5080
999
1008
1009
3059
1017
1018
1019
3068
3069
3077
3078
3079
3086
3087
3088
3089
3095
3096
3097
3098
3099
3104
3105
3106
3107
3108
3113
3114
3115
3116
3117
3122
3123
3124
3125
3126
3131
3132
3133
3134
3135
3140
3141
3142
3143
3144
3150
3151
3152
3153
5203
5204
5205
5206
5207
3160
3161
3162
5212
5213
5214
5215
5216
3170
3171
5221
5222
5223
5224
5225
3180
5230
1134
5231
5232
5233
5234
1143
5240
1144
5241
5242
5243
1152
1153
5250
1154
5251
5252
1161
1162
1163
5260
1164
5261
5270
3249
3258
3259
3267
3268
3269
3276
3277
3278
3279
3285
3286
3287
3288
3289
3294
3295
3296
3297
3298
3303
3304
3305
3306
3307
3312
3313
3314
3315
3316
3321
3322
3323
3324
3325
1279
3330
3331
3332
3333
3334
1288
1289
3340
3341
3342
3343
1297
1298
1299
3350
3351
3352
5402
1306
5403
1307
5404
1308
5405
1309
5406
3360
3361
5411
1315
5412
1316
5413
1317
5414
1318
5415
1319
3370
5420
5421
5422
5423
5424
5430
5431
5432
5433
5440
5441
5442
5450
5451
5460
3439
3448
3449
3457
3458
3459
3466
3467
3468
3469
3475
3476
3477
3478
3479
1433
3484
3485
3486
3487
3488
1442
1443
3493
3494
3495
3496
3497
1451
1452
1453
3502
3503
3504
3505
3506
1460
1461
1462
1463
3511
3512
3513
3514
3515
1469
1470
1471
1472
3520
1473
3521
3522
3523
3524
1478
1479
1480
1481
1482
3530
3531
3532
3533
3540
3541
3542
3550
3551
5601
5602
5603
5604
5605
3560
5610
5611
5612
5613
5614
5620
5621
5622
5623
5630
5631
5632
5640
5641
5650
3629
3638
3639
1595
3647
3648
3649
1604
1605
3656
3657
3658
3659
1613
1614
1615
3665
3666
3667
3668
3669
1622
1623
1624
1625
3674
3675
3676
3677
3678
1631
1632
1633
1634
1635
3683
3684
3685
3686
3687
1640
1641
1642
1643
1644
3692
3693
3694
3695
3696
1649
1650
1651
1652
1653
3701
3702
3703
3704
3705
3710
3711
3712
3713
3714
3720
3721
3722
3723
3730
3731
3732
3740
3741
3750
5800
5801
5802
5803
5804
5810
5811
5812
5813
5820
5821
5822
5830
5831
5840
1764
3819
1773
1774
3828
3829
1782
1783
1784
3837
3838
1791
3839
1792
1793
1794
3846
3847
1800
3848
1801
3849
1802
1803
1804
3855
3856
1809
3857
1810
3858
1811
3859
1812
1813
3864
3865
1818
3866
1819
3867
1820
3868
1821
1822
3873
3874
1827
3875
1828
3876
1829
3877
1830
1831
3882
3883
3884
3885
3886
3891
3892
3893
3894
3895
3900
3901
3902
3903
3904
3910
3911
3912
3913
3920
3921
3922
3930
3931
3940
6000
6001
6002
6003
6010
6011
6012
6020
6021
6030
1939
1948
1949
1957
1958
1959
4009
1966
1967
1968
1969
4018
4019
1975
1976
1977
1978
1979
4027
4028
4029
1984
1985
1986
1987
1988
4036
4037
4038
4039
1993
1994
1995
1996
1997
4045
4046
4047
4048
4049
2002
2003
2004
2005
2006
4054
4055
4056
4057
4058
2011
2012
2013
2014
2015
4063
4064
4065
4066
4067
4072
4073
4074
4075
4076
4081
4082
4083
4084
4085
4090
4091
4092
4093
4094
)
)

// processor3

5005
(
1000
(
4100
4101
4102
4103
4110
4111
4112
4120
4121
4130
6200
6201
6202
6210
6211
2119
6220
2128
2129
2137
2138
2139
2146
2147
2148
2149
2155
2156
2157
2158
2159
4208
4209
2164
2165
2166
2167
2168
4217
4218
4219
2173
2174
2175
2176
2177
4226
4227
4228
4229
2182
2183
2184
2185
2186
4235
4236
4237
4238
2191
4239
2192
2193
2194
2195
4244
4245
4246
4247
2200
4248
2201
2202
2203
2204
4253
4254
4255
4256
4257
4262
4263
4264
4265
4266
4271
4272
4273
4274
4275
4280
4281
4282
4283
4284
4290
4291
4292
4293
4300
4301
4302
4310
4311
4320
2303
6400
6401
2312
2313
6410
2321
2322
2323
2330
2331
2332
2333
2339
2340
2341
2342
2343
2348
2349
2350
2351
2352
2357
2358
2359
4407
2360
4408
2361
4409
2366
2367
2368
4416
2369
4417
2370
4418
4419
2375
2376
2377
4425
2378
4426
2379
4427
4428
4429
2384
2385
2386
4434
2387
4435
2388
4436
4437
4438
2394
2395
4443
2396
4444
2397
4445
4446
4447
4452
4453
4454
4455
4456
4461
4462
4463
4464
4465
4470
4471
4472
4473
4474
4480
4481
4482
4483
4490
4491
4492
4500
4501
4510
2490
2499
2500
6600
2508
2509
2510
2517
2518
2519
2520
2526
2527
2528
2529
2530
2535
2536
2537
2538
2539
2544
2545
2546
2547
2548
2553
2554
2555
2556
2557
4606
4607
4608
4609
2562
2563
2564
2565
2566
4615
4616
4617
4618
2571
4619
2572
2573
2574
2575
4624
4625
4626
4627
4628
2581
2582
2583
2584
4633
4634
4635
4636
4637
2591
2592
2593
4642
4643
4644
4645
4646
4651
4652
4653
4654
4655
4660
4661
4662
4663
4664
4670
4671
4672
4673
4680
4681
4682
4690
4691
4700
2679
2688
2689
2697
2698
2699
2706
2707
2708
2709
2715
2716
2717
2718
2719
2724
2725
2726
2727
2728
2733
2734
2735
2736
2737
2742
2743
2744
2745
2746
2751
2752
2753
2754
2755
4805
4806
4807
2760
4808
2761
4809
2762
2763
2764
4814
4815
4816
4817
4818
2770
2771
2772
2773
4823
4824
4825
4826
4827
2780
2781
2782
4832
4833
4834
4835
4836
2790
2791
4841
4842
4843
4844
4845
4850
4851
4852
4853
4854
759
4860
4861
4862
4863
4870
4871
4872
4880
4881
4890
2869
2878
2879
2887
2888
2889
2896
2897
2898
2899
2905
2906
2907
2908
2909
2914
2915
2916
2917
2918
874
2923
2924
2925
2926
2927
883
2932
884
2933
2934
2935
2936
2941
2942
2943
2944
2945
2950
2951
2952
2953
2954
5004
5005
5006
5007
5008
2960
2961
2962
2963
5013
5014
5015
5016
5017
2970
2971
2972
5022
5023
5024
5025
5026
2980
2981
5031
5032
5033
5034
5035
2990
5040
5041
5042
5043
5044
5050
5051
5052
5053
5060
5061
5062
5070
5071
5080
999
1008
1009
3059
1017
1018
1019
3068
3069
3077
3078
3079
3086
3087
3088
3089
3095
3096
3097
3098
3099
3104
3105
3106
3107
3108
3113
3114
3115
3116
3117
3122
3123
3124
3125
3126
3131
3132
3133
3134
3135
3140
3141
3142
3143
3144
3150
3151
3152
3153
5203
5204
5205
5206
5207
3160
3161
3162
5212
5213
5214
5215
5216
3170
3171
5221
5222
5223
5224
5225
3180
5230
1134
5231
5232
5233
5234
1143
5240
1144
5241
5242
5243
1152
1153
5250
1154
5251
5252
1161
1162
1163
5260
1164
5261
5270
3249
3258
3259
3267
3268
3269
3276
3277
3278
3279
3285
3286
3287
3288
3289
3294
3295
3296
3297
3298
3303
3304
3305
3306
3307
3312
3313
3314
3315
3316
3321
3322
3323
3324
3325
1279
3330
3331
3332
3333
3334
1288
1289
3340
3341
3342
3343
1297
1298
1299
3350
3351
3352
5402
1306
5403
1307
5404
1308
5405
1309
5406
3360
3361
5411
1315
5412
1316
5413
1317
5414
1318
5415
1319
3370
5420
5421
5422
5423
5424
5430
5431
5432
5433
5440
5441
5442
5450
5451
5460
3439
3448
3449
3457
3458
3459
3466
3467
3468
3469
3475
3476
3477
3478
3479
1433
3484
3485
3486
3487
3488
1442
1443
3493
3494
3495
3496
3497
1451
1452
1453
3502
3503
3504
3505
3506
1460
1461
1462
1463
3511
3512
3513
3514
3515
1469
1470
1471
1472
3520
1473
3521
3522
3523
3524
1478
1479
1480
1481
1482
3530
3531
3532
3533
3540
3541
3542
3550
3551
5601
5602
5603
5604
5605
3560
5610
5611
5612
5613
5614
5620
5621
5622
5623
5630
5631
5632
5640
5641
5650
3629
3638
3639
1595
3647
3648
3649
1604
1605
3656
3657
3658
3659
1613
1614
1615
3665
3666
3667
3668
3669
1622
1623
1624
1625
3674
3675
3676
3677
3678
1631
1632
1633
1634
1635
3683
3684
3685
3686
3687
1640
1641
1642
1643
1644
3692
3693
3694
3695
3696
1649
1650
1651
1652
1653
3701
3702
3703
3704
3705
3710
3711
3712
3713
3714
3720
3721
3722
3723
3730
3731
3732
3740
3741
3750
5800
5801
5802
5803
5804
5810
5811
5812
5813
5820
5821
5822
5830
5831
5840
1764
3819
1773
1774
3828
3829
1782
1783
1784
3837
3838
1791
3839
1792
1793
1794
3846
3847
1800
3848
1801
3849
1802
1803
1804
3855
3856
1809
3857
1810
3858
1811
3859
1812
1813
3864
3865
1818
3866
1819
3867
1820
3868
1821
1822
3873
3874
1827
3875
1828
3876
1829
3877
1830
1831
3882
3883
3884
3885
3886
3891
3892
3893
3894
3895
3900
3901
3902
3903
3904
3910
3911
3912
3913
3920
3921
3922
3930
3931
3940
6000
6001
6002
6003
6010
6011
6012
6020
6021
6030
1939
1948
1949
1957
1958
1959
4009
1966
1967
1968
1969
4018
4019
1975
1976
1977
1978
1979
4027
4028
4029
1984
1985
1986
1987
1988
4036
4037
4038
4039
1993
1994
1995
1996
1997
4045
4046
4047
4048
4049
2002
2003
2004
2005
2006
4054
4055
4056
4057
4058
2011
2012
2013
2014
2015
4063
4064
4065
4066
4067
4072
4073
4074
4075
4076
4081
4082
4083
4084
4085
4090
4091
4092
4093
4094
)
)

// processor4

3
(0())

// processor5

3
(0())

// processor6

3
(0())

// processor7

3
(0())
