/*--------------------------------*- C++ -*----------------------------------*\
| =========                 |                                                 |
| \\      /  F ield         | OpenFOAM: The Open Source CFD Toolbox           |
|  \\    /   O peration     | Version:  2306                                  |
|   \\  /    A nd           | Website:  www.openfoam.com                      |
|    \\/     M anipulation  |                                                 |
\*---------------------------------------------------------------------------*/
FoamFile
{
    version     2.0;
    format      binary;
    arch        "LSB;label=32;scalar=64";
    class       decomposedBlockData;
    location    "constant/polyMesh/sets";
    object      cchannel;
    data.format ascii;
    data.class  cellSet;
}
// * * * * * * * * * * * * * * * * * * * * * * * * * * * * * * * * * * * * * //


// processor0

5082
(FoamFile
{
    version     2.0;
    format      ascii;
    arch        "LSB;label=32;scalar=64";
    class       cellSet;
    location    "constant/polyMesh/sets";
    object      cchannel;
}

1000
(
2064
2065
2066
2067
2068
2069
2073
2074
2075
2076
2077
2078
2079
2082
2083
2084
2085
2086
2087
2088
2089
2091
2092
2093
2094
2095
2096
2097
2098
2099
2100
2101
2102
2103
2104
2105
2106
2107
2108
2109
2110
2111
2112
2113
2114
2115
2116
2117
2118
2120
2121
2122
2123
2124
2125
2126
2127
2130
2131
2132
2133
2134
2135
2136
2140
2141
2142
2143
2144
2145
2150
2151
2152
2153
2154
4250
4251
4252
4260
4261
4270
2257
2258
2259
2260
2261
2262
2263
2266
2267
2268
2269
2270
2271
2272
2273
2275
2276
2277
2278
2279
2280
2281
2282
2283
2284
2285
2286
2287
240
2288
2289
2290
2291
2292
2293
2294
2295
2296
2297
2298
2299
2300
2301
2302
2304
2305
2306
2307
2308
2309
2310
2311
2314
2315
2316
2317
2318
2319
2320
2324
2325
2326
2327
2328
2329
2334
2335
2336
2337
2338
2344
2345
2346
2347
305
311
312
4450
4451
4460
380
386
387
393
394
395
2453
2454
2455
2456
2457
2458
2459
2460
2462
2463
2464
2465
2466
2467
2468
2469
2470
2471
2472
2473
2474
2475
2476
2477
2478
2479
2480
2481
2482
2483
2484
2485
2486
2487
2488
2489
2491
2492
2493
2494
2495
2496
2497
2498
2501
2502
2503
2504
2505
2506
2507
2511
2512
465
2513
2514
2515
2516
471
472
2521
2522
2523
2524
2525
478
479
480
2531
2532
2533
486
2534
487
488
489
2541
2542
2543
4650
560
566
567
573
574
575
581
582
583
584
590
591
592
593
594
2651
2652
2653
2654
2655
2656
2657
2658
2659
2660
2661
2662
2663
2664
2665
2666
2667
2668
2669
2670
2671
2672
2673
2674
2675
2676
2677
2678
2680
2681
2682
2683
2684
2685
2686
2687
2690
2691
2692
2693
2694
2695
2696
2700
2701
2702
2703
2704
2705
2710
2711
2712
665
2713
2714
671
672
2720
2721
2722
2723
678
679
680
2730
2731
2732
686
687
688
689
2740
2741
695
696
697
698
699
704
705
706
707
708
709
780
786
787
793
794
795
801
802
2850
803
2851
804
2852
2853
2854
2855
2856
2857
810
2858
811
2859
812
2860
813
2861
814
2862
2863
2864
2865
2866
819
2867
820
2868
821
822
2870
823
2871
824
2872
2873
2874
2875
828
2876
829
2877
830
831
832
2880
833
2881
834
2882
2883
2884
2885
2886
2890
2891
2892
2893
2894
2895
2900
2901
2902
2903
2904
2910
2911
2912
2913
2920
2921
2922
2930
2931
2940
905
911
912
918
919
920
926
927
928
929
935
936
937
938
939
944
945
946
947
948
949
953
954
955
956
957
958
959
962
963
964
965
966
967
968
969
3050
3051
3052
3053
3054
3055
3056
3057
3058
3060
3061
3062
3063
3064
3065
3066
3067
3070
3071
3072
3073
3074
3075
3076
3080
3081
3082
3083
3084
3085
1040
3090
3091
3092
3093
3094
1046
1047
3100
3101
1053
3102
1054
3103
1055
1061
3110
1062
3111
1063
3112
1064
1070
1071
3120
1072
3121
1073
1074
1079
1080
1081
3130
1082
1083
1084
1088
1089
1090
1091
1092
1093
1094
1097
1098
1099
1100
1101
1102
1103
1104
1106
1107
1108
1109
1110
1111
1112
1113
1114
1185
1191
1192
1198
1199
1200
3250
3251
3252
3253
3254
1206
3255
1207
3256
1208
3257
1209
3260
3261
3262
3263
1215
3264
1216
3265
1217
3266
1218
1219
3270
3271
3272
1224
3273
1225
3274
1226
3275
1227
1228
1229
3280
3281
1233
3282
1234
3283
1235
3284
1236
1237
1238
1239
3290
1242
3291
1243
3292
1244
3293
1245
1246
1247
1248
1249
1251
3300
1252
3301
1253
3302
1254
1255
1256
1257
1258
1259
1260
1261
3310
1262
3311
1263
1264
1265
1266
1267
1268
1269
3320
1345
1346
1352
1353
1354
1360
1361
1362
1363
1369
1370
1371
1372
1373
1378
1379
1380
1381
1382
1383
1387
1388
1389
1390
1391
1392
1393
1396
1397
1398
1399
1400
1401
3450
1402
3451
1403
3452
3453
1405
3454
1406
3455
1407
3456
1408
1409
1410
1411
3460
1412
3461
1413
3462
1414
3463
1415
3464
1416
3465
1417
1418
1419
1420
1421
3470
1422
3471
1423
3472
1424
3473
1425
3474
1426
1427
1428
1429
1430
1431
3480
1432
3481
3482
3483
3490
3491
3492
3500
3501
3510
1514
1515
1516
1522
1523
1524
1525
1531
1532
1533
1534
1535
1540
1541
1542
1543
1544
1545
1549
1550
1551
1552
1553
1554
1555
1558
1559
1560
1561
1562
1563
1564
1565
1567
1568
1569
1570
1571
1572
1573
1574
1575
1576
1577
1578
1579
1580
1581
1582
1583
1584
1585
1586
1587
1588
1589
1590
1591
1592
1593
1594
1596
1597
1598
1599
1600
1601
3650
1602
3651
1603
3652
3653
3654
3655
3660
3661
3662
3663
3664
3670
3671
3672
3673
3680
3681
3682
3690
3691
3700
1691
1692
1693
1694
1700
1701
1702
1703
1704
1709
1710
1711
1712
1713
1714
1718
1719
1720
1721
1722
1723
1724
1727
1728
1729
1730
1731
1732
1733
1734
1736
1737
1738
1739
1740
1741
1742
1743
1744
1745
1746
1747
1748
1749
1750
1751
1752
1753
1754
1755
1756
1757
1758
1759
1760
1761
1762
1763
1765
1766
1767
1768
1769
1770
1771
1772
1775
1776
1777
1778
1779
1780
1781
3850
3851
3852
3853
3854
3860
3861
3862
3863
3870
3871
3872
3880
3881
3890
1875
1876
1877
1878
1879
1884
1885
1886
1887
1888
1889
1893
1894
1895
1896
1897
1898
1899
1902
1903
1904
1905
1906
1907
1908
1909
1911
1912
1913
1914
1915
1916
1917
1918
1919
1920
1921
1922
1923
1924
1925
1926
1927
1928
1929
1930
1931
1932
1933
1934
1935
1936
1937
1938
1940
1941
1942
1943
1944
1945
1946
1947
1950
1951
1952
1953
1954
1955
1956
1960
1961
1962
1963
1964
1965
4050
4051
4052
4053
4060
4061
4062
4070
4071
4080
)
)

// processor1

4890
(
1000
(
2064
2065
2066
2067
2068
2069
2073
2074
2075
2076
2077
2078
2079
2082
2083
2084
2085
2086
2087
2088
2089
2091
2092
2093
2094
2095
2096
2097
2098
2099
2100
2101
2102
2103
2104
2105
2106
2107
2108
2109
2110
2111
2112
2113
2114
2115
2116
2117
2118
2120
2121
2122
2123
2124
2125
2126
2127
2130
2131
2132
2133
2134
2135
2136
2140
2141
2142
2143
2144
2145
2150
2151
2152
2153
2154
4250
4251
4252
4260
4261
4270
2257
2258
2259
2260
2261
2262
2263
2266
2267
2268
2269
2270
2271
2272
2273
2275
2276
2277
2278
2279
2280
2281
2282
2283
2284
2285
2286
2287
240
2288
2289
2290
2291
2292
2293
2294
2295
2296
2297
2298
2299
2300
2301
2302
2304
2305
2306
2307
2308
2309
2310
2311
2314
2315
2316
2317
2318
2319
2320
2324
2325
2326
2327
2328
2329
2334
2335
2336
2337
2338
2344
2345
2346
2347
305
311
312
4450
4451
4460
380
386
387
393
394
395
2453
2454
2455
2456
2457
2458
2459
2460
2462
2463
2464
2465
2466
2467
2468
2469
2470
2471
2472
2473
2474
2475
2476
2477
2478
2479
2480
2481
2482
2483
2484
2485
2486
2487
2488
2489
2491
2492
2493
2494
2495
2496
2497
2498
2501
2502
2503
2504
2505
2506
2507
2511
2512
465
2513
2514
2515
2516
471
472
2521
2522
2523
2524
2525
478
479
480
2531
2532
2533
486
2534
487
488
489
2541
2542
2543
4650
560
566
567
573
574
575
581
582
583
584
590
591
592
593
594
2651
2652
2653
2654
2655
2656
2657
2658
2659
2660
2661
2662
2663
2664
2665
2666
2667
2668
2669
2670
2671
2672
2673
2674
2675
2676
2677
2678
2680
2681
2682
2683
2684
2685
2686
2687
2690
2691
2692
2693
2694
2695
2696
2700
2701
2702
2703
2704
2705
2710
2711
2712
665
2713
2714
671
672
2720
2721
2722
2723
678
679
680
2730
2731
2732
686
687
688
689
2740
2741
695
696
697
698
699
704
705
706
707
708
709
780
786
787
793
794
795
801
802
2850
803
2851
804
2852
2853
2854
2855
2856
2857
810
2858
811
2859
812
2860
813
2861
814
2862
2863
2864
2865
2866
819
2867
820
2868
821
822
2870
823
2871
824
2872
2873
2874
2875
828
2876
829
2877
830
831
832
2880
833
2881
834
2882
2883
2884
2885
2886
2890
2891
2892
2893
2894
2895
2900
2901
2902
2903
2904
2910
2911
2912
2913
2920
2921
2922
2930
2931
2940
905
911
912
918
919
920
926
927
928
929
935
936
937
938
939
944
945
946
947
948
949
953
954
955
956
957
958
959
962
963
964
965
966
967
968
969
3050
3051
3052
3053
3054
3055
3056
3057
3058
3060
3061
3062
3063
3064
3065
3066
3067
3070
3071
3072
3073
3074
3075
3076
3080
3081
3082
3083
3084
3085
1040
3090
3091
3092
3093
3094
1046
1047
3100
3101
1053
3102
1054
3103
1055
1061
3110
1062
3111
1063
3112
1064
1070
1071
3120
1072
3121
1073
1074
1079
1080
1081
3130
1082
1083
1084
1088
1089
1090
1091
1092
1093
1094
1097
1098
1099
1100
1101
1102
1103
1104
1106
1107
1108
1109
1110
1111
1112
1113
1114
1185
1191
1192
1198
1199
1200
3250
3251
3252
3253
3254
1206
3255
1207
3256
1208
3257
1209
3260
3261
3262
3263
1215
3264
1216
3265
1217
3266
1218
1219
3270
3271
3272
1224
3273
1225
3274
1226
3275
1227
1228
1229
3280
3281
1233
3282
1234
3283
1235
3284
1236
1237
1238
1239
3290
1242
3291
1243
3292
1244
3293
1245
1246
1247
1248
1249
1251
3300
1252
3301
1253
3302
1254
1255
1256
1257
1258
1259
1260
1261
3310
1262
3311
1263
1264
1265
1266
1267
1268
1269
3320
1345
1346
1352
1353
1354
1360
1361
1362
1363
1369
1370
1371
1372
1373
1378
1379
1380
1381
1382
1383
1387
1388
1389
1390
1391
1392
1393
1396
1397
1398
1399
1400
1401
3450
1402
3451
1403
3452
3453
1405
3454
1406
3455
1407
3456
1408
1409
1410
1411
3460
1412
3461
1413
3462
1414
3463
1415
3464
1416
3465
1417
1418
1419
1420
1421
3470
1422
3471
1423
3472
1424
3473
1425
3474
1426
1427
1428
1429
1430
1431
3480
1432
3481
3482
3483
3490
3491
3492
3500
3501
3510
1514
1515
1516
1522
1523
1524
1525
1531
1532
1533
1534
1535
1540
1541
1542
1543
1544
1545
1549
1550
1551
1552
1553
1554
1555
1558
1559
1560
1561
1562
1563
1564
1565
1567
1568
1569
1570
1571
1572
1573
1574
1575
1576
1577
1578
1579
1580
1581
1582
1583
1584
1585
1586
1587
1588
1589
1590
1591
1592
1593
1594
1596
1597
1598
1599
1600
1601
3650
1602
3651
1603
3652
3653
3654
3655
3660
3661
3662
3663
3664
3670
3671
3672
3673
3680
3681
3682
3690
3691
3700
1691
1692
1693
1694
1700
1701
1702
1703
1704
1709
1710
1711
1712
1713
1714
1718
1719
1720
1721
1722
1723
1724
1727
1728
1729
1730
1731
1732
1733
1734
1736
1737
1738
1739
1740
1741
1742
1743
1744
1745
1746
1747
1748
1749
1750
1751
1752
1753
1754
1755
1756
1757
1758
1759
1760
1761
1762
1763
1765
1766
1767
1768
1769
1770
1771
1772
1775
1776
1777
1778
1779
1780
1781
3850
3851
3852
3853
3854
3860
3861
3862
3863
3870
3871
3872
3880
3881
3890
1875
1876
1877
1878
1879
1884
1885
1886
1887
1888
1889
1893
1894
1895
1896
1897
1898
1899
1902
1903
1904
1905
1906
1907
1908
1909
1911
1912
1913
1914
1915
1916
1917
1918
1919
1920
1921
1922
1923
1924
1925
1926
1927
1928
1929
1930
1931
1932
1933
1934
1935
1936
1937
1938
1940
1941
1942
1943
1944
1945
1946
1947
1950
1951
1952
1953
1954
1955
1956
1960
1961
1962
1963
1964
1965
4050
4051
4052
4053
4060
4061
4062
4070
4071
4080
)
)

// processor2

4890
(
1000
(
2064
2065
2066
2067
2068
2069
2073
2074
2075
2076
2077
2078
2079
2082
2083
2084
2085
2086
2087
2088
2089
2091
2092
2093
2094
2095
2096
2097
2098
2099
2100
2101
2102
2103
2104
2105
2106
2107
2108
2109
2110
2111
2112
2113
2114
2115
2116
2117
2118
2120
2121
2122
2123
2124
2125
2126
2127
2130
2131
2132
2133
2134
2135
2136
2140
2141
2142
2143
2144
2145
2150
2151
2152
2153
2154
4250
4251
4252
4260
4261
4270
2257
2258
2259
2260
2261
2262
2263
2266
2267
2268
2269
2270
2271
2272
2273
2275
2276
2277
2278
2279
2280
2281
2282
2283
2284
2285
2286
2287
240
2288
2289
2290
2291
2292
2293
2294
2295
2296
2297
2298
2299
2300
2301
2302
2304
2305
2306
2307
2308
2309
2310
2311
2314
2315
2316
2317
2318
2319
2320
2324
2325
2326
2327
2328
2329
2334
2335
2336
2337
2338
2344
2345
2346
2347
305
311
312
4450
4451
4460
380
386
387
393
394
395
2453
2454
2455
2456
2457
2458
2459
2460
2462
2463
2464
2465
2466
2467
2468
2469
2470
2471
2472
2473
2474
2475
2476
2477
2478
2479
2480
2481
2482
2483
2484
2485
2486
2487
2488
2489
2491
2492
2493
2494
2495
2496
2497
2498
2501
2502
2503
2504
2505
2506
2507
2511
2512
465
2513
2514
2515
2516
471
472
2521
2522
2523
2524
2525
478
479
480
2531
2532
2533
486
2534
487
488
489
2541
2542
2543
4650
560
566
567
573
574
575
581
582
583
584
590
591
592
593
594
2651
2652
2653
2654
2655
2656
2657
2658
2659
2660
2661
2662
2663
2664
2665
2666
2667
2668
2669
2670
2671
2672
2673
2674
2675
2676
2677
2678
2680
2681
2682
2683
2684
2685
2686
2687
2690
2691
2692
2693
2694
2695
2696
2700
2701
2702
2703
2704
2705
2710
2711
2712
665
2713
2714
671
672
2720
2721
2722
2723
678
679
680
2730
2731
2732
686
687
688
689
2740
2741
695
696
697
698
699
704
705
706
707
708
709
780
786
787
793
794
795
801
802
2850
803
2851
804
2852
2853
2854
2855
2856
2857
810
2858
811
2859
812
2860
813
2861
814
2862
2863
2864
2865
2866
819
2867
820
2868
821
822
2870
823
2871
824
2872
2873
2874
2875
828
2876
829
2877
830
831
832
2880
833
2881
834
2882
2883
2884
2885
2886
2890
2891
2892
2893
2894
2895
2900
2901
2902
2903
2904
2910
2911
2912
2913
2920
2921
2922
2930
2931
2940
905
911
912
918
919
920
926
927
928
929
935
936
937
938
939
944
945
946
947
948
949
953
954
955
956
957
958
959
962
963
964
965
966
967
968
969
3050
3051
3052
3053
3054
3055
3056
3057
3058
3060
3061
3062
3063
3064
3065
3066
3067
3070
3071
3072
3073
3074
3075
3076
3080
3081
3082
3083
3084
3085
1040
3090
3091
3092
3093
3094
1046
1047
3100
3101
1053
3102
1054
3103
1055
1061
3110
1062
3111
1063
3112
1064
1070
1071
3120
1072
3121
1073
1074
1079
1080
1081
3130
1082
1083
1084
1088
1089
1090
1091
1092
1093
1094
1097
1098
1099
1100
1101
1102
1103
1104
1106
1107
1108
1109
1110
1111
1112
1113
1114
1185
1191
1192
1198
1199
1200
3250
3251
3252
3253
3254
1206
3255
1207
3256
1208
3257
1209
3260
3261
3262
3263
1215
3264
1216
3265
1217
3266
1218
1219
3270
3271
3272
1224
3273
1225
3274
1226
3275
1227
1228
1229
3280
3281
1233
3282
1234
3283
1235
3284
1236
1237
1238
1239
3290
1242
3291
1243
3292
1244
3293
1245
1246
1247
1248
1249
1251
3300
1252
3301
1253
3302
1254
1255
1256
1257
1258
1259
1260
1261
3310
1262
3311
1263
1264
1265
1266
1267
1268
1269
3320
1345
1346
1352
1353
1354
1360
1361
1362
1363
1369
1370
1371
1372
1373
1378
1379
1380
1381
1382
1383
1387
1388
1389
1390
1391
1392
1393
1396
1397
1398
1399
1400
1401
3450
1402
3451
1403
3452
3453
1405
3454
1406
3455
1407
3456
1408
1409
1410
1411
3460
1412
3461
1413
3462
1414
3463
1415
3464
1416
3465
1417
1418
1419
1420
1421
3470
1422
3471
1423
3472
1424
3473
1425
3474
1426
1427
1428
1429
1430
1431
3480
1432
3481
3482
3483
3490
3491
3492
3500
3501
3510
1514
1515
1516
1522
1523
1524
1525
1531
1532
1533
1534
1535
1540
1541
1542
1543
1544
1545
1549
1550
1551
1552
1553
1554
1555
1558
1559
1560
1561
1562
1563
1564
1565
1567
1568
1569
1570
1571
1572
1573
1574
1575
1576
1577
1578
1579
1580
1581
1582
1583
1584
1585
1586
1587
1588
1589
1590
1591
1592
1593
1594
1596
1597
1598
1599
1600
1601
3650
1602
3651
1603
3652
3653
3654
3655
3660
3661
3662
3663
3664
3670
3671
3672
3673
3680
3681
3682
3690
3691
3700
1691
1692
1693
1694
1700
1701
1702
1703
1704
1709
1710
1711
1712
1713
1714
1718
1719
1720
1721
1722
1723
1724
1727
1728
1729
1730
1731
1732
1733
1734
1736
1737
1738
1739
1740
1741
1742
1743
1744
1745
1746
1747
1748
1749
1750
1751
1752
1753
1754
1755
1756
1757
1758
1759
1760
1761
1762
1763
1765
1766
1767
1768
1769
1770
1771
1772
1775
1776
1777
1778
1779
1780
1781
3850
3851
3852
3853
3854
3860
3861
3862
3863
3870
3871
3872
3880
3881
3890
1875
1876
1877
1878
1879
1884
1885
1886
1887
1888
1889
1893
1894
1895
1896
1897
1898
1899
1902
1903
1904
1905
1906
1907
1908
1909
1911
1912
1913
1914
1915
1916
1917
1918
1919
1920
1921
1922
1923
1924
1925
1926
1927
1928
1929
1930
1931
1932
1933
1934
1935
1936
1937
1938
1940
1941
1942
1943
1944
1945
1946
1947
1950
1951
1952
1953
1954
1955
1956
1960
1961
1962
1963
1964
1965
4050
4051
4052
4053
4060
4061
4062
4070
4071
4080
)
)

// processor3

4890
(
1000
(
2064
2065
2066
2067
2068
2069
2073
2074
2075
2076
2077
2078
2079
2082
2083
2084
2085
2086
2087
2088
2089
2091
2092
2093
2094
2095
2096
2097
2098
2099
2100
2101
2102
2103
2104
2105
2106
2107
2108
2109
2110
2111
2112
2113
2114
2115
2116
2117
2118
2120
2121
2122
2123
2124
2125
2126
2127
2130
2131
2132
2133
2134
2135
2136
2140
2141
2142
2143
2144
2145
2150
2151
2152
2153
2154
4250
4251
4252
4260
4261
4270
2257
2258
2259
2260
2261
2262
2263
2266
2267
2268
2269
2270
2271
2272
2273
2275
2276
2277
2278
2279
2280
2281
2282
2283
2284
2285
2286
2287
240
2288
2289
2290
2291
2292
2293
2294
2295
2296
2297
2298
2299
2300
2301
2302
2304
2305
2306
2307
2308
2309
2310
2311
2314
2315
2316
2317
2318
2319
2320
2324
2325
2326
2327
2328
2329
2334
2335
2336
2337
2338
2344
2345
2346
2347
305
311
312
4450
4451
4460
380
386
387
393
394
395
2453
2454
2455
2456
2457
2458
2459
2460
2462
2463
2464
2465
2466
2467
2468
2469
2470
2471
2472
2473
2474
2475
2476
2477
2478
2479
2480
2481
2482
2483
2484
2485
2486
2487
2488
2489
2491
2492
2493
2494
2495
2496
2497
2498
2501
2502
2503
2504
2505
2506
2507
2511
2512
465
2513
2514
2515
2516
471
472
2521
2522
2523
2524
2525
478
479
480
2531
2532
2533
486
2534
487
488
489
2541
2542
2543
4650
560
566
567
573
574
575
581
582
583
584
590
591
592
593
594
2651
2652
2653
2654
2655
2656
2657
2658
2659
2660
2661
2662
2663
2664
2665
2666
2667
2668
2669
2670
2671
2672
2673
2674
2675
2676
2677
2678
2680
2681
2682
2683
2684
2685
2686
2687
2690
2691
2692
2693
2694
2695
2696
2700
2701
2702
2703
2704
2705
2710
2711
2712
665
2713
2714
671
672
2720
2721
2722
2723
678
679
680
2730
2731
2732
686
687
688
689
2740
2741
695
696
697
698
699
704
705
706
707
708
709
780
786
787
793
794
795
801
802
2850
803
2851
804
2852
2853
2854
2855
2856
2857
810
2858
811
2859
812
2860
813
2861
814
2862
2863
2864
2865
2866
819
2867
820
2868
821
822
2870
823
2871
824
2872
2873
2874
2875
828
2876
829
2877
830
831
832
2880
833
2881
834
2882
2883
2884
2885
2886
2890
2891
2892
2893
2894
2895
2900
2901
2902
2903
2904
2910
2911
2912
2913
2920
2921
2922
2930
2931
2940
905
911
912
918
919
920
926
927
928
929
935
936
937
938
939
944
945
946
947
948
949
953
954
955
956
957
958
959
962
963
964
965
966
967
968
969
3050
3051
3052
3053
3054
3055
3056
3057
3058
3060
3061
3062
3063
3064
3065
3066
3067
3070
3071
3072
3073
3074
3075
3076
3080
3081
3082
3083
3084
3085
1040
3090
3091
3092
3093
3094
1046
1047
3100
3101
1053
3102
1054
3103
1055
1061
3110
1062
3111
1063
3112
1064
1070
1071
3120
1072
3121
1073
1074
1079
1080
1081
3130
1082
1083
1084
1088
1089
1090
1091
1092
1093
1094
1097
1098
1099
1100
1101
1102
1103
1104
1106
1107
1108
1109
1110
1111
1112
1113
1114
1185
1191
1192
1198
1199
1200
3250
3251
3252
3253
3254
1206
3255
1207
3256
1208
3257
1209
3260
3261
3262
3263
1215
3264
1216
3265
1217
3266
1218
1219
3270
3271
3272
1224
3273
1225
3274
1226
3275
1227
1228
1229
3280
3281
1233
3282
1234
3283
1235
3284
1236
1237
1238
1239
3290
1242
3291
1243
3292
1244
3293
1245
1246
1247
1248
1249
1251
3300
1252
3301
1253
3302
1254
1255
1256
1257
1258
1259
1260
1261
3310
1262
3311
1263
1264
1265
1266
1267
1268
1269
3320
1345
1346
1352
1353
1354
1360
1361
1362
1363
1369
1370
1371
1372
1373
1378
1379
1380
1381
1382
1383
1387
1388
1389
1390
1391
1392
1393
1396
1397
1398
1399
1400
1401
3450
1402
3451
1403
3452
3453
1405
3454
1406
3455
1407
3456
1408
1409
1410
1411
3460
1412
3461
1413
3462
1414
3463
1415
3464
1416
3465
1417
1418
1419
1420
1421
3470
1422
3471
1423
3472
1424
3473
1425
3474
1426
1427
1428
1429
1430
1431
3480
1432
3481
3482
3483
3490
3491
3492
3500
3501
3510
1514
1515
1516
1522
1523
1524
1525
1531
1532
1533
1534
1535
1540
1541
1542
1543
1544
1545
1549
1550
1551
1552
1553
1554
1555
1558
1559
1560
1561
1562
1563
1564
1565
1567
1568
1569
1570
1571
1572
1573
1574
1575
1576
1577
1578
1579
1580
1581
1582
1583
1584
1585
1586
1587
1588
1589
1590
1591
1592
1593
1594
1596
1597
1598
1599
1600
1601
3650
1602
3651
1603
3652
3653
3654
3655
3660
3661
3662
3663
3664
3670
3671
3672
3673
3680
3681
3682
3690
3691
3700
1691
1692
1693
1694
1700
1701
1702
1703
1704
1709
1710
1711
1712
1713
1714
1718
1719
1720
1721
1722
1723
1724
1727
1728
1729
1730
1731
1732
1733
1734
1736
1737
1738
1739
1740
1741
1742
1743
1744
1745
1746
1747
1748
1749
1750
1751
1752
1753
1754
1755
1756
1757
1758
1759
1760
1761
1762
1763
1765
1766
1767
1768
1769
1770
1771
1772
1775
1776
1777
1778
1779
1780
1781
3850
3851
3852
3853
3854
3860
3861
3862
3863
3870
3871
3872
3880
3881
3890
1875
1876
1877
1878
1879
1884
1885
1886
1887
1888
1889
1893
1894
1895
1896
1897
1898
1899
1902
1903
1904
1905
1906
1907
1908
1909
1911
1912
1913
1914
1915
1916
1917
1918
1919
1920
1921
1922
1923
1924
1925
1926
1927
1928
1929
1930
1931
1932
1933
1934
1935
1936
1937
1938
1940
1941
1942
1943
1944
1945
1946
1947
1950
1951
1952
1953
1954
1955
1956
1960
1961
1962
1963
1964
1965
4050
4051
4052
4053
4060
4061
4062
4070
4071
4080
)
)

// processor4

3
(0())

// processor5

3
(0())

// processor6

3
(0())

// processor7

3
(0())
