/*--------------------------------*- C++ -*----------------------------------*\
| =========                 |                                                 |
| \\      /  F ield         | OpenFOAM: The Open Source CFD Toolbox           |
|  \\    /   O peration     | Version:  2306                                  |
|   \\  /    A nd           | Website:  www.openfoam.com                      |
|    \\/     M anipulation  |                                                 |
\*---------------------------------------------------------------------------*/
FoamFile
{
    version     2.0;
    format      binary;
    arch        "LSB;label=32;scalar=64";
    class       decomposedBlockData;
    location    "constant/polyMesh/sets";
    object      ccl;
    data.format ascii;
    data.class  cellSet;
}
// * * * * * * * * * * * * * * * * * * * * * * * * * * * * * * * * * * * * * //


// processor0

5197
(FoamFile
{
    version     2.0;
    format      ascii;
    arch        "LSB;label=32;scalar=64";
    class       cellSet;
    location    "constant/polyMesh/sets";
    object      ccl;
}

1000
(
8200
8201
8202
4109
8210
8211
4118
4119
8220
4127
4128
4129
4136
4137
4138
4139
4145
4146
4147
4148
4149
4154
4155
4156
4157
4158
6208
6209
4163
4164
4165
4166
4167
6217
6218
6219
4172
4173
4174
4175
4176
6226
6227
6228
4181
6229
4182
4183
4184
4185
6235
6236
6237
4190
6238
4191
6239
4192
4193
4194
6244
6245
6246
6247
6248
6253
6254
6255
6256
6257
6262
6263
6264
6265
6266
6271
6272
6273
6274
6275
6280
6281
6282
6283
6284
6290
6291
6292
6293
6300
6301
6302
6310
6311
6320
4299
8400
8401
4308
4309
8410
4317
4318
4319
4326
4327
4328
4329
4335
4336
4337
4338
4339
4344
4345
4346
4347
4348
4353
4354
4355
4356
4357
6407
6408
6409
4362
4363
4364
4365
4366
6416
6417
6418
4371
6419
4372
4373
4374
4375
6425
6426
6427
4380
6428
4381
6429
4382
4383
4384
6434
6435
6436
6437
4390
6438
4391
4392
4393
6443
6444
6445
6446
6447
6452
6453
6454
6455
6456
6461
6462
6463
6464
6465
6470
6471
6472
6473
6474
6480
6481
6482
6483
6490
6491
6492
2403
6500
6501
6510
4489
4498
4499
8600
4507
4508
4509
4516
4517
4518
4519
4525
4526
4527
4528
4529
4534
4535
4536
4537
4538
4543
4544
4545
4546
4547
4552
4553
4554
4555
4556
6606
6607
6608
4561
6609
4562
4563
4564
4565
6615
6616
6617
4570
6618
4571
6619
4572
4573
4574
6624
6625
6626
6627
4580
6628
4581
4582
4583
6633
6634
6635
6636
6637
4590
4591
4592
6642
6643
6644
6645
6646
6651
6652
6653
6654
6655
6660
6661
6662
6663
6664
6670
6671
6672
6673
6680
6681
6682
2590
6690
6691
2599
2600
6700
4679
4688
4689
4697
4698
4699
4706
4707
4708
4709
4715
4716
4717
4718
4719
4724
4725
4726
4727
4728
4733
4734
4735
4736
4737
4742
4743
4744
4745
4746
4751
4752
4753
4754
4755
6805
6806
6807
4760
6808
4761
6809
4762
4763
4764
6814
6815
6816
6817
6818
4770
4771
4772
4773
6823
6824
6825
6826
6827
4780
4781
4782
6832
6833
6834
6835
6836
4790
4791
6841
6842
6843
6844
6845
6850
6851
6852
6853
6854
6860
6861
6862
6863
6870
6871
6872
2779
6880
6881
2788
2789
6890
2797
2798
2799
4869
4878
4879
4887
4888
4889
4896
4897
4898
4899
4905
4906
4907
4908
4909
4914
4915
4916
4917
4918
4923
4924
4925
4926
4927
4932
4933
4934
4935
4936
4941
4942
4943
4944
4945
4950
4951
4952
4953
4954
7004
7005
7006
7007
7008
4960
4961
4962
4963
7013
7014
7015
7016
7017
4970
4971
4972
7022
7023
7024
7025
7026
4980
4981
7031
7032
7033
7034
7035
4990
7040
7041
7042
7043
7044
7050
7051
7052
7053
7060
7061
7062
2969
7070
7071
2978
2979
7080
2987
2988
2989
2996
2997
2998
2999
5059
5068
5069
5077
5078
5079
5086
5087
5088
5089
5095
5096
5097
5098
5099
5104
5105
5106
5107
5108
5113
5114
5115
5116
5117
5122
5123
5124
5125
5126
5131
5132
5133
5134
5135
5140
5141
5142
5143
5144
5150
5151
5152
5153
7203
7204
7205
7206
7207
5160
5161
5162
7212
7213
7214
7215
7216
5170
5171
7221
7222
7223
7224
7225
5180
7230
7231
7232
7233
7234
7240
7241
7242
7243
7250
7251
7252
3159
7260
7261
3168
3169
7270
3177
3178
3179
3186
3187
3188
3189
3195
3196
3197
3198
3199
5249
5258
5259
5267
5268
5269
5276
5277
5278
5279
5285
5286
5287
5288
5289
5294
5295
5296
5297
5298
5303
5304
5305
5306
5307
5312
5313
5314
5315
5316
5321
5322
5323
5324
5325
5330
5331
5332
5333
5334
5340
5341
5342
5343
5350
5351
5352
7402
7403
7404
7405
7406
5360
5361
7411
7412
7413
7414
7415
5370
7420
7421
7422
7423
7424
7430
7431
7432
7433
7440
7441
7442
3349
7450
7451
3358
3359
7460
3367
3368
3369
3376
3377
3378
3379
3385
3386
3387
3388
3389
5439
3394
3395
3396
3397
3398
5448
5449
5457
5458
5459
5466
5467
5468
5469
5475
5476
5477
5478
5479
5484
5485
5486
5487
5488
5493
5494
5495
5496
5497
5502
5503
5504
5505
5506
5511
5512
5513
5514
5515
5520
5521
5522
5523
5524
5530
5531
5532
5533
5540
5541
5542
5550
5551
7601
7602
7603
7604
7605
5560
7610
7611
7612
7613
7614
7620
7621
7622
7623
7630
7631
7632
3539
7640
7641
3548
3549
7650
3557
3558
3559
3566
3567
3568
3569
3575
3576
3577
3578
3579
5629
3584
3585
3586
3587
3588
5638
5639
3593
3594
3595
3596
3597
5647
5648
5649
5656
5657
5658
5659
5665
5666
5667
5668
5669
5674
5675
5676
5677
5678
5683
5684
5685
5686
5687
5692
5693
5694
5695
5696
5701
5702
5703
5704
5705
5710
5711
5712
5713
5714
5720
5721
5722
5723
5730
5731
5732
5740
5741
5750
7800
7801
7802
7803
7804
7810
7811
7812
7813
7820
7821
7822
3729
7830
7831
3738
3739
7840
3747
3748
3749
3756
3757
3758
3759
3765
3766
3767
3768
3769
5819
3774
3775
3776
3777
3778
5828
5829
3783
3784
3785
3786
3787
5837
5838
5839
3792
3793
3794
3795
3796
5846
5847
5848
5849
5855
5856
5857
5858
5859
5864
5865
5866
5867
5868
5873
5874
5875
5876
5877
5882
5883
5884
5885
5886
5891
5892
5893
5894
5895
5900
5901
5902
5903
5904
5910
5911
5912
5913
5920
5921
5922
5930
5931
5940
8000
8001
8002
8003
8010
8011
8012
3919
8020
8021
3928
3929
8030
3937
3938
3939
3946
3947
3948
3949
3955
3956
3957
3958
3959
6009
3964
3965
3966
3967
3968
6018
6019
3973
3974
3975
3976
3977
6027
6028
6029
3982
3983
3984
3985
3986
6036
6037
6038
3991
6039
3992
3993
3994
3995
6045
6046
6047
6048
6049
6054
6055
6056
6057
6058
6063
6064
6065
6066
6067
6072
6073
6074
6075
6076
6081
6082
6083
6084
6085
6090
6091
6092
6093
6094
6100
6101
6102
6103
6110
6111
6112
6120
6121
6130
)
)

// processor1

5010
(
1000
(
8200
8201
8202
4109
8210
8211
4118
4119
8220
4127
4128
4129
4136
4137
4138
4139
4145
4146
4147
4148
4149
4154
4155
4156
4157
4158
6208
6209
4163
4164
4165
4166
4167
6217
6218
6219
4172
4173
4174
4175
4176
6226
6227
6228
4181
6229
4182
4183
4184
4185
6235
6236
6237
4190
6238
4191
6239
4192
4193
4194
6244
6245
6246
6247
6248
6253
6254
6255
6256
6257
6262
6263
6264
6265
6266
6271
6272
6273
6274
6275
6280
6281
6282
6283
6284
6290
6291
6292
6293
6300
6301
6302
6310
6311
6320
4299
8400
8401
4308
4309
8410
4317
4318
4319
4326
4327
4328
4329
4335
4336
4337
4338
4339
4344
4345
4346
4347
4348
4353
4354
4355
4356
4357
6407
6408
6409
4362
4363
4364
4365
4366
6416
6417
6418
4371
6419
4372
4373
4374
4375
6425
6426
6427
4380
6428
4381
6429
4382
4383
4384
6434
6435
6436
6437
4390
6438
4391
4392
4393
6443
6444
6445
6446
6447
6452
6453
6454
6455
6456
6461
6462
6463
6464
6465
6470
6471
6472
6473
6474
6480
6481
6482
6483
6490
6491
6492
2403
6500
6501
6510
4489
4498
4499
8600
4507
4508
4509
4516
4517
4518
4519
4525
4526
4527
4528
4529
4534
4535
4536
4537
4538
4543
4544
4545
4546
4547
4552
4553
4554
4555
4556
6606
6607
6608
4561
6609
4562
4563
4564
4565
6615
6616
6617
4570
6618
4571
6619
4572
4573
4574
6624
6625
6626
6627
4580
6628
4581
4582
4583
6633
6634
6635
6636
6637
4590
4591
4592
6642
6643
6644
6645
6646
6651
6652
6653
6654
6655
6660
6661
6662
6663
6664
6670
6671
6672
6673
6680
6681
6682
2590
6690
6691
2599
2600
6700
4679
4688
4689
4697
4698
4699
4706
4707
4708
4709
4715
4716
4717
4718
4719
4724
4725
4726
4727
4728
4733
4734
4735
4736
4737
4742
4743
4744
4745
4746
4751
4752
4753
4754
4755
6805
6806
6807
4760
6808
4761
6809
4762
4763
4764
6814
6815
6816
6817
6818
4770
4771
4772
4773
6823
6824
6825
6826
6827
4780
4781
4782
6832
6833
6834
6835
6836
4790
4791
6841
6842
6843
6844
6845
6850
6851
6852
6853
6854
6860
6861
6862
6863
6870
6871
6872
2779
6880
6881
2788
2789
6890
2797
2798
2799
4869
4878
4879
4887
4888
4889
4896
4897
4898
4899
4905
4906
4907
4908
4909
4914
4915
4916
4917
4918
4923
4924
4925
4926
4927
4932
4933
4934
4935
4936
4941
4942
4943
4944
4945
4950
4951
4952
4953
4954
7004
7005
7006
7007
7008
4960
4961
4962
4963
7013
7014
7015
7016
7017
4970
4971
4972
7022
7023
7024
7025
7026
4980
4981
7031
7032
7033
7034
7035
4990
7040
7041
7042
7043
7044
7050
7051
7052
7053
7060
7061
7062
2969
7070
7071
2978
2979
7080
2987
2988
2989
2996
2997
2998
2999
5059
5068
5069
5077
5078
5079
5086
5087
5088
5089
5095
5096
5097
5098
5099
5104
5105
5106
5107
5108
5113
5114
5115
5116
5117
5122
5123
5124
5125
5126
5131
5132
5133
5134
5135
5140
5141
5142
5143
5144
5150
5151
5152
5153
7203
7204
7205
7206
7207
5160
5161
5162
7212
7213
7214
7215
7216
5170
5171
7221
7222
7223
7224
7225
5180
7230
7231
7232
7233
7234
7240
7241
7242
7243
7250
7251
7252
3159
7260
7261
3168
3169
7270
3177
3178
3179
3186
3187
3188
3189
3195
3196
3197
3198
3199
5249
5258
5259
5267
5268
5269
5276
5277
5278
5279
5285
5286
5287
5288
5289
5294
5295
5296
5297
5298
5303
5304
5305
5306
5307
5312
5313
5314
5315
5316
5321
5322
5323
5324
5325
5330
5331
5332
5333
5334
5340
5341
5342
5343
5350
5351
5352
7402
7403
7404
7405
7406
5360
5361
7411
7412
7413
7414
7415
5370
7420
7421
7422
7423
7424
7430
7431
7432
7433
7440
7441
7442
3349
7450
7451
3358
3359
7460
3367
3368
3369
3376
3377
3378
3379
3385
3386
3387
3388
3389
5439
3394
3395
3396
3397
3398
5448
5449
5457
5458
5459
5466
5467
5468
5469
5475
5476
5477
5478
5479
5484
5485
5486
5487
5488
5493
5494
5495
5496
5497
5502
5503
5504
5505
5506
5511
5512
5513
5514
5515
5520
5521
5522
5523
5524
5530
5531
5532
5533
5540
5541
5542
5550
5551
7601
7602
7603
7604
7605
5560
7610
7611
7612
7613
7614
7620
7621
7622
7623
7630
7631
7632
3539
7640
7641
3548
3549
7650
3557
3558
3559
3566
3567
3568
3569
3575
3576
3577
3578
3579
5629
3584
3585
3586
3587
3588
5638
5639
3593
3594
3595
3596
3597
5647
5648
5649
5656
5657
5658
5659
5665
5666
5667
5668
5669
5674
5675
5676
5677
5678
5683
5684
5685
5686
5687
5692
5693
5694
5695
5696
5701
5702
5703
5704
5705
5710
5711
5712
5713
5714
5720
5721
5722
5723
5730
5731
5732
5740
5741
5750
7800
7801
7802
7803
7804
7810
7811
7812
7813
7820
7821
7822
3729
7830
7831
3738
3739
7840
3747
3748
3749
3756
3757
3758
3759
3765
3766
3767
3768
3769
5819
3774
3775
3776
3777
3778
5828
5829
3783
3784
3785
3786
3787
5837
5838
5839
3792
3793
3794
3795
3796
5846
5847
5848
5849
5855
5856
5857
5858
5859
5864
5865
5866
5867
5868
5873
5874
5875
5876
5877
5882
5883
5884
5885
5886
5891
5892
5893
5894
5895
5900
5901
5902
5903
5904
5910
5911
5912
5913
5920
5921
5922
5930
5931
5940
8000
8001
8002
8003
8010
8011
8012
3919
8020
8021
3928
3929
8030
3937
3938
3939
3946
3947
3948
3949
3955
3956
3957
3958
3959
6009
3964
3965
3966
3967
3968
6018
6019
3973
3974
3975
3976
3977
6027
6028
6029
3982
3983
3984
3985
3986
6036
6037
6038
3991
6039
3992
3993
3994
3995
6045
6046
6047
6048
6049
6054
6055
6056
6057
6058
6063
6064
6065
6066
6067
6072
6073
6074
6075
6076
6081
6082
6083
6084
6085
6090
6091
6092
6093
6094
6100
6101
6102
6103
6110
6111
6112
6120
6121
6130
)
)

// processor2

5010
(
1000
(
8200
8201
8202
4109
8210
8211
4118
4119
8220
4127
4128
4129
4136
4137
4138
4139
4145
4146
4147
4148
4149
4154
4155
4156
4157
4158
6208
6209
4163
4164
4165
4166
4167
6217
6218
6219
4172
4173
4174
4175
4176
6226
6227
6228
4181
6229
4182
4183
4184
4185
6235
6236
6237
4190
6238
4191
6239
4192
4193
4194
6244
6245
6246
6247
6248
6253
6254
6255
6256
6257
6262
6263
6264
6265
6266
6271
6272
6273
6274
6275
6280
6281
6282
6283
6284
6290
6291
6292
6293
6300
6301
6302
6310
6311
6320
4299
8400
8401
4308
4309
8410
4317
4318
4319
4326
4327
4328
4329
4335
4336
4337
4338
4339
4344
4345
4346
4347
4348
4353
4354
4355
4356
4357
6407
6408
6409
4362
4363
4364
4365
4366
6416
6417
6418
4371
6419
4372
4373
4374
4375
6425
6426
6427
4380
6428
4381
6429
4382
4383
4384
6434
6435
6436
6437
4390
6438
4391
4392
4393
6443
6444
6445
6446
6447
6452
6453
6454
6455
6456
6461
6462
6463
6464
6465
6470
6471
6472
6473
6474
6480
6481
6482
6483
6490
6491
6492
2403
6500
6501
6510
4489
4498
4499
8600
4507
4508
4509
4516
4517
4518
4519
4525
4526
4527
4528
4529
4534
4535
4536
4537
4538
4543
4544
4545
4546
4547
4552
4553
4554
4555
4556
6606
6607
6608
4561
6609
4562
4563
4564
4565
6615
6616
6617
4570
6618
4571
6619
4572
4573
4574
6624
6625
6626
6627
4580
6628
4581
4582
4583
6633
6634
6635
6636
6637
4590
4591
4592
6642
6643
6644
6645
6646
6651
6652
6653
6654
6655
6660
6661
6662
6663
6664
6670
6671
6672
6673
6680
6681
6682
2590
6690
6691
2599
2600
6700
4679
4688
4689
4697
4698
4699
4706
4707
4708
4709
4715
4716
4717
4718
4719
4724
4725
4726
4727
4728
4733
4734
4735
4736
4737
4742
4743
4744
4745
4746
4751
4752
4753
4754
4755
6805
6806
6807
4760
6808
4761
6809
4762
4763
4764
6814
6815
6816
6817
6818
4770
4771
4772
4773
6823
6824
6825
6826
6827
4780
4781
4782
6832
6833
6834
6835
6836
4790
4791
6841
6842
6843
6844
6845
6850
6851
6852
6853
6854
6860
6861
6862
6863
6870
6871
6872
2779
6880
6881
2788
2789
6890
2797
2798
2799
4869
4878
4879
4887
4888
4889
4896
4897
4898
4899
4905
4906
4907
4908
4909
4914
4915
4916
4917
4918
4923
4924
4925
4926
4927
4932
4933
4934
4935
4936
4941
4942
4943
4944
4945
4950
4951
4952
4953
4954
7004
7005
7006
7007
7008
4960
4961
4962
4963
7013
7014
7015
7016
7017
4970
4971
4972
7022
7023
7024
7025
7026
4980
4981
7031
7032
7033
7034
7035
4990
7040
7041
7042
7043
7044
7050
7051
7052
7053
7060
7061
7062
2969
7070
7071
2978
2979
7080
2987
2988
2989
2996
2997
2998
2999
5059
5068
5069
5077
5078
5079
5086
5087
5088
5089
5095
5096
5097
5098
5099
5104
5105
5106
5107
5108
5113
5114
5115
5116
5117
5122
5123
5124
5125
5126
5131
5132
5133
5134
5135
5140
5141
5142
5143
5144
5150
5151
5152
5153
7203
7204
7205
7206
7207
5160
5161
5162
7212
7213
7214
7215
7216
5170
5171
7221
7222
7223
7224
7225
5180
7230
7231
7232
7233
7234
7240
7241
7242
7243
7250
7251
7252
3159
7260
7261
3168
3169
7270
3177
3178
3179
3186
3187
3188
3189
3195
3196
3197
3198
3199
5249
5258
5259
5267
5268
5269
5276
5277
5278
5279
5285
5286
5287
5288
5289
5294
5295
5296
5297
5298
5303
5304
5305
5306
5307
5312
5313
5314
5315
5316
5321
5322
5323
5324
5325
5330
5331
5332
5333
5334
5340
5341
5342
5343
5350
5351
5352
7402
7403
7404
7405
7406
5360
5361
7411
7412
7413
7414
7415
5370
7420
7421
7422
7423
7424
7430
7431
7432
7433
7440
7441
7442
3349
7450
7451
3358
3359
7460
3367
3368
3369
3376
3377
3378
3379
3385
3386
3387
3388
3389
5439
3394
3395
3396
3397
3398
5448
5449
5457
5458
5459
5466
5467
5468
5469
5475
5476
5477
5478
5479
5484
5485
5486
5487
5488
5493
5494
5495
5496
5497
5502
5503
5504
5505
5506
5511
5512
5513
5514
5515
5520
5521
5522
5523
5524
5530
5531
5532
5533
5540
5541
5542
5550
5551
7601
7602
7603
7604
7605
5560
7610
7611
7612
7613
7614
7620
7621
7622
7623
7630
7631
7632
3539
7640
7641
3548
3549
7650
3557
3558
3559
3566
3567
3568
3569
3575
3576
3577
3578
3579
5629
3584
3585
3586
3587
3588
5638
5639
3593
3594
3595
3596
3597
5647
5648
5649
5656
5657
5658
5659
5665
5666
5667
5668
5669
5674
5675
5676
5677
5678
5683
5684
5685
5686
5687
5692
5693
5694
5695
5696
5701
5702
5703
5704
5705
5710
5711
5712
5713
5714
5720
5721
5722
5723
5730
5731
5732
5740
5741
5750
7800
7801
7802
7803
7804
7810
7811
7812
7813
7820
7821
7822
3729
7830
7831
3738
3739
7840
3747
3748
3749
3756
3757
3758
3759
3765
3766
3767
3768
3769
5819
3774
3775
3776
3777
3778
5828
5829
3783
3784
3785
3786
3787
5837
5838
5839
3792
3793
3794
3795
3796
5846
5847
5848
5849
5855
5856
5857
5858
5859
5864
5865
5866
5867
5868
5873
5874
5875
5876
5877
5882
5883
5884
5885
5886
5891
5892
5893
5894
5895
5900
5901
5902
5903
5904
5910
5911
5912
5913
5920
5921
5922
5930
5931
5940
8000
8001
8002
8003
8010
8011
8012
3919
8020
8021
3928
3929
8030
3937
3938
3939
3946
3947
3948
3949
3955
3956
3957
3958
3959
6009
3964
3965
3966
3967
3968
6018
6019
3973
3974
3975
3976
3977
6027
6028
6029
3982
3983
3984
3985
3986
6036
6037
6038
3991
6039
3992
3993
3994
3995
6045
6046
6047
6048
6049
6054
6055
6056
6057
6058
6063
6064
6065
6066
6067
6072
6073
6074
6075
6076
6081
6082
6083
6084
6085
6090
6091
6092
6093
6094
6100
6101
6102
6103
6110
6111
6112
6120
6121
6130
)
)

// processor3

5010
(
1000
(
8200
8201
8202
4109
8210
8211
4118
4119
8220
4127
4128
4129
4136
4137
4138
4139
4145
4146
4147
4148
4149
4154
4155
4156
4157
4158
6208
6209
4163
4164
4165
4166
4167
6217
6218
6219
4172
4173
4174
4175
4176
6226
6227
6228
4181
6229
4182
4183
4184
4185
6235
6236
6237
4190
6238
4191
6239
4192
4193
4194
6244
6245
6246
6247
6248
6253
6254
6255
6256
6257
6262
6263
6264
6265
6266
6271
6272
6273
6274
6275
6280
6281
6282
6283
6284
6290
6291
6292
6293
6300
6301
6302
6310
6311
6320
4299
8400
8401
4308
4309
8410
4317
4318
4319
4326
4327
4328
4329
4335
4336
4337
4338
4339
4344
4345
4346
4347
4348
4353
4354
4355
4356
4357
6407
6408
6409
4362
4363
4364
4365
4366
6416
6417
6418
4371
6419
4372
4373
4374
4375
6425
6426
6427
4380
6428
4381
6429
4382
4383
4384
6434
6435
6436
6437
4390
6438
4391
4392
4393
6443
6444
6445
6446
6447
6452
6453
6454
6455
6456
6461
6462
6463
6464
6465
6470
6471
6472
6473
6474
6480
6481
6482
6483
6490
6491
6492
2403
6500
6501
6510
4489
4498
4499
8600
4507
4508
4509
4516
4517
4518
4519
4525
4526
4527
4528
4529
4534
4535
4536
4537
4538
4543
4544
4545
4546
4547
4552
4553
4554
4555
4556
6606
6607
6608
4561
6609
4562
4563
4564
4565
6615
6616
6617
4570
6618
4571
6619
4572
4573
4574
6624
6625
6626
6627
4580
6628
4581
4582
4583
6633
6634
6635
6636
6637
4590
4591
4592
6642
6643
6644
6645
6646
6651
6652
6653
6654
6655
6660
6661
6662
6663
6664
6670
6671
6672
6673
6680
6681
6682
2590
6690
6691
2599
2600
6700
4679
4688
4689
4697
4698
4699
4706
4707
4708
4709
4715
4716
4717
4718
4719
4724
4725
4726
4727
4728
4733
4734
4735
4736
4737
4742
4743
4744
4745
4746
4751
4752
4753
4754
4755
6805
6806
6807
4760
6808
4761
6809
4762
4763
4764
6814
6815
6816
6817
6818
4770
4771
4772
4773
6823
6824
6825
6826
6827
4780
4781
4782
6832
6833
6834
6835
6836
4790
4791
6841
6842
6843
6844
6845
6850
6851
6852
6853
6854
6860
6861
6862
6863
6870
6871
6872
2779
6880
6881
2788
2789
6890
2797
2798
2799
4869
4878
4879
4887
4888
4889
4896
4897
4898
4899
4905
4906
4907
4908
4909
4914
4915
4916
4917
4918
4923
4924
4925
4926
4927
4932
4933
4934
4935
4936
4941
4942
4943
4944
4945
4950
4951
4952
4953
4954
7004
7005
7006
7007
7008
4960
4961
4962
4963
7013
7014
7015
7016
7017
4970
4971
4972
7022
7023
7024
7025
7026
4980
4981
7031
7032
7033
7034
7035
4990
7040
7041
7042
7043
7044
7050
7051
7052
7053
7060
7061
7062
2969
7070
7071
2978
2979
7080
2987
2988
2989
2996
2997
2998
2999
5059
5068
5069
5077
5078
5079
5086
5087
5088
5089
5095
5096
5097
5098
5099
5104
5105
5106
5107
5108
5113
5114
5115
5116
5117
5122
5123
5124
5125
5126
5131
5132
5133
5134
5135
5140
5141
5142
5143
5144
5150
5151
5152
5153
7203
7204
7205
7206
7207
5160
5161
5162
7212
7213
7214
7215
7216
5170
5171
7221
7222
7223
7224
7225
5180
7230
7231
7232
7233
7234
7240
7241
7242
7243
7250
7251
7252
3159
7260
7261
3168
3169
7270
3177
3178
3179
3186
3187
3188
3189
3195
3196
3197
3198
3199
5249
5258
5259
5267
5268
5269
5276
5277
5278
5279
5285
5286
5287
5288
5289
5294
5295
5296
5297
5298
5303
5304
5305
5306
5307
5312
5313
5314
5315
5316
5321
5322
5323
5324
5325
5330
5331
5332
5333
5334
5340
5341
5342
5343
5350
5351
5352
7402
7403
7404
7405
7406
5360
5361
7411
7412
7413
7414
7415
5370
7420
7421
7422
7423
7424
7430
7431
7432
7433
7440
7441
7442
3349
7450
7451
3358
3359
7460
3367
3368
3369
3376
3377
3378
3379
3385
3386
3387
3388
3389
5439
3394
3395
3396
3397
3398
5448
5449
5457
5458
5459
5466
5467
5468
5469
5475
5476
5477
5478
5479
5484
5485
5486
5487
5488
5493
5494
5495
5496
5497
5502
5503
5504
5505
5506
5511
5512
5513
5514
5515
5520
5521
5522
5523
5524
5530
5531
5532
5533
5540
5541
5542
5550
5551
7601
7602
7603
7604
7605
5560
7610
7611
7612
7613
7614
7620
7621
7622
7623
7630
7631
7632
3539
7640
7641
3548
3549
7650
3557
3558
3559
3566
3567
3568
3569
3575
3576
3577
3578
3579
5629
3584
3585
3586
3587
3588
5638
5639
3593
3594
3595
3596
3597
5647
5648
5649
5656
5657
5658
5659
5665
5666
5667
5668
5669
5674
5675
5676
5677
5678
5683
5684
5685
5686
5687
5692
5693
5694
5695
5696
5701
5702
5703
5704
5705
5710
5711
5712
5713
5714
5720
5721
5722
5723
5730
5731
5732
5740
5741
5750
7800
7801
7802
7803
7804
7810
7811
7812
7813
7820
7821
7822
3729
7830
7831
3738
3739
7840
3747
3748
3749
3756
3757
3758
3759
3765
3766
3767
3768
3769
5819
3774
3775
3776
3777
3778
5828
5829
3783
3784
3785
3786
3787
5837
5838
5839
3792
3793
3794
3795
3796
5846
5847
5848
5849
5855
5856
5857
5858
5859
5864
5865
5866
5867
5868
5873
5874
5875
5876
5877
5882
5883
5884
5885
5886
5891
5892
5893
5894
5895
5900
5901
5902
5903
5904
5910
5911
5912
5913
5920
5921
5922
5930
5931
5940
8000
8001
8002
8003
8010
8011
8012
3919
8020
8021
3928
3929
8030
3937
3938
3939
3946
3947
3948
3949
3955
3956
3957
3958
3959
6009
3964
3965
3966
3967
3968
6018
6019
3973
3974
3975
3976
3977
6027
6028
6029
3982
3983
3984
3985
3986
6036
6037
6038
3991
6039
3992
3993
3994
3995
6045
6046
6047
6048
6049
6054
6055
6056
6057
6058
6063
6064
6065
6066
6067
6072
6073
6074
6075
6076
6081
6082
6083
6084
6085
6090
6091
6092
6093
6094
6100
6101
6102
6103
6110
6111
6112
6120
6121
6130
)
)

// processor4

3
(0())

// processor5

3
(0())

// processor6

3
(0())

// processor7

3
(0())
