/*--------------------------------*- C++ -*----------------------------------*\
| =========                 |                                                 |
| \\      /  F ield         | OpenFOAM: The Open Source CFD Toolbox           |
|  \\    /   O peration     | Version:  2306                                  |
|   \\  /    A nd           | Website:  www.openfoam.com                      |
|    \\/     M anipulation  |                                                 |
\*---------------------------------------------------------------------------*/
FoamFile
{
    version     2.0;
    format      binary;
    arch        "LSB;label=32;scalar=64";
    class       decomposedBlockData;
    location    "constant/polyMesh/sets";
    object      cmpl;
    data.format ascii;
    data.class  cellSet;
}
// * * * * * * * * * * * * * * * * * * * * * * * * * * * * * * * * * * * * * //


// processor0

5198
(FoamFile
{
    version     2.0;
    format      ascii;
    arch        "LSB;label=32;scalar=64";
    class       cellSet;
    location    "constant/polyMesh/sets";
    object      cmpl;
}

1000
(
4096
4097
4098
4099
4104
4105
4106
4107
4108
4113
4114
4115
4116
4117
4122
4123
4124
4125
4126
4131
4132
4133
4134
4135
4140
4141
4142
4143
4144
4150
4151
4152
4153
6203
6204
6205
6206
6207
4160
4161
4162
6212
6213
6214
6215
6216
4170
4171
6221
6222
6223
6224
6225
4180
6230
6231
6232
6233
6234
6240
6241
6242
6243
6250
6251
6252
6260
6261
2169
6270
2178
2179
2187
2188
2189
2196
2197
2198
2199
4249
2205
2206
2207
2208
2209
4258
4259
4267
4268
4269
4276
4277
4278
4279
4285
4286
4287
4288
4289
4294
4295
4296
4297
4298
4303
4304
4305
4306
4307
4312
4313
4314
4315
4316
4321
4322
4323
4324
4325
4330
4331
4332
4333
4334
4340
4341
4342
4343
4350
4351
4352
6402
6403
6404
6405
6406
4360
4361
6411
6412
6413
6414
6415
4370
6420
6421
6422
6423
6424
6430
6431
6432
6433
6440
6441
6442
2353
6450
6451
2362
2363
6460
2371
2372
2373
2380
2381
2382
2383
2389
2390
2391
4439
2392
2393
2398
2399
2400
4448
2401
4449
2402
4457
4458
4459
4466
4467
4468
4469
4475
4476
4477
4478
4479
4484
4485
4486
4487
4488
4493
4494
4495
4496
4497
4502
4503
4504
4505
4506
4511
4512
4513
4514
4515
4520
4521
4522
4523
4524
4530
4531
4532
4533
4540
4541
4542
4550
4551
6601
6602
6603
6604
6605
4560
6610
6611
6612
6613
6614
6620
6621
6622
6623
6630
6631
6632
2540
6640
6641
2549
2550
6650
2558
2559
2560
2567
2568
2569
2570
2576
2577
2578
2579
2580
4629
2585
2586
2587
2588
2589
4638
4639
2594
2595
2596
2597
2598
4647
4648
4649
4656
4657
4658
4659
4665
4666
4667
4668
4669
4674
4675
4676
4677
4678
4683
4684
4685
4686
4687
4692
4693
4694
4695
4696
4701
4702
4703
4704
4705
4710
4711
4712
4713
4714
4720
4721
4722
4723
4730
4731
4732
4740
4741
4750
6800
6801
6802
6803
6804
6810
6811
6812
6813
6820
6821
6822
2729
6830
6831
2738
2739
6840
2747
2748
2749
2756
2757
2758
2759
2765
2766
2767
2768
2769
4819
2774
2775
2776
2777
2778
4828
4829
2783
2784
2785
2786
2787
4837
4838
4839
2792
2793
2794
2795
2796
4846
4847
4848
4849
4855
4856
4857
4858
4859
4864
4865
4866
4867
4868
4873
4874
4875
4876
4877
4882
4883
4884
4885
4886
4891
4892
4893
4894
4895
4900
4901
4902
4903
4904
4910
4911
4912
4913
4920
4921
4922
4930
4931
4940
7000
7001
7002
7003
7010
7011
7012
2919
7020
7021
2928
2929
7030
2937
2938
2939
2946
2947
2948
2949
2955
2956
2957
2958
2959
5009
2964
2965
2966
2967
2968
5018
5019
2973
2974
2975
2976
2977
5027
5028
5029
2982
2983
2984
2985
2986
5036
5037
5038
2991
5039
2992
2993
2994
2995
5045
5046
5047
5048
5049
5054
5055
5056
5057
5058
5063
5064
5065
5066
5067
5072
5073
5074
5075
5076
5081
5082
5083
5084
5085
5090
5091
5092
5093
5094
5100
5101
5102
5103
5110
5111
5112
5120
5121
5130
7200
7201
7202
3109
7210
7211
3118
3119
7220
3127
3128
3129
3136
3137
3138
3139
3145
3146
3147
3148
3149
3154
3155
3156
3157
3158
5208
5209
3163
3164
3165
3166
3167
5217
5218
5219
3172
3173
3174
3175
3176
5226
5227
5228
3181
5229
3182
3183
3184
3185
5235
5236
5237
3190
5238
3191
5239
3192
3193
3194
5244
5245
5246
5247
5248
5253
5254
5255
5256
5257
5262
5263
5264
5265
5266
5271
5272
5273
5274
5275
5280
5281
5282
5283
5284
5290
5291
5292
5293
5300
5301
5302
5310
5311
5320
3299
7400
7401
3308
3309
7410
3317
3318
3319
3326
3327
3328
3329
3335
3336
3337
3338
3339
3344
3345
3346
3347
3348
3353
3354
3355
3356
3357
5407
5408
5409
3362
3363
3364
3365
3366
5416
5417
5418
3371
5419
3372
3373
3374
3375
5425
5426
5427
3380
5428
3381
5429
3382
3383
3384
5434
5435
5436
5437
3390
5438
3391
3392
3393
5443
5444
5445
5446
5447
5452
5453
5454
5455
5456
5461
5462
5463
5464
5465
5470
5471
5472
5473
5474
5480
5481
5482
5483
5490
5491
5492
5500
5501
5510
3489
3498
3499
7600
3507
3508
3509
3516
3517
3518
3519
3525
3526
3527
3528
3529
1483
3534
3535
3536
3537
3538
3543
3544
3545
3546
3547
3552
3553
3554
3555
3556
5606
5607
5608
3561
5609
3562
3563
3564
3565
5615
5616
5617
3570
5618
3571
5619
3572
3573
3574
5624
5625
5626
5627
3580
5628
3581
3582
3583
5633
5634
5635
5636
5637
3590
3591
3592
5642
5643
5644
5645
5646
5651
5652
5653
5654
5655
5660
5661
5662
5663
5664
5670
5671
5672
5673
5680
5681
5682
5690
5691
5700
3679
3688
3689
1645
3697
3698
3699
1654
1655
3706
3707
3708
3709
3715
3716
3717
3718
3719
3724
3725
3726
3727
3728
3733
3734
3735
3736
3737
3742
3743
3744
3745
3746
3751
3752
3753
3754
3755
5805
5806
5807
3760
5808
3761
5809
3762
3763
3764
5814
5815
5816
5817
5818
3770
3771
3772
3773
5823
5824
5825
5826
5827
3780
3781
3782
5832
5833
5834
5835
5836
3790
3791
5841
5842
5843
5844
5845
5850
5851
5852
5853
5854
5860
5861
5862
5863
5870
5871
5872
5880
5881
5890
1814
3869
1823
1824
3878
3879
1832
1833
1834
3887
3888
3889
3896
3897
3898
3899
3905
3906
3907
3908
3909
3914
3915
3916
3917
3918
3923
3924
3925
3926
3927
3932
3933
3934
3935
3936
3941
3942
3943
3944
3945
3950
3951
3952
3953
3954
6004
6005
6006
6007
6008
3960
3961
3962
3963
6013
6014
6015
6016
6017
3970
3971
3972
6022
6023
6024
6025
6026
3980
3981
6031
6032
6033
6034
6035
3990
6040
6041
6042
6043
6044
6050
6051
6052
6053
6060
6061
6062
6070
6071
6080
1989
1998
1999
2007
2008
2009
4059
2016
2017
2018
2019
4068
4069
4077
4078
4079
4086
4087
4088
4089
4095
)
)

// processor1

5010
(
1000
(
4096
4097
4098
4099
4104
4105
4106
4107
4108
4113
4114
4115
4116
4117
4122
4123
4124
4125
4126
4131
4132
4133
4134
4135
4140
4141
4142
4143
4144
4150
4151
4152
4153
6203
6204
6205
6206
6207
4160
4161
4162
6212
6213
6214
6215
6216
4170
4171
6221
6222
6223
6224
6225
4180
6230
6231
6232
6233
6234
6240
6241
6242
6243
6250
6251
6252
6260
6261
2169
6270
2178
2179
2187
2188
2189
2196
2197
2198
2199
4249
2205
2206
2207
2208
2209
4258
4259
4267
4268
4269
4276
4277
4278
4279
4285
4286
4287
4288
4289
4294
4295
4296
4297
4298
4303
4304
4305
4306
4307
4312
4313
4314
4315
4316
4321
4322
4323
4324
4325
4330
4331
4332
4333
4334
4340
4341
4342
4343
4350
4351
4352
6402
6403
6404
6405
6406
4360
4361
6411
6412
6413
6414
6415
4370
6420
6421
6422
6423
6424
6430
6431
6432
6433
6440
6441
6442
2353
6450
6451
2362
2363
6460
2371
2372
2373
2380
2381
2382
2383
2389
2390
2391
4439
2392
2393
2398
2399
2400
4448
2401
4449
2402
4457
4458
4459
4466
4467
4468
4469
4475
4476
4477
4478
4479
4484
4485
4486
4487
4488
4493
4494
4495
4496
4497
4502
4503
4504
4505
4506
4511
4512
4513
4514
4515
4520
4521
4522
4523
4524
4530
4531
4532
4533
4540
4541
4542
4550
4551
6601
6602
6603
6604
6605
4560
6610
6611
6612
6613
6614
6620
6621
6622
6623
6630
6631
6632
2540
6640
6641
2549
2550
6650
2558
2559
2560
2567
2568
2569
2570
2576
2577
2578
2579
2580
4629
2585
2586
2587
2588
2589
4638
4639
2594
2595
2596
2597
2598
4647
4648
4649
4656
4657
4658
4659
4665
4666
4667
4668
4669
4674
4675
4676
4677
4678
4683
4684
4685
4686
4687
4692
4693
4694
4695
4696
4701
4702
4703
4704
4705
4710
4711
4712
4713
4714
4720
4721
4722
4723
4730
4731
4732
4740
4741
4750
6800
6801
6802
6803
6804
6810
6811
6812
6813
6820
6821
6822
2729
6830
6831
2738
2739
6840
2747
2748
2749
2756
2757
2758
2759
2765
2766
2767
2768
2769
4819
2774
2775
2776
2777
2778
4828
4829
2783
2784
2785
2786
2787
4837
4838
4839
2792
2793
2794
2795
2796
4846
4847
4848
4849
4855
4856
4857
4858
4859
4864
4865
4866
4867
4868
4873
4874
4875
4876
4877
4882
4883
4884
4885
4886
4891
4892
4893
4894
4895
4900
4901
4902
4903
4904
4910
4911
4912
4913
4920
4921
4922
4930
4931
4940
7000
7001
7002
7003
7010
7011
7012
2919
7020
7021
2928
2929
7030
2937
2938
2939
2946
2947
2948
2949
2955
2956
2957
2958
2959
5009
2964
2965
2966
2967
2968
5018
5019
2973
2974
2975
2976
2977
5027
5028
5029
2982
2983
2984
2985
2986
5036
5037
5038
2991
5039
2992
2993
2994
2995
5045
5046
5047
5048
5049
5054
5055
5056
5057
5058
5063
5064
5065
5066
5067
5072
5073
5074
5075
5076
5081
5082
5083
5084
5085
5090
5091
5092
5093
5094
5100
5101
5102
5103
5110
5111
5112
5120
5121
5130
7200
7201
7202
3109
7210
7211
3118
3119
7220
3127
3128
3129
3136
3137
3138
3139
3145
3146
3147
3148
3149
3154
3155
3156
3157
3158
5208
5209
3163
3164
3165
3166
3167
5217
5218
5219
3172
3173
3174
3175
3176
5226
5227
5228
3181
5229
3182
3183
3184
3185
5235
5236
5237
3190
5238
3191
5239
3192
3193
3194
5244
5245
5246
5247
5248
5253
5254
5255
5256
5257
5262
5263
5264
5265
5266
5271
5272
5273
5274
5275
5280
5281
5282
5283
5284
5290
5291
5292
5293
5300
5301
5302
5310
5311
5320
3299
7400
7401
3308
3309
7410
3317
3318
3319
3326
3327
3328
3329
3335
3336
3337
3338
3339
3344
3345
3346
3347
3348
3353
3354
3355
3356
3357
5407
5408
5409
3362
3363
3364
3365
3366
5416
5417
5418
3371
5419
3372
3373
3374
3375
5425
5426
5427
3380
5428
3381
5429
3382
3383
3384
5434
5435
5436
5437
3390
5438
3391
3392
3393
5443
5444
5445
5446
5447
5452
5453
5454
5455
5456
5461
5462
5463
5464
5465
5470
5471
5472
5473
5474
5480
5481
5482
5483
5490
5491
5492
5500
5501
5510
3489
3498
3499
7600
3507
3508
3509
3516
3517
3518
3519
3525
3526
3527
3528
3529
1483
3534
3535
3536
3537
3538
3543
3544
3545
3546
3547
3552
3553
3554
3555
3556
5606
5607
5608
3561
5609
3562
3563
3564
3565
5615
5616
5617
3570
5618
3571
5619
3572
3573
3574
5624
5625
5626
5627
3580
5628
3581
3582
3583
5633
5634
5635
5636
5637
3590
3591
3592
5642
5643
5644
5645
5646
5651
5652
5653
5654
5655
5660
5661
5662
5663
5664
5670
5671
5672
5673
5680
5681
5682
5690
5691
5700
3679
3688
3689
1645
3697
3698
3699
1654
1655
3706
3707
3708
3709
3715
3716
3717
3718
3719
3724
3725
3726
3727
3728
3733
3734
3735
3736
3737
3742
3743
3744
3745
3746
3751
3752
3753
3754
3755
5805
5806
5807
3760
5808
3761
5809
3762
3763
3764
5814
5815
5816
5817
5818
3770
3771
3772
3773
5823
5824
5825
5826
5827
3780
3781
3782
5832
5833
5834
5835
5836
3790
3791
5841
5842
5843
5844
5845
5850
5851
5852
5853
5854
5860
5861
5862
5863
5870
5871
5872
5880
5881
5890
1814
3869
1823
1824
3878
3879
1832
1833
1834
3887
3888
3889
3896
3897
3898
3899
3905
3906
3907
3908
3909
3914
3915
3916
3917
3918
3923
3924
3925
3926
3927
3932
3933
3934
3935
3936
3941
3942
3943
3944
3945
3950
3951
3952
3953
3954
6004
6005
6006
6007
6008
3960
3961
3962
3963
6013
6014
6015
6016
6017
3970
3971
3972
6022
6023
6024
6025
6026
3980
3981
6031
6032
6033
6034
6035
3990
6040
6041
6042
6043
6044
6050
6051
6052
6053
6060
6061
6062
6070
6071
6080
1989
1998
1999
2007
2008
2009
4059
2016
2017
2018
2019
4068
4069
4077
4078
4079
4086
4087
4088
4089
4095
)
)

// processor2

5010
(
1000
(
4096
4097
4098
4099
4104
4105
4106
4107
4108
4113
4114
4115
4116
4117
4122
4123
4124
4125
4126
4131
4132
4133
4134
4135
4140
4141
4142
4143
4144
4150
4151
4152
4153
6203
6204
6205
6206
6207
4160
4161
4162
6212
6213
6214
6215
6216
4170
4171
6221
6222
6223
6224
6225
4180
6230
6231
6232
6233
6234
6240
6241
6242
6243
6250
6251
6252
6260
6261
2169
6270
2178
2179
2187
2188
2189
2196
2197
2198
2199
4249
2205
2206
2207
2208
2209
4258
4259
4267
4268
4269
4276
4277
4278
4279
4285
4286
4287
4288
4289
4294
4295
4296
4297
4298
4303
4304
4305
4306
4307
4312
4313
4314
4315
4316
4321
4322
4323
4324
4325
4330
4331
4332
4333
4334
4340
4341
4342
4343
4350
4351
4352
6402
6403
6404
6405
6406
4360
4361
6411
6412
6413
6414
6415
4370
6420
6421
6422
6423
6424
6430
6431
6432
6433
6440
6441
6442
2353
6450
6451
2362
2363
6460
2371
2372
2373
2380
2381
2382
2383
2389
2390
2391
4439
2392
2393
2398
2399
2400
4448
2401
4449
2402
4457
4458
4459
4466
4467
4468
4469
4475
4476
4477
4478
4479
4484
4485
4486
4487
4488
4493
4494
4495
4496
4497
4502
4503
4504
4505
4506
4511
4512
4513
4514
4515
4520
4521
4522
4523
4524
4530
4531
4532
4533
4540
4541
4542
4550
4551
6601
6602
6603
6604
6605
4560
6610
6611
6612
6613
6614
6620
6621
6622
6623
6630
6631
6632
2540
6640
6641
2549
2550
6650
2558
2559
2560
2567
2568
2569
2570
2576
2577
2578
2579
2580
4629
2585
2586
2587
2588
2589
4638
4639
2594
2595
2596
2597
2598
4647
4648
4649
4656
4657
4658
4659
4665
4666
4667
4668
4669
4674
4675
4676
4677
4678
4683
4684
4685
4686
4687
4692
4693
4694
4695
4696
4701
4702
4703
4704
4705
4710
4711
4712
4713
4714
4720
4721
4722
4723
4730
4731
4732
4740
4741
4750
6800
6801
6802
6803
6804
6810
6811
6812
6813
6820
6821
6822
2729
6830
6831
2738
2739
6840
2747
2748
2749
2756
2757
2758
2759
2765
2766
2767
2768
2769
4819
2774
2775
2776
2777
2778
4828
4829
2783
2784
2785
2786
2787
4837
4838
4839
2792
2793
2794
2795
2796
4846
4847
4848
4849
4855
4856
4857
4858
4859
4864
4865
4866
4867
4868
4873
4874
4875
4876
4877
4882
4883
4884
4885
4886
4891
4892
4893
4894
4895
4900
4901
4902
4903
4904
4910
4911
4912
4913
4920
4921
4922
4930
4931
4940
7000
7001
7002
7003
7010
7011
7012
2919
7020
7021
2928
2929
7030
2937
2938
2939
2946
2947
2948
2949
2955
2956
2957
2958
2959
5009
2964
2965
2966
2967
2968
5018
5019
2973
2974
2975
2976
2977
5027
5028
5029
2982
2983
2984
2985
2986
5036
5037
5038
2991
5039
2992
2993
2994
2995
5045
5046
5047
5048
5049
5054
5055
5056
5057
5058
5063
5064
5065
5066
5067
5072
5073
5074
5075
5076
5081
5082
5083
5084
5085
5090
5091
5092
5093
5094
5100
5101
5102
5103
5110
5111
5112
5120
5121
5130
7200
7201
7202
3109
7210
7211
3118
3119
7220
3127
3128
3129
3136
3137
3138
3139
3145
3146
3147
3148
3149
3154
3155
3156
3157
3158
5208
5209
3163
3164
3165
3166
3167
5217
5218
5219
3172
3173
3174
3175
3176
5226
5227
5228
3181
5229
3182
3183
3184
3185
5235
5236
5237
3190
5238
3191
5239
3192
3193
3194
5244
5245
5246
5247
5248
5253
5254
5255
5256
5257
5262
5263
5264
5265
5266
5271
5272
5273
5274
5275
5280
5281
5282
5283
5284
5290
5291
5292
5293
5300
5301
5302
5310
5311
5320
3299
7400
7401
3308
3309
7410
3317
3318
3319
3326
3327
3328
3329
3335
3336
3337
3338
3339
3344
3345
3346
3347
3348
3353
3354
3355
3356
3357
5407
5408
5409
3362
3363
3364
3365
3366
5416
5417
5418
3371
5419
3372
3373
3374
3375
5425
5426
5427
3380
5428
3381
5429
3382
3383
3384
5434
5435
5436
5437
3390
5438
3391
3392
3393
5443
5444
5445
5446
5447
5452
5453
5454
5455
5456
5461
5462
5463
5464
5465
5470
5471
5472
5473
5474
5480
5481
5482
5483
5490
5491
5492
5500
5501
5510
3489
3498
3499
7600
3507
3508
3509
3516
3517
3518
3519
3525
3526
3527
3528
3529
1483
3534
3535
3536
3537
3538
3543
3544
3545
3546
3547
3552
3553
3554
3555
3556
5606
5607
5608
3561
5609
3562
3563
3564
3565
5615
5616
5617
3570
5618
3571
5619
3572
3573
3574
5624
5625
5626
5627
3580
5628
3581
3582
3583
5633
5634
5635
5636
5637
3590
3591
3592
5642
5643
5644
5645
5646
5651
5652
5653
5654
5655
5660
5661
5662
5663
5664
5670
5671
5672
5673
5680
5681
5682
5690
5691
5700
3679
3688
3689
1645
3697
3698
3699
1654
1655
3706
3707
3708
3709
3715
3716
3717
3718
3719
3724
3725
3726
3727
3728
3733
3734
3735
3736
3737
3742
3743
3744
3745
3746
3751
3752
3753
3754
3755
5805
5806
5807
3760
5808
3761
5809
3762
3763
3764
5814
5815
5816
5817
5818
3770
3771
3772
3773
5823
5824
5825
5826
5827
3780
3781
3782
5832
5833
5834
5835
5836
3790
3791
5841
5842
5843
5844
5845
5850
5851
5852
5853
5854
5860
5861
5862
5863
5870
5871
5872
5880
5881
5890
1814
3869
1823
1824
3878
3879
1832
1833
1834
3887
3888
3889
3896
3897
3898
3899
3905
3906
3907
3908
3909
3914
3915
3916
3917
3918
3923
3924
3925
3926
3927
3932
3933
3934
3935
3936
3941
3942
3943
3944
3945
3950
3951
3952
3953
3954
6004
6005
6006
6007
6008
3960
3961
3962
3963
6013
6014
6015
6016
6017
3970
3971
3972
6022
6023
6024
6025
6026
3980
3981
6031
6032
6033
6034
6035
3990
6040
6041
6042
6043
6044
6050
6051
6052
6053
6060
6061
6062
6070
6071
6080
1989
1998
1999
2007
2008
2009
4059
2016
2017
2018
2019
4068
4069
4077
4078
4079
4086
4087
4088
4089
4095
)
)

// processor3

5010
(
1000
(
4096
4097
4098
4099
4104
4105
4106
4107
4108
4113
4114
4115
4116
4117
4122
4123
4124
4125
4126
4131
4132
4133
4134
4135
4140
4141
4142
4143
4144
4150
4151
4152
4153
6203
6204
6205
6206
6207
4160
4161
4162
6212
6213
6214
6215
6216
4170
4171
6221
6222
6223
6224
6225
4180
6230
6231
6232
6233
6234
6240
6241
6242
6243
6250
6251
6252
6260
6261
2169
6270
2178
2179
2187
2188
2189
2196
2197
2198
2199
4249
2205
2206
2207
2208
2209
4258
4259
4267
4268
4269
4276
4277
4278
4279
4285
4286
4287
4288
4289
4294
4295
4296
4297
4298
4303
4304
4305
4306
4307
4312
4313
4314
4315
4316
4321
4322
4323
4324
4325
4330
4331
4332
4333
4334
4340
4341
4342
4343
4350
4351
4352
6402
6403
6404
6405
6406
4360
4361
6411
6412
6413
6414
6415
4370
6420
6421
6422
6423
6424
6430
6431
6432
6433
6440
6441
6442
2353
6450
6451
2362
2363
6460
2371
2372
2373
2380
2381
2382
2383
2389
2390
2391
4439
2392
2393
2398
2399
2400
4448
2401
4449
2402
4457
4458
4459
4466
4467
4468
4469
4475
4476
4477
4478
4479
4484
4485
4486
4487
4488
4493
4494
4495
4496
4497
4502
4503
4504
4505
4506
4511
4512
4513
4514
4515
4520
4521
4522
4523
4524
4530
4531
4532
4533
4540
4541
4542
4550
4551
6601
6602
6603
6604
6605
4560
6610
6611
6612
6613
6614
6620
6621
6622
6623
6630
6631
6632
2540
6640
6641
2549
2550
6650
2558
2559
2560
2567
2568
2569
2570
2576
2577
2578
2579
2580
4629
2585
2586
2587
2588
2589
4638
4639
2594
2595
2596
2597
2598
4647
4648
4649
4656
4657
4658
4659
4665
4666
4667
4668
4669
4674
4675
4676
4677
4678
4683
4684
4685
4686
4687
4692
4693
4694
4695
4696
4701
4702
4703
4704
4705
4710
4711
4712
4713
4714
4720
4721
4722
4723
4730
4731
4732
4740
4741
4750
6800
6801
6802
6803
6804
6810
6811
6812
6813
6820
6821
6822
2729
6830
6831
2738
2739
6840
2747
2748
2749
2756
2757
2758
2759
2765
2766
2767
2768
2769
4819
2774
2775
2776
2777
2778
4828
4829
2783
2784
2785
2786
2787
4837
4838
4839
2792
2793
2794
2795
2796
4846
4847
4848
4849
4855
4856
4857
4858
4859
4864
4865
4866
4867
4868
4873
4874
4875
4876
4877
4882
4883
4884
4885
4886
4891
4892
4893
4894
4895
4900
4901
4902
4903
4904
4910
4911
4912
4913
4920
4921
4922
4930
4931
4940
7000
7001
7002
7003
7010
7011
7012
2919
7020
7021
2928
2929
7030
2937
2938
2939
2946
2947
2948
2949
2955
2956
2957
2958
2959
5009
2964
2965
2966
2967
2968
5018
5019
2973
2974
2975
2976
2977
5027
5028
5029
2982
2983
2984
2985
2986
5036
5037
5038
2991
5039
2992
2993
2994
2995
5045
5046
5047
5048
5049
5054
5055
5056
5057
5058
5063
5064
5065
5066
5067
5072
5073
5074
5075
5076
5081
5082
5083
5084
5085
5090
5091
5092
5093
5094
5100
5101
5102
5103
5110
5111
5112
5120
5121
5130
7200
7201
7202
3109
7210
7211
3118
3119
7220
3127
3128
3129
3136
3137
3138
3139
3145
3146
3147
3148
3149
3154
3155
3156
3157
3158
5208
5209
3163
3164
3165
3166
3167
5217
5218
5219
3172
3173
3174
3175
3176
5226
5227
5228
3181
5229
3182
3183
3184
3185
5235
5236
5237
3190
5238
3191
5239
3192
3193
3194
5244
5245
5246
5247
5248
5253
5254
5255
5256
5257
5262
5263
5264
5265
5266
5271
5272
5273
5274
5275
5280
5281
5282
5283
5284
5290
5291
5292
5293
5300
5301
5302
5310
5311
5320
3299
7400
7401
3308
3309
7410
3317
3318
3319
3326
3327
3328
3329
3335
3336
3337
3338
3339
3344
3345
3346
3347
3348
3353
3354
3355
3356
3357
5407
5408
5409
3362
3363
3364
3365
3366
5416
5417
5418
3371
5419
3372
3373
3374
3375
5425
5426
5427
3380
5428
3381
5429
3382
3383
3384
5434
5435
5436
5437
3390
5438
3391
3392
3393
5443
5444
5445
5446
5447
5452
5453
5454
5455
5456
5461
5462
5463
5464
5465
5470
5471
5472
5473
5474
5480
5481
5482
5483
5490
5491
5492
5500
5501
5510
3489
3498
3499
7600
3507
3508
3509
3516
3517
3518
3519
3525
3526
3527
3528
3529
1483
3534
3535
3536
3537
3538
3543
3544
3545
3546
3547
3552
3553
3554
3555
3556
5606
5607
5608
3561
5609
3562
3563
3564
3565
5615
5616
5617
3570
5618
3571
5619
3572
3573
3574
5624
5625
5626
5627
3580
5628
3581
3582
3583
5633
5634
5635
5636
5637
3590
3591
3592
5642
5643
5644
5645
5646
5651
5652
5653
5654
5655
5660
5661
5662
5663
5664
5670
5671
5672
5673
5680
5681
5682
5690
5691
5700
3679
3688
3689
1645
3697
3698
3699
1654
1655
3706
3707
3708
3709
3715
3716
3717
3718
3719
3724
3725
3726
3727
3728
3733
3734
3735
3736
3737
3742
3743
3744
3745
3746
3751
3752
3753
3754
3755
5805
5806
5807
3760
5808
3761
5809
3762
3763
3764
5814
5815
5816
5817
5818
3770
3771
3772
3773
5823
5824
5825
5826
5827
3780
3781
3782
5832
5833
5834
5835
5836
3790
3791
5841
5842
5843
5844
5845
5850
5851
5852
5853
5854
5860
5861
5862
5863
5870
5871
5872
5880
5881
5890
1814
3869
1823
1824
3878
3879
1832
1833
1834
3887
3888
3889
3896
3897
3898
3899
3905
3906
3907
3908
3909
3914
3915
3916
3917
3918
3923
3924
3925
3926
3927
3932
3933
3934
3935
3936
3941
3942
3943
3944
3945
3950
3951
3952
3953
3954
6004
6005
6006
6007
6008
3960
3961
3962
3963
6013
6014
6015
6016
6017
3970
3971
3972
6022
6023
6024
6025
6026
3980
3981
6031
6032
6033
6034
6035
3990
6040
6041
6042
6043
6044
6050
6051
6052
6053
6060
6061
6062
6070
6071
6080
1989
1998
1999
2007
2008
2009
4059
2016
2017
2018
2019
4068
4069
4077
4078
4079
4086
4087
4088
4089
4095
)
)

// processor4

3
(0())

// processor5

3
(0())

// processor6

3
(0())

// processor7

3
(0())
