/*--------------------------------*- C++ -*----------------------------------*\
| =========                 |                                                 |
| \\      /  F ield         | OpenFOAM: The Open Source CFD Toolbox           |
|  \\    /   O peration     | Version:  2306                                  |
|   \\  /    A nd           | Website:  www.openfoam.com                      |
|    \\/     M anipulation  |                                                 |
\*---------------------------------------------------------------------------*/
FoamFile
{
    version     2.0;
    format      binary;
    arch        "LSB;label=32;scalar=64";
    class       decomposedBlockData;
    object      phiE0;
    data.format     ascii;
    data.class      cellSet;
}
// * * * * * * * * * * * * * * * * * * * * * * * * * * * * * * * * * * * * * //


// processor0

21079
(FoamFile
{
    version     2.0;
    format      ascii;
    arch        "LSB;label=32;scalar=64";
    class       cellSet;
    location    "constant/polyMesh/sets";
    object      phiE0;
}

4000
(
8203
8204
8205
8206
8207
8208
8209
8212
8213
8214
8215
8216
8217
8218
8219
8221
8222
8223
8224
8225
8226
8227
8228
8229
8230
8231
8232
8233
8234
8235
8236
8237
8238
8239
8240
8241
8242
8243
8244
8245
8246
8247
8248
8250
8251
8252
8253
8254
8255
8256
8257
8260
8261
8262
8263
8264
8265
8266
8270
8271
8272
8273
8274
8275
8280
8281
8282
8283
8284
8290
8291
8292
8293
8300
8301
8302
8310
8311
8320
8402
8403
8404
8405
8406
8407
8408
8409
8411
8412
8413
8414
8415
8416
8417
8418
8419
8420
8421
8422
8423
8424
8425
8426
8427
8428
8429
8430
8431
8432
240
8433
8434
8435
8436
8437
8438
8440
8441
8442
8443
8444
8445
8446
8447
8450
8451
8452
8453
8454
8455
8456
8460
8461
8462
8463
8464
8465
8470
8471
8472
8473
8474
8480
8481
8482
8483
8490
8491
8492
305
8500
8501
311
312
8510
380
386
387
393
394
395
8601
8602
8603
8604
8605
8606
8607
8608
8609
8610
8611
8612
8613
8614
8615
8616
8617
8618
8619
8620
8621
8622
8623
8624
8625
8626
8627
8628
8630
8631
8632
8633
8634
8635
8636
8637
8640
8641
8642
8643
8644
8645
8646
8650
8651
8652
8653
8654
8655
465
8660
8661
8662
8663
471
8664
472
8670
478
8671
479
8672
480
8673
486
487
8680
488
8681
489
8682
8690
8691
8700
560
566
567
573
574
575
581
582
583
584
590
591
592
593
594
8800
8801
8802
8803
8804
8805
8806
8807
8808
8809
8810
8811
8812
8813
8814
8815
8816
8817
8818
8820
8821
8822
8823
8824
8825
8826
8827
8830
8831
8832
8833
8834
8835
8836
8840
8841
8842
8843
8844
8845
8850
8851
8852
8853
8854
665
8860
8861
8862
8863
671
672
8870
678
8871
679
8872
680
686
687
8880
688
8881
689
695
696
697
8890
698
699
704
705
706
707
708
709
780
786
787
793
794
795
801
802
803
804
9000
9001
9002
810
9003
811
9004
812
9005
813
9006
814
9007
9008
9010
9011
819
9012
820
9013
821
9014
822
9015
823
9016
824
9017
9020
828
9021
829
9022
830
9023
831
9024
832
9025
833
9026
834
9030
9031
9032
9033
9034
9035
9040
9041
9042
9043
9044
9050
9051
9052
9053
9060
9061
9062
9070
9071
9080
905
911
912
918
919
920
926
927
928
929
935
936
937
938
939
944
945
946
947
948
949
953
954
955
956
957
958
959
962
963
964
965
966
967
968
969
9200
9201
9202
9203
9204
9205
9206
9207
9210
9211
9212
9213
9214
9215
9216
9220
9221
9222
9223
9224
9225
9230
9231
9232
1040
9233
9234
1046
1047
9240
9241
9242
9243
1053
1054
1055
9250
9251
9252
1061
1062
1063
1064
9260
9261
1070
1071
1072
1073
1074
9270
1079
1080
1081
1082
1083
1084
1088
1089
1090
1091
1092
1093
1094
1097
1098
1099
1100
1101
1102
1103
1104
1106
1107
1108
1109
1110
1111
1112
1113
1114
9349
1185
1191
1192
1198
1199
1200
1206
1207
9400
1208
9401
1209
9402
9403
9404
9405
9406
1215
1216
1217
9410
1218
9411
1219
9412
9413
9414
9415
1224
1225
1226
1227
9420
1228
9421
1229
9422
9423
9424
1233
1234
1235
1236
1237
9430
1238
9431
1239
9432
9433
1242
1243
1244
1245
1246
1247
9440
1248
9441
1249
9442
1251
1252
1253
1254
1255
1256
1257
9450
1258
9451
1259
1260
1261
1262
1263
1264
1265
1266
1267
9460
1268
1269
1345
1346
9539
1352
1353
1354
9548
9549
1360
1361
1362
1363
1369
1370
1371
1372
1373
1378
1379
1380
1381
1382
1383
1387
1388
1389
1390
1391
1392
1393
1396
1397
1398
1399
1400
1401
1402
1403
1405
1406
1407
9600
1408
9601
1409
9602
1410
9603
1411
9604
1412
9605
1413
1414
1415
1416
1417
9610
1418
9611
1419
9612
1420
9613
1421
9614
1422
1423
1424
1425
1426
1427
9620
1428
9621
1429
9622
1430
9623
1431
1432
9630
9631
9632
9640
9641
9650
1514
1515
1516
1522
1523
1524
1525
1531
1532
1533
1534
1535
9729
1540
1541
1542
1543
1544
1545
9738
9739
1549
1550
1551
1552
1553
1554
9747
1555
9748
9749
1558
1559
1560
1561
1562
1563
1564
1565
1567
1568
1569
1570
1571
1572
1573
1574
1575
1576
1577
1578
1579
1580
1581
1582
1583
1584
1585
1586
1587
1588
1589
1590
1591
1592
1593
1594
1596
1597
1598
1599
1600
1601
1602
1603
9800
9801
9802
9803
9804
9810
9811
9812
9813
9820
9821
9822
9830
9831
9840
1691
1692
1693
1694
1700
1701
1702
1703
1704
1709
1710
1711
1712
1713
1714
1718
1719
1720
1721
1722
1723
1724
9919
1727
1728
1729
1730
1731
1732
1733
1734
9928
1736
9929
1737
1738
1739
1740
1741
1742
1743
1744
9937
1745
9938
1746
9939
1747
1748
1749
1750
1751
1752
1753
9946
1754
9947
1755
9948
1756
9949
1757
1758
1759
1760
1761
1762
1763
1765
1766
1767
1768
1769
1770
1771
1772
1775
1776
1777
1778
1779
1780
1781
10000
10001
10002
10003
10010
10011
10012
10020
10021
10030
1875
1876
1877
1878
1879
1884
1885
1886
1887
1888
1889
1893
1894
1895
1896
1897
1898
1899
1902
1903
1904
1905
1906
1907
1908
1909
1911
1912
1913
1914
1915
1916
10109
1917
1918
1919
1920
1921
1922
1923
1924
1925
10118
1926
10119
1927
1928
1929
1930
1931
1932
1933
1934
10127
1935
10128
1936
10129
1937
1938
1940
1941
1942
1943
10136
1944
10137
1945
10138
1946
10139
1947
1950
1951
1952
10145
1953
10146
1954
10147
1955
10148
1956
10149
1960
1961
1962
1963
1964
1965
10200
10201
10202
10210
10211
10220
2064
2065
2066
2067
2068
2069
2073
2074
2075
2076
2077
2078
2079
2082
2083
2084
2085
2086
2087
2088
2089
2091
2092
2093
2094
2095
2096
2097
2098
2099
2100
2101
2102
2103
2104
2105
2106
10299
2107
2108
2109
2110
2111
2112
2113
2114
2115
10308
2116
10309
2117
2118
2120
2121
2122
2123
2124
10317
2125
10318
2126
10319
2127
2130
2131
2132
2133
10326
2134
10327
2135
10328
2136
10329
2140
2141
2142
10335
2143
10336
2144
10337
2145
10338
10339
2150
2151
10344
2152
10345
2153
10346
2154
10347
10348
10349
10400
10401
10410
2257
2258
2259
2260
2261
2262
2263
2266
2267
2268
2269
2270
2271
2272
2273
2275
2276
2277
2278
2279
2280
2281
2282
2283
2284
2285
2286
2287
2288
2289
2290
2291
2292
2293
2294
2295
2296
10489
2297
2298
2299
2300
2301
2302
2304
2305
10498
2306
10499
2307
2308
2309
2310
2311
2314
10507
2315
10508
2316
10509
2317
2318
2319
2320
10516
2324
10517
2325
10518
2326
10519
2327
2328
2329
10525
10526
2334
10527
2335
10528
2336
10529
2337
2338
10534
10535
10536
2344
10537
2345
10538
2346
10539
2347
10543
10544
10545
10546
10547
10548
10549
10600
2453
2454
2455
2456
2457
2458
2459
2460
2462
2463
2464
2465
2466
2467
2468
2469
2470
2471
2472
2473
2474
2475
2476
2477
2478
2479
2480
2481
2482
2483
2484
2485
2486
10679
2487
2488
2489
2491
2492
2493
2494
2495
10688
2496
10689
2497
2498
2501
2502
2503
2504
10697
2505
10698
2506
10699
2507
2511
2512
2513
10706
2514
10707
2515
10708
2516
10709
2521
2522
10715
2523
10716
2524
10717
2525
10718
10719
2531
10724
2532
10725
2533
10726
2534
10727
10728
10729
10733
2541
10734
2542
10735
2543
10736
10737
10738
10739
10742
10743
10744
10745
10746
10747
10748
10749
2651
2652
2653
2654
2655
2656
2657
2658
2659
2660
2661
2662
2663
2664
2665
2666
2667
2668
2669
2670
2671
2672
2673
2674
2675
2676
10869
2677
2678
2680
2681
2682
2683
2684
2685
10878
2686
10879
2687
2690
2691
2692
2693
2694
10887
2695
10888
2696
10889
2700
2701
2702
2703
10896
2704
10897
2705
10898
10899
2710
2711
2712
10905
2713
10906
2714
10907
10908
10909
2720
2721
10914
2722
10915
2723
10916
10917
10918
10919
2730
10923
2731
10924
2732
10925
10926
10927
10928
10929
10932
2740
10933
2741
10934
10935
10936
10937
10938
10939
10941
10942
10943
10944
10945
10946
10947
10948
10949
2850
2851
2852
2853
2854
2855
2856
2857
2858
2859
2860
2861
2862
2863
2864
2865
2866
11059
2867
2868
2870
2871
2872
2873
2874
2875
11068
2876
11069
2877
2880
2881
2882
2883
2884
11077
2885
11078
2886
11079
2890
2891
2892
2893
11086
2894
11087
2895
11088
11089
2900
2901
2902
11095
2903
11096
2904
11097
11098
11099
2910
2911
11104
2912
11105
2913
11106
11107
11108
11109
2920
11113
2921
11114
2922
11115
11116
11117
11118
11119
11122
2930
11123
2931
11124
11125
11126
11127
11128
11129
11131
11132
2940
11133
11134
11135
11136
11137
11138
11139
11140
11141
11142
11143
11144
11145
11146
11147
11148
11149
3050
3051
3052
3053
3054
3055
3056
3057
3058
3060
3061
3062
3063
3064
3065
11258
3066
11259
3067
3070
3071
3072
3073
3074
11267
3075
11268
3076
11269
3080
3081
3082
3083
11276
3084
11277
3085
11278
11279
3090
3091
3092
11285
3093
11286
3094
11287
11288
11289
3100
3101
11294
3102
11295
3103
11296
11297
11298
11299
3110
11303
3111
11304
3112
11305
11306
11307
11308
11309
11312
3120
11313
3121
11314
11315
11316
11317
11318
11319
11321
11322
3130
11323
11324
11325
11326
11327
11328
11329
11330
11331
11332
11333
11334
11335
11336
11337
11338
11339
11340
11341
11342
11343
11344
11345
11346
11347
11348
3250
3251
3252
3253
3254
3255
3256
3257
3260
3261
3262
3263
11456
3264
11457
3265
11458
3266
3270
3271
3272
11465
3273
11466
3274
11467
3275
11468
3280
3281
11474
3282
11475
3283
11476
3284
11477
11478
3290
11483
3291
11484
3292
11485
3293
11486
11487
11488
11492
3300
11493
3301
11494
3302
11495
11496
11497
11498
11501
11502
3310
11503
3311
11504
11505
11506
11507
11508
11510
11511
11512
3320
11513
11514
11515
11516
11517
11518
11519
11520
11521
11522
11523
11524
11525
11526
11527
11528
11529
11530
11531
11532
11533
11534
11535
11536
11537
11539
11540
11541
11542
11543
11544
11545
11546
3399
3450
3451
3452
3453
3454
3455
3456
11652
3460
11653
3461
11654
3462
11655
3463
3464
3465
11661
11662
3470
11663
3471
11664
3472
11665
3473
3474
11670
11671
11672
3480
11673
3481
11674
3482
11675
3483
11679
11680
11681
11682
3490
11683
3491
11684
3492
11685
11688
11689
11690
11691
11692
3500
11693
3501
11694
11695
11697
11698
11699
11700
11701
11702
3510
11703
11704
11705
11706
11707
11708
11709
11710
11711
11712
11713
11714
11715
11716
11717
11718
11719
11720
11721
11722
11723
11724
11726
11727
11728
11729
11730
11731
11732
11733
11736
11737
11738
11739
11740
11741
11742
3589
3598
3599
3650
3651
3652
11845
3653
11846
3654
11847
3655
11848
11849
3660
3661
11854
3662
11855
3663
11856
3664
11857
11858
11859
3670
11863
3671
11864
3672
11865
3673
11866
11867
11868
11869
11872
3680
11873
3681
11874
3682
11875
11876
11877
11878
11879
11881
11882
3690
11883
3691
11884
11885
11886
11887
11888
11889
11890
11891
11892
3700
11893
11894
11895
11896
11897
11898
11899
11900
11901
11902
11903
11904
11905
11906
11907
11908
11910
11911
11912
11913
11914
11915
11916
11917
11920
11921
11922
11923
11924
11925
11926
11930
11931
11932
11933
11934
11935
3779
3788
3789
3797
3798
3799
12034
12035
12036
12037
12038
12039
3850
12043
3851
12044
3852
12045
3853
12046
3854
12047
12048
12049
12052
3860
12053
3861
12054
3862
12055
3863
12056
12057
12058
12059
12061
12062
3870
12063
3871
12064
3872
12065
12066
12067
12068
12069
12070
12071
12072
3880
12073
3881
12074
12075
12076
12077
12078
12079
12080
12081
12082
3890
12083
12084
12085
12086
12087
12088
12090
12091
12092
12093
12094
12095
12096
12097
12100
12101
12102
12103
12104
12105
12106
12110
12111
12112
12113
12114
12115
12120
12121
12122
12123
12124
3969
3978
3979
3987
3988
3989
3996
3997
3998
3999
12218
12219
12220
12221
12222
12223
12224
12227
12228
12229
12230
12231
12232
12233
12234
12236
12237
12238
12239
12240
12241
12242
4050
12243
4051
12244
4052
12245
4053
12246
12247
12248
12249
12250
12251
12252
4060
12253
4061
12254
4062
12255
12256
12257
12258
12259
12260
12261
12262
4070
12263
4071
12265
12266
12267
12268
12269
12270
12271
12272
4080
12275
12276
12277
12278
12279
12280
12281
12285
12286
12287
12288
12289
12290
12295
12296
12297
12298
12299
12305
12306
12307
12308
4159
4168
4169
4177
4178
4179
4186
4187
4188
4189
4195
4196
4197
4198
4199
12396
12397
12398
12399
12400
12401
12402
12403
12405
12406
12407
12408
12409
12410
12411
12412
12413
12414
12415
12416
12417
12418
12419
12420
12421
12422
12423
12424
12425
12426
12427
12428
12429
12430
12431
12432
12434
12435
12436
12437
12438
12439
12440
12441
4250
4251
12444
4252
12445
12446
12447
12448
12449
12450
4260
4261
12454
12455
12456
12457
12458
12459
4270
12464
12465
12466
12467
12468
12474
12475
12476
12477
12483
12484
12485
4349
4358
4359
4367
4368
4369
12567
12568
4376
12569
4377
12570
4378
12571
4379
12572
12573
12574
12575
12576
12577
4385
12578
4386
12579
4387
12580
4388
12581
4389
12582
12583
12584
12585
12586
4394
12587
4395
12588
4396
12589
4397
12590
4398
12591
4399
12592
12593
12594
12596
12597
12598
12599
12600
12601
12602
12603
12606
12607
12608
12609
12610
12611
12612
12616
12617
12618
12619
12620
12621
12626
12627
12628
12629
12630
12636
12637
12638
12639
4450
4451
12645
12646
12647
4460
12653
12654
12730
12731
4539
12732
12733
12734
12735
12736
12737
12738
12739
12740
4548
12741
4549
12742
12743
12744
12745
12746
12747
12748
4557
12750
4558
12751
4559
12752
12753
12754
12755
12756
12757
4566
4567
12760
4568
12761
4569
12762
12763
12764
12765
12766
4575
4576
4577
12770
4578
12771
4579
12772
12773
12774
12775
4584
4585
4586
4587
12780
4588
12781
4589
12782
12783
12784
4593
4594
4595
4596
4597
12790
4598
12791
4599
12792
12793
12799
12800
12801
12807
12808
12814
4650
12885
12886
12887
12888
12889
12890
12891
12892
12893
12895
12896
12897
12898
12899
12900
12901
12902
12905
12906
12907
12908
12909
12910
12911
12915
12916
12917
12918
12919
12920
4729
12925
12926
12927
12928
12929
4738
4739
12935
12936
12937
12938
4747
4748
4749
12944
12945
12946
4756
4757
4758
4759
12952
12953
4765
4766
12959
4767
4768
4769
4774
4775
4776
4777
4778
4779
4783
4784
4785
4786
4787
4788
4789
4792
4793
4794
4795
4796
4797
4798
4799
13030
13031
13032
13033
13034
13035
13036
13037
13040
13041
13042
13043
13044
13045
13046
13050
13051
13052
13053
13054
13055
13060
13061
13062
13063
13064
13070
13071
13072
13073
13079
13080
13081
13087
13088
13094
4919
4928
4929
4937
4938
4939
4946
4947
4948
4949
4955
4956
4957
4958
4959
4964
4965
4966
4967
4968
4969
13165
4973
13166
4974
13167
4975
13168
4976
13169
4977
13170
4978
13171
4979
4982
13175
4983
13176
4984
13177
4985
13178
4986
13179
4987
13180
4988
4989
4991
4992
13185
4993
13186
4994
13187
4995
13188
4996
13189
4997
4998
4999
13195
13196
13197
13198
13204
13205
13206
13212
13213
13219
13290
13291
13292
13293
13294
13295
13300
13301
5109
13302
13303
13304
13310
5118
13311
5119
13312
13313
13319
5127
13320
5128
13321
5129
13327
13328
5136
5137
5138
5139
13334
5145
5146
5147
5148
5149
5154
5155
5156
5157
5158
5159
5163
5164
5165
5166
5167
5168
5169
5172
5173
5174
5175
5176
5177
5178
5179
5181
5182
5183
5184
5185
5186
5187
5188
5189
5190
5191
5192
5193
5194
5195
5196
5197
5198
5199
13405
13406
13407
13408
13409
13415
13416
13417
13418
13424
13425
13426
13432
13433
13439
5299
5308
5309
5317
13510
5318
13511
5319
13512
13513
5326
13519
5327
13520
5328
13521
5329
13527
5335
13528
5336
5337
5338
5339
13534
5344
5345
5346
5347
5348
5349
5353
5354
5355
5356
5357
5358
5359
5362
5363
5364
5365
5366
5367
5368
5369
5371
5372
5373
5374
5375
5376
5377
5378
5379
5380
5381
5382
5383
5384
5385
5386
5387
5388
5389
5390
5391
5392
5393
5394
5395
5396
5397
5398
13604
13605
13606
13612
13613
13619
5489
13687
13688
5498
5499
13694
5507
5508
5509
5516
5517
5518
5519
5525
5526
5527
5528
5529
5534
5535
5536
5537
5538
5539
5543
5544
5545
5546
5547
5548
5549
5552
5553
5554
5555
5556
5557
5558
5559
5561
5562
5563
5564
5565
5566
13759
5567
5568
5569
5570
5571
5572
5573
5574
5575
5576
5577
5578
5579
5580
5581
5582
5583
5584
5585
5586
5587
5588
5590
5591
5592
5593
5594
5595
5596
5597
5679
5688
5689
5697
5698
5699
5706
5707
5708
5709
5715
5716
5717
5718
5719
5724
5725
5726
5727
5728
5729
5733
5734
5735
5736
5737
5738
5739
5742
5743
5744
5745
5746
5747
5748
5749
5751
5752
5753
5754
5755
5756
5757
5758
5759
5760
5761
5762
5763
5764
5765
5766
5767
5768
5769
5770
5771
5772
5773
5774
5775
5776
5777
5778
5780
5781
5782
5783
5784
5785
5786
5787
5790
5791
5792
5793
5794
5795
5796
5869
5878
5879
5887
5888
5889
5896
5897
5898
5899
5905
5906
5907
5908
5909
5914
5915
5916
5917
5918
5919
5923
5924
5925
5926
5927
5928
5929
5932
5933
5934
5935
5936
5937
5938
5939
5941
5942
5943
5944
5945
5946
5947
5948
5949
5950
5951
5952
5953
5954
5955
5956
5957
5958
5959
5960
5961
5962
5963
5964
5965
5966
5967
5968
5970
5971
5972
5973
5974
5975
5976
5977
5980
5981
5982
5983
5984
5985
5986
5990
5991
5992
5993
5994
5995
6059
6068
6069
6077
6078
6079
6086
6087
6088
6089
6095
6096
6097
6098
6099
6104
6105
6106
6107
6108
6109
6113
6114
6115
6116
6117
6118
6119
6122
6123
6124
6125
6126
6127
6128
6129
6131
6132
6133
6134
6135
6136
6137
6138
6139
6140
6141
6142
6143
6144
6145
6146
6147
6148
6149
6150
6151
6152
6153
6154
6155
6156
6157
6158
6160
6161
6162
6163
6164
6165
6166
6167
6170
6171
6172
6173
6174
6175
6176
6180
6181
6182
6183
6184
6185
6190
6191
6192
6193
6194
6249
6258
6259
6267
6268
6269
6276
6277
6278
6279
6285
6286
6287
6288
6289
6294
6295
6296
6297
6298
6299
6303
6304
6305
6306
6307
6308
6309
6312
6313
6314
6315
6316
6317
6318
6319
6321
6322
6323
6324
6325
6326
6327
6328
6329
6330
6331
6332
6333
6334
6335
6336
6337
6338
6339
6340
6341
6342
6343
6344
6345
6346
6347
6348
6350
6351
6352
6353
6354
6355
6356
6357
6360
6361
6362
6363
6364
6365
6366
6370
6371
6372
6373
6374
6375
6380
6381
6382
6383
6384
6390
6391
6392
6393
6439
6448
6449
6457
6458
6459
6466
6467
6468
6469
6475
6476
6477
6478
6479
6484
6485
6486
6487
6488
6489
6493
6494
6495
6496
6497
6498
6499
6502
6503
6504
6505
6506
6507
6508
6509
6511
6512
6513
6514
6515
6516
6517
6518
6519
6520
6521
6522
6523
6524
6525
6526
6527
6528
6529
6530
6531
6532
6533
6534
6535
6536
6537
6538
6540
6541
6542
6543
6544
6545
6546
6547
6550
6551
6552
6553
6554
6555
6556
6560
6561
6562
6563
6564
6565
6570
6571
6572
6573
6574
6580
6581
6582
6583
6590
6591
6592
6629
6638
6639
6647
6648
6649
6656
6657
6658
6659
6665
6666
6667
6668
6669
6674
6675
6676
6677
6678
6679
6683
6684
6685
6686
6687
6688
6689
6692
6693
6694
6695
6696
6697
6698
6699
6701
6702
6703
6704
6705
6706
6707
6708
6709
6710
6711
6712
6713
6714
6715
6716
6717
6718
6719
6720
6721
6722
6723
6724
6725
6726
6727
6728
6730
6731
6732
6733
6734
6735
6736
6737
6740
6741
6742
6743
6744
6745
6746
6750
6751
6752
6753
6754
6755
6760
6761
6762
6763
6764
6770
6771
6772
6773
6780
6781
6782
6790
6791
6819
6828
6829
6837
6838
6839
6846
6847
6848
6849
6855
6856
6857
6858
6859
6864
6865
6866
6867
6868
6869
6873
6874
6875
6876
6877
6878
6879
6882
6883
6884
6885
6886
6887
6888
6889
6891
6892
6893
6894
6895
6896
6897
6898
6899
6900
6901
6902
6903
6904
6905
6906
6907
6908
6909
6910
6911
6912
6913
6914
6915
6916
6917
6918
6920
6921
6922
6923
6924
6925
6926
6927
6930
6931
6932
6933
6934
6935
6936
6940
6941
6942
6943
6944
6945
6950
6951
6952
6953
6954
6960
6961
6962
6963
6970
6971
6972
6980
6981
6990
7009
7018
7019
7027
7028
7029
7036
7037
7038
7039
7045
7046
7047
7048
7049
7054
7055
7056
7057
7058
7059
7063
7064
7065
7066
7067
7068
7069
7072
7073
7074
7075
7076
7077
7078
7079
7081
7082
7083
7084
7085
7086
7087
7088
7089
7090
7091
7092
7093
7094
7095
7096
7097
7098
7099
7100
7101
7102
7103
7104
7105
7106
7107
7108
7110
7111
7112
7113
7114
7115
7116
7117
7120
7121
7122
7123
7124
7125
7126
7130
7131
7132
7133
7134
7135
7140
7141
7142
7143
7144
7150
7151
7152
7153
7160
7161
7162
7170
7171
7180
7208
7209
7217
7218
7219
7226
7227
7228
7229
7235
7236
7237
7238
7239
7244
7245
7246
7247
7248
7249
7253
7254
7255
7256
7257
7258
7259
7262
7263
7264
7265
7266
7267
7268
7269
7271
7272
7273
7274
7275
7276
7277
7278
7279
7280
7281
7282
7283
7284
7285
7286
7287
7288
7289
7290
7291
7292
7293
7294
7295
7296
7297
7298
7300
7301
7302
7303
7304
7305
7306
7307
7310
7311
7312
7313
7314
7315
7316
7320
7321
7322
7323
7324
7325
7330
7331
7332
7333
7334
7340
7341
7342
7343
7350
7351
7352
7360
7361
7370
7407
7408
7409
7416
7417
7418
7419
7425
7426
7427
7428
7429
7434
7435
7436
7437
7438
7439
7443
7444
7445
7446
7447
7448
7449
7452
7453
7454
7455
7456
7457
7458
7459
7461
7462
7463
7464
7465
7466
7467
7468
7469
7470
7471
7472
7473
7474
7475
7476
7477
7478
7479
7480
7481
7482
7483
7484
7485
7486
7487
7488
7490
7491
7492
7493
7494
7495
7496
7497
7500
7501
7502
7503
7504
7505
7506
7510
7511
7512
7513
7514
7515
7520
7521
7522
7523
7524
7530
7531
7532
7533
7540
7541
7542
7550
7551
7560
7606
7607
7608
7609
7615
7616
7617
7618
7619
7624
7625
7626
7627
7628
7629
7633
7634
7635
7636
7637
7638
7639
7642
7643
7644
7645
7646
7647
7648
7649
7651
7652
7653
7654
7655
7656
7657
7658
7659
7660
7661
7662
7663
7664
7665
7666
7667
7668
7669
7670
7671
7672
7673
7674
7675
7676
7677
7678
7680
7681
7682
7683
7684
7685
7686
7687
7690
7691
7692
7693
7694
7695
7696
7700
7701
7702
7703
7704
7705
7710
7711
7712
7713
7714
7720
7721
7722
7723
7730
7731
7732
7740
7741
7750
7805
7806
7807
7808
7809
7814
7815
7816
7817
7818
7819
7823
7824
7825
7826
7827
7828
7829
7832
7833
7834
7835
7836
7837
7838
7839
7841
7842
7843
7844
7845
7846
7847
7848
7849
7850
7851
7852
7853
7854
7855
7856
7857
7858
7859
7860
7861
7862
7863
7864
7865
7866
7867
7868
7870
7871
7872
7873
7874
7875
7876
7877
7880
7881
7882
7883
7884
7885
7886
7890
7891
7892
7893
7894
7895
7900
7901
7902
7903
7904
7910
7911
7912
7913
7920
7921
7922
7930
7931
7940
8004
8005
8006
8007
8008
8009
8013
8014
8015
8016
8017
8018
8019
8022
8023
8024
8025
8026
8027
8028
8029
8031
8032
8033
8034
8035
8036
8037
8038
8039
8040
8041
8042
8043
8044
8045
8046
8047
8048
8049
8050
8051
8052
8053
8054
8055
8056
8057
8058
8060
8061
8062
8063
8064
8065
8066
8067
8070
8071
8072
8073
8074
8075
8076
8080
8081
8082
8083
8084
8085
8090
8091
8092
8093
8094
8100
8101
8102
8103
8110
8111
8112
8120
8121
8130
)
)

// processor1

20890
(
4000
(
8203
8204
8205
8206
8207
8208
8209
8212
8213
8214
8215
8216
8217
8218
8219
8221
8222
8223
8224
8225
8226
8227
8228
8229
8230
8231
8232
8233
8234
8235
8236
8237
8238
8239
8240
8241
8242
8243
8244
8245
8246
8247
8248
8250
8251
8252
8253
8254
8255
8256
8257
8260
8261
8262
8263
8264
8265
8266
8270
8271
8272
8273
8274
8275
8280
8281
8282
8283
8284
8290
8291
8292
8293
8300
8301
8302
8310
8311
8320
8402
8403
8404
8405
8406
8407
8408
8409
8411
8412
8413
8414
8415
8416
8417
8418
8419
8420
8421
8422
8423
8424
8425
8426
8427
8428
8429
8430
8431
8432
240
8433
8434
8435
8436
8437
8438
8440
8441
8442
8443
8444
8445
8446
8447
8450
8451
8452
8453
8454
8455
8456
8460
8461
8462
8463
8464
8465
8470
8471
8472
8473
8474
8480
8481
8482
8483
8490
8491
8492
305
8500
8501
311
312
8510
380
386
387
393
394
395
8601
8602
8603
8604
8605
8606
8607
8608
8609
8610
8611
8612
8613
8614
8615
8616
8617
8618
8619
8620
8621
8622
8623
8624
8625
8626
8627
8628
8630
8631
8632
8633
8634
8635
8636
8637
8640
8641
8642
8643
8644
8645
8646
8650
8651
8652
8653
8654
8655
465
8660
8661
8662
8663
471
8664
472
8670
478
8671
479
8672
480
8673
486
487
8680
488
8681
489
8682
8690
8691
8700
560
566
567
573
574
575
581
582
583
584
590
591
592
593
594
8800
8801
8802
8803
8804
8805
8806
8807
8808
8809
8810
8811
8812
8813
8814
8815
8816
8817
8818
8820
8821
8822
8823
8824
8825
8826
8827
8830
8831
8832
8833
8834
8835
8836
8840
8841
8842
8843
8844
8845
8850
8851
8852
8853
8854
665
8860
8861
8862
8863
671
672
8870
678
8871
679
8872
680
686
687
8880
688
8881
689
695
696
697
8890
698
699
704
705
706
707
708
709
780
786
787
793
794
795
801
802
803
804
9000
9001
9002
810
9003
811
9004
812
9005
813
9006
814
9007
9008
9010
9011
819
9012
820
9013
821
9014
822
9015
823
9016
824
9017
9020
828
9021
829
9022
830
9023
831
9024
832
9025
833
9026
834
9030
9031
9032
9033
9034
9035
9040
9041
9042
9043
9044
9050
9051
9052
9053
9060
9061
9062
9070
9071
9080
905
911
912
918
919
920
926
927
928
929
935
936
937
938
939
944
945
946
947
948
949
953
954
955
956
957
958
959
962
963
964
965
966
967
968
969
9200
9201
9202
9203
9204
9205
9206
9207
9210
9211
9212
9213
9214
9215
9216
9220
9221
9222
9223
9224
9225
9230
9231
9232
1040
9233
9234
1046
1047
9240
9241
9242
9243
1053
1054
1055
9250
9251
9252
1061
1062
1063
1064
9260
9261
1070
1071
1072
1073
1074
9270
1079
1080
1081
1082
1083
1084
1088
1089
1090
1091
1092
1093
1094
1097
1098
1099
1100
1101
1102
1103
1104
1106
1107
1108
1109
1110
1111
1112
1113
1114
9349
1185
1191
1192
1198
1199
1200
1206
1207
9400
1208
9401
1209
9402
9403
9404
9405
9406
1215
1216
1217
9410
1218
9411
1219
9412
9413
9414
9415
1224
1225
1226
1227
9420
1228
9421
1229
9422
9423
9424
1233
1234
1235
1236
1237
9430
1238
9431
1239
9432
9433
1242
1243
1244
1245
1246
1247
9440
1248
9441
1249
9442
1251
1252
1253
1254
1255
1256
1257
9450
1258
9451
1259
1260
1261
1262
1263
1264
1265
1266
1267
9460
1268
1269
1345
1346
9539
1352
1353
1354
9548
9549
1360
1361
1362
1363
1369
1370
1371
1372
1373
1378
1379
1380
1381
1382
1383
1387
1388
1389
1390
1391
1392
1393
1396
1397
1398
1399
1400
1401
1402
1403
1405
1406
1407
9600
1408
9601
1409
9602
1410
9603
1411
9604
1412
9605
1413
1414
1415
1416
1417
9610
1418
9611
1419
9612
1420
9613
1421
9614
1422
1423
1424
1425
1426
1427
9620
1428
9621
1429
9622
1430
9623
1431
1432
9630
9631
9632
9640
9641
9650
1514
1515
1516
1522
1523
1524
1525
1531
1532
1533
1534
1535
9729
1540
1541
1542
1543
1544
1545
9738
9739
1549
1550
1551
1552
1553
1554
9747
1555
9748
9749
1558
1559
1560
1561
1562
1563
1564
1565
1567
1568
1569
1570
1571
1572
1573
1574
1575
1576
1577
1578
1579
1580
1581
1582
1583
1584
1585
1586
1587
1588
1589
1590
1591
1592
1593
1594
1596
1597
1598
1599
1600
1601
1602
1603
9800
9801
9802
9803
9804
9810
9811
9812
9813
9820
9821
9822
9830
9831
9840
1691
1692
1693
1694
1700
1701
1702
1703
1704
1709
1710
1711
1712
1713
1714
1718
1719
1720
1721
1722
1723
1724
9919
1727
1728
1729
1730
1731
1732
1733
1734
9928
1736
9929
1737
1738
1739
1740
1741
1742
1743
1744
9937
1745
9938
1746
9939
1747
1748
1749
1750
1751
1752
1753
9946
1754
9947
1755
9948
1756
9949
1757
1758
1759
1760
1761
1762
1763
1765
1766
1767
1768
1769
1770
1771
1772
1775
1776
1777
1778
1779
1780
1781
10000
10001
10002
10003
10010
10011
10012
10020
10021
10030
1875
1876
1877
1878
1879
1884
1885
1886
1887
1888
1889
1893
1894
1895
1896
1897
1898
1899
1902
1903
1904
1905
1906
1907
1908
1909
1911
1912
1913
1914
1915
1916
10109
1917
1918
1919
1920
1921
1922
1923
1924
1925
10118
1926
10119
1927
1928
1929
1930
1931
1932
1933
1934
10127
1935
10128
1936
10129
1937
1938
1940
1941
1942
1943
10136
1944
10137
1945
10138
1946
10139
1947
1950
1951
1952
10145
1953
10146
1954
10147
1955
10148
1956
10149
1960
1961
1962
1963
1964
1965
10200
10201
10202
10210
10211
10220
2064
2065
2066
2067
2068
2069
2073
2074
2075
2076
2077
2078
2079
2082
2083
2084
2085
2086
2087
2088
2089
2091
2092
2093
2094
2095
2096
2097
2098
2099
2100
2101
2102
2103
2104
2105
2106
10299
2107
2108
2109
2110
2111
2112
2113
2114
2115
10308
2116
10309
2117
2118
2120
2121
2122
2123
2124
10317
2125
10318
2126
10319
2127
2130
2131
2132
2133
10326
2134
10327
2135
10328
2136
10329
2140
2141
2142
10335
2143
10336
2144
10337
2145
10338
10339
2150
2151
10344
2152
10345
2153
10346
2154
10347
10348
10349
10400
10401
10410
2257
2258
2259
2260
2261
2262
2263
2266
2267
2268
2269
2270
2271
2272
2273
2275
2276
2277
2278
2279
2280
2281
2282
2283
2284
2285
2286
2287
2288
2289
2290
2291
2292
2293
2294
2295
2296
10489
2297
2298
2299
2300
2301
2302
2304
2305
10498
2306
10499
2307
2308
2309
2310
2311
2314
10507
2315
10508
2316
10509
2317
2318
2319
2320
10516
2324
10517
2325
10518
2326
10519
2327
2328
2329
10525
10526
2334
10527
2335
10528
2336
10529
2337
2338
10534
10535
10536
2344
10537
2345
10538
2346
10539
2347
10543
10544
10545
10546
10547
10548
10549
10600
2453
2454
2455
2456
2457
2458
2459
2460
2462
2463
2464
2465
2466
2467
2468
2469
2470
2471
2472
2473
2474
2475
2476
2477
2478
2479
2480
2481
2482
2483
2484
2485
2486
10679
2487
2488
2489
2491
2492
2493
2494
2495
10688
2496
10689
2497
2498
2501
2502
2503
2504
10697
2505
10698
2506
10699
2507
2511
2512
2513
10706
2514
10707
2515
10708
2516
10709
2521
2522
10715
2523
10716
2524
10717
2525
10718
10719
2531
10724
2532
10725
2533
10726
2534
10727
10728
10729
10733
2541
10734
2542
10735
2543
10736
10737
10738
10739
10742
10743
10744
10745
10746
10747
10748
10749
2651
2652
2653
2654
2655
2656
2657
2658
2659
2660
2661
2662
2663
2664
2665
2666
2667
2668
2669
2670
2671
2672
2673
2674
2675
2676
10869
2677
2678
2680
2681
2682
2683
2684
2685
10878
2686
10879
2687
2690
2691
2692
2693
2694
10887
2695
10888
2696
10889
2700
2701
2702
2703
10896
2704
10897
2705
10898
10899
2710
2711
2712
10905
2713
10906
2714
10907
10908
10909
2720
2721
10914
2722
10915
2723
10916
10917
10918
10919
2730
10923
2731
10924
2732
10925
10926
10927
10928
10929
10932
2740
10933
2741
10934
10935
10936
10937
10938
10939
10941
10942
10943
10944
10945
10946
10947
10948
10949
2850
2851
2852
2853
2854
2855
2856
2857
2858
2859
2860
2861
2862
2863
2864
2865
2866
11059
2867
2868
2870
2871
2872
2873
2874
2875
11068
2876
11069
2877
2880
2881
2882
2883
2884
11077
2885
11078
2886
11079
2890
2891
2892
2893
11086
2894
11087
2895
11088
11089
2900
2901
2902
11095
2903
11096
2904
11097
11098
11099
2910
2911
11104
2912
11105
2913
11106
11107
11108
11109
2920
11113
2921
11114
2922
11115
11116
11117
11118
11119
11122
2930
11123
2931
11124
11125
11126
11127
11128
11129
11131
11132
2940
11133
11134
11135
11136
11137
11138
11139
11140
11141
11142
11143
11144
11145
11146
11147
11148
11149
3050
3051
3052
3053
3054
3055
3056
3057
3058
3060
3061
3062
3063
3064
3065
11258
3066
11259
3067
3070
3071
3072
3073
3074
11267
3075
11268
3076
11269
3080
3081
3082
3083
11276
3084
11277
3085
11278
11279
3090
3091
3092
11285
3093
11286
3094
11287
11288
11289
3100
3101
11294
3102
11295
3103
11296
11297
11298
11299
3110
11303
3111
11304
3112
11305
11306
11307
11308
11309
11312
3120
11313
3121
11314
11315
11316
11317
11318
11319
11321
11322
3130
11323
11324
11325
11326
11327
11328
11329
11330
11331
11332
11333
11334
11335
11336
11337
11338
11339
11340
11341
11342
11343
11344
11345
11346
11347
11348
3250
3251
3252
3253
3254
3255
3256
3257
3260
3261
3262
3263
11456
3264
11457
3265
11458
3266
3270
3271
3272
11465
3273
11466
3274
11467
3275
11468
3280
3281
11474
3282
11475
3283
11476
3284
11477
11478
3290
11483
3291
11484
3292
11485
3293
11486
11487
11488
11492
3300
11493
3301
11494
3302
11495
11496
11497
11498
11501
11502
3310
11503
3311
11504
11505
11506
11507
11508
11510
11511
11512
3320
11513
11514
11515
11516
11517
11518
11519
11520
11521
11522
11523
11524
11525
11526
11527
11528
11529
11530
11531
11532
11533
11534
11535
11536
11537
11539
11540
11541
11542
11543
11544
11545
11546
3399
3450
3451
3452
3453
3454
3455
3456
11652
3460
11653
3461
11654
3462
11655
3463
3464
3465
11661
11662
3470
11663
3471
11664
3472
11665
3473
3474
11670
11671
11672
3480
11673
3481
11674
3482
11675
3483
11679
11680
11681
11682
3490
11683
3491
11684
3492
11685
11688
11689
11690
11691
11692
3500
11693
3501
11694
11695
11697
11698
11699
11700
11701
11702
3510
11703
11704
11705
11706
11707
11708
11709
11710
11711
11712
11713
11714
11715
11716
11717
11718
11719
11720
11721
11722
11723
11724
11726
11727
11728
11729
11730
11731
11732
11733
11736
11737
11738
11739
11740
11741
11742
3589
3598
3599
3650
3651
3652
11845
3653
11846
3654
11847
3655
11848
11849
3660
3661
11854
3662
11855
3663
11856
3664
11857
11858
11859
3670
11863
3671
11864
3672
11865
3673
11866
11867
11868
11869
11872
3680
11873
3681
11874
3682
11875
11876
11877
11878
11879
11881
11882
3690
11883
3691
11884
11885
11886
11887
11888
11889
11890
11891
11892
3700
11893
11894
11895
11896
11897
11898
11899
11900
11901
11902
11903
11904
11905
11906
11907
11908
11910
11911
11912
11913
11914
11915
11916
11917
11920
11921
11922
11923
11924
11925
11926
11930
11931
11932
11933
11934
11935
3779
3788
3789
3797
3798
3799
12034
12035
12036
12037
12038
12039
3850
12043
3851
12044
3852
12045
3853
12046
3854
12047
12048
12049
12052
3860
12053
3861
12054
3862
12055
3863
12056
12057
12058
12059
12061
12062
3870
12063
3871
12064
3872
12065
12066
12067
12068
12069
12070
12071
12072
3880
12073
3881
12074
12075
12076
12077
12078
12079
12080
12081
12082
3890
12083
12084
12085
12086
12087
12088
12090
12091
12092
12093
12094
12095
12096
12097
12100
12101
12102
12103
12104
12105
12106
12110
12111
12112
12113
12114
12115
12120
12121
12122
12123
12124
3969
3978
3979
3987
3988
3989
3996
3997
3998
3999
12218
12219
12220
12221
12222
12223
12224
12227
12228
12229
12230
12231
12232
12233
12234
12236
12237
12238
12239
12240
12241
12242
4050
12243
4051
12244
4052
12245
4053
12246
12247
12248
12249
12250
12251
12252
4060
12253
4061
12254
4062
12255
12256
12257
12258
12259
12260
12261
12262
4070
12263
4071
12265
12266
12267
12268
12269
12270
12271
12272
4080
12275
12276
12277
12278
12279
12280
12281
12285
12286
12287
12288
12289
12290
12295
12296
12297
12298
12299
12305
12306
12307
12308
4159
4168
4169
4177
4178
4179
4186
4187
4188
4189
4195
4196
4197
4198
4199
12396
12397
12398
12399
12400
12401
12402
12403
12405
12406
12407
12408
12409
12410
12411
12412
12413
12414
12415
12416
12417
12418
12419
12420
12421
12422
12423
12424
12425
12426
12427
12428
12429
12430
12431
12432
12434
12435
12436
12437
12438
12439
12440
12441
4250
4251
12444
4252
12445
12446
12447
12448
12449
12450
4260
4261
12454
12455
12456
12457
12458
12459
4270
12464
12465
12466
12467
12468
12474
12475
12476
12477
12483
12484
12485
4349
4358
4359
4367
4368
4369
12567
12568
4376
12569
4377
12570
4378
12571
4379
12572
12573
12574
12575
12576
12577
4385
12578
4386
12579
4387
12580
4388
12581
4389
12582
12583
12584
12585
12586
4394
12587
4395
12588
4396
12589
4397
12590
4398
12591
4399
12592
12593
12594
12596
12597
12598
12599
12600
12601
12602
12603
12606
12607
12608
12609
12610
12611
12612
12616
12617
12618
12619
12620
12621
12626
12627
12628
12629
12630
12636
12637
12638
12639
4450
4451
12645
12646
12647
4460
12653
12654
12730
12731
4539
12732
12733
12734
12735
12736
12737
12738
12739
12740
4548
12741
4549
12742
12743
12744
12745
12746
12747
12748
4557
12750
4558
12751
4559
12752
12753
12754
12755
12756
12757
4566
4567
12760
4568
12761
4569
12762
12763
12764
12765
12766
4575
4576
4577
12770
4578
12771
4579
12772
12773
12774
12775
4584
4585
4586
4587
12780
4588
12781
4589
12782
12783
12784
4593
4594
4595
4596
4597
12790
4598
12791
4599
12792
12793
12799
12800
12801
12807
12808
12814
4650
12885
12886
12887
12888
12889
12890
12891
12892
12893
12895
12896
12897
12898
12899
12900
12901
12902
12905
12906
12907
12908
12909
12910
12911
12915
12916
12917
12918
12919
12920
4729
12925
12926
12927
12928
12929
4738
4739
12935
12936
12937
12938
4747
4748
4749
12944
12945
12946
4756
4757
4758
4759
12952
12953
4765
4766
12959
4767
4768
4769
4774
4775
4776
4777
4778
4779
4783
4784
4785
4786
4787
4788
4789
4792
4793
4794
4795
4796
4797
4798
4799
13030
13031
13032
13033
13034
13035
13036
13037
13040
13041
13042
13043
13044
13045
13046
13050
13051
13052
13053
13054
13055
13060
13061
13062
13063
13064
13070
13071
13072
13073
13079
13080
13081
13087
13088
13094
4919
4928
4929
4937
4938
4939
4946
4947
4948
4949
4955
4956
4957
4958
4959
4964
4965
4966
4967
4968
4969
13165
4973
13166
4974
13167
4975
13168
4976
13169
4977
13170
4978
13171
4979
4982
13175
4983
13176
4984
13177
4985
13178
4986
13179
4987
13180
4988
4989
4991
4992
13185
4993
13186
4994
13187
4995
13188
4996
13189
4997
4998
4999
13195
13196
13197
13198
13204
13205
13206
13212
13213
13219
13290
13291
13292
13293
13294
13295
13300
13301
5109
13302
13303
13304
13310
5118
13311
5119
13312
13313
13319
5127
13320
5128
13321
5129
13327
13328
5136
5137
5138
5139
13334
5145
5146
5147
5148
5149
5154
5155
5156
5157
5158
5159
5163
5164
5165
5166
5167
5168
5169
5172
5173
5174
5175
5176
5177
5178
5179
5181
5182
5183
5184
5185
5186
5187
5188
5189
5190
5191
5192
5193
5194
5195
5196
5197
5198
5199
13405
13406
13407
13408
13409
13415
13416
13417
13418
13424
13425
13426
13432
13433
13439
5299
5308
5309
5317
13510
5318
13511
5319
13512
13513
5326
13519
5327
13520
5328
13521
5329
13527
5335
13528
5336
5337
5338
5339
13534
5344
5345
5346
5347
5348
5349
5353
5354
5355
5356
5357
5358
5359
5362
5363
5364
5365
5366
5367
5368
5369
5371
5372
5373
5374
5375
5376
5377
5378
5379
5380
5381
5382
5383
5384
5385
5386
5387
5388
5389
5390
5391
5392
5393
5394
5395
5396
5397
5398
13604
13605
13606
13612
13613
13619
5489
13687
13688
5498
5499
13694
5507
5508
5509
5516
5517
5518
5519
5525
5526
5527
5528
5529
5534
5535
5536
5537
5538
5539
5543
5544
5545
5546
5547
5548
5549
5552
5553
5554
5555
5556
5557
5558
5559
5561
5562
5563
5564
5565
5566
13759
5567
5568
5569
5570
5571
5572
5573
5574
5575
5576
5577
5578
5579
5580
5581
5582
5583
5584
5585
5586
5587
5588
5590
5591
5592
5593
5594
5595
5596
5597
5679
5688
5689
5697
5698
5699
5706
5707
5708
5709
5715
5716
5717
5718
5719
5724
5725
5726
5727
5728
5729
5733
5734
5735
5736
5737
5738
5739
5742
5743
5744
5745
5746
5747
5748
5749
5751
5752
5753
5754
5755
5756
5757
5758
5759
5760
5761
5762
5763
5764
5765
5766
5767
5768
5769
5770
5771
5772
5773
5774
5775
5776
5777
5778
5780
5781
5782
5783
5784
5785
5786
5787
5790
5791
5792
5793
5794
5795
5796
5869
5878
5879
5887
5888
5889
5896
5897
5898
5899
5905
5906
5907
5908
5909
5914
5915
5916
5917
5918
5919
5923
5924
5925
5926
5927
5928
5929
5932
5933
5934
5935
5936
5937
5938
5939
5941
5942
5943
5944
5945
5946
5947
5948
5949
5950
5951
5952
5953
5954
5955
5956
5957
5958
5959
5960
5961
5962
5963
5964
5965
5966
5967
5968
5970
5971
5972
5973
5974
5975
5976
5977
5980
5981
5982
5983
5984
5985
5986
5990
5991
5992
5993
5994
5995
6059
6068
6069
6077
6078
6079
6086
6087
6088
6089
6095
6096
6097
6098
6099
6104
6105
6106
6107
6108
6109
6113
6114
6115
6116
6117
6118
6119
6122
6123
6124
6125
6126
6127
6128
6129
6131
6132
6133
6134
6135
6136
6137
6138
6139
6140
6141
6142
6143
6144
6145
6146
6147
6148
6149
6150
6151
6152
6153
6154
6155
6156
6157
6158
6160
6161
6162
6163
6164
6165
6166
6167
6170
6171
6172
6173
6174
6175
6176
6180
6181
6182
6183
6184
6185
6190
6191
6192
6193
6194
6249
6258
6259
6267
6268
6269
6276
6277
6278
6279
6285
6286
6287
6288
6289
6294
6295
6296
6297
6298
6299
6303
6304
6305
6306
6307
6308
6309
6312
6313
6314
6315
6316
6317
6318
6319
6321
6322
6323
6324
6325
6326
6327
6328
6329
6330
6331
6332
6333
6334
6335
6336
6337
6338
6339
6340
6341
6342
6343
6344
6345
6346
6347
6348
6350
6351
6352
6353
6354
6355
6356
6357
6360
6361
6362
6363
6364
6365
6366
6370
6371
6372
6373
6374
6375
6380
6381
6382
6383
6384
6390
6391
6392
6393
6439
6448
6449
6457
6458
6459
6466
6467
6468
6469
6475
6476
6477
6478
6479
6484
6485
6486
6487
6488
6489
6493
6494
6495
6496
6497
6498
6499
6502
6503
6504
6505
6506
6507
6508
6509
6511
6512
6513
6514
6515
6516
6517
6518
6519
6520
6521
6522
6523
6524
6525
6526
6527
6528
6529
6530
6531
6532
6533
6534
6535
6536
6537
6538
6540
6541
6542
6543
6544
6545
6546
6547
6550
6551
6552
6553
6554
6555
6556
6560
6561
6562
6563
6564
6565
6570
6571
6572
6573
6574
6580
6581
6582
6583
6590
6591
6592
6629
6638
6639
6647
6648
6649
6656
6657
6658
6659
6665
6666
6667
6668
6669
6674
6675
6676
6677
6678
6679
6683
6684
6685
6686
6687
6688
6689
6692
6693
6694
6695
6696
6697
6698
6699
6701
6702
6703
6704
6705
6706
6707
6708
6709
6710
6711
6712
6713
6714
6715
6716
6717
6718
6719
6720
6721
6722
6723
6724
6725
6726
6727
6728
6730
6731
6732
6733
6734
6735
6736
6737
6740
6741
6742
6743
6744
6745
6746
6750
6751
6752
6753
6754
6755
6760
6761
6762
6763
6764
6770
6771
6772
6773
6780
6781
6782
6790
6791
6819
6828
6829
6837
6838
6839
6846
6847
6848
6849
6855
6856
6857
6858
6859
6864
6865
6866
6867
6868
6869
6873
6874
6875
6876
6877
6878
6879
6882
6883
6884
6885
6886
6887
6888
6889
6891
6892
6893
6894
6895
6896
6897
6898
6899
6900
6901
6902
6903
6904
6905
6906
6907
6908
6909
6910
6911
6912
6913
6914
6915
6916
6917
6918
6920
6921
6922
6923
6924
6925
6926
6927
6930
6931
6932
6933
6934
6935
6936
6940
6941
6942
6943
6944
6945
6950
6951
6952
6953
6954
6960
6961
6962
6963
6970
6971
6972
6980
6981
6990
7009
7018
7019
7027
7028
7029
7036
7037
7038
7039
7045
7046
7047
7048
7049
7054
7055
7056
7057
7058
7059
7063
7064
7065
7066
7067
7068
7069
7072
7073
7074
7075
7076
7077
7078
7079
7081
7082
7083
7084
7085
7086
7087
7088
7089
7090
7091
7092
7093
7094
7095
7096
7097
7098
7099
7100
7101
7102
7103
7104
7105
7106
7107
7108
7110
7111
7112
7113
7114
7115
7116
7117
7120
7121
7122
7123
7124
7125
7126
7130
7131
7132
7133
7134
7135
7140
7141
7142
7143
7144
7150
7151
7152
7153
7160
7161
7162
7170
7171
7180
7208
7209
7217
7218
7219
7226
7227
7228
7229
7235
7236
7237
7238
7239
7244
7245
7246
7247
7248
7249
7253
7254
7255
7256
7257
7258
7259
7262
7263
7264
7265
7266
7267
7268
7269
7271
7272
7273
7274
7275
7276
7277
7278
7279
7280
7281
7282
7283
7284
7285
7286
7287
7288
7289
7290
7291
7292
7293
7294
7295
7296
7297
7298
7300
7301
7302
7303
7304
7305
7306
7307
7310
7311
7312
7313
7314
7315
7316
7320
7321
7322
7323
7324
7325
7330
7331
7332
7333
7334
7340
7341
7342
7343
7350
7351
7352
7360
7361
7370
7407
7408
7409
7416
7417
7418
7419
7425
7426
7427
7428
7429
7434
7435
7436
7437
7438
7439
7443
7444
7445
7446
7447
7448
7449
7452
7453
7454
7455
7456
7457
7458
7459
7461
7462
7463
7464
7465
7466
7467
7468
7469
7470
7471
7472
7473
7474
7475
7476
7477
7478
7479
7480
7481
7482
7483
7484
7485
7486
7487
7488
7490
7491
7492
7493
7494
7495
7496
7497
7500
7501
7502
7503
7504
7505
7506
7510
7511
7512
7513
7514
7515
7520
7521
7522
7523
7524
7530
7531
7532
7533
7540
7541
7542
7550
7551
7560
7606
7607
7608
7609
7615
7616
7617
7618
7619
7624
7625
7626
7627
7628
7629
7633
7634
7635
7636
7637
7638
7639
7642
7643
7644
7645
7646
7647
7648
7649
7651
7652
7653
7654
7655
7656
7657
7658
7659
7660
7661
7662
7663
7664
7665
7666
7667
7668
7669
7670
7671
7672
7673
7674
7675
7676
7677
7678
7680
7681
7682
7683
7684
7685
7686
7687
7690
7691
7692
7693
7694
7695
7696
7700
7701
7702
7703
7704
7705
7710
7711
7712
7713
7714
7720
7721
7722
7723
7730
7731
7732
7740
7741
7750
7805
7806
7807
7808
7809
7814
7815
7816
7817
7818
7819
7823
7824
7825
7826
7827
7828
7829
7832
7833
7834
7835
7836
7837
7838
7839
7841
7842
7843
7844
7845
7846
7847
7848
7849
7850
7851
7852
7853
7854
7855
7856
7857
7858
7859
7860
7861
7862
7863
7864
7865
7866
7867
7868
7870
7871
7872
7873
7874
7875
7876
7877
7880
7881
7882
7883
7884
7885
7886
7890
7891
7892
7893
7894
7895
7900
7901
7902
7903
7904
7910
7911
7912
7913
7920
7921
7922
7930
7931
7940
8004
8005
8006
8007
8008
8009
8013
8014
8015
8016
8017
8018
8019
8022
8023
8024
8025
8026
8027
8028
8029
8031
8032
8033
8034
8035
8036
8037
8038
8039
8040
8041
8042
8043
8044
8045
8046
8047
8048
8049
8050
8051
8052
8053
8054
8055
8056
8057
8058
8060
8061
8062
8063
8064
8065
8066
8067
8070
8071
8072
8073
8074
8075
8076
8080
8081
8082
8083
8084
8085
8090
8091
8092
8093
8094
8100
8101
8102
8103
8110
8111
8112
8120
8121
8130
)
)

// processor2

20890
(
4000
(
8203
8204
8205
8206
8207
8208
8209
8212
8213
8214
8215
8216
8217
8218
8219
8221
8222
8223
8224
8225
8226
8227
8228
8229
8230
8231
8232
8233
8234
8235
8236
8237
8238
8239
8240
8241
8242
8243
8244
8245
8246
8247
8248
8250
8251
8252
8253
8254
8255
8256
8257
8260
8261
8262
8263
8264
8265
8266
8270
8271
8272
8273
8274
8275
8280
8281
8282
8283
8284
8290
8291
8292
8293
8300
8301
8302
8310
8311
8320
8402
8403
8404
8405
8406
8407
8408
8409
8411
8412
8413
8414
8415
8416
8417
8418
8419
8420
8421
8422
8423
8424
8425
8426
8427
8428
8429
8430
8431
8432
240
8433
8434
8435
8436
8437
8438
8440
8441
8442
8443
8444
8445
8446
8447
8450
8451
8452
8453
8454
8455
8456
8460
8461
8462
8463
8464
8465
8470
8471
8472
8473
8474
8480
8481
8482
8483
8490
8491
8492
305
8500
8501
311
312
8510
380
386
387
393
394
395
8601
8602
8603
8604
8605
8606
8607
8608
8609
8610
8611
8612
8613
8614
8615
8616
8617
8618
8619
8620
8621
8622
8623
8624
8625
8626
8627
8628
8630
8631
8632
8633
8634
8635
8636
8637
8640
8641
8642
8643
8644
8645
8646
8650
8651
8652
8653
8654
8655
465
8660
8661
8662
8663
471
8664
472
8670
478
8671
479
8672
480
8673
486
487
8680
488
8681
489
8682
8690
8691
8700
560
566
567
573
574
575
581
582
583
584
590
591
592
593
594
8800
8801
8802
8803
8804
8805
8806
8807
8808
8809
8810
8811
8812
8813
8814
8815
8816
8817
8818
8820
8821
8822
8823
8824
8825
8826
8827
8830
8831
8832
8833
8834
8835
8836
8840
8841
8842
8843
8844
8845
8850
8851
8852
8853
8854
665
8860
8861
8862
8863
671
672
8870
678
8871
679
8872
680
686
687
8880
688
8881
689
695
696
697
8890
698
699
704
705
706
707
708
709
780
786
787
793
794
795
801
802
803
804
9000
9001
9002
810
9003
811
9004
812
9005
813
9006
814
9007
9008
9010
9011
819
9012
820
9013
821
9014
822
9015
823
9016
824
9017
9020
828
9021
829
9022
830
9023
831
9024
832
9025
833
9026
834
9030
9031
9032
9033
9034
9035
9040
9041
9042
9043
9044
9050
9051
9052
9053
9060
9061
9062
9070
9071
9080
905
911
912
918
919
920
926
927
928
929
935
936
937
938
939
944
945
946
947
948
949
953
954
955
956
957
958
959
962
963
964
965
966
967
968
969
9200
9201
9202
9203
9204
9205
9206
9207
9210
9211
9212
9213
9214
9215
9216
9220
9221
9222
9223
9224
9225
9230
9231
9232
1040
9233
9234
1046
1047
9240
9241
9242
9243
1053
1054
1055
9250
9251
9252
1061
1062
1063
1064
9260
9261
1070
1071
1072
1073
1074
9270
1079
1080
1081
1082
1083
1084
1088
1089
1090
1091
1092
1093
1094
1097
1098
1099
1100
1101
1102
1103
1104
1106
1107
1108
1109
1110
1111
1112
1113
1114
9349
1185
1191
1192
1198
1199
1200
1206
1207
9400
1208
9401
1209
9402
9403
9404
9405
9406
1215
1216
1217
9410
1218
9411
1219
9412
9413
9414
9415
1224
1225
1226
1227
9420
1228
9421
1229
9422
9423
9424
1233
1234
1235
1236
1237
9430
1238
9431
1239
9432
9433
1242
1243
1244
1245
1246
1247
9440
1248
9441
1249
9442
1251
1252
1253
1254
1255
1256
1257
9450
1258
9451
1259
1260
1261
1262
1263
1264
1265
1266
1267
9460
1268
1269
1345
1346
9539
1352
1353
1354
9548
9549
1360
1361
1362
1363
1369
1370
1371
1372
1373
1378
1379
1380
1381
1382
1383
1387
1388
1389
1390
1391
1392
1393
1396
1397
1398
1399
1400
1401
1402
1403
1405
1406
1407
9600
1408
9601
1409
9602
1410
9603
1411
9604
1412
9605
1413
1414
1415
1416
1417
9610
1418
9611
1419
9612
1420
9613
1421
9614
1422
1423
1424
1425
1426
1427
9620
1428
9621
1429
9622
1430
9623
1431
1432
9630
9631
9632
9640
9641
9650
1514
1515
1516
1522
1523
1524
1525
1531
1532
1533
1534
1535
9729
1540
1541
1542
1543
1544
1545
9738
9739
1549
1550
1551
1552
1553
1554
9747
1555
9748
9749
1558
1559
1560
1561
1562
1563
1564
1565
1567
1568
1569
1570
1571
1572
1573
1574
1575
1576
1577
1578
1579
1580
1581
1582
1583
1584
1585
1586
1587
1588
1589
1590
1591
1592
1593
1594
1596
1597
1598
1599
1600
1601
1602
1603
9800
9801
9802
9803
9804
9810
9811
9812
9813
9820
9821
9822
9830
9831
9840
1691
1692
1693
1694
1700
1701
1702
1703
1704
1709
1710
1711
1712
1713
1714
1718
1719
1720
1721
1722
1723
1724
9919
1727
1728
1729
1730
1731
1732
1733
1734
9928
1736
9929
1737
1738
1739
1740
1741
1742
1743
1744
9937
1745
9938
1746
9939
1747
1748
1749
1750
1751
1752
1753
9946
1754
9947
1755
9948
1756
9949
1757
1758
1759
1760
1761
1762
1763
1765
1766
1767
1768
1769
1770
1771
1772
1775
1776
1777
1778
1779
1780
1781
10000
10001
10002
10003
10010
10011
10012
10020
10021
10030
1875
1876
1877
1878
1879
1884
1885
1886
1887
1888
1889
1893
1894
1895
1896
1897
1898
1899
1902
1903
1904
1905
1906
1907
1908
1909
1911
1912
1913
1914
1915
1916
10109
1917
1918
1919
1920
1921
1922
1923
1924
1925
10118
1926
10119
1927
1928
1929
1930
1931
1932
1933
1934
10127
1935
10128
1936
10129
1937
1938
1940
1941
1942
1943
10136
1944
10137
1945
10138
1946
10139
1947
1950
1951
1952
10145
1953
10146
1954
10147
1955
10148
1956
10149
1960
1961
1962
1963
1964
1965
10200
10201
10202
10210
10211
10220
2064
2065
2066
2067
2068
2069
2073
2074
2075
2076
2077
2078
2079
2082
2083
2084
2085
2086
2087
2088
2089
2091
2092
2093
2094
2095
2096
2097
2098
2099
2100
2101
2102
2103
2104
2105
2106
10299
2107
2108
2109
2110
2111
2112
2113
2114
2115
10308
2116
10309
2117
2118
2120
2121
2122
2123
2124
10317
2125
10318
2126
10319
2127
2130
2131
2132
2133
10326
2134
10327
2135
10328
2136
10329
2140
2141
2142
10335
2143
10336
2144
10337
2145
10338
10339
2150
2151
10344
2152
10345
2153
10346
2154
10347
10348
10349
10400
10401
10410
2257
2258
2259
2260
2261
2262
2263
2266
2267
2268
2269
2270
2271
2272
2273
2275
2276
2277
2278
2279
2280
2281
2282
2283
2284
2285
2286
2287
2288
2289
2290
2291
2292
2293
2294
2295
2296
10489
2297
2298
2299
2300
2301
2302
2304
2305
10498
2306
10499
2307
2308
2309
2310
2311
2314
10507
2315
10508
2316
10509
2317
2318
2319
2320
10516
2324
10517
2325
10518
2326
10519
2327
2328
2329
10525
10526
2334
10527
2335
10528
2336
10529
2337
2338
10534
10535
10536
2344
10537
2345
10538
2346
10539
2347
10543
10544
10545
10546
10547
10548
10549
10600
2453
2454
2455
2456
2457
2458
2459
2460
2462
2463
2464
2465
2466
2467
2468
2469
2470
2471
2472
2473
2474
2475
2476
2477
2478
2479
2480
2481
2482
2483
2484
2485
2486
10679
2487
2488
2489
2491
2492
2493
2494
2495
10688
2496
10689
2497
2498
2501
2502
2503
2504
10697
2505
10698
2506
10699
2507
2511
2512
2513
10706
2514
10707
2515
10708
2516
10709
2521
2522
10715
2523
10716
2524
10717
2525
10718
10719
2531
10724
2532
10725
2533
10726
2534
10727
10728
10729
10733
2541
10734
2542
10735
2543
10736
10737
10738
10739
10742
10743
10744
10745
10746
10747
10748
10749
2651
2652
2653
2654
2655
2656
2657
2658
2659
2660
2661
2662
2663
2664
2665
2666
2667
2668
2669
2670
2671
2672
2673
2674
2675
2676
10869
2677
2678
2680
2681
2682
2683
2684
2685
10878
2686
10879
2687
2690
2691
2692
2693
2694
10887
2695
10888
2696
10889
2700
2701
2702
2703
10896
2704
10897
2705
10898
10899
2710
2711
2712
10905
2713
10906
2714
10907
10908
10909
2720
2721
10914
2722
10915
2723
10916
10917
10918
10919
2730
10923
2731
10924
2732
10925
10926
10927
10928
10929
10932
2740
10933
2741
10934
10935
10936
10937
10938
10939
10941
10942
10943
10944
10945
10946
10947
10948
10949
2850
2851
2852
2853
2854
2855
2856
2857
2858
2859
2860
2861
2862
2863
2864
2865
2866
11059
2867
2868
2870
2871
2872
2873
2874
2875
11068
2876
11069
2877
2880
2881
2882
2883
2884
11077
2885
11078
2886
11079
2890
2891
2892
2893
11086
2894
11087
2895
11088
11089
2900
2901
2902
11095
2903
11096
2904
11097
11098
11099
2910
2911
11104
2912
11105
2913
11106
11107
11108
11109
2920
11113
2921
11114
2922
11115
11116
11117
11118
11119
11122
2930
11123
2931
11124
11125
11126
11127
11128
11129
11131
11132
2940
11133
11134
11135
11136
11137
11138
11139
11140
11141
11142
11143
11144
11145
11146
11147
11148
11149
3050
3051
3052
3053
3054
3055
3056
3057
3058
3060
3061
3062
3063
3064
3065
11258
3066
11259
3067
3070
3071
3072
3073
3074
11267
3075
11268
3076
11269
3080
3081
3082
3083
11276
3084
11277
3085
11278
11279
3090
3091
3092
11285
3093
11286
3094
11287
11288
11289
3100
3101
11294
3102
11295
3103
11296
11297
11298
11299
3110
11303
3111
11304
3112
11305
11306
11307
11308
11309
11312
3120
11313
3121
11314
11315
11316
11317
11318
11319
11321
11322
3130
11323
11324
11325
11326
11327
11328
11329
11330
11331
11332
11333
11334
11335
11336
11337
11338
11339
11340
11341
11342
11343
11344
11345
11346
11347
11348
3250
3251
3252
3253
3254
3255
3256
3257
3260
3261
3262
3263
11456
3264
11457
3265
11458
3266
3270
3271
3272
11465
3273
11466
3274
11467
3275
11468
3280
3281
11474
3282
11475
3283
11476
3284
11477
11478
3290
11483
3291
11484
3292
11485
3293
11486
11487
11488
11492
3300
11493
3301
11494
3302
11495
11496
11497
11498
11501
11502
3310
11503
3311
11504
11505
11506
11507
11508
11510
11511
11512
3320
11513
11514
11515
11516
11517
11518
11519
11520
11521
11522
11523
11524
11525
11526
11527
11528
11529
11530
11531
11532
11533
11534
11535
11536
11537
11539
11540
11541
11542
11543
11544
11545
11546
3399
3450
3451
3452
3453
3454
3455
3456
11652
3460
11653
3461
11654
3462
11655
3463
3464
3465
11661
11662
3470
11663
3471
11664
3472
11665
3473
3474
11670
11671
11672
3480
11673
3481
11674
3482
11675
3483
11679
11680
11681
11682
3490
11683
3491
11684
3492
11685
11688
11689
11690
11691
11692
3500
11693
3501
11694
11695
11697
11698
11699
11700
11701
11702
3510
11703
11704
11705
11706
11707
11708
11709
11710
11711
11712
11713
11714
11715
11716
11717
11718
11719
11720
11721
11722
11723
11724
11726
11727
11728
11729
11730
11731
11732
11733
11736
11737
11738
11739
11740
11741
11742
3589
3598
3599
3650
3651
3652
11845
3653
11846
3654
11847
3655
11848
11849
3660
3661
11854
3662
11855
3663
11856
3664
11857
11858
11859
3670
11863
3671
11864
3672
11865
3673
11866
11867
11868
11869
11872
3680
11873
3681
11874
3682
11875
11876
11877
11878
11879
11881
11882
3690
11883
3691
11884
11885
11886
11887
11888
11889
11890
11891
11892
3700
11893
11894
11895
11896
11897
11898
11899
11900
11901
11902
11903
11904
11905
11906
11907
11908
11910
11911
11912
11913
11914
11915
11916
11917
11920
11921
11922
11923
11924
11925
11926
11930
11931
11932
11933
11934
11935
3779
3788
3789
3797
3798
3799
12034
12035
12036
12037
12038
12039
3850
12043
3851
12044
3852
12045
3853
12046
3854
12047
12048
12049
12052
3860
12053
3861
12054
3862
12055
3863
12056
12057
12058
12059
12061
12062
3870
12063
3871
12064
3872
12065
12066
12067
12068
12069
12070
12071
12072
3880
12073
3881
12074
12075
12076
12077
12078
12079
12080
12081
12082
3890
12083
12084
12085
12086
12087
12088
12090
12091
12092
12093
12094
12095
12096
12097
12100
12101
12102
12103
12104
12105
12106
12110
12111
12112
12113
12114
12115
12120
12121
12122
12123
12124
3969
3978
3979
3987
3988
3989
3996
3997
3998
3999
12218
12219
12220
12221
12222
12223
12224
12227
12228
12229
12230
12231
12232
12233
12234
12236
12237
12238
12239
12240
12241
12242
4050
12243
4051
12244
4052
12245
4053
12246
12247
12248
12249
12250
12251
12252
4060
12253
4061
12254
4062
12255
12256
12257
12258
12259
12260
12261
12262
4070
12263
4071
12265
12266
12267
12268
12269
12270
12271
12272
4080
12275
12276
12277
12278
12279
12280
12281
12285
12286
12287
12288
12289
12290
12295
12296
12297
12298
12299
12305
12306
12307
12308
4159
4168
4169
4177
4178
4179
4186
4187
4188
4189
4195
4196
4197
4198
4199
12396
12397
12398
12399
12400
12401
12402
12403
12405
12406
12407
12408
12409
12410
12411
12412
12413
12414
12415
12416
12417
12418
12419
12420
12421
12422
12423
12424
12425
12426
12427
12428
12429
12430
12431
12432
12434
12435
12436
12437
12438
12439
12440
12441
4250
4251
12444
4252
12445
12446
12447
12448
12449
12450
4260
4261
12454
12455
12456
12457
12458
12459
4270
12464
12465
12466
12467
12468
12474
12475
12476
12477
12483
12484
12485
4349
4358
4359
4367
4368
4369
12567
12568
4376
12569
4377
12570
4378
12571
4379
12572
12573
12574
12575
12576
12577
4385
12578
4386
12579
4387
12580
4388
12581
4389
12582
12583
12584
12585
12586
4394
12587
4395
12588
4396
12589
4397
12590
4398
12591
4399
12592
12593
12594
12596
12597
12598
12599
12600
12601
12602
12603
12606
12607
12608
12609
12610
12611
12612
12616
12617
12618
12619
12620
12621
12626
12627
12628
12629
12630
12636
12637
12638
12639
4450
4451
12645
12646
12647
4460
12653
12654
12730
12731
4539
12732
12733
12734
12735
12736
12737
12738
12739
12740
4548
12741
4549
12742
12743
12744
12745
12746
12747
12748
4557
12750
4558
12751
4559
12752
12753
12754
12755
12756
12757
4566
4567
12760
4568
12761
4569
12762
12763
12764
12765
12766
4575
4576
4577
12770
4578
12771
4579
12772
12773
12774
12775
4584
4585
4586
4587
12780
4588
12781
4589
12782
12783
12784
4593
4594
4595
4596
4597
12790
4598
12791
4599
12792
12793
12799
12800
12801
12807
12808
12814
4650
12885
12886
12887
12888
12889
12890
12891
12892
12893
12895
12896
12897
12898
12899
12900
12901
12902
12905
12906
12907
12908
12909
12910
12911
12915
12916
12917
12918
12919
12920
4729
12925
12926
12927
12928
12929
4738
4739
12935
12936
12937
12938
4747
4748
4749
12944
12945
12946
4756
4757
4758
4759
12952
12953
4765
4766
12959
4767
4768
4769
4774
4775
4776
4777
4778
4779
4783
4784
4785
4786
4787
4788
4789
4792
4793
4794
4795
4796
4797
4798
4799
13030
13031
13032
13033
13034
13035
13036
13037
13040
13041
13042
13043
13044
13045
13046
13050
13051
13052
13053
13054
13055
13060
13061
13062
13063
13064
13070
13071
13072
13073
13079
13080
13081
13087
13088
13094
4919
4928
4929
4937
4938
4939
4946
4947
4948
4949
4955
4956
4957
4958
4959
4964
4965
4966
4967
4968
4969
13165
4973
13166
4974
13167
4975
13168
4976
13169
4977
13170
4978
13171
4979
4982
13175
4983
13176
4984
13177
4985
13178
4986
13179
4987
13180
4988
4989
4991
4992
13185
4993
13186
4994
13187
4995
13188
4996
13189
4997
4998
4999
13195
13196
13197
13198
13204
13205
13206
13212
13213
13219
13290
13291
13292
13293
13294
13295
13300
13301
5109
13302
13303
13304
13310
5118
13311
5119
13312
13313
13319
5127
13320
5128
13321
5129
13327
13328
5136
5137
5138
5139
13334
5145
5146
5147
5148
5149
5154
5155
5156
5157
5158
5159
5163
5164
5165
5166
5167
5168
5169
5172
5173
5174
5175
5176
5177
5178
5179
5181
5182
5183
5184
5185
5186
5187
5188
5189
5190
5191
5192
5193
5194
5195
5196
5197
5198
5199
13405
13406
13407
13408
13409
13415
13416
13417
13418
13424
13425
13426
13432
13433
13439
5299
5308
5309
5317
13510
5318
13511
5319
13512
13513
5326
13519
5327
13520
5328
13521
5329
13527
5335
13528
5336
5337
5338
5339
13534
5344
5345
5346
5347
5348
5349
5353
5354
5355
5356
5357
5358
5359
5362
5363
5364
5365
5366
5367
5368
5369
5371
5372
5373
5374
5375
5376
5377
5378
5379
5380
5381
5382
5383
5384
5385
5386
5387
5388
5389
5390
5391
5392
5393
5394
5395
5396
5397
5398
13604
13605
13606
13612
13613
13619
5489
13687
13688
5498
5499
13694
5507
5508
5509
5516
5517
5518
5519
5525
5526
5527
5528
5529
5534
5535
5536
5537
5538
5539
5543
5544
5545
5546
5547
5548
5549
5552
5553
5554
5555
5556
5557
5558
5559
5561
5562
5563
5564
5565
5566
13759
5567
5568
5569
5570
5571
5572
5573
5574
5575
5576
5577
5578
5579
5580
5581
5582
5583
5584
5585
5586
5587
5588
5590
5591
5592
5593
5594
5595
5596
5597
5679
5688
5689
5697
5698
5699
5706
5707
5708
5709
5715
5716
5717
5718
5719
5724
5725
5726
5727
5728
5729
5733
5734
5735
5736
5737
5738
5739
5742
5743
5744
5745
5746
5747
5748
5749
5751
5752
5753
5754
5755
5756
5757
5758
5759
5760
5761
5762
5763
5764
5765
5766
5767
5768
5769
5770
5771
5772
5773
5774
5775
5776
5777
5778
5780
5781
5782
5783
5784
5785
5786
5787
5790
5791
5792
5793
5794
5795
5796
5869
5878
5879
5887
5888
5889
5896
5897
5898
5899
5905
5906
5907
5908
5909
5914
5915
5916
5917
5918
5919
5923
5924
5925
5926
5927
5928
5929
5932
5933
5934
5935
5936
5937
5938
5939
5941
5942
5943
5944
5945
5946
5947
5948
5949
5950
5951
5952
5953
5954
5955
5956
5957
5958
5959
5960
5961
5962
5963
5964
5965
5966
5967
5968
5970
5971
5972
5973
5974
5975
5976
5977
5980
5981
5982
5983
5984
5985
5986
5990
5991
5992
5993
5994
5995
6059
6068
6069
6077
6078
6079
6086
6087
6088
6089
6095
6096
6097
6098
6099
6104
6105
6106
6107
6108
6109
6113
6114
6115
6116
6117
6118
6119
6122
6123
6124
6125
6126
6127
6128
6129
6131
6132
6133
6134
6135
6136
6137
6138
6139
6140
6141
6142
6143
6144
6145
6146
6147
6148
6149
6150
6151
6152
6153
6154
6155
6156
6157
6158
6160
6161
6162
6163
6164
6165
6166
6167
6170
6171
6172
6173
6174
6175
6176
6180
6181
6182
6183
6184
6185
6190
6191
6192
6193
6194
6249
6258
6259
6267
6268
6269
6276
6277
6278
6279
6285
6286
6287
6288
6289
6294
6295
6296
6297
6298
6299
6303
6304
6305
6306
6307
6308
6309
6312
6313
6314
6315
6316
6317
6318
6319
6321
6322
6323
6324
6325
6326
6327
6328
6329
6330
6331
6332
6333
6334
6335
6336
6337
6338
6339
6340
6341
6342
6343
6344
6345
6346
6347
6348
6350
6351
6352
6353
6354
6355
6356
6357
6360
6361
6362
6363
6364
6365
6366
6370
6371
6372
6373
6374
6375
6380
6381
6382
6383
6384
6390
6391
6392
6393
6439
6448
6449
6457
6458
6459
6466
6467
6468
6469
6475
6476
6477
6478
6479
6484
6485
6486
6487
6488
6489
6493
6494
6495
6496
6497
6498
6499
6502
6503
6504
6505
6506
6507
6508
6509
6511
6512
6513
6514
6515
6516
6517
6518
6519
6520
6521
6522
6523
6524
6525
6526
6527
6528
6529
6530
6531
6532
6533
6534
6535
6536
6537
6538
6540
6541
6542
6543
6544
6545
6546
6547
6550
6551
6552
6553
6554
6555
6556
6560
6561
6562
6563
6564
6565
6570
6571
6572
6573
6574
6580
6581
6582
6583
6590
6591
6592
6629
6638
6639
6647
6648
6649
6656
6657
6658
6659
6665
6666
6667
6668
6669
6674
6675
6676
6677
6678
6679
6683
6684
6685
6686
6687
6688
6689
6692
6693
6694
6695
6696
6697
6698
6699
6701
6702
6703
6704
6705
6706
6707
6708
6709
6710
6711
6712
6713
6714
6715
6716
6717
6718
6719
6720
6721
6722
6723
6724
6725
6726
6727
6728
6730
6731
6732
6733
6734
6735
6736
6737
6740
6741
6742
6743
6744
6745
6746
6750
6751
6752
6753
6754
6755
6760
6761
6762
6763
6764
6770
6771
6772
6773
6780
6781
6782
6790
6791
6819
6828
6829
6837
6838
6839
6846
6847
6848
6849
6855
6856
6857
6858
6859
6864
6865
6866
6867
6868
6869
6873
6874
6875
6876
6877
6878
6879
6882
6883
6884
6885
6886
6887
6888
6889
6891
6892
6893
6894
6895
6896
6897
6898
6899
6900
6901
6902
6903
6904
6905
6906
6907
6908
6909
6910
6911
6912
6913
6914
6915
6916
6917
6918
6920
6921
6922
6923
6924
6925
6926
6927
6930
6931
6932
6933
6934
6935
6936
6940
6941
6942
6943
6944
6945
6950
6951
6952
6953
6954
6960
6961
6962
6963
6970
6971
6972
6980
6981
6990
7009
7018
7019
7027
7028
7029
7036
7037
7038
7039
7045
7046
7047
7048
7049
7054
7055
7056
7057
7058
7059
7063
7064
7065
7066
7067
7068
7069
7072
7073
7074
7075
7076
7077
7078
7079
7081
7082
7083
7084
7085
7086
7087
7088
7089
7090
7091
7092
7093
7094
7095
7096
7097
7098
7099
7100
7101
7102
7103
7104
7105
7106
7107
7108
7110
7111
7112
7113
7114
7115
7116
7117
7120
7121
7122
7123
7124
7125
7126
7130
7131
7132
7133
7134
7135
7140
7141
7142
7143
7144
7150
7151
7152
7153
7160
7161
7162
7170
7171
7180
7208
7209
7217
7218
7219
7226
7227
7228
7229
7235
7236
7237
7238
7239
7244
7245
7246
7247
7248
7249
7253
7254
7255
7256
7257
7258
7259
7262
7263
7264
7265
7266
7267
7268
7269
7271
7272
7273
7274
7275
7276
7277
7278
7279
7280
7281
7282
7283
7284
7285
7286
7287
7288
7289
7290
7291
7292
7293
7294
7295
7296
7297
7298
7300
7301
7302
7303
7304
7305
7306
7307
7310
7311
7312
7313
7314
7315
7316
7320
7321
7322
7323
7324
7325
7330
7331
7332
7333
7334
7340
7341
7342
7343
7350
7351
7352
7360
7361
7370
7407
7408
7409
7416
7417
7418
7419
7425
7426
7427
7428
7429
7434
7435
7436
7437
7438
7439
7443
7444
7445
7446
7447
7448
7449
7452
7453
7454
7455
7456
7457
7458
7459
7461
7462
7463
7464
7465
7466
7467
7468
7469
7470
7471
7472
7473
7474
7475
7476
7477
7478
7479
7480
7481
7482
7483
7484
7485
7486
7487
7488
7490
7491
7492
7493
7494
7495
7496
7497
7500
7501
7502
7503
7504
7505
7506
7510
7511
7512
7513
7514
7515
7520
7521
7522
7523
7524
7530
7531
7532
7533
7540
7541
7542
7550
7551
7560
7606
7607
7608
7609
7615
7616
7617
7618
7619
7624
7625
7626
7627
7628
7629
7633
7634
7635
7636
7637
7638
7639
7642
7643
7644
7645
7646
7647
7648
7649
7651
7652
7653
7654
7655
7656
7657
7658
7659
7660
7661
7662
7663
7664
7665
7666
7667
7668
7669
7670
7671
7672
7673
7674
7675
7676
7677
7678
7680
7681
7682
7683
7684
7685
7686
7687
7690
7691
7692
7693
7694
7695
7696
7700
7701
7702
7703
7704
7705
7710
7711
7712
7713
7714
7720
7721
7722
7723
7730
7731
7732
7740
7741
7750
7805
7806
7807
7808
7809
7814
7815
7816
7817
7818
7819
7823
7824
7825
7826
7827
7828
7829
7832
7833
7834
7835
7836
7837
7838
7839
7841
7842
7843
7844
7845
7846
7847
7848
7849
7850
7851
7852
7853
7854
7855
7856
7857
7858
7859
7860
7861
7862
7863
7864
7865
7866
7867
7868
7870
7871
7872
7873
7874
7875
7876
7877
7880
7881
7882
7883
7884
7885
7886
7890
7891
7892
7893
7894
7895
7900
7901
7902
7903
7904
7910
7911
7912
7913
7920
7921
7922
7930
7931
7940
8004
8005
8006
8007
8008
8009
8013
8014
8015
8016
8017
8018
8019
8022
8023
8024
8025
8026
8027
8028
8029
8031
8032
8033
8034
8035
8036
8037
8038
8039
8040
8041
8042
8043
8044
8045
8046
8047
8048
8049
8050
8051
8052
8053
8054
8055
8056
8057
8058
8060
8061
8062
8063
8064
8065
8066
8067
8070
8071
8072
8073
8074
8075
8076
8080
8081
8082
8083
8084
8085
8090
8091
8092
8093
8094
8100
8101
8102
8103
8110
8111
8112
8120
8121
8130
)
)

// processor3

20890
(
4000
(
8203
8204
8205
8206
8207
8208
8209
8212
8213
8214
8215
8216
8217
8218
8219
8221
8222
8223
8224
8225
8226
8227
8228
8229
8230
8231
8232
8233
8234
8235
8236
8237
8238
8239
8240
8241
8242
8243
8244
8245
8246
8247
8248
8250
8251
8252
8253
8254
8255
8256
8257
8260
8261
8262
8263
8264
8265
8266
8270
8271
8272
8273
8274
8275
8280
8281
8282
8283
8284
8290
8291
8292
8293
8300
8301
8302
8310
8311
8320
8402
8403
8404
8405
8406
8407
8408
8409
8411
8412
8413
8414
8415
8416
8417
8418
8419
8420
8421
8422
8423
8424
8425
8426
8427
8428
8429
8430
8431
8432
240
8433
8434
8435
8436
8437
8438
8440
8441
8442
8443
8444
8445
8446
8447
8450
8451
8452
8453
8454
8455
8456
8460
8461
8462
8463
8464
8465
8470
8471
8472
8473
8474
8480
8481
8482
8483
8490
8491
8492
305
8500
8501
311
312
8510
380
386
387
393
394
395
8601
8602
8603
8604
8605
8606
8607
8608
8609
8610
8611
8612
8613
8614
8615
8616
8617
8618
8619
8620
8621
8622
8623
8624
8625
8626
8627
8628
8630
8631
8632
8633
8634
8635
8636
8637
8640
8641
8642
8643
8644
8645
8646
8650
8651
8652
8653
8654
8655
465
8660
8661
8662
8663
471
8664
472
8670
478
8671
479
8672
480
8673
486
487
8680
488
8681
489
8682
8690
8691
8700
560
566
567
573
574
575
581
582
583
584
590
591
592
593
594
8800
8801
8802
8803
8804
8805
8806
8807
8808
8809
8810
8811
8812
8813
8814
8815
8816
8817
8818
8820
8821
8822
8823
8824
8825
8826
8827
8830
8831
8832
8833
8834
8835
8836
8840
8841
8842
8843
8844
8845
8850
8851
8852
8853
8854
665
8860
8861
8862
8863
671
672
8870
678
8871
679
8872
680
686
687
8880
688
8881
689
695
696
697
8890
698
699
704
705
706
707
708
709
780
786
787
793
794
795
801
802
803
804
9000
9001
9002
810
9003
811
9004
812
9005
813
9006
814
9007
9008
9010
9011
819
9012
820
9013
821
9014
822
9015
823
9016
824
9017
9020
828
9021
829
9022
830
9023
831
9024
832
9025
833
9026
834
9030
9031
9032
9033
9034
9035
9040
9041
9042
9043
9044
9050
9051
9052
9053
9060
9061
9062
9070
9071
9080
905
911
912
918
919
920
926
927
928
929
935
936
937
938
939
944
945
946
947
948
949
953
954
955
956
957
958
959
962
963
964
965
966
967
968
969
9200
9201
9202
9203
9204
9205
9206
9207
9210
9211
9212
9213
9214
9215
9216
9220
9221
9222
9223
9224
9225
9230
9231
9232
1040
9233
9234
1046
1047
9240
9241
9242
9243
1053
1054
1055
9250
9251
9252
1061
1062
1063
1064
9260
9261
1070
1071
1072
1073
1074
9270
1079
1080
1081
1082
1083
1084
1088
1089
1090
1091
1092
1093
1094
1097
1098
1099
1100
1101
1102
1103
1104
1106
1107
1108
1109
1110
1111
1112
1113
1114
9349
1185
1191
1192
1198
1199
1200
1206
1207
9400
1208
9401
1209
9402
9403
9404
9405
9406
1215
1216
1217
9410
1218
9411
1219
9412
9413
9414
9415
1224
1225
1226
1227
9420
1228
9421
1229
9422
9423
9424
1233
1234
1235
1236
1237
9430
1238
9431
1239
9432
9433
1242
1243
1244
1245
1246
1247
9440
1248
9441
1249
9442
1251
1252
1253
1254
1255
1256
1257
9450
1258
9451
1259
1260
1261
1262
1263
1264
1265
1266
1267
9460
1268
1269
1345
1346
9539
1352
1353
1354
9548
9549
1360
1361
1362
1363
1369
1370
1371
1372
1373
1378
1379
1380
1381
1382
1383
1387
1388
1389
1390
1391
1392
1393
1396
1397
1398
1399
1400
1401
1402
1403
1405
1406
1407
9600
1408
9601
1409
9602
1410
9603
1411
9604
1412
9605
1413
1414
1415
1416
1417
9610
1418
9611
1419
9612
1420
9613
1421
9614
1422
1423
1424
1425
1426
1427
9620
1428
9621
1429
9622
1430
9623
1431
1432
9630
9631
9632
9640
9641
9650
1514
1515
1516
1522
1523
1524
1525
1531
1532
1533
1534
1535
9729
1540
1541
1542
1543
1544
1545
9738
9739
1549
1550
1551
1552
1553
1554
9747
1555
9748
9749
1558
1559
1560
1561
1562
1563
1564
1565
1567
1568
1569
1570
1571
1572
1573
1574
1575
1576
1577
1578
1579
1580
1581
1582
1583
1584
1585
1586
1587
1588
1589
1590
1591
1592
1593
1594
1596
1597
1598
1599
1600
1601
1602
1603
9800
9801
9802
9803
9804
9810
9811
9812
9813
9820
9821
9822
9830
9831
9840
1691
1692
1693
1694
1700
1701
1702
1703
1704
1709
1710
1711
1712
1713
1714
1718
1719
1720
1721
1722
1723
1724
9919
1727
1728
1729
1730
1731
1732
1733
1734
9928
1736
9929
1737
1738
1739
1740
1741
1742
1743
1744
9937
1745
9938
1746
9939
1747
1748
1749
1750
1751
1752
1753
9946
1754
9947
1755
9948
1756
9949
1757
1758
1759
1760
1761
1762
1763
1765
1766
1767
1768
1769
1770
1771
1772
1775
1776
1777
1778
1779
1780
1781
10000
10001
10002
10003
10010
10011
10012
10020
10021
10030
1875
1876
1877
1878
1879
1884
1885
1886
1887
1888
1889
1893
1894
1895
1896
1897
1898
1899
1902
1903
1904
1905
1906
1907
1908
1909
1911
1912
1913
1914
1915
1916
10109
1917
1918
1919
1920
1921
1922
1923
1924
1925
10118
1926
10119
1927
1928
1929
1930
1931
1932
1933
1934
10127
1935
10128
1936
10129
1937
1938
1940
1941
1942
1943
10136
1944
10137
1945
10138
1946
10139
1947
1950
1951
1952
10145
1953
10146
1954
10147
1955
10148
1956
10149
1960
1961
1962
1963
1964
1965
10200
10201
10202
10210
10211
10220
2064
2065
2066
2067
2068
2069
2073
2074
2075
2076
2077
2078
2079
2082
2083
2084
2085
2086
2087
2088
2089
2091
2092
2093
2094
2095
2096
2097
2098
2099
2100
2101
2102
2103
2104
2105
2106
10299
2107
2108
2109
2110
2111
2112
2113
2114
2115
10308
2116
10309
2117
2118
2120
2121
2122
2123
2124
10317
2125
10318
2126
10319
2127
2130
2131
2132
2133
10326
2134
10327
2135
10328
2136
10329
2140
2141
2142
10335
2143
10336
2144
10337
2145
10338
10339
2150
2151
10344
2152
10345
2153
10346
2154
10347
10348
10349
10400
10401
10410
2257
2258
2259
2260
2261
2262
2263
2266
2267
2268
2269
2270
2271
2272
2273
2275
2276
2277
2278
2279
2280
2281
2282
2283
2284
2285
2286
2287
2288
2289
2290
2291
2292
2293
2294
2295
2296
10489
2297
2298
2299
2300
2301
2302
2304
2305
10498
2306
10499
2307
2308
2309
2310
2311
2314
10507
2315
10508
2316
10509
2317
2318
2319
2320
10516
2324
10517
2325
10518
2326
10519
2327
2328
2329
10525
10526
2334
10527
2335
10528
2336
10529
2337
2338
10534
10535
10536
2344
10537
2345
10538
2346
10539
2347
10543
10544
10545
10546
10547
10548
10549
10600
2453
2454
2455
2456
2457
2458
2459
2460
2462
2463
2464
2465
2466
2467
2468
2469
2470
2471
2472
2473
2474
2475
2476
2477
2478
2479
2480
2481
2482
2483
2484
2485
2486
10679
2487
2488
2489
2491
2492
2493
2494
2495
10688
2496
10689
2497
2498
2501
2502
2503
2504
10697
2505
10698
2506
10699
2507
2511
2512
2513
10706
2514
10707
2515
10708
2516
10709
2521
2522
10715
2523
10716
2524
10717
2525
10718
10719
2531
10724
2532
10725
2533
10726
2534
10727
10728
10729
10733
2541
10734
2542
10735
2543
10736
10737
10738
10739
10742
10743
10744
10745
10746
10747
10748
10749
2651
2652
2653
2654
2655
2656
2657
2658
2659
2660
2661
2662
2663
2664
2665
2666
2667
2668
2669
2670
2671
2672
2673
2674
2675
2676
10869
2677
2678
2680
2681
2682
2683
2684
2685
10878
2686
10879
2687
2690
2691
2692
2693
2694
10887
2695
10888
2696
10889
2700
2701
2702
2703
10896
2704
10897
2705
10898
10899
2710
2711
2712
10905
2713
10906
2714
10907
10908
10909
2720
2721
10914
2722
10915
2723
10916
10917
10918
10919
2730
10923
2731
10924
2732
10925
10926
10927
10928
10929
10932
2740
10933
2741
10934
10935
10936
10937
10938
10939
10941
10942
10943
10944
10945
10946
10947
10948
10949
2850
2851
2852
2853
2854
2855
2856
2857
2858
2859
2860
2861
2862
2863
2864
2865
2866
11059
2867
2868
2870
2871
2872
2873
2874
2875
11068
2876
11069
2877
2880
2881
2882
2883
2884
11077
2885
11078
2886
11079
2890
2891
2892
2893
11086
2894
11087
2895
11088
11089
2900
2901
2902
11095
2903
11096
2904
11097
11098
11099
2910
2911
11104
2912
11105
2913
11106
11107
11108
11109
2920
11113
2921
11114
2922
11115
11116
11117
11118
11119
11122
2930
11123
2931
11124
11125
11126
11127
11128
11129
11131
11132
2940
11133
11134
11135
11136
11137
11138
11139
11140
11141
11142
11143
11144
11145
11146
11147
11148
11149
3050
3051
3052
3053
3054
3055
3056
3057
3058
3060
3061
3062
3063
3064
3065
11258
3066
11259
3067
3070
3071
3072
3073
3074
11267
3075
11268
3076
11269
3080
3081
3082
3083
11276
3084
11277
3085
11278
11279
3090
3091
3092
11285
3093
11286
3094
11287
11288
11289
3100
3101
11294
3102
11295
3103
11296
11297
11298
11299
3110
11303
3111
11304
3112
11305
11306
11307
11308
11309
11312
3120
11313
3121
11314
11315
11316
11317
11318
11319
11321
11322
3130
11323
11324
11325
11326
11327
11328
11329
11330
11331
11332
11333
11334
11335
11336
11337
11338
11339
11340
11341
11342
11343
11344
11345
11346
11347
11348
3250
3251
3252
3253
3254
3255
3256
3257
3260
3261
3262
3263
11456
3264
11457
3265
11458
3266
3270
3271
3272
11465
3273
11466
3274
11467
3275
11468
3280
3281
11474
3282
11475
3283
11476
3284
11477
11478
3290
11483
3291
11484
3292
11485
3293
11486
11487
11488
11492
3300
11493
3301
11494
3302
11495
11496
11497
11498
11501
11502
3310
11503
3311
11504
11505
11506
11507
11508
11510
11511
11512
3320
11513
11514
11515
11516
11517
11518
11519
11520
11521
11522
11523
11524
11525
11526
11527
11528
11529
11530
11531
11532
11533
11534
11535
11536
11537
11539
11540
11541
11542
11543
11544
11545
11546
3399
3450
3451
3452
3453
3454
3455
3456
11652
3460
11653
3461
11654
3462
11655
3463
3464
3465
11661
11662
3470
11663
3471
11664
3472
11665
3473
3474
11670
11671
11672
3480
11673
3481
11674
3482
11675
3483
11679
11680
11681
11682
3490
11683
3491
11684
3492
11685
11688
11689
11690
11691
11692
3500
11693
3501
11694
11695
11697
11698
11699
11700
11701
11702
3510
11703
11704
11705
11706
11707
11708
11709
11710
11711
11712
11713
11714
11715
11716
11717
11718
11719
11720
11721
11722
11723
11724
11726
11727
11728
11729
11730
11731
11732
11733
11736
11737
11738
11739
11740
11741
11742
3589
3598
3599
3650
3651
3652
11845
3653
11846
3654
11847
3655
11848
11849
3660
3661
11854
3662
11855
3663
11856
3664
11857
11858
11859
3670
11863
3671
11864
3672
11865
3673
11866
11867
11868
11869
11872
3680
11873
3681
11874
3682
11875
11876
11877
11878
11879
11881
11882
3690
11883
3691
11884
11885
11886
11887
11888
11889
11890
11891
11892
3700
11893
11894
11895
11896
11897
11898
11899
11900
11901
11902
11903
11904
11905
11906
11907
11908
11910
11911
11912
11913
11914
11915
11916
11917
11920
11921
11922
11923
11924
11925
11926
11930
11931
11932
11933
11934
11935
3779
3788
3789
3797
3798
3799
12034
12035
12036
12037
12038
12039
3850
12043
3851
12044
3852
12045
3853
12046
3854
12047
12048
12049
12052
3860
12053
3861
12054
3862
12055
3863
12056
12057
12058
12059
12061
12062
3870
12063
3871
12064
3872
12065
12066
12067
12068
12069
12070
12071
12072
3880
12073
3881
12074
12075
12076
12077
12078
12079
12080
12081
12082
3890
12083
12084
12085
12086
12087
12088
12090
12091
12092
12093
12094
12095
12096
12097
12100
12101
12102
12103
12104
12105
12106
12110
12111
12112
12113
12114
12115
12120
12121
12122
12123
12124
3969
3978
3979
3987
3988
3989
3996
3997
3998
3999
12218
12219
12220
12221
12222
12223
12224
12227
12228
12229
12230
12231
12232
12233
12234
12236
12237
12238
12239
12240
12241
12242
4050
12243
4051
12244
4052
12245
4053
12246
12247
12248
12249
12250
12251
12252
4060
12253
4061
12254
4062
12255
12256
12257
12258
12259
12260
12261
12262
4070
12263
4071
12265
12266
12267
12268
12269
12270
12271
12272
4080
12275
12276
12277
12278
12279
12280
12281
12285
12286
12287
12288
12289
12290
12295
12296
12297
12298
12299
12305
12306
12307
12308
4159
4168
4169
4177
4178
4179
4186
4187
4188
4189
4195
4196
4197
4198
4199
12396
12397
12398
12399
12400
12401
12402
12403
12405
12406
12407
12408
12409
12410
12411
12412
12413
12414
12415
12416
12417
12418
12419
12420
12421
12422
12423
12424
12425
12426
12427
12428
12429
12430
12431
12432
12434
12435
12436
12437
12438
12439
12440
12441
4250
4251
12444
4252
12445
12446
12447
12448
12449
12450
4260
4261
12454
12455
12456
12457
12458
12459
4270
12464
12465
12466
12467
12468
12474
12475
12476
12477
12483
12484
12485
4349
4358
4359
4367
4368
4369
12567
12568
4376
12569
4377
12570
4378
12571
4379
12572
12573
12574
12575
12576
12577
4385
12578
4386
12579
4387
12580
4388
12581
4389
12582
12583
12584
12585
12586
4394
12587
4395
12588
4396
12589
4397
12590
4398
12591
4399
12592
12593
12594
12596
12597
12598
12599
12600
12601
12602
12603
12606
12607
12608
12609
12610
12611
12612
12616
12617
12618
12619
12620
12621
12626
12627
12628
12629
12630
12636
12637
12638
12639
4450
4451
12645
12646
12647
4460
12653
12654
12730
12731
4539
12732
12733
12734
12735
12736
12737
12738
12739
12740
4548
12741
4549
12742
12743
12744
12745
12746
12747
12748
4557
12750
4558
12751
4559
12752
12753
12754
12755
12756
12757
4566
4567
12760
4568
12761
4569
12762
12763
12764
12765
12766
4575
4576
4577
12770
4578
12771
4579
12772
12773
12774
12775
4584
4585
4586
4587
12780
4588
12781
4589
12782
12783
12784
4593
4594
4595
4596
4597
12790
4598
12791
4599
12792
12793
12799
12800
12801
12807
12808
12814
4650
12885
12886
12887
12888
12889
12890
12891
12892
12893
12895
12896
12897
12898
12899
12900
12901
12902
12905
12906
12907
12908
12909
12910
12911
12915
12916
12917
12918
12919
12920
4729
12925
12926
12927
12928
12929
4738
4739
12935
12936
12937
12938
4747
4748
4749
12944
12945
12946
4756
4757
4758
4759
12952
12953
4765
4766
12959
4767
4768
4769
4774
4775
4776
4777
4778
4779
4783
4784
4785
4786
4787
4788
4789
4792
4793
4794
4795
4796
4797
4798
4799
13030
13031
13032
13033
13034
13035
13036
13037
13040
13041
13042
13043
13044
13045
13046
13050
13051
13052
13053
13054
13055
13060
13061
13062
13063
13064
13070
13071
13072
13073
13079
13080
13081
13087
13088
13094
4919
4928
4929
4937
4938
4939
4946
4947
4948
4949
4955
4956
4957
4958
4959
4964
4965
4966
4967
4968
4969
13165
4973
13166
4974
13167
4975
13168
4976
13169
4977
13170
4978
13171
4979
4982
13175
4983
13176
4984
13177
4985
13178
4986
13179
4987
13180
4988
4989
4991
4992
13185
4993
13186
4994
13187
4995
13188
4996
13189
4997
4998
4999
13195
13196
13197
13198
13204
13205
13206
13212
13213
13219
13290
13291
13292
13293
13294
13295
13300
13301
5109
13302
13303
13304
13310
5118
13311
5119
13312
13313
13319
5127
13320
5128
13321
5129
13327
13328
5136
5137
5138
5139
13334
5145
5146
5147
5148
5149
5154
5155
5156
5157
5158
5159
5163
5164
5165
5166
5167
5168
5169
5172
5173
5174
5175
5176
5177
5178
5179
5181
5182
5183
5184
5185
5186
5187
5188
5189
5190
5191
5192
5193
5194
5195
5196
5197
5198
5199
13405
13406
13407
13408
13409
13415
13416
13417
13418
13424
13425
13426
13432
13433
13439
5299
5308
5309
5317
13510
5318
13511
5319
13512
13513
5326
13519
5327
13520
5328
13521
5329
13527
5335
13528
5336
5337
5338
5339
13534
5344
5345
5346
5347
5348
5349
5353
5354
5355
5356
5357
5358
5359
5362
5363
5364
5365
5366
5367
5368
5369
5371
5372
5373
5374
5375
5376
5377
5378
5379
5380
5381
5382
5383
5384
5385
5386
5387
5388
5389
5390
5391
5392
5393
5394
5395
5396
5397
5398
13604
13605
13606
13612
13613
13619
5489
13687
13688
5498
5499
13694
5507
5508
5509
5516
5517
5518
5519
5525
5526
5527
5528
5529
5534
5535
5536
5537
5538
5539
5543
5544
5545
5546
5547
5548
5549
5552
5553
5554
5555
5556
5557
5558
5559
5561
5562
5563
5564
5565
5566
13759
5567
5568
5569
5570
5571
5572
5573
5574
5575
5576
5577
5578
5579
5580
5581
5582
5583
5584
5585
5586
5587
5588
5590
5591
5592
5593
5594
5595
5596
5597
5679
5688
5689
5697
5698
5699
5706
5707
5708
5709
5715
5716
5717
5718
5719
5724
5725
5726
5727
5728
5729
5733
5734
5735
5736
5737
5738
5739
5742
5743
5744
5745
5746
5747
5748
5749
5751
5752
5753
5754
5755
5756
5757
5758
5759
5760
5761
5762
5763
5764
5765
5766
5767
5768
5769
5770
5771
5772
5773
5774
5775
5776
5777
5778
5780
5781
5782
5783
5784
5785
5786
5787
5790
5791
5792
5793
5794
5795
5796
5869
5878
5879
5887
5888
5889
5896
5897
5898
5899
5905
5906
5907
5908
5909
5914
5915
5916
5917
5918
5919
5923
5924
5925
5926
5927
5928
5929
5932
5933
5934
5935
5936
5937
5938
5939
5941
5942
5943
5944
5945
5946
5947
5948
5949
5950
5951
5952
5953
5954
5955
5956
5957
5958
5959
5960
5961
5962
5963
5964
5965
5966
5967
5968
5970
5971
5972
5973
5974
5975
5976
5977
5980
5981
5982
5983
5984
5985
5986
5990
5991
5992
5993
5994
5995
6059
6068
6069
6077
6078
6079
6086
6087
6088
6089
6095
6096
6097
6098
6099
6104
6105
6106
6107
6108
6109
6113
6114
6115
6116
6117
6118
6119
6122
6123
6124
6125
6126
6127
6128
6129
6131
6132
6133
6134
6135
6136
6137
6138
6139
6140
6141
6142
6143
6144
6145
6146
6147
6148
6149
6150
6151
6152
6153
6154
6155
6156
6157
6158
6160
6161
6162
6163
6164
6165
6166
6167
6170
6171
6172
6173
6174
6175
6176
6180
6181
6182
6183
6184
6185
6190
6191
6192
6193
6194
6249
6258
6259
6267
6268
6269
6276
6277
6278
6279
6285
6286
6287
6288
6289
6294
6295
6296
6297
6298
6299
6303
6304
6305
6306
6307
6308
6309
6312
6313
6314
6315
6316
6317
6318
6319
6321
6322
6323
6324
6325
6326
6327
6328
6329
6330
6331
6332
6333
6334
6335
6336
6337
6338
6339
6340
6341
6342
6343
6344
6345
6346
6347
6348
6350
6351
6352
6353
6354
6355
6356
6357
6360
6361
6362
6363
6364
6365
6366
6370
6371
6372
6373
6374
6375
6380
6381
6382
6383
6384
6390
6391
6392
6393
6439
6448
6449
6457
6458
6459
6466
6467
6468
6469
6475
6476
6477
6478
6479
6484
6485
6486
6487
6488
6489
6493
6494
6495
6496
6497
6498
6499
6502
6503
6504
6505
6506
6507
6508
6509
6511
6512
6513
6514
6515
6516
6517
6518
6519
6520
6521
6522
6523
6524
6525
6526
6527
6528
6529
6530
6531
6532
6533
6534
6535
6536
6537
6538
6540
6541
6542
6543
6544
6545
6546
6547
6550
6551
6552
6553
6554
6555
6556
6560
6561
6562
6563
6564
6565
6570
6571
6572
6573
6574
6580
6581
6582
6583
6590
6591
6592
6629
6638
6639
6647
6648
6649
6656
6657
6658
6659
6665
6666
6667
6668
6669
6674
6675
6676
6677
6678
6679
6683
6684
6685
6686
6687
6688
6689
6692
6693
6694
6695
6696
6697
6698
6699
6701
6702
6703
6704
6705
6706
6707
6708
6709
6710
6711
6712
6713
6714
6715
6716
6717
6718
6719
6720
6721
6722
6723
6724
6725
6726
6727
6728
6730
6731
6732
6733
6734
6735
6736
6737
6740
6741
6742
6743
6744
6745
6746
6750
6751
6752
6753
6754
6755
6760
6761
6762
6763
6764
6770
6771
6772
6773
6780
6781
6782
6790
6791
6819
6828
6829
6837
6838
6839
6846
6847
6848
6849
6855
6856
6857
6858
6859
6864
6865
6866
6867
6868
6869
6873
6874
6875
6876
6877
6878
6879
6882
6883
6884
6885
6886
6887
6888
6889
6891
6892
6893
6894
6895
6896
6897
6898
6899
6900
6901
6902
6903
6904
6905
6906
6907
6908
6909
6910
6911
6912
6913
6914
6915
6916
6917
6918
6920
6921
6922
6923
6924
6925
6926
6927
6930
6931
6932
6933
6934
6935
6936
6940
6941
6942
6943
6944
6945
6950
6951
6952
6953
6954
6960
6961
6962
6963
6970
6971
6972
6980
6981
6990
7009
7018
7019
7027
7028
7029
7036
7037
7038
7039
7045
7046
7047
7048
7049
7054
7055
7056
7057
7058
7059
7063
7064
7065
7066
7067
7068
7069
7072
7073
7074
7075
7076
7077
7078
7079
7081
7082
7083
7084
7085
7086
7087
7088
7089
7090
7091
7092
7093
7094
7095
7096
7097
7098
7099
7100
7101
7102
7103
7104
7105
7106
7107
7108
7110
7111
7112
7113
7114
7115
7116
7117
7120
7121
7122
7123
7124
7125
7126
7130
7131
7132
7133
7134
7135
7140
7141
7142
7143
7144
7150
7151
7152
7153
7160
7161
7162
7170
7171
7180
7208
7209
7217
7218
7219
7226
7227
7228
7229
7235
7236
7237
7238
7239
7244
7245
7246
7247
7248
7249
7253
7254
7255
7256
7257
7258
7259
7262
7263
7264
7265
7266
7267
7268
7269
7271
7272
7273
7274
7275
7276
7277
7278
7279
7280
7281
7282
7283
7284
7285
7286
7287
7288
7289
7290
7291
7292
7293
7294
7295
7296
7297
7298
7300
7301
7302
7303
7304
7305
7306
7307
7310
7311
7312
7313
7314
7315
7316
7320
7321
7322
7323
7324
7325
7330
7331
7332
7333
7334
7340
7341
7342
7343
7350
7351
7352
7360
7361
7370
7407
7408
7409
7416
7417
7418
7419
7425
7426
7427
7428
7429
7434
7435
7436
7437
7438
7439
7443
7444
7445
7446
7447
7448
7449
7452
7453
7454
7455
7456
7457
7458
7459
7461
7462
7463
7464
7465
7466
7467
7468
7469
7470
7471
7472
7473
7474
7475
7476
7477
7478
7479
7480
7481
7482
7483
7484
7485
7486
7487
7488
7490
7491
7492
7493
7494
7495
7496
7497
7500
7501
7502
7503
7504
7505
7506
7510
7511
7512
7513
7514
7515
7520
7521
7522
7523
7524
7530
7531
7532
7533
7540
7541
7542
7550
7551
7560
7606
7607
7608
7609
7615
7616
7617
7618
7619
7624
7625
7626
7627
7628
7629
7633
7634
7635
7636
7637
7638
7639
7642
7643
7644
7645
7646
7647
7648
7649
7651
7652
7653
7654
7655
7656
7657
7658
7659
7660
7661
7662
7663
7664
7665
7666
7667
7668
7669
7670
7671
7672
7673
7674
7675
7676
7677
7678
7680
7681
7682
7683
7684
7685
7686
7687
7690
7691
7692
7693
7694
7695
7696
7700
7701
7702
7703
7704
7705
7710
7711
7712
7713
7714
7720
7721
7722
7723
7730
7731
7732
7740
7741
7750
7805
7806
7807
7808
7809
7814
7815
7816
7817
7818
7819
7823
7824
7825
7826
7827
7828
7829
7832
7833
7834
7835
7836
7837
7838
7839
7841
7842
7843
7844
7845
7846
7847
7848
7849
7850
7851
7852
7853
7854
7855
7856
7857
7858
7859
7860
7861
7862
7863
7864
7865
7866
7867
7868
7870
7871
7872
7873
7874
7875
7876
7877
7880
7881
7882
7883
7884
7885
7886
7890
7891
7892
7893
7894
7895
7900
7901
7902
7903
7904
7910
7911
7912
7913
7920
7921
7922
7930
7931
7940
8004
8005
8006
8007
8008
8009
8013
8014
8015
8016
8017
8018
8019
8022
8023
8024
8025
8026
8027
8028
8029
8031
8032
8033
8034
8035
8036
8037
8038
8039
8040
8041
8042
8043
8044
8045
8046
8047
8048
8049
8050
8051
8052
8053
8054
8055
8056
8057
8058
8060
8061
8062
8063
8064
8065
8066
8067
8070
8071
8072
8073
8074
8075
8076
8080
8081
8082
8083
8084
8085
8090
8091
8092
8093
8094
8100
8101
8102
8103
8110
8111
8112
8120
8121
8130
)
)

// processor4

3
(0())

// processor5

3
(0())

// processor6

3
(0())

// processor7

3
(0())
