/*--------------------------------*- C++ -*----------------------------------*\
| =========                 |                                                 |
| \\      /  F ield         | OpenFOAM: The Open Source CFD Toolbox           |
|  \\    /   O peration     | Version:  2306                                  |
|   \\  /    A nd           | Website:  www.openfoam.com                      |
|    \\/     M anipulation  |                                                 |
\*---------------------------------------------------------------------------*/
FoamFile
{
    version     2.0;
    format      binary;
    arch        "LSB;label=32;scalar=64";
    class       decomposedBlockData;
    object      J;
    data.format     ascii;
    data.class      volScalarField;
}
// * * * * * * * * * * * * * * * * * * * * * * * * * * * * * * * * * * * * * //


// processor0

21534
(FoamFile
{
    version     2.0;
    format      ascii;
    arch        "LSB;label=32;scalar=64";
    class       volScalarField;
    location    "0.5/phiEC";
    object      J;
}
dimensions      [0 -3 0 0 0 1 0];

internalField   nonuniform List<scalar> 
5000
(
0
0
0
0
0
0
0
0
0
0
0
0
0
0
0
0
0
0
0
0
0
0
0
0
0
0
0
0
0
0
0
0
0
0
0
0
0
0
0
0
0
0
0
0
0
0
0
0
0
0
0
0
0
0
0
0
0
0
0
0
0
0
0
0
0
0
0
0
0
0
0
0
0
0
0
0
0
0
0
0
0
0
0
0
0
0
0
0
0
0
0
0
0
0
0
0
0
0
0
0
0
0
0
0
0
0
0
0
0
0
0
0
0
0
0
0
0
0
0
0
0
0
0
0
0
0
0
0
0
0
0
0
0
0
0
0
0
0
0
0
0
0
0
0
0
0
0
0
0
0
0
0
0
0
0
0
0
0
0
0
0
0
0
0
0
0
0
0
0
0
0
0
0
0
0
0
0
0
0
0
0
0
0
0
0
0
0
0
0
0
0
0
0
0
0
0
0
0
0
0
0
0
0
0
0
0
0
0
0
0
0
0
0
0
0
0
0
0
0
0
0
0
0
0
0
0
0
0
0
0
0
0
0
0
0
0
0
0
0
0
0
0
0
0
0
0
0
0
0
0
0
0
0
0
0
0
0
0
0
0
0
0
0
0
0
0
0
0
0
0
0
0
0
0
0
0
0
0
0
0
0
0
0
0
0
0
0
0
0
0
0
0
0
0
0
0
0
0
0
0
0
0
0
0
0
0
0
0
0
0
0
0
0
0
0
0
0
0
0
0
0
0
0
0
0
0
0
0
0
0
0
0
0
0
0
0
0
0
0
0
0
0
0
0
0
0
0
0
0
0
0
0
0
0
0
0
0
0
0
0
0
0
0
0
0
0
0
0
0
0
0
0
0
0
0
0
0
0
0
0
0
0
0
0
0
0
0
0
0
0
0
0
0
0
0
0
0
0
0
0
0
0
0
0
0
0
0
0
0
0
0
0
0
0
0
0
0
0
0
0
0
0
0
0
0
0
0
0
0
0
0
0
0
0
0
0
0
0
0
0
0
0
0
0
0
0
0
0
0
0
0
0
0
0
0
0
0
0
0
0
0
0
0
0
0
0
0
0
0
0
0
0
0
0
0
0
0
0
0
0
0
0
0
0
0
0
0
0
0
0
0
0
0
0
0
0
0
0
0
0
0
0
0
0
0
0
0
0
0
0
0
0
0
0
0
0
0
0
0
0
0
0
0
0
0
0
0
0
0
0
0
0
0
0
0
0
0
0
0
0
0
0
0
0
0
0
0
0
0
0
0
0
0
0
0
0
0
0
0
0
0
0
0
0
0
0
0
0
0
0
0
0
0
0
0
0
0
0
0
0
0
0
0
0
0
0
0
0
0
0
0
0
0
0
0
0
0
0
0
0
0
0
0
0
0
0
0
0
0
0
0
0
0
0
0
0
0
0
0
0
0
0
0
0
0
0
0
0
0
0
0
0
0
0
0
0
0
0
0
0
0
0
0
0
0
0
0
0
0
0
0
0
0
0
0
0
0
0
0
0
0
0
0
0
0
0
0
0
0
0
0
0
0
0
0
0
0
0
0
0
0
0
0
0
0
0
0
0
0
0
0
0
0
0
0
0
0
0
0
0
0
0
0
0
0
0
0
0
0
0
0
0
0
0
0
0
0
0
0
0
0
0
0
0
0
0
0
0
0
0
0
0
0
0
0
0
0
0
0
0
0
0
0
0
0
0
0
0
0
0
0
0
0
0
0
0
0
0
0
0
0
0
0
0
0
0
0
0
0
0
0
0
0
0
0
0
0
0
0
0
0
0
0
0
0
0
0
0
0
0
0
0
0
0
0
0
0
0
0
0
0
0
0
0
0
0
0
0
0
0
0
0
0
0
0
0
0
0
0
0
0
0
0
0
0
0
0
0
0
0
0
0
0
0
0
0
0
0
0
0
0
0
0
0
0
0
0
0
0
0
0
0
0
0
0
0
0
0
0
0
0
0
0
0
0
0
0
0
0
0
0
0
0
0
0
0
0
0
0
0
0
0
0
0
0
0
0
0
0
0
0
0
0
0
0
0
0
0
0
0
0
0
0
0
0
0
0
0
0
0
0
0
0
0
0
0
0
0
0
0
0
0
0
0
0
0
0
0
0
0
0
0
0
0
0
0
0
0
0
0
0
0
0
0
0
0
0
0
0
0
0
0
0
0
0
0
0
0
0
0
0
0
0
0
0
0
0
0
0
0
0
0
0
0
0
0
0
0
0
0
0
0
0
0
0
0
0
0
0
0
0
0
0
0
0
0
0
0
0
0
0
0
0
0
0
0
0
0
0
0
0
0
0
0
0
0
0
0
0
0
0
0
0
0
0
0
0
0
0
0
0
0
0
0
0
0
0
0
0
0
0
0
0
0
0
0
0
0
0
0
0
0
0
0
0
0
0
0
0
0
0
0
0
0
0
0
0
0
0
0
0
0
0
0
0
0
0
0
0
0
0
0
0
0
0
0
0
0
0
0
0
0
0
0
0
0
0
0
0
0
0
0
0
0
0
0
0
0
0
0
0
0
0
0
0
0
0
0
0
0
0
0
0
0
0
0
0
0
0
0
0
0
0
0
0
0
0
0
0
0
0
0
0
0
0
0
0
0
0
0
0
0
0
0
0
0
0
0
0
0
0
0
0
0
0
0
0
0
0
0
0
0
0
0
0
0
0
0
0
0
0
0
0
0
0
0
0
0
0
0
0
0
0
0
0
0
0
0
0
0
0
0
0
0
0
0
0
0
0
0
0
0
0
0
0
0
0
0
0
0
0
0
0
0
0
0
0
0
0
0
0
0
0
0
0
0
0
0
0
0
0
0
0
0
0
0
0
0
0
0
0
0
0
0
0
0
0
0
0
0
0
0
0
0
0
0
0
0
0
0
0
0
0
0
0
0
0
0
0
0
0
0
0
0
0
0
0
0
0
0
0
0
0
0
0
0
0
0
0
0
0
0
0
0
0
0
0
0
0
0
0
0
0
0
0
0
0
0
0
0
0
0
0
0
0
0
0
0
0
0
0
0
0
0
0
0
0
0
0
0
0
0
0
0
0
0
0
0
0
0
0
0
0
0
0
0
0
0
0
0
0
0
0
0
0
0
0
0
0
0
0
0
0
0
0
0
0
0
0
0
0
0
0
0
0
0
0
0
0
0
0
0
0
0
0
0
0
0
0
0
0
0
0
0
0
0
0
0
0
0
0
0
0
0
0
0
0
0
0
0
0
0
0
0
0
0
0
0
0
0
0
0
0
0
0
0
0
0
0
0
0
0
0
0
0
0
0
0
0
0
0
0
0
0
0
0
0
0
0
0
0
0
0
0
0
0
0
0
0
0
0
0
0
0
0
0
0
0
0
0
0
0
0
0
0
0
0
0
0
0
0
0
0
0
0
0
0
0
0
0
0
0
0
0
0
0
0
0
0
0
0
0
0
0
0
0
0
0
0
0
0
0
0
0
0
0
0
0
0
0
0
0
0
0
0
0
0
0
0
0
0
0
0
0
0
0
0
0
0
0
0
0
0
0
0
0
0
0
0
0
0
0
0
0
0
0
0
0
0
0
0
0
0
0
0
0
0
0
0
0
0
0
0
0
0
0
0
0
0
0
0
0
0
0
0
0
0
0
0
0
0
0
0
0
0
0
0
0
0
0
0
0
0
0
0
0
0
0
0
0
0
0
0
0
0
0
0
0
0
0
0
0
0
0
0
0
0
0
0
0
0
0
0
0
0
0
0
0
0
0
0
0
0
0
0
0
0
0
0
0
0
0
0
0
0
0
0
0
0
0
0
0
0
0
0
0
0
0
0
0
0
0
0
0
0
0
0
0
0
0
0
0
0
0
0
0
0
0
0
0
0
0
0
0
0
0
0
0
0
0
0
0
0
0
0
0
0
0
0
0
0
0
0
0
0
0
0
0
0
0
0
0
0
0
0
0
0
0
0
0
0
0
0
0
0
0
0
0
0
0
0
0
0
0
0
1.495279e+08
0
0
0
0
0
0
0
0
0
0
0
0
0
0
0
0
0
0
0
0
0
0
0
0
0
0
0
0
0
0
0
0
0
0
0
0
0
0
0
0
0
0
0
0
0
0
0
0
0
0
0
0
0
0
0
0
0
0
0
0
0
0
0
0
0
0
0
0
0
0
0
0
0
0
0
0
0
0
0
0
0
0
0
0
0
0
0
0
0
0
0
0
0
0
0
0
0
0
0
0
0
0
0
0
0
0
0
0
0
0
0
0
0
0
0
0
0
1.487631e+08
0
0
0
0
0
0
0
0
1.496844e+08
1.686689e+08
0
0
0
0
0
0
0
0
0
0
0
0
0
0
0
0
0
0
0
0
0
0
0
0
0
0
0
0
0
0
0
0
0
0
0
0
0
0
0
0
0
0
0
0
0
0
0
0
0
0
0
0
0
0
0
0
0
0
0
0
0
0
0
0
0
0
0
0
0
0
0
0
0
0
0
0
0
0
0
0
0
0
0
0
0
0
0
0
0
0
0
0
0
0
0
0
0
0
0
0
0
0
0
0
0
0
0
0
0
0
0
0
0
0
0
1.471538e+08
0
0
0
0
0
0
0
0
1.488122e+08
1.678251e+08
0
0
0
0
0
0
0
1.497871e+08
1.687837e+08
2.205982e+08
0
0
0
0
0
0
0
0
0
0
0
0
0
0
0
0
0
0
0
0
0
0
0
0
0
0
0
0
0
0
0
0
0
0
0
0
0
0
0
0
0
0
0
0
0
0
0
0
0
0
0
0
0
0
0
0
0
0
0
0
0
0
0
0
0
0
0
0
0
0
0
0
0
0
0
0
0
0
0
0
0
0
0
0
0
0
0
0
0
0
0
0
0
0
0
0
0
0
0
0
0
0
0
0
0
0
0
0
0
0
0
0
0
0
1.445708e+08
0
0
0
0
0
0
0
0
1.4697e+08
1.660458e+08
0
0
0
0
0
0
0
1.488594e+08
1.67822e+08
2.195424e+08
0
0
0
0
0
0
1.499365e+08
1.688558e+08
2.206018e+08
3.504655e+08
0
0
0
0
0
0
0
0
0
0
0
0
0
0
0
0
0
0
0
0
0
0
0
0
0
0
0
0
0
0
0
0
0
0
0
0
0
0
0
0
0
0
0
0
0
0
0
0
0
0
0
0
0
0
0
0
0
0
0
0
0
0
0
0
0
0
0
0
0
0
0
0
0
0
0
0
0
0
0
0
0
0
0
0
0
0
0
0
0
0
0
0
0
0
0
0
0
0
0
0
0
0
0
0
0
0
0
0
0
0
0
0
0
0
1.409818e+08
0
0
0
0
0
0
0
0
1.440018e+08
1.631826e+08
0
0
0
0
0
0
0
1.468981e+08
1.657871e+08
2.173049e+08
0
0
0
0
0
0
1.489764e+08
1.678338e+08
2.194009e+08
3.489073e+08
0
0
0
0
0
1.50154e+08
1.689862e+08
2.205782e+08
3.500773e+08
7.619965e+08
0
0
0
0
0
0
0
0
0
0
0
0
0
0
0
0
0
0
0
0
0
0
0
0
0
0
0
0
0
0
0
0
0
0
0
0
0
0
0
0
0
0
0
0
0
0
0
0
0
0
0
0
0
0
0
0
0
0
0
0
0
0
0
0
0
0
0
0
0
0
0
0
0
0
0
0
0
0
0
0
0
0
0
0
0
0
0
0
0
0
0
0
0
0
0
0
0
0
0
0
0
0
0
0
0
0
0
0
0
0
0
0
0
1.36768e+08
0
0
0
0
0
0
0
0
1.398653e+08
1.591932e+08
0
0
0
0
0
0
0
1.437347e+08
1.625009e+08
2.136802e+08
0
0
0
0
0
0
1.469456e+08
1.656691e+08
2.168484e+08
3.455721e+08
0
0
0
0
0
1.491734e+08
1.679289e+08
2.193045e+08
3.483152e+08
7.590149e+08
0
0
0
0
1.503766e+08
1.691935e+08
2.206461e+08
3.497078e+08
7.595515e+08
0
0
0
0
0
0
0
0
0
0
0
0
0
0
0
0
0
0
0
0
0
0
0
0
0
0
0
0
0
0
0
0
0
0
0
0
0
0
0
0
0
0
0
0
0
0
0
0
0
0
0
0
0
0
0
0
0
0
0
0
0
0
0
0
0
0
0
0
0
0
0
0
0
0
0
0
0
0
0
0
0
0
0
0
0
0
0
0
0
0
0
0
0
0
0
0
0
0
0
0
0
0
0
0
0
0
0
0
0
0
0
1.329603e+08
0
0
0
0
0
0
0
0
1.350001e+08
1.544947e+08
0
0
0
0
0
0
0
1.393243e+08
1.579098e+08
2.085895e+08
0
0
0
0
0
0
1.436695e+08
1.621701e+08
2.127014e+08
3.40098e+08
0
0
0
0
0
1.470989e+08
1.656889e+08
2.165949e+08
3.445367e+08
7.52495e+08
0
0
0
0
1.493811e+08
1.681141e+08
2.193301e+08
3.478481e+08
7.562454e+08
0
0
0
1.505573e+08
1.694098e+08
2.208192e+08
3.495266e+08
7.573713e+08
0
0
0
0
0
0
0
0
0
0
0
0
0
0
0
0
0
0
0
0
0
0
0
0
0
0
0
0
0
0
0
0
0
0
0
0
0
0
0
0
0
0
0
0
0
0
0
0
0
0
0
0
0
0
0
0
0
0
0
0
0
0
0
0
0
0
0
0
0
0
0
0
0
0
0
0
0
0
0
0
0
0
0
0
0
0
0
0
0
0
0
0
0
0
0
0
0
0
0
0
0
0
0
0
0
0
0
0
1.300665e+08
0
0
0
0
0
0
0
0
1.305833e+08
1.502231e+08
0
0
0
0
0
0
0
1.341369e+08
1.524948e+08
2.025361e+08
0
0
0
0
0
0
1.391022e+08
1.5728e+08
2.068662e+08
3.322878e+08
0
0
0
0
0
1.437521e+08
1.620673e+08
2.121898e+08
3.38325e+08
7.414944e+08
0
0
0
0
1.47275e+08
1.658268e+08
2.165298e+08
3.438578e+08
7.490156e+08
0
0
0
1.495541e+08
1.683144e+08
2.194769e+08
3.476107e+08
7.539319e+08
0
0
1.507068e+08
1.695864e+08
2.21013e+08
3.495274e+08
7.557745e+08
0
0
0
0
0
0
0
0
0
0
0
0
0
0
0
0
0
0
0
0
0
0
0
0
0
0
0
0
0
0
0
0
0
0
0
0
0
0
0
0
0
0
0
0
0
0
0
0
0
0
0
0
0
0
0
0
0
0
0
0
0
0
0
0
0
0
0
0
0
0
0
0
0
0
0
0
0
0
0
0
0
0
0
0
0
0
0
0
0
0
0
0
0
0
0
0
0
0
0
0
0
0
0
0
1.2818e+08
0
0
0
0
0
0
0
0
1.272133e+08
1.469564e+08
0
0
0
0
0
0
0
1.294201e+08
1.47553e+08
1.969539e+08
0
0
0
0
0
0
1.337314e+08
1.515132e+08
1.999259e+08
3.228237e+08
0
0
0
0
0
1.390868e+08
1.570065e+08
2.059908e+08
3.294599e+08
7.252817e+08
0
0
0
0
1.438767e+08
1.621287e+08
2.119768e+08
3.372956e+08
7.368232e+08
0
0
0
1.474315e+08
1.659929e+08
2.166203e+08
3.434993e+08
7.464081e+08
0
0
1.496953e+08
1.684827e+08
2.196518e+08
3.475774e+08
7.5226e+08
0
1.508454e+08
1.69732e+08
2.211725e+08
3.495867e+08
7.546351e+08
0
0
0
0
0
0
0
0
0
0
0
0
0
0
0
0
0
0
0
0
0
0
0
0
0
0
0
0
0
0
0
0
0
0
0
0
0
0
0
0
0
0
0
0
0
0
0
0
0
0
0
0
0
0
0
0
0
0
0
0
0
0
0
0
0
0
0
0
0
0
0
0
0
0
0
0
0
0
0
0
0
0
0
0
0
0
0
0
0
0
0
0
0
0
0
0
0
0
0
1.272582e+08
0
0
0
0
0
0
0
0
1.250108e+08
1.448166e+08
0
0
0
0
0
0
0
1.258184e+08
1.437626e+08
1.92628e+08
0
0
0
0
0
0
1.288427e+08
1.462432e+08
1.93516e+08
3.138633e+08
0
0
0
0
0
1.336018e+08
1.510398e+08
1.986214e+08
3.187367e+08
7.048708e+08
0
0
0
0
1.391396e+08
1.569617e+08
2.055711e+08
3.279332e+08
7.188893e+08
0
0
0
1.440055e+08
1.622392e+08
2.119759e+08
3.367382e+08
7.337171e+08
0
0
1.475548e+08
1.661432e+08
2.167547e+08
3.433925e+08
7.445717e+08
0
1.498289e+08
1.686193e+08
2.198014e+08
3.476123e+08
7.510787e+08
1.509581e+08
1.698683e+08
2.213013e+08
3.496386e+08
7.537294e+08
0
0
0
0
0
0
0
0
0
0
0
0
0
0
0
0
0
0
0
0
0
0
0
0
0
0
0
0
0
0
0
0
0
0
0
0
0
0
0
0
0
0
0
0
0
0
0
0
0
0
0
0
0
0
0
0
0
0
0
0
0
0
0
0
0
0
0
0
0
0
0
0
0
0
0
0
0
0
0
0
0
0
0
0
0
0
0
0
0
0
0
0
0
1.272582e+08
0
0
0
0
0
0
0
0
1.239341e+08
1.437678e+08
0
0
0
0
0
0
0
1.234647e+08
1.412754e+08
1.897656e+08
0
0
0
0
0
0
1.25105e+08
1.421989e+08
1.885455e+08
3.067559e+08
0
0
0
0
0
1.286069e+08
1.455824e+08
1.918116e+08
3.086104e+08
6.845582e+08
0
0
0
0
1.335706e+08
1.508711e+08
1.979592e+08
3.16621e+08
6.964148e+08
0
0
0
1.392239e+08
1.569945e+08
2.054428e+08
3.270956e+08
7.150588e+08
0
0
1.441002e+08
1.623593e+08
2.12044e+08
3.365109e+08
7.316037e+08
0
1.476775e+08
1.662605e+08
2.168829e+08
3.433749e+08
7.432977e+08
1.499328e+08
1.687501e+08
2.199196e+08
3.476514e+08
7.501436e+08
1.69977e+08
2.214256e+08
3.496691e+08
7.53001e+08
0
0
0
0
0
0
0
0
0
0
0
0
0
0
0
0
0
0
0
0
0
0
0
0
0
0
0
0
0
0
0
0
0
0
0
0
0
0
0
0
0
0
0
0
0
0
0
0
0
0
0
0
0
0
0
0
0
0
0
0
0
0
0
0
0
0
0
0
0
0
0
0
0
0
0
0
0
0
0
0
0
0
0
0
0
0
1.2818e+08
0
0
0
0
0
0
0
0
1.239341e+08
1.437678e+08
0
0
0
0
0
0
0
1.22313e+08
1.400565e+08
1.883539e+08
0
0
0
0
0
0
1.226601e+08
1.395459e+08
1.852569e+08
3.019714e+08
0
0
0
0
0
1.247859e+08
1.413897e+08
1.865321e+08
3.006025e+08
6.677718e+08
0
0
0
0
1.284977e+08
1.452982e+08
1.90922e+08
3.059476e+08
6.742323e+08
0
0
0
1.336003e+08
1.508129e+08
1.976818e+08
3.154533e+08
6.917131e+08
0
0
1.392839e+08
1.570665e+08
2.05418e+08
3.266991e+08
7.125463e+08
0
1.442053e+08
1.624457e+08
2.12136e+08
3.364065e+08
7.301729e+08
1.477631e+08
1.663797e+08
2.169782e+08
3.43386e+08
7.422973e+08
1.688495e+08
2.200376e+08
3.476683e+08
7.493994e+08
2.215195e+08
3.497142e+08
7.52341e+08
0
0
0
0
0
0
0
0
0
0
0
0
0
0
0
0
0
0
0
0
0
0
0
0
0
0
0
0
0
0
0
0
0
0
0
0
0
0
0
0
0
0
0
0
0
0
0
0
0
0
0
0
0
0
0
0
0
0
0
0
0
0
0
0
0
0
0
0
0
0
0
0
0
0
0
0
0
0
1.300664e+08
0
0
0
0
0
0
0
0
1.250108e+08
1.448165e+08
0
0
0
0
0
0
0
1.22313e+08
1.400565e+08
1.883539e+08
0
0
0
0
0
0
1.214639e+08
1.382447e+08
1.836368e+08
2.995876e+08
0
0
0
0
0
1.222855e+08
1.386371e+08
1.830417e+08
2.952269e+08
6.56146e+08
0
0
0
0
1.246155e+08
1.41015e+08
1.854626e+08
2.975185e+08
6.560338e+08
0
0
0
1.284771e+08
1.451553e+08
1.905056e+08
3.044709e+08
6.687312e+08
0
0
1.336208e+08
1.508259e+08
1.97548e+08
3.148575e+08
6.887229e+08
0
1.393645e+08
1.571149e+08
2.05453e+08
3.264721e+08
7.108887e+08
1.442613e+08
1.62546e+08
2.121946e+08
3.363704e+08
7.290617e+08
1.664592e+08
2.170828e+08
3.433734e+08
7.415181e+08
2.201204e+08
3.477057e+08
7.48723e+08
3.497276e+08
7.518022e+08
0
0
0
0
0
0
0
0
0
0
0
0
0
0
0
0
0
0
0
0
0
0
0
0
0
0
0
0
0
0
0
0
0
0
0
0
0
0
0
0
0
0
0
0
0
0
0
0
0
0
0
0
0
0
0
0
0
0
0
0
0
0
0
0
0
0
0
0
0
1.329603e+08
0
0
0
0
0
0
0
0
1.272134e+08
1.469564e+08
0
0
0
0
0
0
0
1.234646e+08
1.412755e+08
1.897655e+08
0
0
0
0
0
0
1.214639e+08
1.382447e+08
1.836369e+08
2.995875e+08
0
0
0
0
0
1.21061e+08
1.372871e+08
1.813218e+08
2.925549e+08
6.502581e+08
0
0
0
0
1.220749e+08
1.382018e+08
1.818519e+08
2.918688e+08
6.434967e+08
0
0
0
1.245549e+08
1.408054e+08
1.849373e+08
2.957991e+08
6.499246e+08
0
0
1.284587e+08
1.451139e+08
1.902699e+08
3.03689e+08
6.652986e+08
0
1.336729e+08
1.50831e+08
1.975129e+08
3.144855e+08
6.867927e+08
1.393798e+08
1.571889e+08
2.054656e+08
3.263619e+08
7.096162e+08
1.625935e+08
2.122771e+08
3.363097e+08
7.282216e+08
2.171419e+08
3.433943e+08
7.408052e+08
3.477047e+08
7.481771e+08
7.512667e+08
0
0
0
0
0
0
0
0
0
0
0
0
0
0
0
0
0
0
0
0
0
0
0
0
0
0
0
0
0
0
0
0
0
0
0
0
0
0
0
0
0
0
0
0
0
0
0
0
0
0
0
0
0
0
0
0
0
0
0
1.367679e+08
0
0
0
0
0
0
0
0
1.305834e+08
1.50223e+08
0
0
0
0
0
0
0
1.258182e+08
1.437627e+08
1.92628e+08
0
0
0
0
0
0
1.226603e+08
1.395458e+08
1.85257e+08
3.019714e+08
0
0
0
0
0
1.210612e+08
1.372872e+08
1.813218e+08
2.925549e+08
6.502581e+08
0
0
0
0
1.208292e+08
1.368212e+08
1.800731e+08
2.890619e+08
6.371678e+08
0
0
0
1.21987e+08
1.379484e+08
1.812539e+08
2.899878e+08
6.369941e+08
0
0
1.245027e+08
1.407206e+08
1.846214e+08
2.948719e+08
6.461512e+08
0
1.284848e+08
1.450764e+08
1.901699e+08
3.031811e+08
6.631145e+08
1.336413e+08
1.508746e+08
1.974731e+08
3.142842e+08
6.85325e+08
1.571923e+08
2.055177e+08
3.262396e+08
7.086834e+08
2.12298e+08
3.363035e+08
7.274468e+08
3.433622e+08
7.402432e+08
7.47623e+08
0
0
0
0
0
0
0
0
0
0
0
0
0
0
0
0
0
0
0
0
0
0
0
0
0
0
0
0
0
0
0
0
0
0
0
0
0
0
0
0
0
0
0
0
0
0
0
0
0
1.409818e+08
0
0
0
0
0
0
0
0
1.350001e+08
1.544947e+08
0
0
0
0
0
0
0
1.294199e+08
1.475531e+08
1.969538e+08
0
0
0
0
0
0
1.251053e+08
1.421988e+08
1.885456e+08
3.067558e+08
0
0
0
0
0
1.222859e+08
1.386373e+08
1.830416e+08
2.95227e+08
6.56146e+08
0
0
0
0
1.208294e+08
1.368214e+08
1.800732e+08
2.890618e+08
6.371679e+08
0
0
0
1.207278e+08
1.365448e+08
1.794383e+08
2.87102e+08
6.304739e+08
0
0
1.219091e+08
1.37834e+08
1.808851e+08
2.889644e+08
6.329989e+08
0
1.245101e+08
1.406462e+08
1.844696e+08
2.94257e+08
6.437719e+08
1.284105e+08
1.45092e+08
1.900784e+08
3.028947e+08
6.614614e+08
1.50827e+08
1.974895e+08
3.140905e+08
6.84278e+08
2.054855e+08
3.261954e+08
7.078216e+08
3.362208e+08
7.268574e+08
7.396487e+08
0
0
0
0
0
0
0
0
0
0
0
0
0
0
0
0
0
0
0
0
0
0
0
0
0
0
0
0
0
0
0
0
0
0
0
0
0
0
0
1.445707e+08
0
0
0
0
0
0
0
0
1.398654e+08
1.591932e+08
0
0
0
0
0
0
0
1.341367e+08
1.524949e+08
2.02536e+08
0
0
0
0
0
0
1.288431e+08
1.46243e+08
1.935161e+08
3.138632e+08
0
0
0
0
0
1.247866e+08
1.4139e+08
1.865319e+08
3.006026e+08
6.677718e+08
0
0
0
0
1.220754e+08
1.382023e+08
1.818521e+08
2.918686e+08
6.434968e+08
0
0
0
1.207278e+08
1.36545e+08
1.794385e+08
2.871021e+08
6.304738e+08
0
0
1.206346e+08
1.364157e+08
1.790422e+08
2.860303e+08
6.263711e+08
0
1.219059e+08
1.377317e+08
1.80698e+08
2.882789e+08
6.304931e+08
1.244026e+08
1.406417e+08
1.843336e+08
2.939026e+08
6.419736e+08
1.449979e+08
1.900622e+08
3.026309e+08
6.603058e+08
1.97396e+08
3.140018e+08
6.833111e+08
3.260419e+08
7.071924e+08
7.26195e+08
0
0
0
0
0
0
0
0
0
0
0
0
0
0
0
0
0
0
0
0
0
0
0
0
0
0
0
0
0
1.471537e+08
0
0
0
0
0
0
0
0
1.440019e+08
1.631825e+08
0
0
0
0
0
0
0
1.393242e+08
1.579098e+08
2.085894e+08
0
0
0
0
0
0
1.337318e+08
1.51513e+08
1.999259e+08
3.228236e+08
0
0
0
0
0
1.286078e+08
1.455827e+08
1.918114e+08
3.086105e+08
6.845581e+08
0
0
0
0
1.246163e+08
1.410156e+08
1.85463e+08
2.975183e+08
6.560339e+08
0
0
0
1.21987e+08
1.379489e+08
1.812543e+08
2.899881e+08
6.369939e+08
0
0
1.206345e+08
1.364157e+08
1.790424e+08
2.860305e+08
6.263712e+08
0
1.206282e+08
1.362972e+08
1.788376e+08
2.853088e+08
6.238037e+08
1.217759e+08
1.377156e+08
1.805286e+08
2.878784e+08
6.285994e+08
1.405113e+08
1.842937e+08
2.935789e+08
6.407321e+08
1.899123e+08
3.025011e+08
6.592362e+08
3.137658e+08
6.826345e+08
7.064328e+08
0
0
0
0
0
0
0
0
0
0
0
0
0
0
0
0
0
0
0
1.48763e+08
0
0
0
0
0
0
0
0
1.469701e+08
1.660457e+08
0
0
0
0
0
0
0
1.437346e+08
1.62501e+08
2.136801e+08
0
0
0
0
0
0
1.391027e+08
1.572799e+08
2.068663e+08
3.322877e+08
0
0
0
0
0
1.336028e+08
1.510403e+08
1.986212e+08
3.187368e+08
7.048707e+08
0
0
0
0
1.284989e+08
1.452991e+08
1.909224e+08
3.059473e+08
6.742324e+08
0
0
0
1.245548e+08
1.408063e+08
1.84938e+08
2.957995e+08
6.499243e+08
0
0
1.219086e+08
1.378339e+08
1.808857e+08
2.88965e+08
6.329991e+08
0
1.206281e+08
1.36297e+08
1.788376e+08
2.853091e+08
6.238039e+08
1.204887e+08
1.362772e+08
1.786491e+08
2.848856e+08
6.218638e+08
1.375607e+08
1.80475e+08
2.875104e+08
6.273011e+08
1.840998e+08
2.934191e+08
6.395776e+08
3.021884e+08
6.585152e+08
6.817579e+08
0
0
0
0
0
0
0
0
0
1.495278e+08
0
0
0
0
0
0
0
0
1.488122e+08
1.67825e+08
0
0
0
0
0
0
0
1.46898e+08
1.657871e+08
2.173048e+08
0
0
0
0
0
0
1.436701e+08
1.6217e+08
2.127015e+08
3.400978e+08
0
0
0
0
0
1.39088e+08
1.570071e+08
2.059906e+08
3.294599e+08
7.252816e+08
0
0
0
0
1.33572e+08
1.508722e+08
1.979597e+08
3.166208e+08
6.964149e+08
0
0
0
1.284769e+08
1.451565e+08
1.905066e+08
3.044715e+08
6.68731e+08
0
0
1.24502e+08
1.407205e+08
1.846224e+08
2.948729e+08
6.461516e+08
0
1.219055e+08
1.377312e+08
1.806979e+08
2.882797e+08
6.304936e+08
1.204887e+08
1.362771e+08
1.786489e+08
2.848856e+08
6.218641e+08
1.361117e+08
1.785907e+08
2.844928e+08
6.205378e+08
1.802512e+08
2.873331e+08
6.260871e+08
2.930461e+08
6.388233e+08
6.575264e+08
0
0
0
0
0
0
0
0
1.496844e+08
1.686688e+08
0
0
0
0
0
0
0
1.488594e+08
1.67822e+08
2.195423e+08
0
0
0
0
0
0
1.469462e+08
1.65669e+08
2.168484e+08
3.455719e+08
0
0
0
0
0
1.437534e+08
1.620679e+08
2.121897e+08
3.383251e+08
7.414943e+08
0
0
0
0
1.391413e+08
1.56963e+08
2.055717e+08
3.27933e+08
7.188894e+08
0
0
0
1.336e+08
1.508144e+08
1.976831e+08
3.15454e+08
6.917129e+08
0
0
1.284579e+08
1.451137e+08
1.902713e+08
3.036903e+08
6.652992e+08
0
1.245095e+08
1.406455e+08
1.844695e+08
2.942583e+08
6.437728e+08
1.21776e+08
1.377152e+08
1.805281e+08
2.878783e+08
6.286001e+08
1.361117e+08
1.785905e+08
2.844926e+08
6.205378e+08
1.783537e+08
2.843089e+08
6.192934e+08
2.869192e+08
6.253129e+08
6.377439e+08
0
0
0
0
0
0
0
1.497871e+08
1.687837e+08
2.205981e+08
0
0
0
0
0
0
1.48977e+08
1.678338e+08
2.194009e+08
3.489071e+08
0
0
0
0
0
1.471003e+08
1.656895e+08
2.165948e+08
3.445368e+08
7.524949e+08
0
0
0
0
1.438785e+08
1.621301e+08
2.119775e+08
3.372955e+08
7.368233e+08
0
0
0
1.392237e+08
1.569962e+08
2.054442e+08
3.270964e+08
7.150586e+08
0
0
1.336199e+08
1.508257e+08
1.975497e+08
3.14859e+08
6.887235e+08
0
1.284839e+08
1.450756e+08
1.901697e+08
3.031829e+08
6.631156e+08
1.244028e+08
1.40641e+08
1.843328e+08
2.939024e+08
6.419748e+08
1.375608e+08
1.804745e+08
2.875096e+08
6.27301e+08
1.783537e+08
2.843087e+08
6.192931e+08
2.838763e+08
6.185102e+08
6.241717e+08
0
0
0
0
0
0
1.499371e+08
1.688558e+08
2.206018e+08
3.504653e+08
0
0
0
0
0
1.491748e+08
1.679295e+08
2.193044e+08
3.483153e+08
7.590147e+08
0
0
0
0
1.472768e+08
1.658282e+08
2.165305e+08
3.438577e+08
7.490157e+08
0
0
0
1.440052e+08
1.622411e+08
2.119774e+08
3.36739e+08
7.337169e+08
0
0
1.39283e+08
1.570662e+08
2.0542e+08
3.267008e+08
7.125471e+08
0
1.336717e+08
1.508301e+08
1.975127e+08
3.144877e+08
6.867941e+08
1.284106e+08
1.45091e+08
1.900775e+08
3.028944e+08
6.614632e+08
1.405115e+08
1.842929e+08
2.935779e+08
6.40732e+08
1.802513e+08
2.873324e+08
6.260861e+08
2.838763e+08
6.185098e+08
6.173382e+08
0
0
0
0
0
1.501555e+08
1.689868e+08
2.205782e+08
3.500773e+08
7.619963e+08
0
0
0
0
1.49383e+08
1.681155e+08
2.193308e+08
3.47848e+08
7.562454e+08
0
0
0
1.474312e+08
1.659948e+08
2.16622e+08
3.435002e+08
7.46408e+08
0
0
1.440992e+08
1.62359e+08
2.120461e+08
3.365128e+08
7.316045e+08
0
1.393632e+08
1.571139e+08
2.054526e+08
3.264746e+08
7.108903e+08
1.336415e+08
1.508734e+08
1.97472e+08
3.142839e+08
6.853271e+08
1.44998e+08
1.900611e+08
3.026296e+08
6.603056e+08
1.840999e+08
2.934179e+08
6.395763e+08
2.869192e+08
6.253118e+08
6.173381e+08
0
0
0
0
1.503785e+08
1.69195e+08
2.206468e+08
3.497077e+08
7.595516e+08
0
0
0
1.495538e+08
1.683163e+08
2.194785e+08
3.476116e+08
7.539318e+08
0
0
1.475537e+08
1.661429e+08
2.167569e+08
3.433945e+08
7.445725e+08
0
1.442039e+08
1.624447e+08
2.121357e+08
3.364091e+08
7.301746e+08
1.393799e+08
1.571876e+08
2.054645e+08
3.263615e+08
7.096186e+08
1.508272e+08
1.974881e+08
3.140891e+08
6.842778e+08
1.899124e+08
3.024995e+08
6.592347e+08
2.930461e+08
6.388216e+08
6.241713e+08
0
0
0
1.50557e+08
1.694118e+08
2.208209e+08
3.495275e+08
7.573712e+08
0
0
1.496942e+08
1.684824e+08
2.19654e+08
3.475794e+08
7.522609e+08
0
1.476761e+08
1.662594e+08
2.168826e+08
3.433775e+08
7.432995e+08
1.442614e+08
1.625445e+08
2.121934e+08
3.3637e+08
7.290643e+08
1.571924e+08
2.055161e+08
3.262381e+08
7.08683e+08
1.973962e+08
3.139999e+08
6.833094e+08
3.021884e+08
6.58513e+08
6.377433e+08
0
0
1.507057e+08
1.695862e+08
2.210152e+08
3.495295e+08
7.557753e+08
0
1.498274e+08
1.686182e+08
2.198011e+08
3.476151e+08
7.510806e+08
1.477631e+08
1.663782e+08
2.169769e+08
3.433856e+08
7.422999e+08
1.625935e+08
2.122755e+08
3.363081e+08
7.282212e+08
2.054856e+08
3.261933e+08
7.078198e+08
3.137658e+08
6.82632e+08
6.575257e+08
0
1.50844e+08
1.697309e+08
2.211722e+08
3.495895e+08
7.546371e+08
1.499328e+08
1.687486e+08
2.199183e+08
3.47651e+08
7.501462e+08
1.664592e+08
2.17081e+08
3.433718e+08
7.415178e+08
2.12298e+08
3.363013e+08
7.274449e+08
3.260418e+08
7.071895e+08
6.81757e+08
1.50958e+08
1.698667e+08
2.213e+08
3.496382e+08
7.537321e+08
1.688494e+08
2.200358e+08
3.476666e+08
7.49399e+08
2.171418e+08
3.43392e+08
7.408031e+08
3.362206e+08
7.268543e+08
7.064317e+08
1.699769e+08
2.214238e+08
3.496674e+08
7.530006e+08
2.201203e+08
3.477034e+08
7.487209e+08
3.433619e+08
7.4024e+08
7.261938e+08
2.215194e+08
3.497118e+08
7.523388e+08
3.477043e+08
7.481737e+08
7.396473e+08
3.497272e+08
7.517989e+08
7.476215e+08
7.512651e+08
)
;

boundaryField
{
    interconnect0
    {
        type            zeroGradient;
    }
    interconnectSides
    {
        type            zeroGradient;
    }
    cathodeSides
    {
        type            zeroGradient;
    }
    phiEC_to_phiE0
    {
        type            zeroGradient;
    }
    procBoundary0to1
    {
        type            processor;
        value           uniform 0;
    }
}
)

// processor1

21495
(dimensions      [0 -3 0 0 0 1 0];

internalField   nonuniform List<scalar> 
5000
(
0
0
0
0
0
0
0
0
0
0
0
0
0
0
0
0
0
0
0
0
0
0
0
0
0
0
0
0
0
0
0
0
0
0
0
0
0
0
0
0
0
0
0
0
0
0
0
0
0
0
0
0
0
0
0
0
0
0
0
0
0
0
0
0
0
0
0
0
0
0
0
0
0
0
0
0
0
0
0
0
0
0
0
0
0
0
0
0
0
0
0
0
0
0
0
0
0
0
0
0
0
0
0
0
0
0
0
0
0
0
0
0
0
0
0
0
0
0
0
0
0
0
0
0
0
0
0
0
0
0
0
0
0
0
0
0
0
0
0
0
0
0
0
0
0
0
0
0
0
0
0
0
0
0
0
0
0
0
0
0
0
0
0
0
0
0
0
0
0
0
0
0
0
0
0
0
0
0
0
0
0
0
0
0
0
0
0
0
0
0
0
0
0
0
0
0
0
0
0
0
0
0
0
0
0
0
0
0
0
0
0
0
0
0
0
0
0
0
0
0
0
0
0
0
0
0
0
0
0
0
0
0
0
0
0
0
0
0
0
0
0
0
0
0
0
0
0
0
0
0
0
0
0
0
0
0
0
0
0
0
0
0
0
0
0
0
0
0
0
0
0
0
0
0
0
0
0
0
0
0
0
0
0
0
0
0
0
0
0
0
0
0
0
0
0
0
0
0
0
0
0
0
0
0
0
0
0
0
0
0
0
0
0
0
0
0
0
0
0
0
0
0
0
0
0
0
0
0
0
0
0
0
0
0
0
0
0
0
0
0
0
0
0
0
0
0
0
0
0
0
0
0
0
0
0
0
0
0
0
0
0
0
0
0
0
0
0
0
0
0
0
0
0
0
0
0
0
0
0
0
0
0
0
0
0
0
0
0
0
0
0
0
0
0
0
0
0
0
0
0
0
0
0
0
0
0
0
0
0
0
0
0
0
0
0
0
0
0
0
0
0
0
0
0
0
0
0
0
0
0
0
0
0
0
0
0
0
0
0
0
0
0
0
0
0
0
0
0
0
0
0
0
0
0
0
0
0
0
0
0
0
0
0
0
0
0
0
0
0
0
0
0
0
0
0
0
0
0
0
0
0
0
0
0
0
0
0
0
0
0
0
0
0
0
0
0
0
0
0
0
0
0
0
0
0
0
0
0
0
0
0
0
0
0
0
0
0
0
0
0
0
0
0
0
0
0
0
0
0
0
0
0
0
0
0
0
0
0
0
0
0
0
0
0
0
0
0
0
0
0
0
0
0
0
0
0
0
0
0
0
0
0
0
0
0
0
0
0
0
0
0
0
0
0
0
0
0
0
0
0
0
0
0
0
0
0
0
0
0
0
0
0
0
0
0
0
0
0
0
0
0
0
0
0
0
0
0
0
0
0
0
0
0
0
0
0
0
0
0
0
0
0
0
0
0
0
0
0
0
0
0
0
0
0
0
0
0
0
0
0
0
0
0
0
0
0
0
0
0
0
0
0
0
0
0
0
0
0
0
0
0
0
0
0
0
0
0
0
0
0
0
0
0
0
0
0
0
0
0
0
0
0
0
0
0
0
0
0
0
0
0
0
0
0
0
0
0
0
0
0
0
0
0
0
0
0
0
0
0
0
0
0
0
0
0
0
0
0
0
0
0
0
0
0
0
0
0
0
0
0
0
0
0
0
0
0
0
0
0
0
0
0
0
0
0
0
0
0
0
0
0
0
0
0
0
0
0
0
0
0
0
0
0
0
0
0
0
0
0
0
0
0
0
0
0
0
0
0
0
0
0
0
0
0
0
0
0
0
0
0
0
0
0
0
0
0
0
0
0
0
0
0
0
0
0
0
0
0
0
0
0
0
0
0
0
0
0
0
0
0
0
0
0
0
0
0
0
0
0
0
0
0
0
0
0
0
0
0
0
0
0
0
0
0
0
0
0
0
0
0
0
0
0
0
0
0
0
0
0
0
0
0
0
0
0
0
0
0
0
0
0
0
0
0
0
0
0
0
0
0
0
0
0
0
0
0
0
0
0
0
0
0
0
0
0
0
0
0
0
0
0
0
0
0
0
0
0
0
0
0
0
0
0
0
0
0
0
0
0
0
0
0
0
0
0
0
0
0
0
0
0
0
0
0
0
0
0
0
0
0
0
0
0
0
0
0
0
0
0
0
0
0
0
0
0
0
0
0
0
0
0
0
0
0
0
0
0
0
0
0
0
0
0
0
0
0
0
0
0
0
0
0
0
0
0
0
0
0
0
0
0
0
0
0
0
0
0
0
0
0
0
0
0
0
0
0
0
0
0
0
0
0
0
0
0
0
0
0
0
0
0
0
0
0
0
0
0
0
0
0
0
0
0
0
0
0
0
0
0
0
0
0
0
0
0
0
0
0
0
0
0
0
0
0
0
0
0
0
0
0
0
0
0
0
0
0
0
0
0
0
0
0
0
0
0
0
0
0
0
0
0
0
0
0
0
0
0
0
0
0
0
0
0
0
0
0
0
0
0
0
0
0
0
0
0
0
0
0
0
0
0
0
0
0
0
0
0
0
0
0
0
0
0
0
0
0
0
0
0
0
0
0
0
0
0
0
0
0
0
0
0
0
0
0
0
0
0
0
0
0
0
0
0
0
0
0
0
0
0
0
0
0
0
0
0
0
0
0
0
0
0
0
0
0
0
0
0
0
0
0
0
0
0
0
0
0
0
0
0
0
0
0
0
0
0
0
0
0
0
0
0
0
0
0
0
0
0
0
0
0
0
0
0
0
0
0
0
0
0
0
0
0
0
0
0
0
0
0
0
0
0
0
0
0
0
0
0
0
0
0
0
0
0
0
0
0
0
0
0
0
0
0
0
0
0
0
0
0
0
0
0
0
0
0
0
0
0
0
0
0
0
0
0
0
0
0
0
0
0
0
0
0
0
0
0
0
0
0
0
0
0
0
0
0
0
0
0
0
0
0
0
0
0
0
0
0
0
0
0
0
0
0
0
0
0
0
0
0
0
0
0
0
0
0
0
0
0
0
0
0
0
0
0
0
0
0
0
0
0
0
0
0
0
0
0
0
0
0
0
0
0
0
0
0
0
0
0
0
0
0
0
0
0
0
0
0
0
0
0
0
0
0
0
0
0
0
0
0
0
0
0
0
0
0
0
0
0
0
0
0
0
0
0
0
0
0
0
0
0
0
0
0
0
0
0
0
0
0
0
0
0
0
0
0
0
0
0
0
0
0
0
0
0
0
0
0
0
0
0
0
0
0
0
0
0
0
0
0
0
0
0
0
0
0
0
0
0
0
0
0
0
0
0
0
0
0
0
0
0
0
0
0
0
0
0
0
0
0
0
0
0
0
0
0
0
0
0
0
0
0
0
0
0
0
0
0
0
0
0
0
0
0
0
0
0
0
0
0
0
0
0
0
0
0
0
0
0
0
0
0
0
0
0
0
0
0
0
0
0
0
0
0
0
0
0
0
0
0
0
0
0
0
0
0
0
0
0
0
0
0
0
0
0
0
0
0
0
0
0
0
0
0
0
0
0
0
0
0
0
0
0
0
0
0
0
0
0
0
0
0
0
0
0
0
0
0
0
0
0
0
0
0
0
0
0
0
0
0
0
0
0
0
0
0
0
0
0
0
0
0
0
0
0
0
0
0
0
0
0
0
0
0
0
0
0
0
0
0
0
0
0
0
0
0
0
0
0
0
0
0
0
0
0
0
0
0
0
0
0
0
0
0
0
0
0
0
0
0
0
0
0
0
0
0
0
0
0
0
0
0
0
0
0
0
0
0
0
0
0
0
0
0
0
0
0
0
0
0
0
0
0
0
0
0
0
0
0
0
0
0
0
0
0
0
0
0
0
0
0
0
0
0
0
0
0
0
0
0
0
0
0
0
0
0
0
0
0
0
0
0
0
0
0
0
0
0
0
0
0
0
0
0
0
0
0
0
0
0
0
0
0
0
0
0
0
0
0
0
0
0
0
0
0
0
0
1.510357e+08
0
0
0
0
0
0
0
0
0
0
0
0
0
0
0
0
0
0
0
0
0
0
0
0
0
0
0
0
0
0
0
0
0
0
0
0
0
0
0
0
0
0
0
0
0
0
0
0
0
0
0
0
0
0
0
0
0
0
0
0
0
0
0
0
0
0
0
0
0
0
0
0
0
0
0
0
0
0
0
0
0
0
0
0
0
0
0
0
0
0
0
0
0
0
0
0
0
0
0
0
0
0
0
0
0
0
0
0
0
0
0
0
0
0
0
0
0
1.499891e+08
0
0
0
0
0
0
0
0
1.511765e+08
1.700482e+08
0
0
0
0
0
0
0
0
0
0
0
0
0
0
0
0
0
0
0
0
0
0
0
0
0
0
0
0
0
0
0
0
0
0
0
0
0
0
0
0
0
0
0
0
0
0
0
0
0
0
0
0
0
0
0
0
0
0
0
0
0
0
0
0
0
0
0
0
0
0
0
0
0
0
0
0
0
0
0
0
0
0
0
0
0
0
0
0
0
0
0
0
0
0
0
0
0
0
0
0
0
0
0
0
0
0
0
0
0
0
0
0
0
0
0
1.47774e+08
0
0
0
0
0
0
0
0
1.501285e+08
1.688976e+08
0
0
0
0
0
0
0
1.51313e+08
1.701884e+08
2.215714e+08
0
0
0
0
0
0
0
0
0
0
0
0
0
0
0
0
0
0
0
0
0
0
0
0
0
0
0
0
0
0
0
0
0
0
0
0
0
0
0
0
0
0
0
0
0
0
0
0
0
0
0
0
0
0
0
0
0
0
0
0
0
0
0
0
0
0
0
0
0
0
0
0
0
0
0
0
0
0
0
0
0
0
0
0
0
0
0
0
0
0
0
0
0
0
0
0
0
0
0
0
0
0
0
0
0
0
0
0
0
0
0
0
0
0
1.442014e+08
0
0
0
0
0
0
0
0
1.479095e+08
1.664583e+08
0
0
0
0
0
0
0
1.50263e+08
1.690363e+08
2.201446e+08
0
0
0
0
0
0
1.5145e+08
1.703257e+08
2.217069e+08
3.496957e+08
0
0
0
0
0
0
0
0
0
0
0
0
0
0
0
0
0
0
0
0
0
0
0
0
0
0
0
0
0
0
0
0
0
0
0
0
0
0
0
0
0
0
0
0
0
0
0
0
0
0
0
0
0
0
0
0
0
0
0
0
0
0
0
0
0
0
0
0
0
0
0
0
0
0
0
0
0
0
0
0
0
0
0
0
0
0
0
0
0
0
0
0
0
0
0
0
0
0
0
0
0
0
0
0
0
0
0
0
0
0
0
0
0
0
1.392278e+08
0
0
0
0
0
0
0
0
1.443233e+08
1.625157e+08
0
0
0
0
0
0
0
1.480404e+08
1.665927e+08
2.171073e+08
0
0
0
0
0
0
1.503984e+08
1.691715e+08
2.202783e+08
3.476361e+08
0
0
0
0
0
1.515832e+08
1.704637e+08
2.218425e+08
3.497766e+08
7.507251e+08
0
0
0
0
0
0
0
0
0
0
0
0
0
0
0
0
0
0
0
0
0
0
0
0
0
0
0
0
0
0
0
0
0
0
0
0
0
0
0
0
0
0
0
0
0
0
0
0
0
0
0
0
0
0
0
0
0
0
0
0
0
0
0
0
0
0
0
0
0
0
0
0
0
0
0
0
0
0
0
0
0
0
0
0
0
0
0
0
0
0
0
0
0
0
0
0
0
0
0
0
0
0
0
0
0
0
0
0
0
0
0
0
0
1.333826e+08
0
0
0
0
0
0
0
0
1.393246e+08
1.570139e+08
0
0
0
0
0
0
0
1.444532e+08
1.626358e+08
2.121704e+08
0
0
0
0
0
0
1.481723e+08
1.667242e+08
2.17236e+08
3.432149e+08
0
0
0
0
0
1.505299e+08
1.693078e+08
2.204117e+08
3.477148e+08
7.470317e+08
0
0
0
0
1.517194e+08
1.705983e+08
2.219795e+08
3.498686e+08
7.503423e+08
0
0
0
0
0
0
0
0
0
0
0
0
0
0
0
0
0
0
0
0
0
0
0
0
0
0
0
0
0
0
0
0
0
0
0
0
0
0
0
0
0
0
0
0
0
0
0
0
0
0
0
0
0
0
0
0
0
0
0
0
0
0
0
0
0
0
0
0
0
0
0
0
0
0
0
0
0
0
0
0
0
0
0
0
0
0
0
0
0
0
0
0
0
0
0
0
0
0
0
0
0
0
0
0
0
0
0
0
0
0
0
1.280526e+08
0
0
0
0
0
0
0
0
1.334571e+08
1.505318e+08
0
0
0
0
0
0
0
1.394525e+08
1.571079e+08
2.05235e+08
0
0
0
0
0
0
1.445794e+08
1.627661e+08
2.122829e+08
3.359473e+08
0
0
0
0
0
1.483002e+08
1.668569e+08
2.173654e+08
3.432874e+08
7.38948e+08
0
0
0
0
1.506645e+08
1.694407e+08
2.205469e+08
3.478045e+08
7.466461e+08
0
0
0
1.518592e+08
1.70736e+08
2.221148e+08
3.499636e+08
7.500276e+08
0
0
0
0
0
0
0
0
0
0
0
0
0
0
0
0
0
0
0
0
0
0
0
0
0
0
0
0
0
0
0
0
0
0
0
0
0
0
0
0
0
0
0
0
0
0
0
0
0
0
0
0
0
0
0
0
0
0
0
0
0
0
0
0
0
0
0
0
0
0
0
0
0
0
0
0
0
0
0
0
0
0
0
0
0
0
0
0
0
0
0
0
0
0
0
0
0
0
0
0
0
0
0
0
0
0
0
0
1.239667e+08
0
0
0
0
0
0
0
0
1.281113e+08
1.445938e+08
0
0
0
0
0
0
0
1.335688e+08
1.506024e+08
1.97002e+08
0
0
0
0
0
0
1.395718e+08
1.57236e+08
2.053181e+08
3.25598e+08
0
0
0
0
0
1.447016e+08
1.628929e+08
2.124113e+08
3.360007e+08
7.253108e+08
0
0
0
0
1.484315e+08
1.669861e+08
2.174967e+08
3.433733e+08
7.385556e+08
0
0
0
1.508005e+08
1.695768e+08
2.206805e+08
3.478977e+08
7.463315e+08
0
0
1.520149e+08
1.708777e+08
2.222536e+08
3.500645e+08
7.497235e+08
0
0
0
0
0
0
0
0
0
0
0
0
0
0
0
0
0
0
0
0
0
0
0
0
0
0
0
0
0
0
0
0
0
0
0
0
0
0
0
0
0
0
0
0
0
0
0
0
0
0
0
0
0
0
0
0
0
0
0
0
0
0
0
0
0
0
0
0
0
0
0
0
0
0
0
0
0
0
0
0
0
0
0
0
0
0
0
0
0
0
0
0
0
0
0
0
0
0
0
0
0
0
0
0
1.212893e+08
0
0
0
0
0
0
0
0
1.24014e+08
1.400213e+08
0
0
0
0
0
0
0
1.282056e+08
1.446476e+08
1.893837e+08
0
0
0
0
0
0
1.336867e+08
1.507138e+08
1.970586e+08
3.131204e+08
0
0
0
0
0
1.396862e+08
1.573557e+08
2.054442e+08
3.256173e+08
7.052841e+08
0
0
0
0
1.448274e+08
1.630164e+08
2.125362e+08
3.360862e+08
7.24903e+08
0
0
0
1.485606e+08
1.671187e+08
2.176264e+08
3.434625e+08
7.382414e+08
0
0
1.509542e+08
1.697146e+08
2.208175e+08
3.479969e+08
7.460271e+08
0
1.521552e+08
1.710356e+08
2.223986e+08
3.50169e+08
7.494674e+08
0
0
0
0
0
0
0
0
0
0
0
0
0
0
0
0
0
0
0
0
0
0
0
0
0
0
0
0
0
0
0
0
0
0
0
0
0
0
0
0
0
0
0
0
0
0
0
0
0
0
0
0
0
0
0
0
0
0
0
0
0
0
0
0
0
0
0
0
0
0
0
0
0
0
0
0
0
0
0
0
0
0
0
0
0
0
0
0
0
0
0
0
0
0
0
0
0
0
0
1.199687e+08
0
0
0
0
0
0
0
0
1.213296e+08
1.370144e+08
0
0
0
0
0
0
0
1.241003e+08
1.400629e+08
1.834642e+08
0
0
0
0
0
0
1.28318e+08
1.447413e+08
1.894211e+08
3.013515e+08
0
0
0
0
0
1.337925e+08
1.50832e+08
1.971668e+08
3.131086e+08
6.802843e+08
0
0
0
0
1.398043e+08
1.57471e+08
2.055616e+08
3.257015e+08
7.048522e+08
0
0
0
1.449501e+08
1.631433e+08
2.126597e+08
3.361689e+08
7.245919e+08
0
0
1.487091e+08
1.672496e+08
2.177597e+08
3.435579e+08
7.379362e+08
0
1.510948e+08
1.698705e+08
2.209583e+08
3.480996e+08
7.457714e+08
1.522859e+08
1.711782e+08
2.22561e+08
3.50287e+08
7.492127e+08
0
0
0
0
0
0
0
0
0
0
0
0
0
0
0
0
0
0
0
0
0
0
0
0
0
0
0
0
0
0
0
0
0
0
0
0
0
0
0
0
0
0
0
0
0
0
0
0
0
0
0
0
0
0
0
0
0
0
0
0
0
0
0
0
0
0
0
0
0
0
0
0
0
0
0
0
0
0
0
0
0
0
0
0
0
0
0
0
0
0
0
0
0
1.199686e+08
0
0
0
0
0
0
0
0
1.200063e+08
1.355295e+08
0
0
0
0
0
0
0
1.214109e+08
1.370485e+08
1.795449e+08
0
0
0
0
0
0
1.242001e+08
1.401484e+08
1.834878e+08
2.920551e+08
0
0
0
0
0
1.284197e+08
1.448536e+08
1.895101e+08
3.013172e+08
6.557314e+08
0
0
0
0
1.339016e+08
1.509384e+08
1.972827e+08
3.131741e+08
6.798287e+08
0
0
0
1.399192e+08
1.575901e+08
2.056764e+08
3.257764e+08
7.045448e+08
0
0
1.450867e+08
1.632676e+08
2.127869e+08
3.362581e+08
7.242854e+08
0
1.488493e+08
1.674001e+08
2.17893e+08
3.436568e+08
7.376809e+08
1.512238e+08
1.700132e+08
2.211185e+08
3.482133e+08
7.455163e+08
1.713105e+08
2.227079e+08
3.504227e+08
7.490032e+08
0
0
0
0
0
0
0
0
0
0
0
0
0
0
0
0
0
0
0
0
0
0
0
0
0
0
0
0
0
0
0
0
0
0
0
0
0
0
0
0
0
0
0
0
0
0
0
0
0
0
0
0
0
0
0
0
0
0
0
0
0
0
0
0
0
0
0
0
0
0
0
0
0
0
0
0
0
0
0
0
0
0
0
0
0
0
1.212892e+08
0
0
0
0
0
0
0
0
1.200063e+08
1.355295e+08
0
0
0
0
0
0
0
1.200875e+08
1.355608e+08
1.776041e+08
0
0
0
0
0
0
1.215008e+08
1.371288e+08
1.795599e+08
2.858242e+08
0
0
0
0
0
1.243015e+08
1.402478e+08
1.835679e+08
2.920044e+08
6.356804e+08
0
0
0
0
1.285206e+08
1.449558e+08
1.896199e+08
3.013624e+08
6.552579e+08
0
0
0
1.340074e+08
1.510482e+08
1.973881e+08
3.132485e+08
6.795189e+08
0
0
1.400412e+08
1.577063e+08
2.057952e+08
3.25857e+08
7.042374e+08
0
1.452207e+08
1.634059e+08
2.129133e+08
3.363507e+08
7.240305e+08
1.489754e+08
1.675424e+08
2.180474e+08
3.437627e+08
7.374249e+08
1.701438e+08
2.212657e+08
3.483466e+08
7.453059e+08
2.228426e+08
3.505465e+08
7.487918e+08
0
0
0
0
0
0
0
0
0
0
0
0
0
0
0
0
0
0
0
0
0
0
0
0
0
0
0
0
0
0
0
0
0
0
0
0
0
0
0
0
0
0
0
0
0
0
0
0
0
0
0
0
0
0
0
0
0
0
0
0
0
0
0
0
0
0
0
0
0
0
0
0
0
0
0
0
0
0
1.239666e+08
0
0
0
0
0
0
0
0
1.213294e+08
1.370143e+08
0
0
0
0
0
0
0
1.200875e+08
1.355607e+08
1.776041e+08
0
0
0
0
0
0
1.201761e+08
1.356408e+08
1.776158e+08
2.827215e+08
0
0
0
0
0
1.216009e+08
1.372183e+08
1.796346e+08
2.857634e+08
6.219187e+08
0
0
0
0
1.243966e+08
1.403497e+08
1.836637e+08
2.920407e+08
6.351946e+08
0
0
0
1.286184e+08
1.450571e+08
1.897209e+08
3.01431e+08
6.549451e+08
0
0
1.341196e+08
1.511551e+08
1.974968e+08
3.133198e+08
6.792154e+08
0
1.401643e+08
1.578297e+08
2.059128e+08
3.259408e+08
7.039829e+08
1.453466e+08
1.635419e+08
2.130542e+08
3.364495e+08
7.237727e+08
1.6767e+08
2.181943e+08
3.438898e+08
7.372131e+08
2.213985e+08
3.484711e+08
7.450939e+08
3.506534e+08
7.486077e+08
0
0
0
0
0
0
0
0
0
0
0
0
0
0
0
0
0
0
0
0
0
0
0
0
0
0
0
0
0
0
0
0
0
0
0
0
0
0
0
0
0
0
0
0
0
0
0
0
0
0
0
0
0
0
0
0
0
0
0
0
0
0
0
0
0
0
0
0
0
1.280525e+08
0
0
0
0
0
0
0
0
1.240138e+08
1.400212e+08
0
0
0
0
0
0
0
1.214109e+08
1.370484e+08
1.795447e+08
0
0
0
0
0
0
1.201759e+08
1.356408e+08
1.776158e+08
2.827215e+08
0
0
0
0
0
1.202703e+08
1.357287e+08
1.776901e+08
2.826569e+08
6.149878e+08
0
0
0
0
1.216944e+08
1.373187e+08
1.797197e+08
2.857944e+08
6.214255e+08
0
0
0
1.244885e+08
1.404449e+08
1.837647e+08
2.920946e+08
6.34883e+08
0
0
1.287225e+08
1.451558e+08
1.898205e+08
3.014986e+08
6.546436e+08
0
1.342255e+08
1.512684e+08
1.976045e+08
3.133932e+08
6.789621e+08
1.402862e+08
1.579544e+08
2.060377e+08
3.260309e+08
7.037231e+08
1.636691e+08
2.131944e+08
3.365621e+08
7.235605e+08
2.183238e+08
3.440144e+08
7.369989e+08
3.48576e+08
7.449112e+08
7.483977e+08
0
0
0
0
0
0
0
0
0
0
0
0
0
0
0
0
0
0
0
0
0
0
0
0
0
0
0
0
0
0
0
0
0
0
0
0
0
0
0
0
0
0
0
0
0
0
0
0
0
0
0
0
0
0
0
0
0
0
0
1.333825e+08
0
0
0
0
0
0
0
0
1.28111e+08
1.445937e+08
0
0
0
0
0
0
0
1.241004e+08
1.400627e+08
1.834641e+08
0
0
0
0
0
0
1.215004e+08
1.371289e+08
1.795597e+08
2.85824e+08
0
0
0
0
0
1.202702e+08
1.357286e+08
1.776901e+08
2.826568e+08
6.149875e+08
0
0
0
0
1.203643e+08
1.358233e+08
1.777731e+08
2.826874e+08
6.144921e+08
0
0
0
1.217823e+08
1.374123e+08
1.798191e+08
2.858372e+08
6.211159e+08
0
0
1.245864e+08
1.405375e+08
1.838577e+08
2.921632e+08
6.345795e+08
0
1.288186e+08
1.452606e+08
1.899195e+08
3.015626e+08
6.543943e+08
1.343369e+08
1.513755e+08
1.977184e+08
3.134734e+08
6.787007e+08
1.580774e+08
2.061657e+08
3.261263e+08
7.035109e+08
2.133236e+08
3.3668e+08
7.233409e+08
3.441158e+08
7.368183e+08
7.447002e+08
0
0
0
0
0
0
0
0
0
0
0
0
0
0
0
0
0
0
0
0
0
0
0
0
0
0
0
0
0
0
0
0
0
0
0
0
0
0
0
0
0
0
0
0
0
0
0
0
0
1.392277e+08
0
0
0
0
0
0
0
0
1.334568e+08
1.505317e+08
0
0
0
0
0
0
0
1.282057e+08
1.446473e+08
1.893835e+08
0
0
0
0
0
0
1.241995e+08
1.401485e+08
1.834875e+08
2.920548e+08
0
0
0
0
0
1.216005e+08
1.372179e+08
1.796346e+08
2.857631e+08
6.219181e+08
0
0
0
0
1.203642e+08
1.358231e+08
1.77773e+08
2.826874e+08
6.144919e+08
0
0
0
1.204514e+08
1.359173e+08
1.778667e+08
2.827277e+08
6.14184e+08
0
0
1.218761e+08
1.375007e+08
1.799104e+08
2.859045e+08
6.208114e+08
0
1.246767e+08
1.40636e+08
1.839502e+08
2.922205e+08
6.343358e+08
1.289153e+08
1.453578e+08
1.900242e+08
3.01634e+08
6.541321e+08
1.514877e+08
1.978275e+08
3.135573e+08
6.784891e+08
2.062903e+08
3.262316e+08
7.032853e+08
3.367813e+08
7.231602e+08
7.366058e+08
0
0
0
0
0
0
0
0
0
0
0
0
0
0
0
0
0
0
0
0
0
0
0
0
0
0
0
0
0
0
0
0
0
0
0
0
0
0
0
1.442013e+08
0
0
0
0
0
0
0
0
1.393241e+08
1.570138e+08
0
0
0
0
0
0
0
1.335688e+08
1.50602e+08
1.970018e+08
0
0
0
0
0
0
1.283173e+08
1.447414e+08
1.894207e+08
3.013512e+08
0
0
0
0
0
1.243009e+08
1.402472e+08
1.83568e+08
2.920039e+08
6.356795e+08
0
0
0
0
1.216942e+08
1.373182e+08
1.797192e+08
2.857944e+08
6.214248e+08
0
0
0
1.204514e+08
1.359172e+08
1.778665e+08
2.827275e+08
6.141839e+08
0
0
1.205434e+08
1.360049e+08
1.779585e+08
2.827894e+08
6.138787e+08
0
1.219625e+08
1.375949e+08
1.799985e+08
2.859604e+08
6.205706e+08
1.247634e+08
1.407272e+08
1.840481e+08
2.922855e+08
6.340739e+08
1.454549e+08
1.901226e+08
3.017084e+08
6.539216e+08
1.979402e+08
3.136427e+08
6.782605e+08
3.263282e+08
7.031028e+08
7.229478e+08
0
0
0
0
0
0
0
0
0
0
0
0
0
0
0
0
0
0
0
0
0
0
0
0
0
0
0
0
0
1.477737e+08
0
0
0
0
0
0
0
0
1.443227e+08
1.625156e+08
0
0
0
0
0
0
0
1.394526e+08
1.571073e+08
2.052348e+08
0
0
0
0
0
0
1.33686e+08
1.507139e+08
1.970581e+08
3.1312e+08
0
0
0
0
0
1.284189e+08
1.448529e+08
1.895102e+08
3.013165e+08
6.557303e+08
0
0
0
0
1.243962e+08
1.40349e+08
1.83663e+08
2.920407e+08
6.351936e+08
0
0
0
1.217822e+08
1.37412e+08
1.798185e+08
2.858365e+08
6.211156e+08
0
0
1.205434e+08
1.360049e+08
1.779584e+08
2.827891e+08
6.138784e+08
0
1.206287e+08
1.360973e+08
1.780456e+08
2.828461e+08
6.136387e+08
1.220447e+08
1.376822e+08
1.800918e+08
2.860211e+08
6.203106e+08
1.40814e+08
1.8414e+08
2.923527e+08
6.338648e+08
1.902189e+08
3.017829e+08
6.536917e+08
3.137265e+08
6.780749e+08
7.028888e+08
0
0
0
0
0
0
0
0
0
0
0
0
0
0
0
0
0
0
0
1.499888e+08
0
0
0
0
0
0
0
0
1.479091e+08
1.664579e+08
0
0
0
0
0
0
0
1.444533e+08
1.626352e+08
2.121702e+08
0
0
0
0
0
0
1.39571e+08
1.572361e+08
2.053174e+08
3.255976e+08
0
0
0
0
0
1.337916e+08
1.508313e+08
1.971668e+08
3.131079e+08
6.802831e+08
0
0
0
0
1.285201e+08
1.449549e+08
1.89619e+08
3.013624e+08
6.552566e+08
0
0
0
1.244883e+08
1.404446e+08
1.837639e+08
2.920936e+08
6.348825e+08
0
0
1.21876e+08
1.375006e+08
1.799102e+08
2.859037e+08
6.208105e+08
0
1.206288e+08
1.360973e+08
1.780456e+08
2.82846e+08
6.136384e+08
1.207105e+08
1.361833e+08
1.781369e+08
2.829058e+08
6.133807e+08
1.377644e+08
1.801796e+08
2.860836e+08
6.20103e+08
1.842253e+08
2.924209e+08
6.336345e+08
3.018491e+08
6.535062e+08
6.778564e+08
0
0
0
0
0
0
0
0
0
1.510354e+08
0
0
0
0
0
0
0
0
1.501281e+08
1.688972e+08
0
0
0
0
0
0
0
1.480405e+08
1.665923e+08
2.171068e+08
0
0
0
0
0
0
1.445786e+08
1.627663e+08
2.122822e+08
3.359468e+08
0
0
0
0
0
1.396852e+08
1.573549e+08
2.054444e+08
3.256163e+08
7.052828e+08
0
0
0
0
1.339011e+08
1.509374e+08
1.972818e+08
3.13174e+08
6.798272e+08
0
0
0
1.286182e+08
1.450566e+08
1.897199e+08
3.014298e+08
6.549445e+08
0
0
1.245863e+08
1.405373e+08
1.838573e+08
2.921621e+08
6.345782e+08
0
1.219625e+08
1.375949e+08
1.799984e+08
2.8596e+08
6.205696e+08
1.207106e+08
1.361833e+08
1.781369e+08
2.829057e+08
6.133805e+08
1.36265e+08
1.782234e+08
2.829663e+08
6.131739e+08
1.802597e+08
2.861478e+08
6.198728e+08
2.924752e+08
6.334505e+08
6.532823e+08
0
0
0
0
0
0
0
0
1.511761e+08
1.700478e+08
0
0
0
0
0
0
0
1.502631e+08
1.690358e+08
2.201442e+08
0
0
0
0
0
0
1.481715e+08
1.667243e+08
2.172354e+08
3.432142e+08
0
0
0
0
0
1.447006e+08
1.628921e+08
2.124114e+08
3.359997e+08
7.253093e+08
0
0
0
0
1.398038e+08
1.574699e+08
2.055607e+08
3.257015e+08
7.048505e+08
0
0
0
1.340071e+08
1.510477e+08
1.973869e+08
3.132474e+08
6.795182e+08
0
0
1.287223e+08
1.451555e+08
1.898199e+08
3.014973e+08
6.54642e+08
0
1.246767e+08
1.406359e+08
1.8395e+08
2.922199e+08
6.343343e+08
1.220449e+08
1.376822e+08
1.800917e+08
2.860208e+08
6.203099e+08
1.36265e+08
1.782234e+08
2.829662e+08
6.131738e+08
1.783028e+08
2.830291e+08
6.129438e+08
2.861968e+08
6.196903e+08
6.332239e+08
0
0
0
0
0
0
0
1.513131e+08
1.70188e+08
2.215709e+08
0
0
0
0
0
0
1.503976e+08
1.691715e+08
2.202777e+08
3.476353e+08
0
0
0
0
0
1.482991e+08
1.66856e+08
2.173655e+08
3.432866e+08
7.389464e+08
0
0
0
0
1.448268e+08
1.630152e+08
2.125352e+08
3.360862e+08
7.249012e+08
0
0
0
1.399188e+08
1.575895e+08
2.056752e+08
3.257752e+08
7.04544e+08
0
0
1.341195e+08
1.511548e+08
1.974962e+08
3.133183e+08
6.792136e+08
0
1.288186e+08
1.452605e+08
1.899192e+08
3.015618e+08
6.543925e+08
1.247636e+08
1.407272e+08
1.840479e+08
2.922851e+08
6.340728e+08
1.377645e+08
1.801796e+08
2.860834e+08
6.201025e+08
1.783028e+08
2.830291e+08
6.129437e+08
2.830772e+08
6.127621e+08
6.19463e+08
0
0
0
0
0
0
1.514492e+08
1.703257e+08
2.217063e+08
3.496949e+08
0
0
0
0
0
1.505287e+08
1.693069e+08
2.204118e+08
3.477139e+08
7.4703e+08
0
0
0
0
1.484308e+08
1.669849e+08
2.174956e+08
3.433732e+08
7.385538e+08
0
0
0
1.449498e+08
1.631427e+08
2.126583e+08
3.361675e+08
7.24591e+08
0
0
1.40041e+08
1.577059e+08
2.057945e+08
3.258553e+08
7.042355e+08
0
1.342254e+08
1.512682e+08
1.976042e+08
3.133923e+08
6.7896e+08
1.289155e+08
1.453578e+08
1.90024e+08
3.016335e+08
6.541308e+08
1.408143e+08
1.8414e+08
2.923524e+08
6.33864e+08
1.802599e+08
2.861477e+08
6.198724e+08
2.830773e+08
6.12762e+08
6.125347e+08
0
0
0
0
0
1.51582e+08
1.704628e+08
2.218425e+08
3.497758e+08
7.507234e+08
0
0
0
0
1.506638e+08
1.694395e+08
2.205458e+08
3.478044e+08
7.466443e+08
0
0
0
1.485601e+08
1.67118e+08
2.17625e+08
3.434611e+08
7.382403e+08
0
0
1.450862e+08
1.632672e+08
2.127861e+08
3.362563e+08
7.242832e+08
0
1.401641e+08
1.578295e+08
2.059124e+08
3.259398e+08
7.039805e+08
1.34337e+08
1.513755e+08
1.977182e+08
3.134728e+08
6.786991e+08
1.454551e+08
1.901226e+08
3.017081e+08
6.539206e+08
1.842255e+08
2.924209e+08
6.336339e+08
2.86197e+08
6.1969e+08
6.125347e+08
0
0
0
0
1.517187e+08
1.70597e+08
2.219784e+08
3.498684e+08
7.503405e+08
0
0
0
1.507998e+08
1.69576e+08
2.20679e+08
3.478963e+08
7.463304e+08
0
0
1.487087e+08
1.672491e+08
2.177588e+08
3.43556e+08
7.37934e+08
0
1.452205e+08
1.634054e+08
2.129127e+08
3.363496e+08
7.240279e+08
1.402864e+08
1.579543e+08
2.060374e+08
3.260302e+08
7.037213e+08
1.514878e+08
1.978274e+08
3.135569e+08
6.784878e+08
1.902191e+08
3.017829e+08
6.536909e+08
2.924755e+08
6.334501e+08
6.19463e+08
0
0
0
1.518585e+08
1.707352e+08
2.221133e+08
3.499621e+08
7.500265e+08
0
0
1.509537e+08
1.697139e+08
2.208166e+08
3.479949e+08
7.460248e+08
0
1.488492e+08
1.673996e+08
2.178924e+08
3.436555e+08
7.376783e+08
1.45347e+08
1.635417e+08
2.130537e+08
3.364487e+08
7.237708e+08
1.580776e+08
2.061655e+08
3.261258e+08
7.035095e+08
1.979404e+08
3.136425e+08
6.782595e+08
3.018492e+08
6.535057e+08
6.332238e+08
0
0
1.520144e+08
1.70877e+08
2.222527e+08
3.500625e+08
7.497211e+08
0
1.510948e+08
1.6987e+08
2.209575e+08
3.480983e+08
7.457686e+08
1.489757e+08
1.675423e+08
2.180468e+08
3.437617e+08
7.374228e+08
1.636695e+08
2.131941e+08
3.365614e+08
7.235589e+08
2.062905e+08
3.262312e+08
7.032841e+08
3.137267e+08
6.780742e+08
6.532822e+08
0
1.521552e+08
1.710351e+08
2.223978e+08
3.501677e+08
7.494645e+08
1.512241e+08
1.700132e+08
2.211179e+08
3.482122e+08
7.455141e+08
1.676703e+08
2.181941e+08
3.438889e+08
7.372114e+08
2.133239e+08
3.366796e+08
7.233396e+08
3.263283e+08
7.03102e+08
6.778562e+08
1.522863e+08
1.711782e+08
2.225603e+08
3.502858e+08
7.492105e+08
1.701442e+08
2.212657e+08
3.483457e+08
7.453041e+08
2.183241e+08
3.440141e+08
7.369974e+08
3.367817e+08
7.231593e+08
7.028885e+08
1.713109e+08
2.227079e+08
3.504217e+08
7.490013e+08
2.213989e+08
3.484709e+08
7.450924e+08
3.441161e+08
7.368173e+08
7.229475e+08
2.22843e+08
3.505463e+08
7.487903e+08
3.485763e+08
7.449103e+08
7.366055e+08
3.506537e+08
7.486068e+08
7.446999e+08
7.483973e+08
)
;

boundaryField
{
    interconnect0
    {
        type            zeroGradient;
    }
    interconnectSides
    {
        type            zeroGradient;
    }
    cathodeSides
    {
        type            zeroGradient;
    }
    phiEC_to_phiE0
    {
        type            zeroGradient;
    }
    procBoundary1to0
    {
        type            processor;
        value           uniform 0;
    }
    procBoundary1to2
    {
        type            processor;
        value           uniform 0;
    }
}
)

// processor2

21452
(dimensions      [0 -3 0 0 0 1 0];

internalField   nonuniform List<scalar> 
5000
(
0
0
0
0
0
0
0
0
0
0
0
0
0
0
0
0
0
0
0
0
0
0
0
0
0
0
0
0
0
0
0
0
0
0
0
0
0
0
0
0
0
0
0
0
0
0
0
0
0
0
0
0
0
0
0
0
0
0
0
0
0
0
0
0
0
0
0
0
0
0
0
0
0
0
0
0
0
0
0
0
0
0
0
0
0
0
0
0
0
0
0
0
0
0
0
0
0
0
0
0
0
0
0
0
0
0
0
0
0
0
0
0
0
0
0
0
0
0
0
0
0
0
0
0
0
0
0
0
0
0
0
0
0
0
0
0
0
0
0
0
0
0
0
0
0
0
0
0
0
0
0
0
0
0
0
0
0
0
0
0
0
0
0
0
0
0
0
0
0
0
0
0
0
0
0
0
0
0
0
0
0
0
0
0
0
0
0
0
0
0
0
0
0
0
0
0
0
0
0
0
0
0
0
0
0
0
0
0
0
0
0
0
0
0
0
0
0
0
0
0
0
0
0
0
0
0
0
0
0
0
0
0
0
0
0
0
0
0
0
0
0
0
0
0
0
0
0
0
0
0
0
0
0
0
0
0
0
0
0
0
0
0
0
0
0
0
0
0
0
0
0
0
0
0
0
0
0
0
0
0
0
0
0
0
0
0
0
0
0
0
0
0
0
0
0
0
0
0
0
0
0
0
0
0
0
0
0
0
0
0
0
0
0
0
0
0
0
0
0
0
0
0
0
0
0
0
0
0
0
0
0
0
0
0
0
0
0
0
0
0
0
0
0
0
0
0
0
0
0
0
0
0
0
0
0
0
0
0
0
0
0
0
0
0
0
0
0
0
0
0
0
0
0
0
0
0
0
0
0
0
0
0
0
0
0
0
0
0
0
0
0
0
0
0
0
0
0
0
0
0
0
0
0
0
0
0
0
0
0
0
0
0
0
0
0
0
0
0
0
0
0
0
0
0
0
0
0
0
0
0
0
0
0
0
0
0
0
0
0
0
0
0
0
0
0
0
0
0
0
0
0
0
0
0
0
0
0
0
0
0
0
0
0
0
0
0
0
0
0
0
0
0
0
0
0
0
0
0
0
0
0
0
0
0
0
0
0
0
0
0
0
0
0
0
0
0
0
0
0
0
0
0
0
0
0
0
0
0
0
0
0
0
0
0
0
0
0
0
0
0
0
0
0
0
0
0
0
0
0
0
0
0
0
0
0
0
0
0
0
0
0
0
0
0
0
0
0
0
0
0
0
0
0
0
0
0
0
0
0
0
0
0
0
0
0
0
0
0
0
0
0
0
0
0
0
0
0
0
0
0
0
0
0
0
0
0
0
0
0
0
0
0
0
0
0
0
0
0
0
0
0
0
0
0
0
0
0
0
0
0
0
0
0
0
0
0
0
0
0
0
0
0
0
0
0
0
0
0
0
0
0
0
0
0
0
0
0
0
0
0
0
0
0
0
0
0
0
0
0
0
0
0
0
0
0
0
0
0
0
0
0
0
0
0
0
0
0
0
0
0
0
0
0
0
0
0
0
0
0
0
0
0
0
0
0
0
0
0
0
0
0
0
0
0
0
0
0
0
0
0
0
0
0
0
0
0
0
0
0
0
0
0
0
0
0
0
0
0
0
0
0
0
0
0
0
0
0
0
0
0
0
0
0
0
0
0
0
0
0
0
0
0
0
0
0
0
0
0
0
0
0
0
0
0
0
0
0
0
0
0
0
0
0
0
0
0
0
0
0
0
0
0
0
0
0
0
0
0
0
0
0
0
0
0
0
0
0
0
0
0
0
0
0
0
0
0
0
0
0
0
0
0
0
0
0
0
0
0
0
0
0
0
0
0
0
0
0
0
0
0
0
0
0
0
0
0
0
0
0
0
0
0
0
0
0
0
0
0
0
0
0
0
0
0
0
0
0
0
0
0
0
0
0
0
0
0
0
0
0
0
0
0
0
0
0
0
0
0
0
0
0
0
0
0
0
0
0
0
0
0
0
0
0
0
0
0
0
0
0
0
0
0
0
0
0
0
0
0
0
0
0
0
0
0
0
0
0
0
0
0
0
0
0
0
0
0
0
0
0
0
0
0
0
0
0
0
0
0
0
0
0
0
0
0
0
0
0
0
0
0
0
0
0
0
0
0
0
0
0
0
0
0
0
0
0
0
0
0
0
0
0
0
0
0
0
0
0
0
0
0
0
0
0
0
0
0
0
0
0
0
0
0
0
0
0
0
0
0
0
0
0
0
0
0
0
0
0
0
0
0
0
0
0
0
0
0
0
0
0
0
0
0
0
0
0
0
0
0
0
0
0
0
0
0
0
0
0
0
0
0
0
0
0
0
0
0
0
0
0
0
0
0
0
0
0
0
0
0
0
0
0
0
0
0
0
0
0
0
0
0
0
0
0
0
0
0
0
0
0
0
0
0
0
0
0
0
0
0
0
0
0
0
0
0
0
0
0
0
0
0
0
0
0
0
0
0
0
0
0
0
0
0
0
0
0
0
0
0
0
0
0
0
0
0
0
0
0
0
0
0
0
0
0
0
0
0
0
0
0
0
0
0
0
0
0
0
0
0
0
0
0
0
0
0
0
0
0
0
0
0
0
0
0
0
0
0
0
0
0
0
0
0
0
0
0
0
0
0
0
0
0
0
0
0
0
0
0
0
0
0
0
0
0
0
0
0
0
0
0
0
0
0
0
0
0
0
0
0
0
0
0
0
0
0
0
0
0
0
0
0
0
0
0
0
0
0
0
0
0
0
0
0
0
0
0
0
0
0
0
0
0
0
0
0
0
0
0
0
0
0
0
0
0
0
0
0
0
0
0
0
0
0
0
0
0
0
0
0
0
0
0
0
0
0
0
0
0
0
0
0
0
0
0
0
0
0
0
0
0
0
0
0
0
0
0
0
0
0
0
0
0
0
0
0
0
0
0
0
0
0
0
0
0
0
0
0
0
0
0
0
0
0
0
0
0
0
0
0
0
0
0
0
0
0
0
0
0
0
0
0
0
0
0
0
0
0
0
0
0
0
0
0
0
0
0
0
0
0
0
0
0
0
0
0
0
0
0
0
0
0
0
0
0
0
0
0
0
0
0
0
0
0
0
0
0
0
0
0
0
0
0
0
0
0
0
0
0
0
0
0
0
0
0
0
0
0
0
0
0
0
0
0
0
0
0
0
0
0
0
0
0
0
0
0
0
0
0
0
0
0
0
0
0
0
0
0
0
0
0
0
0
0
0
0
0
0
0
0
0
0
0
0
0
0
0
0
0
0
0
0
0
0
0
0
0
0
0
0
0
0
0
0
0
0
0
0
0
0
0
0
0
0
0
0
0
0
0
0
0
0
0
0
0
0
0
0
0
0
0
0
0
0
0
0
0
0
0
0
0
0
0
0
0
0
0
0
0
0
0
0
0
0
0
0
0
0
0
0
0
0
0
0
0
0
0
0
0
0
0
0
0
0
0
0
0
0
0
0
0
0
0
0
0
0
0
0
0
0
0
0
0
0
0
0
0
0
0
0
0
0
0
0
0
0
0
0
0
0
0
0
0
0
0
0
0
0
0
0
0
0
0
0
0
0
0
0
0
0
0
0
0
0
0
0
0
0
0
0
0
0
0
0
0
0
0
0
0
0
0
0
0
0
0
0
0
0
0
0
0
0
0
0
0
0
0
0
0
0
0
0
0
0
0
0
0
0
0
0
0
0
0
0
0
0
0
0
0
0
0
0
0
0
0
0
0
0
0
0
0
0
0
0
0
0
0
0
0
0
0
0
0
0
0
0
0
0
0
0
0
0
0
0
0
0
0
0
0
0
0
0
0
0
0
0
0
0
0
0
0
0
0
0
0
0
0
0
0
0
0
0
0
0
0
0
0
0
0
0
0
0
0
0
0
0
0
0
0
0
0
0
0
0
0
0
0
0
0
0
0
0
0
0
0
0
0
0
0
0
0
0
0
0
0
0
0
1.524139e+08
0
0
0
0
0
0
0
0
0
0
0
0
0
0
0
0
0
0
0
0
0
0
0
0
0
0
0
0
0
0
0
0
0
0
0
0
0
0
0
0
0
0
0
0
0
0
0
0
0
0
0
0
0
0
0
0
0
0
0
0
0
0
0
0
0
0
0
0
0
0
0
0
0
0
0
0
0
0
0
0
0
0
0
0
0
0
0
0
0
0
0
0
0
0
0
0
0
0
0
0
0
0
0
0
0
0
0
0
0
0
0
0
0
0
0
0
0
1.513495e+08
0
0
0
0
0
0
0
0
1.525547e+08
1.714404e+08
0
0
0
0
0
0
0
0
0
0
0
0
0
0
0
0
0
0
0
0
0
0
0
0
0
0
0
0
0
0
0
0
0
0
0
0
0
0
0
0
0
0
0
0
0
0
0
0
0
0
0
0
0
0
0
0
0
0
0
0
0
0
0
0
0
0
0
0
0
0
0
0
0
0
0
0
0
0
0
0
0
0
0
0
0
0
0
0
0
0
0
0
0
0
0
0
0
0
0
0
0
0
0
0
0
0
0
0
0
0
0
0
0
0
0
1.490961e+08
0
0
0
0
0
0
0
0
1.514885e+08
1.702713e+08
0
0
0
0
0
0
0
1.527e+08
1.715834e+08
2.229762e+08
0
0
0
0
0
0
0
0
0
0
0
0
0
0
0
0
0
0
0
0
0
0
0
0
0
0
0
0
0
0
0
0
0
0
0
0
0
0
0
0
0
0
0
0
0
0
0
0
0
0
0
0
0
0
0
0
0
0
0
0
0
0
0
0
0
0
0
0
0
0
0
0
0
0
0
0
0
0
0
0
0
0
0
0
0
0
0
0
0
0
0
0
0
0
0
0
0
0
0
0
0
0
0
0
0
0
0
0
0
0
0
0
0
0
1.4546e+08
0
0
0
0
0
0
0
0
1.492315e+08
1.677923e+08
0
0
0
0
0
0
0
1.51631e+08
1.704125e+08
2.215294e+08
0
0
0
0
0
0
1.528615e+08
1.717314e+08
2.231237e+08
3.50765e+08
0
0
0
0
0
0
0
0
0
0
0
0
0
0
0
0
0
0
0
0
0
0
0
0
0
0
0
0
0
0
0
0
0
0
0
0
0
0
0
0
0
0
0
0
0
0
0
0
0
0
0
0
0
0
0
0
0
0
0
0
0
0
0
0
0
0
0
0
0
0
0
0
0
0
0
0
0
0
0
0
0
0
0
0
0
0
0
0
0
0
0
0
0
0
0
0
0
0
0
0
0
0
0
0
0
0
0
0
0
0
0
0
0
0
1.403929e+08
0
0
0
0
0
0
0
0
1.455896e+08
1.637837e+08
0
0
0
0
0
0
0
1.493694e+08
1.679297e+08
2.184489e+08
0
0
0
0
0
0
1.517895e+08
1.705576e+08
2.21675e+08
3.486846e+08
0
0
0
0
0
1.530252e+08
1.718956e+08
2.232785e+08
3.508901e+08
7.482247e+08
0
0
0
0
0
0
0
0
0
0
0
0
0
0
0
0
0
0
0
0
0
0
0
0
0
0
0
0
0
0
0
0
0
0
0
0
0
0
0
0
0
0
0
0
0
0
0
0
0
0
0
0
0
0
0
0
0
0
0
0
0
0
0
0
0
0
0
0
0
0
0
0
0
0
0
0
0
0
0
0
0
0
0
0
0
0
0
0
0
0
0
0
0
0
0
0
0
0
0
0
0
0
0
0
0
0
0
0
0
0
0
0
0
1.344361e+08
0
0
0
0
0
0
0
0
1.40515e+08
1.581849e+08
0
0
0
0
0
0
0
1.457212e+08
1.639151e+08
2.134402e+08
0
0
0
0
0
0
1.495206e+08
1.680701e+08
2.185904e+08
3.44218e+08
0
0
0
0
0
1.519508e+08
1.707188e+08
2.218267e+08
3.488076e+08
7.445257e+08
0
0
0
0
1.531919e+08
1.720627e+08
2.234502e+08
3.510295e+08
7.48046e+08
0
0
0
0
0
0
0
0
0
0
0
0
0
0
0
0
0
0
0
0
0
0
0
0
0
0
0
0
0
0
0
0
0
0
0
0
0
0
0
0
0
0
0
0
0
0
0
0
0
0
0
0
0
0
0
0
0
0
0
0
0
0
0
0
0
0
0
0
0
0
0
0
0
0
0
0
0
0
0
0
0
0
0
0
0
0
0
0
0
0
0
0
0
0
0
0
0
0
0
0
0
0
0
0
0
0
0
0
0
0
0
1.290034e+08
0
0
0
0
0
0
0
0
1.345528e+08
1.515873e+08
0
0
0
0
0
0
0
1.406381e+08
1.583086e+08
2.06399e+08
0
0
0
0
0
0
1.458614e+08
1.64049e+08
2.135751e+08
3.36874e+08
0
0
0
0
0
1.49677e+08
1.682238e+08
2.18737e+08
3.443365e+08
7.364277e+08
0
0
0
0
1.521152e+08
1.708834e+08
2.21995e+08
3.489437e+08
7.443458e+08
0
0
0
1.533607e+08
1.722324e+08
2.236268e+08
3.511839e+08
7.4791e+08
0
0
0
0
0
0
0
0
0
0
0
0
0
0
0
0
0
0
0
0
0
0
0
0
0
0
0
0
0
0
0
0
0
0
0
0
0
0
0
0
0
0
0
0
0
0
0
0
0
0
0
0
0
0
0
0
0
0
0
0
0
0
0
0
0
0
0
0
0
0
0
0
0
0
0
0
0
0
0
0
0
0
0
0
0
0
0
0
0
0
0
0
0
0
0
0
0
0
0
0
0
0
0
0
0
0
0
0
1.24841e+08
0
0
0
0
0
0
0
0
1.291162e+08
1.455428e+08
0
0
0
0
0
0
0
1.346667e+08
1.517052e+08
1.9804e+08
0
0
0
0
0
0
1.407678e+08
1.584337e+08
2.065255e+08
3.264118e+08
0
0
0
0
0
1.460091e+08
1.641915e+08
2.137147e+08
3.369854e+08
7.227639e+08
0
0
0
0
1.498364e+08
1.683832e+08
2.188971e+08
3.444673e+08
7.362454e+08
0
0
0
1.522832e+08
1.710507e+08
2.221689e+08
3.490944e+08
7.44209e+08
0
0
1.535249e+08
1.724048e+08
2.238048e+08
3.5135e+08
7.477597e+08
0
0
0
0
0
0
0
0
0
0
0
0
0
0
0
0
0
0
0
0
0
0
0
0
0
0
0
0
0
0
0
0
0
0
0
0
0
0
0
0
0
0
0
0
0
0
0
0
0
0
0
0
0
0
0
0
0
0
0
0
0
0
0
0
0
0
0
0
0
0
0
0
0
0
0
0
0
0
0
0
0
0
0
0
0
0
0
0
0
0
0
0
0
0
0
0
0
0
0
0
0
0
0
0
1.221132e+08
0
0
0
0
0
0
0
0
1.249475e+08
1.40891e+08
0
0
0
0
0
0
0
1.292249e+08
1.456567e+08
1.903057e+08
0
0
0
0
0
0
1.347864e+08
1.518208e+08
1.981603e+08
3.138001e+08
0
0
0
0
0
1.409006e+08
1.585653e+08
2.066555e+08
3.265141e+08
7.026985e+08
0
0
0
0
1.461607e+08
1.643418e+08
2.138624e+08
3.371087e+08
7.225778e+08
0
0
0
1.500015e+08
1.685454e+08
2.190653e+08
3.446089e+08
7.361068e+08
0
0
1.524454e+08
1.712222e+08
2.223442e+08
3.492577e+08
7.440566e+08
0
1.536861e+08
1.725721e+08
2.239878e+08
3.515127e+08
7.476515e+08
0
0
0
0
0
0
0
0
0
0
0
0
0
0
0
0
0
0
0
0
0
0
0
0
0
0
0
0
0
0
0
0
0
0
0
0
0
0
0
0
0
0
0
0
0
0
0
0
0
0
0
0
0
0
0
0
0
0
0
0
0
0
0
0
0
0
0
0
0
0
0
0
0
0
0
0
0
0
0
0
0
0
0
0
0
0
0
0
0
0
0
0
0
0
0
0
0
0
0
1.207757e+08
0
0
0
0
0
0
0
0
1.222153e+08
1.378319e+08
0
0
0
0
0
0
0
1.250542e+08
1.409984e+08
1.842998e+08
0
0
0
0
0
0
1.29336e+08
1.457669e+08
1.904217e+08
3.019078e+08
0
0
0
0
0
1.349047e+08
1.51942e+08
1.982802e+08
3.138961e+08
6.77659e+08
0
0
0
0
1.410414e+08
1.587004e+08
2.067914e+08
3.266275e+08
7.025083e+08
0
0
0
1.463179e+08
1.64496e+08
2.140208e+08
3.372368e+08
7.224372e+08
0
0
1.501603e+08
1.687138e+08
2.19235e+08
3.447663e+08
7.359498e+08
0
1.526043e+08
1.713874e+08
2.225264e+08
3.494173e+08
7.439475e+08
1.538523e+08
1.727368e+08
2.241636e+08
3.516877e+08
7.475125e+08
0
0
0
0
0
0
0
0
0
0
0
0
0
0
0
0
0
0
0
0
0
0
0
0
0
0
0
0
0
0
0
0
0
0
0
0
0
0
0
0
0
0
0
0
0
0
0
0
0
0
0
0
0
0
0
0
0
0
0
0
0
0
0
0
0
0
0
0
0
0
0
0
0
0
0
0
0
0
0
0
0
0
0
0
0
0
0
0
0
0
0
0
0
1.207757e+08
0
0
0
0
0
0
0
0
1.208745e+08
1.36329e+08
0
0
0
0
0
0
0
1.223184e+08
1.379348e+08
1.803238e+08
0
0
0
0
0
0
1.251605e+08
1.411064e+08
1.844087e+08
2.9252e+08
0
0
0
0
0
1.294449e+08
1.458792e+08
1.905357e+08
3.019996e+08
6.530759e+08
0
0
0
0
1.350303e+08
1.520623e+08
1.984047e+08
3.139989e+08
6.774671e+08
0
0
0
1.411876e+08
1.588432e+08
2.069331e+08
3.267425e+08
7.02365e+08
0
0
1.464706e+08
1.646562e+08
2.141815e+08
3.373835e+08
7.222731e+08
0
1.503148e+08
1.688754e+08
2.194137e+08
3.449195e+08
7.358385e+08
1.527669e+08
1.715497e+08
2.226998e+08
3.495915e+08
7.438064e+08
1.72906e+08
2.243384e+08
3.518493e+08
7.474192e+08
0
0
0
0
0
0
0
0
0
0
0
0
0
0
0
0
0
0
0
0
0
0
0
0
0
0
0
0
0
0
0
0
0
0
0
0
0
0
0
0
0
0
0
0
0
0
0
0
0
0
0
0
0
0
0
0
0
0
0
0
0
0
0
0
0
0
0
0
0
0
0
0
0
0
0
0
0
0
0
0
0
0
0
0
0
0
1.221132e+08
0
0
0
0
0
0
0
0
1.208745e+08
1.36329e+08
0
0
0
0
0
0
0
1.209748e+08
1.364286e+08
1.783629e+08
0
0
0
0
0
0
1.224244e+08
1.380391e+08
1.804279e+08
2.862298e+08
0
0
0
0
0
1.252627e+08
1.412138e+08
1.845206e+08
2.926043e+08
6.330091e+08
0
0
0
0
1.295578e+08
1.459898e+08
1.906505e+08
3.020967e+08
6.528839e+08
0
0
0
1.351637e+08
1.521894e+08
1.985303e+08
3.141015e+08
6.773218e+08
0
0
1.413298e+08
1.589921e+08
2.070813e+08
3.268712e+08
7.02194e+08
0
1.466221e+08
1.648114e+08
2.143513e+08
3.375268e+08
7.221576e+08
1.504699e+08
1.690332e+08
2.195832e+08
3.450901e+08
7.356934e+08
1.717151e+08
2.22872e+08
3.497505e+08
7.437129e+08
2.245161e+08
3.520166e+08
7.472896e+08
0
0
0
0
0
0
0
0
0
0
0
0
0
0
0
0
0
0
0
0
0
0
0
0
0
0
0
0
0
0
0
0
0
0
0
0
0
0
0
0
0
0
0
0
0
0
0
0
0
0
0
0
0
0
0
0
0
0
0
0
0
0
0
0
0
0
0
0
0
0
0
0
0
0
0
0
0
0
1.24841e+08
0
0
0
0
0
0
0
0
1.222152e+08
1.378319e+08
0
0
0
0
0
0
0
1.209746e+08
1.364285e+08
1.783629e+08
0
0
0
0
0
0
1.210807e+08
1.3653e+08
1.784633e+08
2.831055e+08
0
0
0
0
0
1.225222e+08
1.38146e+08
1.805356e+08
2.863089e+08
6.192423e+08
0
0
0
0
1.253683e+08
1.413174e+08
1.8463e+08
2.926995e+08
6.328158e+08
0
0
0
1.296772e+08
1.461038e+08
1.907656e+08
3.021889e+08
6.527393e+08
0
0
1.352935e+08
1.52325e+08
1.986613e+08
3.14213e+08
6.771452e+08
0
1.414786e+08
1.591363e+08
2.072386e+08
3.270005e+08
7.020717e+08
1.46767e+08
1.649658e+08
2.145136e+08
3.376876e+08
7.220062e+08
1.69191e+08
2.197504e+08
3.452446e+08
7.355982e+08
2.230456e+08
3.499149e+08
7.435813e+08
3.521804e+08
7.472015e+08
0
0
0
0
0
0
0
0
0
0
0
0
0
0
0
0
0
0
0
0
0
0
0
0
0
0
0
0
0
0
0
0
0
0
0
0
0
0
0
0
0
0
0
0
0
0
0
0
0
0
0
0
0
0
0
0
0
0
0
0
0
0
0
0
0
0
0
0
0
1.290034e+08
0
0
0
0
0
0
0
0
1.249473e+08
1.40891e+08
0
0
0
0
0
0
0
1.223177e+08
1.379347e+08
1.803238e+08
0
0
0
0
0
0
1.210805e+08
1.365298e+08
1.784633e+08
2.831055e+08
0
0
0
0
0
1.211773e+08
1.366367e+08
1.785681e+08
2.831809e+08
6.12311e+08
0
0
0
0
1.226234e+08
1.382451e+08
1.806447e+08
2.864e+08
6.190482e+08
0
0
0
1.25476e+08
1.414238e+08
1.847375e+08
2.927861e+08
6.326734e+08
0
0
1.297959e+08
1.462249e+08
1.908822e+08
3.022892e+08
6.52559e+08
0
1.354342e+08
1.524564e+08
1.988039e+08
3.143233e+08
6.770174e+08
1.416127e+08
1.592878e+08
2.073888e+08
3.271479e+08
7.019121e+08
1.651131e+08
2.146772e+08
3.37834e+08
7.219065e+08
2.199155e+08
3.454036e+08
7.35463e+08
3.50074e+08
7.434918e+08
7.470736e+08
0
0
0
0
0
0
0
0
0
0
0
0
0
0
0
0
0
0
0
0
0
0
0
0
0
0
0
0
0
0
0
0
0
0
0
0
0
0
0
0
0
0
0
0
0
0
0
0
0
0
0
0
0
0
0
0
0
0
0
1.344361e+08
0
0
0
0
0
0
0
0
1.291159e+08
1.455428e+08
0
0
0
0
0
0
0
1.250533e+08
1.409982e+08
1.842997e+08
0
0
0
0
0
0
1.22424e+08
1.380383e+08
1.804277e+08
2.862297e+08
0
0
0
0
0
1.211771e+08
1.366365e+08
1.785679e+08
2.831808e+08
6.123109e+08
0
0
0
0
1.212757e+08
1.367345e+08
1.78677e+08
2.832689e+08
6.121163e+08
0
0
0
1.227241e+08
1.383469e+08
1.807473e+08
2.864864e+08
6.18906e+08
0
0
1.255862e+08
1.415329e+08
1.848458e+08
2.928785e+08
6.32492e+08
0
1.299258e+08
1.463448e+08
1.910091e+08
3.023838e+08
6.524286e+08
1.35562e+08
1.525994e+08
1.9894e+08
3.144548e+08
6.768483e+08
1.594239e+08
2.075491e+08
3.272806e+08
7.018065e+08
2.148308e+08
3.379893e+08
7.217652e+08
3.455532e+08
7.353709e+08
7.433611e+08
0
0
0
0
0
0
0
0
0
0
0
0
0
0
0
0
0
0
0
0
0
0
0
0
0
0
0
0
0
0
0
0
0
0
0
0
0
0
0
0
0
0
0
0
0
0
0
0
0
1.40393e+08
0
0
0
0
0
0
0
0
1.345524e+08
1.515872e+08
0
0
0
0
0
0
0
1.292242e+08
1.456564e+08
1.903056e+08
0
0
0
0
0
0
1.251597e+08
1.411054e+08
1.844085e+08
2.925199e+08
0
0
0
0
0
1.225215e+08
1.381455e+08
1.805348e+08
2.863087e+08
6.192421e+08
0
0
0
0
1.212755e+08
1.367343e+08
1.786767e+08
2.832686e+08
6.121161e+08
0
0
0
1.213751e+08
1.368335e+08
1.787782e+08
2.833553e+08
6.11974e+08
0
0
1.228285e+08
1.384489e+08
1.808506e+08
2.865737e+08
6.187258e+08
0
1.257075e+08
1.41644e+08
1.849596e+08
2.92964e+08
6.323606e+08
1.300486e+08
1.464766e+08
1.911324e+08
3.024982e+08
6.522531e+08
1.527287e+08
1.990911e+08
3.145718e+08
6.767366e+08
2.076903e+08
3.274325e+08
7.016565e+08
3.381259e+08
7.216711e+08
7.352342e+08
0
0
0
0
0
0
0
0
0
0
0
0
0
0
0
0
0
0
0
0
0
0
0
0
0
0
0
0
0
0
0
0
0
0
0
0
0
0
0
1.454601e+08
0
0
0
0
0
0
0
0
1.405145e+08
1.58185e+08
0
0
0
0
0
0
0
1.346659e+08
1.517048e+08
1.980399e+08
0
0
0
0
0
0
1.29335e+08
1.457662e+08
1.904213e+08
3.019077e+08
0
0
0
0
0
1.252616e+08
1.412129e+08
1.845194e+08
2.926039e+08
6.330087e+08
0
0
0
0
1.226229e+08
1.382444e+08
1.806441e+08
2.86399e+08
6.190478e+08
0
0
0
1.213752e+08
1.368333e+08
1.787779e+08
2.83355e+08
6.119737e+08
0
0
1.214767e+08
1.369341e+08
1.788783e+08
2.834411e+08
6.117947e+08
0
1.229437e+08
1.385541e+08
1.809567e+08
2.866538e+08
6.185941e+08
1.258236e+08
1.417669e+08
1.850732e+08
2.930644e+08
6.321817e+08
1.466006e+08
1.912713e+08
3.026011e+08
6.521356e+08
1.992247e+08
3.147137e+08
6.765775e+08
3.275552e+08
7.015603e+08
7.215259e+08
0
0
0
0
0
0
0
0
0
0
0
0
0
0
0
0
0
0
0
0
0
0
0
0
0
0
0
0
0
1.490962e+08
0
0
0
0
0
0
0
0
1.455891e+08
1.637838e+08
0
0
0
0
0
0
0
1.406372e+08
1.583081e+08
2.06399e+08
0
0
0
0
0
0
1.347851e+08
1.5182e+08
1.981599e+08
3.138e+08
0
0
0
0
0
1.294434e+08
1.458781e+08
1.905349e+08
3.019991e+08
6.530754e+08
0
0
0
0
1.253675e+08
1.413162e+08
1.84629e+08
2.926982e+08
6.328153e+08
0
0
0
1.227249e+08
1.383464e+08
1.807465e+08
2.864856e+08
6.189052e+08
0
0
1.214766e+08
1.369343e+08
1.788781e+08
2.834408e+08
6.117944e+08
0
1.215865e+08
1.370364e+08
1.789829e+08
2.835178e+08
6.11663e+08
1.230556e+08
1.386706e+08
1.810637e+08
2.867461e+08
6.184136e+08
1.418839e+08
1.852023e+08
2.931564e+08
6.320604e+08
1.91399e+08
3.027298e+08
6.519693e+08
3.148279e+08
6.764772e+08
7.014056e+08
0
0
0
0
0
0
0
0
0
0
0
0
0
0
0
0
0
0
0
1.513495e+08
0
0
0
0
0
0
0
0
1.49231e+08
1.677923e+08
0
0
0
0
0
0
0
1.457202e+08
1.639146e+08
2.134403e+08
0
0
0
0
0
0
1.407663e+08
1.584328e+08
2.065249e+08
3.264118e+08
0
0
0
0
0
1.349028e+08
1.519407e+08
1.982792e+08
3.138955e+08
6.776584e+08
0
0
0
0
1.295568e+08
1.459882e+08
1.906492e+08
3.020956e+08
6.528832e+08
0
0
0
1.254778e+08
1.41423e+08
1.847362e+08
2.927848e+08
6.326722e+08
0
0
1.228282e+08
1.384497e+08
1.8085e+08
2.865728e+08
6.187249e+08
0
1.215853e+08
1.370363e+08
1.78983e+08
2.835175e+08
6.116626e+08
1.216967e+08
1.371475e+08
1.790867e+08
2.836085e+08
6.114817e+08
1.387833e+08
1.811858e+08
2.868308e+08
6.182911e+08
1.853223e+08
2.932745e+08
6.318891e+08
3.028372e+08
6.518642e+08
6.763156e+08
0
0
0
0
0
0
0
0
0
1.52414e+08
0
0
0
0
0
0
0
0
1.514879e+08
1.702713e+08
0
0
0
0
0
0
0
1.493683e+08
1.679291e+08
2.18449e+08
0
0
0
0
0
0
1.458593e+08
1.64048e+08
2.135745e+08
3.36874e+08
0
0
0
0
0
1.408986e+08
1.585638e+08
2.066544e+08
3.265134e+08
7.026978e+08
0
0
0
0
1.35029e+08
1.520604e+08
1.984031e+08
3.139977e+08
6.774662e+08
0
0
0
1.2968e+08
1.461027e+08
1.907637e+08
3.021872e+08
6.527381e+08
0
0
1.255856e+08
1.415348e+08
1.848448e+08
2.928769e+08
6.324905e+08
0
1.229399e+08
1.385538e+08
1.809575e+08
2.86653e+08
6.185931e+08
1.216967e+08
1.371462e+08
1.790866e+08
2.836086e+08
6.114813e+08
1.372584e+08
1.792029e+08
2.836896e+08
6.113591e+08
1.813011e+08
2.869412e+08
6.181164e+08
2.933734e+08
6.317806e+08
6.51698e+08
0
0
0
0
0
0
0
0
1.525541e+08
1.714405e+08
0
0
0
0
0
0
0
1.516297e+08
1.704119e+08
2.215294e+08
0
0
0
0
0
0
1.495181e+08
1.68069e+08
2.185897e+08
3.442179e+08
0
0
0
0
0
1.460069e+08
1.641893e+08
2.137134e+08
3.369846e+08
7.227632e+08
0
0
0
0
1.410398e+08
1.586983e+08
2.067896e+08
3.266261e+08
7.025073e+08
0
0
0
1.351672e+08
1.52188e+08
1.98528e+08
3.140995e+08
6.773205e+08
0
0
1.297947e+08
1.462277e+08
1.908809e+08
3.022869e+08
6.52557e+08
0
1.257019e+08
1.416434e+08
1.849616e+08
2.929627e+08
6.323588e+08
1.230554e+08
1.386668e+08
1.810633e+08
2.86747e+08
6.184124e+08
1.372583e+08
1.792015e+08
2.836894e+08
6.113589e+08
1.793163e+08
2.837937e+08
6.111826e+08
2.870348e+08
6.180053e+08
6.3161e+08
0
0
0
0
0
0
0
1.526986e+08
1.715828e+08
2.229762e+08
0
0
0
0
0
0
1.517868e+08
1.705563e+08
2.216743e+08
3.486845e+08
0
0
0
0
0
1.496747e+08
1.682212e+08
2.187357e+08
3.443356e+08
7.364269e+08
0
0
0
0
1.461591e+08
1.643396e+08
2.138599e+08
3.371072e+08
7.225767e+08
0
0
0
1.411915e+08
1.588415e+08
2.069307e+08
3.267402e+08
7.023635e+08
0
0
1.352917e+08
1.523285e+08
1.986595e+08
3.142102e+08
6.771429e+08
0
1.299191e+08
1.463436e+08
1.910122e+08
3.02382e+08
6.524262e+08
1.258235e+08
1.417612e+08
1.850724e+08
2.930665e+08
6.321798e+08
1.387831e+08
1.811814e+08
2.868302e+08
6.182908e+08
1.793161e+08
2.837919e+08
6.11182e+08
2.83885e+08
6.110695e+08
6.178319e+08
0
0
0
0
0
0
1.528588e+08
1.717299e+08
2.23123e+08
3.507649e+08
0
0
0
0
0
1.519486e+08
1.70716e+08
2.218252e+08
3.488067e+08
7.445249e+08
0
0
0
0
1.498348e+08
1.683809e+08
2.18894e+08
3.444656e+08
7.362442e+08
0
0
0
1.463217e+08
1.644942e+08
2.140182e+08
3.372337e+08
7.224354e+08
0
0
1.413276e+08
1.58996e+08
2.070793e+08
3.268682e+08
7.021914e+08
0
1.354272e+08
1.524545e+08
1.988078e+08
3.14321e+08
6.770146e+08
1.300491e+08
1.464697e+08
1.911309e+08
3.025015e+08
6.522504e+08
1.418838e+08
1.851958e+08
2.931552e+08
6.320606e+08
1.813007e+08
2.86936e+08
6.181145e+08
2.838848e+08
6.110679e+08
6.108952e+08
0
0
0
0
0
1.530229e+08
1.718928e+08
2.232769e+08
3.508892e+08
7.482239e+08
0
0
0
0
1.521136e+08
1.70881e+08
2.219918e+08
3.489418e+08
7.443446e+08
0
0
0
1.500038e+08
1.685437e+08
2.190627e+08
3.446052e+08
7.36105e+08
0
0
1.464682e+08
1.6466e+08
2.141795e+08
3.373803e+08
7.222701e+08
0
1.414751e+08
1.59134e+08
2.072428e+08
3.269978e+08
7.020685e+08
1.355656e+08
1.525922e+08
1.989377e+08
3.144589e+08
6.76845e+08
1.466011e+08
1.912635e+08
3.025988e+08
6.521361e+08
1.853221e+08
2.932668e+08
6.31886e+08
2.870342e+08
6.180009e+08
6.108946e+08
0
0
0
0
1.531903e+08
1.720603e+08
2.23447e+08
3.510274e+08
7.480447e+08
0
0
0
1.522843e+08
1.71049e+08
2.221662e+08
3.490905e+08
7.442069e+08
0
0
1.501581e+08
1.687161e+08
2.19233e+08
3.447629e+08
7.359463e+08
0
1.466214e+08
1.648089e+08
2.143554e+08
3.37524e+08
7.221541e+08
1.416171e+08
1.592841e+08
2.073861e+08
3.271524e+08
7.019083e+08
1.527324e+08
1.990829e+08
3.145687e+08
6.767373e+08
1.913994e+08
3.027204e+08
6.519649e+08
2.933729e+08
6.317742e+08
6.178306e+08
0
0
0
1.533616e+08
1.722307e+08
2.23624e+08
3.5118e+08
7.479079e+08
0
0
1.524433e+08
1.712233e+08
2.223422e+08
3.492543e+08
7.44053e+08
0
1.503146e+08
1.688731e+08
2.194162e+08
3.449167e+08
7.358349e+08
1.467702e+08
1.649651e+08
2.145106e+08
3.37692e+08
7.220021e+08
1.594283e+08
2.075449e+08
3.272769e+08
7.018072e+08
1.992286e+08
3.14704e+08
6.765722e+08
3.028374e+08
6.518564e+08
6.316085e+08
0
0
1.535228e+08
1.724057e+08
2.238028e+08
3.513466e+08
7.477561e+08
0
1.526042e+08
1.713852e+08
2.225275e+08
3.494145e+08
7.439438e+08
1.50472e+08
1.690328e+08
2.195805e+08
3.450926e+08
7.356892e+08
1.651164e+08
2.146761e+08
3.378301e+08
7.21907e+08
2.076951e+08
3.27427e+08
7.016506e+08
3.148319e+08
6.764689e+08
6.516969e+08
0
1.53686e+08
1.725699e+08
2.239887e+08
3.515099e+08
7.476478e+08
1.527682e+08
1.715495e+08
2.226971e+08
3.495924e+08
7.438022e+08
1.691931e+08
2.197497e+08
3.452409e+08
7.355977e+08
2.148343e+08
3.379872e+08
7.217592e+08
3.275602e+08
7.015535e+08
6.763161e+08
1.538534e+08
1.727366e+08
2.241609e+08
3.516884e+08
7.475082e+08
1.717165e+08
2.228714e+08
3.497468e+08
7.437116e+08
2.199179e+08
3.454021e+08
7.35457e+08
3.381296e+08
7.216655e+08
7.014065e+08
1.729071e+08
2.243379e+08
3.518457e+08
7.474178e+08
2.23047e+08
3.499134e+08
7.435754e+08
3.455557e+08
7.353654e+08
7.215264e+08
2.245173e+08
3.520151e+08
7.472837e+08
3.500754e+08
7.434862e+08
7.352341e+08
3.521814e+08
7.471956e+08
7.433604e+08
7.470727e+08
)
;

boundaryField
{
    interconnect0
    {
        type            zeroGradient;
    }
    interconnectSides
    {
        type            zeroGradient;
    }
    cathodeSides
    {
        type            zeroGradient;
    }
    phiEC_to_phiE0
    {
        type            zeroGradient;
    }
    procBoundary2to1
    {
        type            processor;
        value           uniform 0;
    }
    procBoundary2to3
    {
        type            processor;
        value           uniform 0;
    }
}
)

// processor3

21364
(dimensions      [0 -3 0 0 0 1 0];

internalField   nonuniform List<scalar> 
5000
(
0
0
0
0
0
0
0
0
0
0
0
0
0
0
0
0
0
0
0
0
0
0
0
0
0
0
0
0
0
0
0
0
0
0
0
0
0
0
0
0
0
0
0
0
0
0
0
0
0
0
0
0
0
0
0
0
0
0
0
0
0
0
0
0
0
0
0
0
0
0
0
0
0
0
0
0
0
0
0
0
0
0
0
0
0
0
0
0
0
0
0
0
0
0
0
0
0
0
0
0
0
0
0
0
0
0
0
0
0
0
0
0
0
0
0
0
0
0
0
0
0
0
0
0
0
0
0
0
0
0
0
0
0
0
0
0
0
0
0
0
0
0
0
0
0
0
0
0
0
0
0
0
0
0
0
0
0
0
0
0
0
0
0
0
0
0
0
0
0
0
0
0
0
0
0
0
0
0
0
0
0
0
0
0
0
0
0
0
0
0
0
0
0
0
0
0
0
0
0
0
0
0
0
0
0
0
0
0
0
0
0
0
0
0
0
0
0
0
0
0
0
0
0
0
0
0
0
0
0
0
0
0
0
0
0
0
0
0
0
0
0
0
0
0
0
0
0
0
0
0
0
0
0
0
0
0
0
0
0
0
0
0
0
0
0
0
0
0
0
0
0
0
0
0
0
0
0
0
0
0
0
0
0
0
0
0
0
0
0
0
0
0
0
0
0
0
0
0
0
0
0
0
0
0
0
0
0
0
0
0
0
0
0
0
0
0
0
0
0
0
0
0
0
0
0
0
0
0
0
0
0
0
0
0
0
0
0
0
0
0
0
0
0
0
0
0
0
0
0
0
0
0
0
0
0
0
0
0
0
0
0
0
0
0
0
0
0
0
0
0
0
0
0
0
0
0
0
0
0
0
0
0
0
0
0
0
0
0
0
0
0
0
0
0
0
0
0
0
0
0
0
0
0
0
0
0
0
0
0
0
0
0
0
0
0
0
0
0
0
0
0
0
0
0
0
0
0
0
0
0
0
0
0
0
0
0
0
0
0
0
0
0
0
0
0
0
0
0
0
0
0
0
0
0
0
0
0
0
0
0
0
0
0
0
0
0
0
0
0
0
0
0
0
0
0
0
0
0
0
0
0
0
0
0
0
0
0
0
0
0
0
0
0
0
0
0
0
0
0
0
0
0
0
0
0
0
0
0
0
0
0
0
0
0
0
0
0
0
0
0
0
0
0
0
0
0
0
0
0
0
0
0
0
0
0
0
0
0
0
0
0
0
0
0
0
0
0
0
0
0
0
0
0
0
0
0
0
0
0
0
0
0
0
0
0
0
0
0
0
0
0
0
0
0
0
0
0
0
0
0
0
0
0
0
0
0
0
0
0
0
0
0
0
0
0
0
0
0
0
0
0
0
0
0
0
0
0
0
0
0
0
0
0
0
0
0
0
0
0
0
0
0
0
0
0
0
0
0
0
0
0
0
0
0
0
0
0
0
0
0
0
0
0
0
0
0
0
0
0
0
0
0
0
0
0
0
0
0
0
0
0
0
0
0
0
0
0
0
0
0
0
0
0
0
0
0
0
0
0
0
0
0
0
0
0
0
0
0
0
0
0
0
0
0
0
0
0
0
0
0
0
0
0
0
0
0
0
0
0
0
0
0
0
0
0
0
0
0
0
0
0
0
0
0
0
0
0
0
0
0
0
0
0
0
0
0
0
0
0
0
0
0
0
0
0
0
0
0
0
0
0
0
0
0
0
0
0
0
0
0
0
0
0
0
0
0
0
0
0
0
0
0
0
0
0
0
0
0
0
0
0
0
0
0
0
0
0
0
0
0
0
0
0
0
0
0
0
0
0
0
0
0
0
0
0
0
0
0
0
0
0
0
0
0
0
0
0
0
0
0
0
0
0
0
0
0
0
0
0
0
0
0
0
0
0
0
0
0
0
0
0
0
0
0
0
0
0
0
0
0
0
0
0
0
0
0
0
0
0
0
0
0
0
0
0
0
0
0
0
0
0
0
0
0
0
0
0
0
0
0
0
0
0
0
0
0
0
0
0
0
0
0
0
0
0
0
0
0
0
0
0
0
0
0
0
0
0
0
0
0
0
0
0
0
0
0
0
0
0
0
0
0
0
0
0
0
0
0
0
0
0
0
0
0
0
0
0
0
0
0
0
0
0
0
0
0
0
0
0
0
0
0
0
0
0
0
0
0
0
0
0
0
0
0
0
0
0
0
0
0
0
0
0
0
0
0
0
0
0
0
0
0
0
0
0
0
0
0
0
0
0
0
0
0
0
0
0
0
0
0
0
0
0
0
0
0
0
0
0
0
0
0
0
0
0
0
0
0
0
0
0
0
0
0
0
0
0
0
0
0
0
0
0
0
0
0
0
0
0
0
0
0
0
0
0
0
0
0
0
0
0
0
0
0
0
0
0
0
0
0
0
0
0
0
0
0
0
0
0
0
0
0
0
0
0
0
0
0
0
0
0
0
0
0
0
0
0
0
0
0
0
0
0
0
0
0
0
0
0
0
0
0
0
0
0
0
0
0
0
0
0
0
0
0
0
0
0
0
0
0
0
0
0
0
0
0
0
0
0
0
0
0
0
0
0
0
0
0
0
0
0
0
0
0
0
0
0
0
0
0
0
0
0
0
0
0
0
0
0
0
0
0
0
0
0
0
0
0
0
0
0
0
0
0
0
0
0
0
0
0
0
0
0
0
0
0
0
0
0
0
0
0
0
0
0
0
0
0
0
0
0
0
0
0
0
0
0
0
0
0
0
0
0
0
0
0
0
0
0
0
0
0
0
0
0
0
0
0
0
0
0
0
0
0
0
0
0
0
0
0
0
0
0
0
0
0
0
0
0
0
0
0
0
0
0
0
0
0
0
0
0
0
0
0
0
0
0
0
0
0
0
0
0
0
0
0
0
0
0
0
0
0
0
0
0
0
0
0
0
0
0
0
0
0
0
0
0
0
0
0
0
0
0
0
0
0
0
0
0
0
0
0
0
0
0
0
0
0
0
0
0
0
0
0
0
0
0
0
0
0
0
0
0
0
0
0
0
0
0
0
0
0
0
0
0
0
0
0
0
0
0
0
0
0
0
0
0
0
0
0
0
0
0
0
0
0
0
0
0
0
0
0
0
0
0
0
0
0
0
0
0
0
0
0
0
0
0
0
0
0
0
0
0
0
0
0
0
0
0
0
0
0
0
0
0
0
0
0
0
0
0
0
0
0
0
0
0
0
0
0
0
0
0
0
0
0
0
0
0
0
0
0
0
0
0
0
0
0
0
0
0
0
0
0
0
0
0
0
0
0
0
0
0
0
0
0
0
0
0
0
0
0
0
0
0
0
0
0
0
0
0
0
0
0
0
0
0
0
0
0
0
0
0
0
0
0
0
0
0
0
0
0
0
0
0
0
0
0
0
0
0
0
0
0
0
0
0
0
0
0
0
0
0
0
0
0
0
0
0
0
0
0
0
0
0
0
0
0
0
0
0
0
0
0
0
0
0
0
0
0
0
0
0
0
0
0
0
0
0
0
0
0
0
0
0
0
0
0
0
0
0
0
0
0
0
0
0
0
0
0
0
0
0
0
0
0
0
0
0
0
0
0
0
0
0
0
0
0
0
0
0
0
0
0
0
0
0
0
0
0
0
0
0
0
0
0
0
0
0
0
0
0
0
0
0
0
0
0
0
0
0
0
0
0
0
0
0
0
0
0
0
0
0
0
0
0
0
0
0
0
0
0
0
0
0
0
0
0
0
0
0
0
0
0
0
0
0
0
0
0
0
0
0
0
0
0
0
0
0
0
0
0
0
0
0
0
0
0
0
0
0
0
0
0
0
0
0
0
0
0
0
0
0
0
0
0
0
0
0
0
0
0
0
0
0
0
0
0
0
0
0
0
0
0
0
0
0
0
0
0
0
0
0
0
0
0
0
0
0
0
0
0
0
0
0
0
0
0
0
0
0
0
0
0
0
0
0
0
0
0
0
0
0
0
0
1.54009e+08
0
0
0
0
0
0
0
0
0
0
0
0
0
0
0
0
0
0
0
0
0
0
0
0
0
0
0
0
0
0
0
0
0
0
0
0
0
0
0
0
0
0
0
0
0
0
0
0
0
0
0
0
0
0
0
0
0
0
0
0
0
0
0
0
0
0
0
0
0
0
0
0
0
0
0
0
0
0
0
0
0
0
0
0
0
0
0
0
0
0
0
0
0
0
0
0
0
0
0
0
0
0
0
0
0
0
0
0
0
0
0
0
0
0
0
0
0
1.529209e+08
0
0
0
0
0
0
0
0
1.541765e+08
1.730657e+08
0
0
0
0
0
0
0
0
0
0
0
0
0
0
0
0
0
0
0
0
0
0
0
0
0
0
0
0
0
0
0
0
0
0
0
0
0
0
0
0
0
0
0
0
0
0
0
0
0
0
0
0
0
0
0
0
0
0
0
0
0
0
0
0
0
0
0
0
0
0
0
0
0
0
0
0
0
0
0
0
0
0
0
0
0
0
0
0
0
0
0
0
0
0
0
0
0
0
0
0
0
0
0
0
0
0
0
0
0
0
0
0
0
0
0
1.50618e+08
0
0
0
0
0
0
0
0
1.530862e+08
1.71872e+08
0
0
0
0
0
0
0
1.54332e+08
1.73236e+08
2.246849e+08
0
0
0
0
0
0
0
0
0
0
0
0
0
0
0
0
0
0
0
0
0
0
0
0
0
0
0
0
0
0
0
0
0
0
0
0
0
0
0
0
0
0
0
0
0
0
0
0
0
0
0
0
0
0
0
0
0
0
0
0
0
0
0
0
0
0
0
0
0
0
0
0
0
0
0
0
0
0
0
0
0
0
0
0
0
0
0
0
0
0
0
0
0
0
0
0
0
0
0
0
0
0
0
0
0
0
0
0
0
0
0
0
0
0
1.469049e+08
0
0
0
0
0
0
0
0
1.507788e+08
1.693417e+08
0
0
0
0
0
0
0
1.532393e+08
1.720401e+08
2.232112e+08
0
0
0
0
0
0
1.544948e+08
1.733944e+08
2.248634e+08
3.523392e+08
0
0
0
0
0
0
0
0
0
0
0
0
0
0
0
0
0
0
0
0
0
0
0
0
0
0
0
0
0
0
0
0
0
0
0
0
0
0
0
0
0
0
0
0
0
0
0
0
0
0
0
0
0
0
0
0
0
0
0
0
0
0
0
0
0
0
0
0
0
0
0
0
0
0
0
0
0
0
0
0
0
0
0
0
0
0
0
0
0
0
0
0
0
0
0
0
0
0
0
0
0
0
0
0
0
0
0
0
0
0
0
0
0
0
1.417368e+08
0
0
0
0
0
0
0
0
1.470583e+08
1.652533e+08
0
0
0
0
0
0
0
1.50927e+08
1.69505e+08
2.200744e+08
0
0
0
0
0
0
1.534e+08
1.72196e+08
2.233872e+08
3.502295e+08
0
0
0
0
0
1.546469e+08
1.735596e+08
2.250306e+08
3.525022e+08
7.469736e+08
0
0
0
0
0
0
0
0
0
0
0
0
0
0
0
0
0
0
0
0
0
0
0
0
0
0
0
0
0
0
0
0
0
0
0
0
0
0
0
0
0
0
0
0
0
0
0
0
0
0
0
0
0
0
0
0
0
0
0
0
0
0
0
0
0
0
0
0
0
0
0
0
0
0
0
0
0
0
0
0
0
0
0
0
0
0
0
0
0
0
0
0
0
0
0
0
0
0
0
0
0
0
0
0
0
0
0
0
0
0
0
0
0
1.356723e+08
0
0
0
0
0
0
0
0
1.418784e+08
1.595498e+08
0
0
0
0
0
0
0
1.471988e+08
1.654089e+08
2.14978e+08
0
0
0
0
0
0
1.510834e+08
1.696559e+08
2.202452e+08
3.457015e+08
0
0
0
0
0
1.535499e+08
1.723591e+08
2.235518e+08
3.503898e+08
7.432598e+08
0
0
0
0
1.548013e+08
1.737143e+08
2.252027e+08
3.52659e+08
7.468356e+08
0
0
0
0
0
0
0
0
0
0
0
0
0
0
0
0
0
0
0
0
0
0
0
0
0
0
0
0
0
0
0
0
0
0
0
0
0
0
0
0
0
0
0
0
0
0
0
0
0
0
0
0
0
0
0
0
0
0
0
0
0
0
0
0
0
0
0
0
0
0
0
0
0
0
0
0
0
0
0
0
0
0
0
0
0
0
0
0
0
0
0
0
0
0
0
0
0
0
0
0
0
0
0
0
0
0
0
0
0
0
0
1.301499e+08
0
0
0
0
0
0
0
0
1.357979e+08
1.528404e+08
0
0
0
0
0
0
0
1.420086e+08
1.596931e+08
2.078219e+08
0
0
0
0
0
0
1.473484e+08
1.655518e+08
2.151403e+08
3.382613e+08
0
0
0
0
0
1.512285e+08
1.698145e+08
2.204042e+08
3.458558e+08
7.351297e+08
0
0
0
0
1.537017e+08
1.725115e+08
2.237215e+08
3.505438e+08
7.431198e+08
0
0
0
1.549433e+08
1.738704e+08
2.253651e+08
3.528122e+08
7.467322e+08
0
0
0
0
0
0
0
0
0
0
0
0
0
0
0
0
0
0
0
0
0
0
0
0
0
0
0
0
0
0
0
0
0
0
0
0
0
0
0
0
0
0
0
0
0
0
0
0
0
0
0
0
0
0
0
0
0
0
0
0
0
0
0
0
0
0
0
0
0
0
0
0
0
0
0
0
0
0
0
0
0
0
0
0
0
0
0
0
0
0
0
0
0
0
0
0
0
0
0
0
0
0
0
0
0
0
0
0
1.259176e+08
0
0
0
0
0
0
0
0
1.302629e+08
1.467029e+08
0
0
0
0
0
0
0
1.359163e+08
1.529673e+08
1.993406e+08
0
0
0
0
0
0
1.421487e+08
1.598254e+08
2.079705e+08
3.276735e+08
0
0
0
0
0
1.474861e+08
1.657033e+08
2.152906e+08
3.384061e+08
7.214155e+08
0
0
0
0
1.513752e+08
1.69962e+08
2.20569e+08
3.460041e+08
7.349856e+08
0
0
0
1.538424e+08
1.726649e+08
2.238814e+08
3.506944e+08
7.430158e+08
0
0
1.550936e+08
1.74014e+08
2.255254e+08
3.529613e+08
7.465748e+08
0
0
0
0
0
0
0
0
0
0
0
0
0
0
0
0
0
0
0
0
0
0
0
0
0
0
0
0
0
0
0
0
0
0
0
0
0
0
0
0
0
0
0
0
0
0
0
0
0
0
0
0
0
0
0
0
0
0
0
0
0
0
0
0
0
0
0
0
0
0
0
0
0
0
0
0
0
0
0
0
0
0
0
0
0
0
0
0
0
0
0
0
0
0
0
0
0
0
0
0
0
0
0
0
1.23144e+08
0
0
0
0
0
0
0
0
1.260265e+08
1.419787e+08
0
0
0
0
0
0
0
1.303697e+08
1.468169e+08
1.915046e+08
0
0
0
0
0
0
1.360453e+08
1.530873e+08
1.994712e+08
3.14929e+08
0
0
0
0
0
1.422766e+08
1.599671e+08
2.081093e+08
3.278029e+08
7.012877e+08
0
0
0
0
1.476257e+08
1.658431e+08
2.154476e+08
3.385452e+08
7.212648e+08
0
0
0
1.515111e+08
1.701101e+08
2.207236e+08
3.461492e+08
7.3488e+08
0
0
1.539914e+08
1.728072e+08
2.240389e+08
3.50841e+08
7.428566e+08
0
1.551915e+08
1.74165e+08
2.25674e+08
3.530961e+08
7.46454e+08
0
0
0
0
0
0
0
0
0
0
0
0
0
0
0
0
0
0
0
0
0
0
0
0
0
0
0
0
0
0
0
0
0
0
0
0
0
0
0
0
0
0
0
0
0
0
0
0
0
0
0
0
0
0
0
0
0
0
0
0
0
0
0
0
0
0
0
0
0
0
0
0
0
0
0
0
0
0
0
0
0
0
0
0
0
0
0
0
0
0
0
0
0
0
0
0
0
0
0
1.217831e+08
0
0
0
0
0
0
0
0
1.232521e+08
1.388723e+08
0
0
0
0
0
0
0
1.261243e+08
1.420885e+08
1.854196e+08
0
0
0
0
0
0
1.30488e+08
1.469249e+08
1.916211e+08
3.029271e+08
0
0
0
0
0
1.361619e+08
1.532174e+08
1.995966e+08
3.150385e+08
6.761903e+08
0
0
0
0
1.424069e+08
1.600966e+08
2.082554e+08
3.279297e+08
7.011274e+08
0
0
0
1.477538e+08
1.659839e+08
2.155939e+08
3.386815e+08
7.211565e+08
0
0
1.51659e+08
1.702475e+08
2.208753e+08
3.462903e+08
7.34717e+08
0
1.540876e+08
1.729568e+08
2.241861e+08
3.509727e+08
7.427356e+08
1.55253e+08
1.742628e+08
2.258264e+08
3.532249e+08
7.462568e+08
0
0
0
0
0
0
0
0
0
0
0
0
0
0
0
0
0
0
0
0
0
0
0
0
0
0
0
0
0
0
0
0
0
0
0
0
0
0
0
0
0
0
0
0
0
0
0
0
0
0
0
0
0
0
0
0
0
0
0
0
0
0
0
0
0
0
0
0
0
0
0
0
0
0
0
0
0
0
0
0
0
0
0
0
0
0
0
0
0
0
0
0
0
1.217838e+08
0
0
0
0
0
0
0
0
1.218906e+08
1.373453e+08
0
0
0
0
0
0
0
1.233438e+08
1.389812e+08
1.813921e+08
0
0
0
0
0
0
1.262333e+08
1.421872e+08
1.855316e+08
2.934542e+08
0
0
0
0
0
1.305947e+08
1.47044e+08
1.917334e+08
3.030212e+08
6.515679e+08
0
0
0
0
1.362813e+08
1.533353e+08
1.9973e+08
3.151509e+08
6.760197e+08
0
0
0
1.425256e+08
1.602278e+08
2.083907e+08
3.28054e+08
7.010151e+08
0
0
1.478976e+08
1.661133e+08
2.157376e+08
3.388141e+08
7.209875e+08
0
1.517516e+08
1.703958e+08
2.210175e+08
3.464157e+08
7.345953e+08
1.541479e+08
1.730529e+08
2.24337e+08
3.511003e+08
7.425367e+08
1.743196e+08
2.259217e+08
3.533426e+08
7.46098e+08
0
0
0
0
0
0
0
0
0
0
0
0
0
0
0
0
0
0
0
0
0
0
0
0
0
0
0
0
0
0
0
0
0
0
0
0
0
0
0
0
0
0
0
0
0
0
0
0
0
0
0
0
0
0
0
0
0
0
0
0
0
0
0
0
0
0
0
0
0
0
0
0
0
0
0
0
0
0
0
0
0
0
0
0
0
0
1.231459e+08
0
0
0
0
0
0
0
0
1.218913e+08
1.37346e+08
0
0
0
0
0
0
0
1.219796e+08
1.374535e+08
1.79405e+08
0
0
0
0
0
0
1.234466e+08
1.390738e+08
1.815031e+08
2.871086e+08
0
0
0
0
0
1.263323e+08
1.422966e+08
1.856338e+08
2.935434e+08
6.314761e+08
0
0
0
0
1.307041e+08
1.471517e+08
1.918545e+08
3.031194e+08
6.513905e+08
0
0
0
1.363896e+08
1.534553e+08
1.998527e+08
3.152611e+08
6.759028e+08
0
0
1.42658e+08
1.603476e+08
2.085238e+08
3.281751e+08
7.008387e+08
0
1.479859e+08
1.662574e+08
2.158712e+08
3.389307e+08
7.208644e+08
1.518093e+08
1.704884e+08
2.211669e+08
3.465385e+08
7.343929e+08
1.731085e+08
2.244308e+08
3.512165e+08
7.423792e+08
2.259604e+08
3.534029e+08
7.458453e+08
0
0
0
0
0
0
0
0
0
0
0
0
0
0
0
0
0
0
0
0
0
0
0
0
0
0
0
0
0
0
0
0
0
0
0
0
0
0
0
0
0
0
0
0
0
0
0
0
0
0
0
0
0
0
0
0
0
0
0
0
0
0
0
0
0
0
0
0
0
0
0
0
0
0
0
0
0
0
1.259203e+08
0
0
0
0
0
0
0
0
1.232538e+08
1.388741e+08
0
0
0
0
0
0
0
1.219796e+08
1.374543e+08
1.794056e+08
0
0
0
0
0
0
1.22079e+08
1.375433e+08
1.795152e+08
2.839563e+08
0
0
0
0
0
1.235399e+08
1.391768e+08
1.815986e+08
2.871969e+08
6.176952e+08
0
0
0
0
1.264339e+08
1.423965e+08
1.857443e+08
2.936308e+08
6.312969e+08
0
0
0
1.308034e+08
1.472612e+08
1.919661e+08
3.03216e+08
6.512688e+08
0
0
1.365097e+08
1.535643e+08
1.999734e+08
3.15369e+08
6.757187e+08
0
1.42745e+08
1.604801e+08
2.086472e+08
3.2828e+08
7.007133e+08
1.480397e+08
1.663458e+08
2.160161e+08
3.390451e+08
7.206565e+08
1.705414e+08
2.212574e+08
3.466533e+08
7.342369e+08
2.244681e+08
3.512761e+08
7.421259e+08
3.533627e+08
7.456012e+08
0
0
0
0
0
0
0
0
0
0
0
0
0
0
0
0
0
0
0
0
0
0
0
0
0
0
0
0
0
0
0
0
0
0
0
0
0
0
0
0
0
0
0
0
0
0
0
0
0
0
0
0
0
0
0
0
0
0
0
0
0
0
0
0
0
0
0
0
0
1.301525e+08
0
0
0
0
0
0
0
0
1.26029e+08
1.419814e+08
0
0
0
0
0
0
0
1.23344e+08
1.389829e+08
1.81394e+08
0
0
0
0
0
0
1.22079e+08
1.375433e+08
1.795161e+08
2.839569e+08
0
0
0
0
0
1.221682e+08
1.37643e+08
1.796076e+08
2.840439e+08
6.107573e+08
0
0
0
0
1.236361e+08
1.392709e+08
1.817021e+08
2.872769e+08
6.175159e+08
0
0
0
1.265271e+08
1.424981e+08
1.858474e+08
2.937156e+08
6.311715e+08
0
0
1.309193e+08
1.473612e+08
1.920755e+08
3.033122e+08
6.510779e+08
0
1.365998e+08
1.536843e+08
2.000853e+08
3.154604e+08
6.755905e+08
1.427935e+08
1.605672e+08
2.087796e+08
3.283843e+08
7.004988e+08
1.663948e+08
2.161029e+08
3.391553e+08
7.205021e+08
2.212917e+08
3.467112e+08
7.33983e+08
3.512338e+08
7.418866e+08
7.450945e+08
0
0
0
0
0
0
0
0
0
0
0
0
0
0
0
0
0
0
0
0
0
0
0
0
0
0
0
0
0
0
0
0
0
0
0
0
0
0
0
0
0
0
0
0
0
0
0
0
0
0
0
0
0
0
0
0
0
0
0
1.356753e+08
0
0
0
0
0
0
0
0
1.302663e+08
1.467055e+08
0
0
0
0
0
0
0
1.261248e+08
1.420911e+08
1.854226e+08
0
0
0
0
0
0
1.234464e+08
1.39074e+08
1.81505e+08
2.871106e+08
0
0
0
0
0
1.221673e+08
1.37643e+08
1.796076e+08
2.840449e+08
6.107573e+08
0
0
0
0
1.222631e+08
1.377331e+08
1.797075e+08
2.841202e+08
6.105783e+08
0
0
0
1.237256e+08
1.39367e+08
1.817987e+08
2.873538e+08
6.173874e+08
0
0
1.266342e+08
1.425917e+08
1.85948e+08
2.938025e+08
6.309748e+08
0
1.310035e+08
1.474779e+08
1.921777e+08
3.033911e+08
6.50947e+08
1.366386e+08
1.537768e+08
2.002043e+08
3.155533e+08
6.753693e+08
1.606108e+08
2.088659e+08
3.284813e+08
7.003458e+08
2.161326e+08
3.392118e+08
7.202464e+08
3.466648e+08
7.337532e+08
7.413759e+08
0
0
0
0
0
0
0
0
0
0
0
0
0
0
0
0
0
0
0
0
0
0
0
0
0
0
0
0
0
0
0
0
0
0
0
0
0
0
0
0
0
0
0
0
0
0
0
0
0
1.417398e+08
0
0
0
0
0
0
0
0
1.358021e+08
1.528434e+08
0
0
0
0
0
0
0
1.303705e+08
1.468204e+08
1.915075e+08
0
0
0
0
0
0
1.262333e+08
1.421878e+08
1.855346e+08
2.934574e+08
0
0
0
0
0
1.235362e+08
1.391767e+08
1.815988e+08
2.871992e+08
6.176955e+08
0
0
0
0
1.222627e+08
1.37732e+08
1.797074e+08
2.841201e+08
6.10579e+08
0
0
0
1.22349e+08
1.378279e+08
1.797997e+08
2.841932e+08
6.104474e+08
0
0
1.238191e+08
1.39457e+08
1.818934e+08
2.874336e+08
6.171869e+08
0
1.267052e+08
1.426975e+08
1.860433e+08
2.938716e+08
6.308411e+08
1.310447e+08
1.475612e+08
1.922935e+08
3.034741e+08
6.507198e+08
1.538085e+08
2.002987e+08
3.156361e+08
6.752174e+08
2.088894e+08
3.285407e+08
7.00086e+08
3.391595e+08
7.200312e+08
7.332354e+08
0
0
0
0
0
0
0
0
0
0
0
0
0
0
0
0
0
0
0
0
0
0
0
0
0
0
0
0
0
0
0
0
0
0
0
0
0
0
0
1.46908e+08
0
0
0
0
0
0
0
0
1.41883e+08
1.595529e+08
0
0
0
0
0
0
0
1.359174e+08
1.529716e+08
1.993439e+08
0
0
0
0
0
0
1.304884e+08
1.469258e+08
1.916251e+08
3.029302e+08
0
0
0
0
0
1.263269e+08
1.422967e+08
1.856344e+08
2.93547e+08
6.314768e+08
0
0
0
0
1.236342e+08
1.392672e+08
1.817019e+08
2.87277e+08
6.175178e+08
0
0
0
1.223484e+08
1.378275e+08
1.797983e+08
2.841929e+08
6.10447e+08
0
0
1.224369e+08
1.379144e+08
1.79893e+08
2.842681e+08
6.10245e+08
0
1.23884e+08
1.395491e+08
1.819848e+08
2.874961e+08
6.170498e+08
1.267521e+08
1.427682e+08
1.861456e+08
2.939474e+08
6.306091e+08
1.475984e+08
1.923743e+08
3.035476e+08
6.505681e+08
2.003084e+08
3.15698e+08
6.749508e+08
3.284807e+08
6.998905e+08
7.195048e+08
0
0
0
0
0
0
0
0
0
0
0
0
0
0
0
0
0
0
0
0
0
0
0
0
0
0
0
0
0
1.506212e+08
0
0
0
0
0
0
0
0
1.470633e+08
1.652564e+08
0
0
0
0
0
0
0
1.4201e+08
1.596979e+08
2.078253e+08
0
0
0
0
0
0
1.360461e+08
1.530884e+08
1.99476e+08
3.149326e+08
0
0
0
0
0
1.305883e+08
1.470445e+08
1.917344e+08
3.030259e+08
6.515686e+08
0
0
0
0
1.264311e+08
1.423911e+08
1.857445e+08
2.936314e+08
6.313e+08
0
0
0
1.237235e+08
1.393653e+08
1.817944e+08
2.873535e+08
6.173868e+08
0
0
1.224372e+08
1.379138e+08
1.798924e+08
2.842661e+08
6.102445e+08
0
1.224995e+08
1.380011e+08
1.799807e+08
2.84329e+08
6.101051e+08
1.239326e+08
1.396143e+08
1.820739e+08
2.875675e+08
6.168147e+08
1.428097e+08
1.862165e+08
2.940135e+08
6.30456e+08
1.923916e+08
3.036092e+08
6.502724e+08
3.156295e+08
6.747224e+08
6.99355e+08
0
0
0
0
0
0
0
0
0
0
0
0
0
0
0
0
0
0
0
1.529242e+08
0
0
0
0
0
0
0
0
1.507841e+08
1.69345e+08
0
0
0
0
0
0
0
1.472004e+08
1.654141e+08
2.149814e+08
0
0
0
0
0
0
1.421496e+08
1.598268e+08
2.079759e+08
3.276772e+08
0
0
0
0
0
1.361549e+08
1.532183e+08
1.995979e+08
3.150441e+08
6.761914e+08
0
0
0
0
1.307005e+08
1.471452e+08
1.918553e+08
3.031206e+08
6.513945e+08
0
0
0
1.265241e+08
1.424955e+08
1.858413e+08
2.937158e+08
6.311715e+08
0
0
1.238192e+08
1.39455e+08
1.818915e+08
2.874281e+08
6.17186e+08
0
1.225001e+08
1.380016e+08
1.799799e+08
2.843282e+08
6.101025e+08
1.225449e+08
1.380644e+08
1.800646e+08
2.843963e+08
6.098694e+08
1.396572e+08
1.821392e+08
2.876231e+08
6.166593e+08
1.862356e+08
2.940669e+08
6.302019e+08
3.035345e+08
6.501408e+08
6.742092e+08
0
0
0
0
0
0
0
0
0
1.540124e+08
0
0
0
0
0
0
0
0
1.530916e+08
1.718754e+08
0
0
0
0
0
0
0
1.509287e+08
1.695105e+08
2.20078e+08
0
0
0
0
0
0
1.473491e+08
1.655535e+08
2.151461e+08
3.38265e+08
0
0
0
0
0
1.422691e+08
1.59968e+08
2.081109e+08
3.278093e+08
7.01289e+08
0
0
0
0
1.362771e+08
1.533282e+08
1.997311e+08
3.151524e+08
6.760244e+08
0
0
0
1.308001e+08
1.472578e+08
1.919589e+08
3.032171e+08
6.512697e+08
0
0
1.266353e+08
1.425888e+08
1.859452e+08
2.93795e+08
6.309749e+08
0
1.238822e+08
1.395495e+08
1.819824e+08
2.874939e+08
6.170435e+08
1.225475e+08
1.380643e+08
1.80065e+08
2.843952e+08
6.098685e+08
1.381053e+08
1.801282e+08
2.844467e+08
6.097115e+08
1.821597e+08
2.876698e+08
6.164083e+08
2.939941e+08
6.300608e+08
6.495567e+08
0
0
0
0
0
0
0
0
1.54182e+08
1.730692e+08
0
0
0
0
0
0
0
1.532412e+08
1.720457e+08
2.232149e+08
0
0
0
0
0
0
1.51084e+08
1.696577e+08
2.202513e+08
3.457054e+08
0
0
0
0
0
1.474783e+08
1.657041e+08
2.152925e+08
3.38413e+08
7.214169e+08
0
0
0
0
1.424021e+08
1.60089e+08
2.082566e+08
3.279316e+08
7.011326e+08
0
0
0
1.36386e+08
1.53451e+08
1.998446e+08
3.152627e+08
6.759045e+08
0
0
1.309222e+08
1.473578e+08
1.920718e+08
3.033034e+08
6.510796e+08
0
1.267026e+08
1.426989e+08
1.8604e+08
2.938685e+08
6.308333e+08
1.239277e+08
1.396122e+08
1.820744e+08
2.875643e+08
6.168131e+08
1.38105e+08
1.801276e+08
2.844466e+08
6.097098e+08
1.801472e+08
2.844919e+08
6.094566e+08
2.875986e+08
6.162635e+08
6.294835e+08
0
0
0
0
0
0
0
1.543339e+08
1.732417e+08
2.246887e+08
0
0
0
0
0
0
1.534005e+08
1.72198e+08
2.233935e+08
3.502336e+08
0
0
0
0
0
1.512205e+08
1.698151e+08
2.204063e+08
3.45863e+08
7.351312e+08
0
0
0
0
1.476204e+08
1.658351e+08
2.154486e+08
3.385474e+08
7.212703e+08
0
0
0
1.42522e+08
1.602229e+08
2.08382e+08
3.280557e+08
7.010173e+08
0
0
1.365127e+08
1.535607e+08
1.999689e+08
3.153594e+08
6.757216e+08
0
1.310009e+08
1.474809e+08
1.921738e+08
3.033871e+08
6.509392e+08
1.267461e+08
1.427655e+08
1.861471e+08
2.939429e+08
6.306076e+08
1.396509e+08
1.821368e+08
2.876229e+08
6.166548e+08
1.801452e+08
2.844909e+08
6.094544e+08
2.844197e+08
6.093144e+08
6.156863e+08
0
0
0
0
0
0
1.544951e+08
1.733964e+08
2.248698e+08
3.523434e+08
0
0
0
0
0
1.535417e+08
1.723596e+08
2.23554e+08
3.503972e+08
7.432614e+08
0
0
0
0
1.513693e+08
1.699537e+08
2.205699e+08
3.460065e+08
7.349913e+08
0
0
0
1.4775e+08
1.659785e+08
2.155848e+08
3.38683e+08
7.211589e+08
0
0
1.426607e+08
1.603439e+08
2.085185e+08
3.281648e+08
7.008422e+08
0
1.365972e+08
1.536874e+08
2.000812e+08
3.154554e+08
6.755829e+08
1.310402e+08
1.475585e+08
1.922964e+08
3.034691e+08
6.507189e+08
1.428031e+08
1.862136e+08
2.940147e+08
6.304502e+08
1.821523e+08
2.876671e+08
6.164038e+08
2.844167e+08
6.093137e+08
6.087368e+08
0
0
0
0
0
1.546387e+08
1.735601e+08
2.250328e+08
3.525097e+08
7.469752e+08
0
0
0
0
1.536954e+08
1.725031e+08
2.237222e+08
3.505464e+08
7.431257e+08
0
0
0
1.515062e+08
1.70104e+08
2.207143e+08
3.461505e+08
7.348826e+08
0
0
1.478988e+08
1.661094e+08
2.157316e+08
3.388034e+08
7.20991e+08
0
1.427429e+08
1.604828e+08
2.086428e+08
3.282741e+08
7.007055e+08
1.366345e+08
1.537741e+08
2.002076e+08
3.15548e+08
6.753684e+08
1.475934e+08
1.923715e+08
3.0355e+08
6.505626e+08
1.862284e+08
2.940639e+08
6.301982e+08
2.875913e+08
6.162642e+08
6.087374e+08
0
0
0
0
1.547948e+08
1.737059e+08
2.252032e+08
3.526617e+08
7.468415e+08
0
0
0
1.538371e+08
1.726584e+08
2.238719e+08
3.506955e+08
7.430184e+08
0
0
1.51659e+08
1.702424e+08
2.208687e+08
3.462792e+08
7.347202e+08
0
1.479837e+08
1.662586e+08
2.158666e+08
3.38924e+08
7.208563e+08
1.427895e+08
1.60565e+08
2.087823e+08
3.283787e+08
7.004973e+08
1.538042e+08
2.002958e+08
3.156389e+08
6.752123e+08
1.923858e+08
3.036065e+08
6.502728e+08
2.939876e+08
6.300623e+08
6.15692e+08
0
0
0
1.549389e+08
1.738637e+08
2.253555e+08
3.528132e+08
7.467348e+08
0
0
1.539913e+08
1.728018e+08
2.240316e+08
3.508297e+08
7.428595e+08
0
1.517488e+08
1.703958e+08
2.210116e+08
3.464082e+08
7.345869e+08
1.480351e+08
1.663435e+08
2.160171e+08
3.390391e+08
7.206541e+08
1.606063e+08
2.088635e+08
3.284836e+08
7.003405e+08
2.003036e+08
3.156955e+08
6.749449e+08
3.035292e+08
6.501435e+08
6.294924e+08
0
0
1.550934e+08
1.740094e+08
2.25518e+08
3.529499e+08
7.465776e+08
0
1.540846e+08
1.729566e+08
2.241799e+08
3.509645e+08
7.427269e+08
1.518037e+08
1.704855e+08
2.211666e+08
3.465312e+08
7.343896e+08
1.663897e+08
2.161003e+08
3.391556e+08
7.20496e+08
2.088839e+08
3.285383e+08
7.000839e+08
3.15624e+08
6.747274e+08
6.495651e+08
0
1.551884e+08
1.741647e+08
2.256687e+08
3.530877e+08
7.464452e+08
1.541415e+08
1.730497e+08
2.243364e+08
3.510925e+08
7.425328e+08
1.705353e+08
2.212542e+08
3.466521e+08
7.342299e+08
2.161263e+08
3.392091e+08
7.202432e+08
3.28474e+08
6.998938e+08
6.742099e+08
1.552464e+08
1.742595e+08
2.258257e+08
3.53218e+08
7.462526e+08
1.731016e+08
2.244271e+08
3.512149e+08
7.423717e+08
2.212844e+08
3.467076e+08
7.339787e+08
3.391516e+08
7.200333e+08
6.993521e+08
1.743124e+08
2.259179e+08
3.533409e+08
7.460907e+08
2.244598e+08
3.51272e+08
7.421211e+08
3.466555e+08
7.33754e+08
7.19499e+08
2.259518e+08
3.533986e+08
7.458403e+08
3.512234e+08
7.418865e+08
7.332277e+08
3.533518e+08
7.456006e+08
7.413667e+08
7.450846e+08
)
;

boundaryField
{
    interconnect0
    {
        type            zeroGradient;
    }
    interconnectSides
    {
        type            zeroGradient;
    }
    cathodeSides
    {
        type            zeroGradient;
    }
    phiEC_to_phiE0
    {
        type            zeroGradient;
    }
    procBoundary3to2
    {
        type            processor;
        value           uniform 0;
    }
}
)

// processor4

375
(dimensions      [0 -3 0 0 0 1 0];

internalField   nonuniform List<scalar> 0();

boundaryField
{
    interconnect0
    {
        type            zeroGradient;
    }
    interconnectSides
    {
        type            zeroGradient;
    }
    cathodeSides
    {
        type            zeroGradient;
    }
    phiEC_to_phiE0
    {
        type            zeroGradient;
    }
}
)

// processor5

375
(dimensions      [0 -3 0 0 0 1 0];

internalField   nonuniform List<scalar> 0();

boundaryField
{
    interconnect0
    {
        type            zeroGradient;
    }
    interconnectSides
    {
        type            zeroGradient;
    }
    cathodeSides
    {
        type            zeroGradient;
    }
    phiEC_to_phiE0
    {
        type            zeroGradient;
    }
}
)

// processor6

375
(dimensions      [0 -3 0 0 0 1 0];

internalField   nonuniform List<scalar> 0();

boundaryField
{
    interconnect0
    {
        type            zeroGradient;
    }
    interconnectSides
    {
        type            zeroGradient;
    }
    cathodeSides
    {
        type            zeroGradient;
    }
    phiEC_to_phiE0
    {
        type            zeroGradient;
    }
}
)

// processor7

375
(dimensions      [0 -3 0 0 0 1 0];

internalField   nonuniform List<scalar> 0();

boundaryField
{
    interconnect0
    {
        type            zeroGradient;
    }
    interconnectSides
    {
        type            zeroGradient;
    }
    cathodeSides
    {
        type            zeroGradient;
    }
    phiEC_to_phiE0
    {
        type            zeroGradient;
    }
}
)
