/*--------------------------------*- C++ -*----------------------------------*\
| =========                 |                                                 |
| \\      /  F ield         | OpenFOAM: The Open Source CFD Toolbox           |
|  \\    /   O peration     | Version:  2306                                  |
|   \\  /    A nd           | Website:  www.openfoam.com                      |
|    \\/     M anipulation  |                                                 |
\*---------------------------------------------------------------------------*/
FoamFile
{
    version     2.0;
    format      binary;
    arch        "LSB;label=32;scalar=64";
    class       decomposedBlockData;
    object      j;
    data.format     ascii;
    data.class      volScalarField;
}
// * * * * * * * * * * * * * * * * * * * * * * * * * * * * * * * * * * * * * //


// processor0

19800
(FoamFile
{
    version     2.0;
    format      ascii;
    arch        "LSB;label=32;scalar=64";
    class       volScalarField;
    location    "1.5/fuel";
    object      j;
}
dimensions      [0 -3 0 0 0 1 0];

internalField   nonuniform List<scalar> 
4000
(
9.394354e+08
9.338784e+08
9.375086e+08
3.59484e+08
9.21897e+08
9.315682e+08
3.576074e+08
9.362445e+08
3.590657e+08
1.851884e+08
9.026312e+08
9.188486e+08
3.535691e+08
9.300066e+08
3.570234e+08
1.841696e+08
9.353789e+08
3.589464e+08
1.8503e+08
1.118043e+08
8.758881e+08
8.980214e+08
3.471414e+08
9.167445e+08
3.526638e+08
1.819806e+08
9.290345e+08
3.567613e+08
1.839075e+08
1.111048e+08
9.348255e+08
3.589509e+08
1.850582e+08
1.117247e+08
8.269156e+07
8.443473e+08
8.68881e+08
3.383245e+08
8.952623e+08
3.45563e+08
1.785136e+08
9.155283e+08
3.521453e+08
1.815156e+08
1.096041e+08
9.284231e+08
3.567081e+08
1.838453e+08
1.109466e+08
8.211724e+07
9.344041e+08
3.590416e+08
1.851521e+08
1.117842e+08
8.263813e+07
0
8.149955e+08
8.343447e+08
3.280649e+08
8.650676e+08
3.357207e+08
1.737884e+08
8.936084e+08
3.447351e+08
1.776318e+08
1.07236e+08
9.147864e+08
3.519655e+08
1.812909e+08
1.092919e+08
8.088658e+07
9.279628e+08
3.56764e+08
1.839008e+08
1.109385e+08
8.199585e+07
0
9.340489e+08
3.591547e+08
1.852876e+08
1.118889e+08
8.270427e+07
0
0
7.917997e+08
8.021453e+08
3.186881e+08
8.292099e+08
3.241773e+08
1.683372e+08
8.628596e+08
3.344135e+08
1.722759e+08
1.040237e+08
8.92639e+08
3.443399e+08
1.77208e+08
1.066133e+08
7.894761e+07
9.142386e+08
3.519468e+08
1.812633e+08
1.091615e+08
8.063136e+07
0
9.275891e+08
3.568521e+08
1.840125e+08
1.110134e+08
8.200382e+07
0
0
9.337008e+08
3.592593e+08
1.854288e+08
1.1202e+08
8.28078e+07
0
0
0
7.762266e+08
7.768517e+08
3.113721e+08
7.95749e+08
3.135578e+08
1.634264e+08
8.263149e+08
3.222797e+08
1.660378e+08
1.003433e+08
8.615513e+08
3.337523e+08
1.715503e+08
1.029357e+08
7.632207e+07
8.91943e+08
3.441991e+08
1.770418e+08
1.063315e+08
7.842615e+07
0
9.138225e+08
3.519818e+08
1.813245e+08
1.091726e+08
8.053409e+07
0
0
9.272215e+08
3.569418e+08
1.841363e+08
1.111259e+08
8.208133e+07
0
0
0
9.334116e+08
3.593444e+08
1.855566e+08
1.121526e+08
8.293231e+07
0
0
0
0
7.684845e+08
7.599263e+08
3.065051e+08
7.694706e+08
3.053023e+08
1.596434e+08
7.921742e+08
3.110918e+08
1.603628e+08
9.707183e+07
8.245965e+08
3.212993e+08
1.649445e+08
9.867985e+07
7.332111e+07
8.60607e+08
3.334403e+08
1.712136e+08
1.024285e+08
7.540432e+07
0
8.914537e+08
3.441496e+08
1.770222e+08
1.062376e+08
7.819773e+07
0
0
9.134103e+08
3.520397e+08
1.81412e+08
1.092457e+08
8.055598e+07
0
0
0
9.269265e+08
3.570125e+08
1.842532e+08
1.112446e+08
8.218932e+07
0
0
0
0
9.330609e+08
3.594292e+08
1.856672e+08
1.122722e+08
8.30569e+07
0
0
0
0
0
7.684845e+08
7.515276e+08
3.040988e+08
7.519055e+08
2.998144e+08
1.571519e+08
7.653482e+08
3.023826e+08
1.559973e+08
9.458416e+07
7.900629e+08
3.097978e+08
1.589163e+08
9.485276e+07
7.067852e+07
8.233544e+08
3.207889e+08
1.644064e+08
9.790197e+07
7.191641e+07
0
8.599689e+08
3.332624e+08
1.710829e+08
1.022062e+08
7.498295e+07
0
0
8.909647e+08
3.441577e+08
1.770527e+08
1.062484e+08
7.812896e+07
0
0
0
9.130991e+08
3.520798e+08
1.81506e+08
1.093358e+08
8.062942e+07
0
0
0
0
9.265532e+08
3.570892e+08
1.843535e+08
1.113553e+08
8.230169e+07
0
0
0
0
0
3.594686e+08
1.857716e+08
1.123772e+08
8.316942e+07
0
0
0
0
0
0
7.762266e+08
7.515276e+08
3.040988e+08
7.431937e+08
2.971014e+08
1.559279e+08
7.474208e+08
2.965926e+08
1.531182e+08
9.296267e+07
7.629223e+08
3.008328e+08
1.542677e+08
9.194232e+07
6.868866e+07
7.885378e+08
3.091006e+08
1.581821e+08
9.381742e+07
6.88067e+07
0
8.225362e+08
3.20464e+08
1.641492e+08
9.75303e+07
7.126573e+07
0
0
8.593563e+08
3.331864e+08
1.710297e+08
1.021327e+08
7.480368e+07
0
0
0
8.906181e+08
3.441493e+08
1.771115e+08
1.062941e+08
7.814808e+07
0
0
0
0
9.126735e+08
3.521388e+08
1.815848e+08
1.094282e+08
8.071649e+07
0
0
0
0
0
3.571138e+08
1.844516e+08
1.114521e+08
8.24062e+07
0
0
0
0
0
0
1.858435e+08
1.124754e+08
8.326873e+07
0
0
0
0
0
0
0
7.917997e+08
7.599263e+08
3.06505e+08
7.431936e+08
2.971014e+08
1.559279e+08
7.385307e+08
2.937292e+08
1.517018e+08
9.217137e+07
7.447818e+08
2.948698e+08
1.51199e+08
9.00399e+07
6.740169e+07
7.611677e+08
2.999852e+08
1.533737e+08
9.070192e+07
6.646267e+07
0
7.875463e+08
3.086398e+08
1.578071e+08
9.330252e+07
6.793981e+07
0
0
8.217637e+08
3.202927e+08
1.640019e+08
9.736242e+07
7.095953e+07
0
0
0
8.589616e+08
3.331079e+08
1.710324e+08
1.021147e+08
7.47501e+07
0
0
0
0
8.900962e+08
3.441781e+08
1.771568e+08
1.063583e+08
7.819624e+07
0
0
0
0
0
3.521312e+08
1.816694e+08
1.095077e+08
8.080454e+07
0
0
0
0
0
0
1.845131e+08
1.11545e+08
8.249812e+07
0
0
0
0
0
0
0
1.125477e+08
8.336131e+07
0
0
0
0
0
0
0
0
8.149955e+08
7.768517e+08
3.113721e+08
7.519054e+08
2.998144e+08
1.571519e+08
7.385308e+08
2.937292e+08
1.517018e+08
9.217136e+07
7.357849e+08
2.9192e+08
1.496879e+08
8.910927e+07
6.677671e+07
7.428698e+08
2.939188e+08
1.501965e+08
8.866255e+07
6.494111e+07
0
7.600355e+08
2.994148e+08
1.529042e+08
9.007126e+07
6.542472e+07
0
0
7.866135e+08
3.083807e+08
1.575739e+08
9.304806e+07
6.751325e+07
0
0
0
8.212956e+08
3.201304e+08
1.639423e+08
9.727394e+07
7.082531e+07
0
0
0
0
8.583146e+08
3.330988e+08
1.710306e+08
1.021356e+08
7.474306e+07
0
0
0
0
0
3.441164e+08
1.772193e+08
1.064113e+08
7.825924e+07
0
0
0
0
0
0
1.817088e+08
1.095894e+08
8.08811e+07
0
0
0
0
0
0
0
1.116091e+08
8.258586e+07
0
0
0
0
0
0
0
0
8.343098e+07
0
0
0
0
0
0
0
0
0
8.443472e+08
8.021453e+08
3.186881e+08
7.694705e+08
3.053023e+08
1.596434e+08
7.474209e+08
2.965925e+08
1.531182e+08
9.296267e+07
7.357851e+08
2.9192e+08
1.496879e+08
8.910928e+07
6.677671e+07
7.337934e+08
2.909165e+08
1.486309e+08
8.766359e+07
6.420001e+07
0
7.416386e+08
2.932726e+08
1.496619e+08
8.795363e+07
6.378936e+07
0
0
7.589704e+08
2.990855e+08
1.526023e+08
8.974809e+07
6.490164e+07
0
0
0
7.860686e+08
3.081388e+08
1.574579e+08
9.289634e+07
6.730598e+07
0
0
0
0
8.204849e+08
3.20074e+08
1.638859e+08
9.724761e+07
7.075797e+07
0
0
0
0
0
3.329696e+08
1.710658e+08
1.021522e+08
7.476836e+07
0
0
0
0
0
0
1.772225e+08
1.064752e+08
7.831236e+07
0
0
0
0
0
0
0
1.096361e+08
8.095873e+07
0
0
0
0
0
0
0
0
8.264823e+07
0
0
0
0
0
0
0
0
0
0
0
0
0
0
0
0
0
0
0
8.75888e+08
8.343447e+08
3.280648e+08
7.95749e+08
3.135578e+08
1.634264e+08
7.653484e+08
3.023825e+08
1.559973e+08
9.458415e+07
7.447821e+08
2.948699e+08
1.51199e+08
9.00399e+07
6.740168e+07
7.337936e+08
2.909166e+08
1.48631e+08
8.766358e+07
6.420001e+07
0
7.325126e+08
2.902315e+08
1.480633e+08
8.691546e+07
6.299161e+07
0
0
7.404766e+08
2.928941e+08
1.493125e+08
8.758344e+07
6.320135e+07
0
0
0
7.583609e+08
2.987793e+08
1.524418e+08
8.954636e+07
6.463693e+07
0
0
0
0
7.850951e+08
3.080376e+08
1.573508e+08
9.282803e+07
6.718516e+07
0
0
0
0
0
3.198628e+08
1.638886e+08
9.722282e+07
7.07425e+07
0
0
0
0
0
0
1.710244e+08
1.021942e+08
7.478964e+07
0
0
0
0
0
0
0
1.064938e+08
7.837399e+07
0
0
0
0
0
0
0
0
8.100574e+07
0
0
0
0
0
0
0
0
0
0
0
0
0
0
0
0
0
0
0
0
0
0
0
0
0
0
0
0
9.026312e+08
8.68881e+08
3.383245e+08
8.292099e+08
3.241773e+08
1.683372e+08
7.921744e+08
3.110918e+08
1.603628e+08
9.707182e+07
7.629229e+08
3.008329e+08
1.542677e+08
9.194232e+07
6.868865e+07
7.428702e+08
2.93919e+08
1.501965e+08
8.866253e+07
6.494111e+07
0
7.325126e+08
2.902316e+08
1.480633e+08
8.691547e+07
6.299161e+07
0
0
7.312991e+08
2.898282e+08
1.476896e+08
8.652144e+07
6.237115e+07
0
0
0
7.398256e+08
2.925414e+08
1.491209e+08
8.734744e+07
6.289755e+07
0
0
0
0
7.572507e+08
2.986423e+08
1.522942e+08
8.944541e+07
6.447427e+07
0
0
0
0
0
3.077483e+08
1.573237e+08
9.27656e+07
6.713396e+07
0
0
0
0
0
0
1.637944e+08
9.72394e+07
7.072809e+07
0
0
0
0
0
0
0
1.021785e+08
7.483175e+07
0
0
0
0
0
0
0
0
7.839646e+07
0
0
0
0
0
0
0
0
0
0
0
0
0
0
0
0
0
0
0
0
0
0
0
0
0
0
0
0
0
0
0
0
0
0
0
0
9.218969e+08
8.980214e+08
3.471414e+08
8.650675e+08
3.357207e+08
1.737884e+08
8.263152e+08
3.222797e+08
1.660378e+08
1.003433e+08
7.900636e+08
3.09798e+08
1.589163e+08
9.485277e+07
7.067852e+07
7.611684e+08
2.999854e+08
1.533738e+08
9.07019e+07
6.646267e+07
0
7.416386e+08
2.932728e+08
1.49662e+08
8.795366e+07
6.378934e+07
0
0
7.31299e+08
2.898282e+08
1.476896e+08
8.652147e+07
6.237116e+07
0
0
0
7.30629e+08
2.894508e+08
1.474824e+08
8.626797e+07
6.204761e+07
0
0
0
0
7.386232e+08
2.923814e+08
1.489444e+08
8.722394e+07
6.27064e+07
0
0
0
0
0
2.982889e+08
1.522438e+08
8.935348e+07
6.439559e+07
0
0
0
0
0
0
1.571803e+08
9.275948e+07
6.708753e+07
0
0
0
0
0
0
0
9.718407e+07
7.074796e+07
0
0
0
0
0
0
0
0
7.482434e+07
0
0
0
0
0
0
0
0
0
0
0
0
0
0
0
0
0
0
0
0
0
0
0
0
0
0
0
0
0
0
0
0
0
0
0
0
0
0
0
0
0
0
0
9.338783e+08
9.188487e+08
3.535691e+08
8.95262e+08
3.45563e+08
1.785136e+08
8.628601e+08
3.344134e+08
1.722759e+08
1.040237e+08
8.245973e+08
3.212995e+08
1.649445e+08
9.867986e+07
7.33211e+07
7.885386e+08
3.091009e+08
1.581822e+08
9.381742e+07
6.880671e+07
0
7.600354e+08
2.994151e+08
1.529043e+08
9.007131e+07
6.542471e+07
0
0
7.404762e+08
2.928941e+08
1.493126e+08
8.758351e+07
6.320137e+07
0
0
0
7.306289e+08
2.894507e+08
1.474824e+08
8.6268e+07
6.204763e+07
0
0
0
0
7.293815e+08
2.8928e+08
1.472905e+08
8.613315e+07
6.1842e+07
0
0
0
0
0
2.919846e+08
1.488789e+08
8.71111e+07
6.260891e+07
0
0
0
0
0
0
1.520604e+08
8.93299e+07
6.432439e+07
0
0
0
0
0
0
0
9.266798e+07
6.708783e+07
0
0
0
0
0
0
0
0
7.07066e+07
0
0
0
0
0
0
0
0
0
0
0
0
0
0
0
0
0
0
0
0
0
0
0
0
0
0
0
0
0
0
0
0
0
0
0
0
0
0
0
0
0
0
0
0
0
0
0
0
0
9.394353e+08
9.315683e+08
3.576073e+08
9.167444e+08
3.526638e+08
1.819806e+08
8.936089e+08
3.44735e+08
1.776318e+08
1.072359e+08
8.615525e+08
3.337525e+08
1.715503e+08
1.029357e+08
7.632206e+07
8.233554e+08
3.207892e+08
1.644065e+08
9.790196e+07
7.191642e+07
0
7.875462e+08
3.086402e+08
1.578073e+08
9.330258e+07
6.793982e+07
0
0
7.589699e+08
2.990855e+08
1.526025e+08
8.974821e+07
6.490168e+07
0
0
0
7.398253e+08
2.925412e+08
1.491209e+08
8.734752e+07
6.289761e+07
0
0
0
0
7.293816e+08
2.892799e+08
1.472904e+08
8.613315e+07
6.184202e+07
0
0
0
0
0
2.88862e+08
1.47218e+08
8.600932e+07
6.173508e+07
0
0
0
0
0
0
1.486689e+08
8.707642e+07
6.25203e+07
0
0
0
0
0
0
0
8.920958e+07
6.430981e+07
0
0
0
0
0
0
0
0
6.701593e+07
0
0
0
0
0
0
0
0
0
0
0
0
0
0
0
0
0
0
0
0
0
0
0
0
0
0
0
0
0
0
0
0
0
0
0
0
0
0
0
0
0
0
0
0
0
0
0
0
0
0
0
0
0
0
9.375086e+08
3.594839e+08
9.300066e+08
3.570234e+08
1.841696e+08
9.155288e+08
3.521453e+08
1.815156e+08
1.096041e+08
8.926403e+08
3.443402e+08
1.77208e+08
1.066133e+08
7.89476e+07
8.606085e+08
3.334409e+08
1.712137e+08
1.024285e+08
7.540433e+07
0
8.225362e+08
3.204645e+08
1.641495e+08
9.753037e+07
7.126572e+07
0
0
7.86613e+08
3.083806e+08
1.575742e+08
9.304822e+07
6.751329e+07
0
0
0
7.583604e+08
2.987791e+08
1.524418e+08
8.95465e+07
6.463703e+07
0
0
0
0
7.386233e+08
2.923812e+08
1.489443e+08
8.722394e+07
6.270647e+07
0
0
0
0
0
2.88862e+08
1.47218e+08
8.600929e+07
6.173508e+07
0
0
0
0
0
0
1.469948e+08
8.596943e+07
6.163738e+07
0
0
0
0
0
0
0
8.6937e+07
6.249633e+07
0
0
0
0
0
0
0
0
6.42139e+07
0
0
0
0
0
0
0
0
0
0
0
0
0
0
0
0
0
0
0
0
0
0
0
0
0
0
0
0
0
0
0
0
0
0
0
0
0
0
0
0
0
0
0
0
0
0
0
0
0
0
0
0
0
0
0
0
0
0
0
9.362444e+08
3.590657e+08
1.851883e+08
9.29035e+08
3.567612e+08
1.839075e+08
1.111047e+08
9.147877e+08
3.519658e+08
1.812909e+08
1.092919e+08
8.088656e+07
8.91945e+08
3.441997e+08
1.77042e+08
1.063314e+08
7.842615e+07
0
8.599689e+08
3.332631e+08
1.710833e+08
1.022062e+08
7.498294e+07
0
0
8.217633e+08
3.202927e+08
1.640022e+08
9.73626e+07
7.095959e+07
0
0
0
7.860681e+08
3.081385e+08
1.574579e+08
9.289651e+07
6.73061e+07
0
0
0
0
7.572509e+08
2.986421e+08
1.522941e+08
8.94454e+07
6.447439e+07
0
0
0
0
0
2.919847e+08
1.488789e+08
8.711103e+07
6.260891e+07
0
0
0
0
0
0
1.469948e+08
8.596941e+07
6.163735e+07
0
0
0
0
0
0
0
8.58207e+07
6.160902e+07
0
0
0
0
0
0
0
0
6.238464e+07
0
0
0
0
0
0
0
0
0
0
0
0
0
0
0
0
0
0
0
0
0
0
0
0
0
0
0
0
0
0
0
0
0
0
0
0
0
0
0
0
0
0
0
0
0
0
0
0
0
0
0
0
0
0
0
0
0
0
0
0
0
0
0
0
9.353795e+08
3.589464e+08
1.8503e+08
1.118043e+08
9.284244e+08
3.567084e+08
1.838453e+08
1.109466e+08
8.211722e+07
9.142403e+08
3.519474e+08
1.812635e+08
1.091615e+08
8.063136e+07
0
8.914532e+08
3.441506e+08
1.770226e+08
1.062377e+08
7.819769e+07
0
0
8.593558e+08
3.331864e+08
1.710301e+08
1.02133e+08
7.480377e+07
0
0
0
8.212951e+08
3.201302e+08
1.639423e+08
9.727416e+07
7.082546e+07
0
0
0
0
7.850952e+08
3.080373e+08
1.573506e+08
9.282802e+07
6.71853e+07
0
0
0
0
0
2.982889e+08
1.522436e+08
8.935338e+07
6.439558e+07
0
0
0
0
0
0
1.486689e+08
8.707635e+07
6.252024e+07
0
0
0
0
0
0
0
8.582071e+07
6.1609e+07
0
0
0
0
0
0
0
0
6.148966e+07
0
0
0
0
0
0
0
0
0
0
0
0
0
0
0
0
0
0
0
0
0
0
0
0
0
0
0
0
0
0
0
0
0
0
0
0
0
0
0
0
0
0
0
0
0
0
0
0
0
0
0
0
0
0
0
0
0
0
0
0
0
0
0
0
0
0
0
0
0
9.348269e+08
3.589512e+08
1.850582e+08
1.117247e+08
8.269154e+07
9.279645e+08
3.567647e+08
1.83901e+08
1.109385e+08
8.199586e+07
0
9.138223e+08
3.519826e+08
1.81325e+08
1.091728e+08
8.053408e+07
0
0
8.909632e+08
3.441575e+08
1.770533e+08
1.062487e+08
7.812906e+07
0
0
0
8.589608e+08
3.331076e+08
1.710324e+08
1.02115e+08
7.475033e+07
0
0
0
0
8.204851e+08
3.200737e+08
1.638857e+08
9.72476e+07
7.075816e+07
0
0
0
0
0
3.077484e+08
1.573236e+08
9.27655e+07
6.713395e+07
0
0
0
0
0
0
1.520605e+08
8.93298e+07
6.43243e+07
0
0
0
0
0
0
0
8.693702e+07
6.249628e+07
0
0
0
0
0
0
0
0
6.148967e+07
0
0
0
0
0
0
0
0
0
0
0
0
0
0
0
0
0
0
0
0
0
0
0
0
0
0
0
0
0
0
0
0
0
0
0
0
0
0
0
0
0
0
0
0
0
0
0
0
0
0
0
0
0
0
0
0
0
0
0
0
0
0
0
0
0
0
0
0
0
0
0
0
0
0
9.344058e+08
3.590423e+08
1.851523e+08
1.117842e+08
8.263814e+07
0
9.275888e+08
3.56853e+08
1.840129e+08
1.110136e+08
8.200382e+07
0
0
9.134093e+08
3.520396e+08
1.814125e+08
1.092461e+08
8.055609e+07
0
0
0
8.906164e+08
3.441486e+08
1.771114e+08
1.062946e+08
7.814833e+07
0
0
0
0
8.583148e+08
3.330984e+08
1.710304e+08
1.021356e+08
7.474334e+07
0
0
0
0
0
3.198629e+08
1.638884e+08
9.722272e+07
7.07425e+07
0
0
0
0
0
0
1.571803e+08
9.275937e+07
6.708745e+07
0
0
0
0
0
0
0
8.920961e+07
6.430972e+07
0
0
0
0
0
0
0
0
6.238465e+07
0
0
0
0
0
0
0
0
0
0
0
0
0
0
0
0
0
0
0
0
0
0
0
0
0
0
0
0
0
0
0
0
0
0
0
0
0
0
0
0
0
0
0
0
0
0
0
0
0
0
0
0
0
0
0
0
0
0
0
0
0
0
0
0
0
0
0
0
0
0
0
0
0
0
0
0
0
0
0
9.340487e+08
3.591556e+08
1.85288e+08
1.11889e+08
8.270427e+07
0
0
9.272206e+08
3.569417e+08
1.841369e+08
1.111262e+08
8.208145e+07
0
0
0
9.130979e+08
3.520793e+08
1.81506e+08
1.093362e+08
8.06297e+07
0
0
0
0
8.900965e+08
3.441772e+08
1.771563e+08
1.063582e+08
7.819661e+07
0
0
0
0
0
3.329697e+08
1.710656e+08
1.021521e+08
7.476836e+07
0
0
0
0
0
0
1.637944e+08
9.723926e+07
7.0728e+07
0
0
0
0
0
0
0
9.2668e+07
6.708773e+07
0
0
0
0
0
0
0
0
6.421392e+07
0
0
0
0
0
0
0
0
0
0
0
0
0
0
0
0
0
0
0
0
0
0
0
0
0
0
0
0
0
0
0
0
0
0
0
0
0
0
0
0
0
0
0
0
0
0
0
0
0
0
0
0
0
0
0
0
0
0
0
0
0
0
0
0
0
0
0
0
0
0
0
0
0
0
0
0
0
0
0
0
0
0
0
0
0
9.336998e+08
3.592592e+08
1.854294e+08
1.120204e+08
8.280792e+07
0
0
0
9.269254e+08
3.57012e+08
1.842531e+08
1.11245e+08
8.218961e+07
0
0
0
0
9.126737e+08
3.521382e+08
1.815845e+08
1.094281e+08
8.071684e+07
0
0
0
0
0
3.441165e+08
1.772188e+08
1.06411e+08
7.825917e+07
0
0
0
0
0
0
1.710244e+08
1.02194e+08
7.478953e+07
0
0
0
0
0
0
0
9.718409e+07
7.074785e+07
0
0
0
0
0
0
0
0
6.701594e+07
0
0
0
0
0
0
0
0
0
0
0
0
0
0
0
0
0
0
0
0
0
0
0
0
0
0
0
0
0
0
0
0
0
0
0
0
0
0
0
0
0
0
0
0
0
0
0
0
0
0
0
0
0
0
0
0
0
0
0
0
0
0
0
0
0
0
0
0
0
0
0
0
0
0
0
0
0
0
0
0
0
0
0
0
0
0
0
0
0
0
0
0
9.334105e+08
3.593439e+08
1.855565e+08
1.12153e+08
8.293261e+07
0
0
0
0
9.265534e+08
3.570886e+08
1.843532e+08
1.113553e+08
8.230205e+07
0
0
0
0
0
3.521313e+08
1.816689e+08
1.095074e+08
8.080449e+07
0
0
0
0
0
0
1.772226e+08
1.064748e+08
7.83121e+07
0
0
0
0
0
0
0
1.021785e+08
7.483158e+07
0
0
0
0
0
0
0
0
7.070662e+07
0
0
0
0
0
0
0
0
0
0
0
0
0
0
0
0
0
0
0
0
0
0
0
0
0
0
0
0
0
0
0
0
0
0
0
0
0
0
0
0
0
0
0
0
0
0
0
0
0
0
0
0
0
0
0
0
0
0
0
0
0
0
0
0
0
0
0
0
0
0
0
0
0
0
0
0
0
0
0
0
0
0
0
0
0
0
0
0
0
0
0
0
0
0
0
0
0
0
0
0
9.330611e+08
3.594286e+08
1.856668e+08
1.122722e+08
8.305727e+07
0
0
0
0
0
3.571139e+08
1.844512e+08
1.114519e+08
8.240616e+07
0
0
0
0
0
0
1.817089e+08
1.095891e+08
8.088089e+07
0
0
0
0
0
0
0
1.064939e+08
7.837366e+07
0
0
0
0
0
0
0
0
7.482437e+07
0
0
0
0
0
0
0
0
0
0
0
0
0
0
0
0
0
0
0
0
0
0
0
0
0
0
0
0
0
0
0
0
0
0
0
0
0
0
0
0
0
0
0
0
0
0
0
0
0
0
0
0
0
0
0
0
0
0
0
0
0
0
0
0
0
0
0
0
0
0
0
0
0
0
0
0
0
0
0
0
0
0
0
0
0
0
0
0
0
0
0
0
0
0
0
0
0
0
0
0
0
0
0
0
0
0
0
0
0
3.594686e+08
1.857712e+08
1.12377e+08
8.316938e+07
0
0
0
0
0
0
1.845132e+08
1.115447e+08
8.249791e+07
0
0
0
0
0
0
0
1.096361e+08
8.095846e+07
0
0
0
0
0
0
0
0
7.839648e+07
0
0
0
0
0
0
0
0
0
0
0
0
0
0
0
0
0
0
0
0
0
0
0
0
0
0
0
0
0
0
0
0
0
0
0
0
0
0
0
0
0
0
0
0
0
0
0
0
0
0
0
0
0
0
0
0
0
0
0
0
0
0
0
0
0
0
0
0
0
0
0
0
0
0
0
0
0
0
0
0
0
0
0
0
0
0
0
0
0
0
0
0
0
0
0
0
0
0
0
0
0
0
0
0
0
0
0
0
0
0
0
0
0
0
0
0
0
0
0
1.858435e+08
1.124751e+08
8.326852e+07
0
0
0
0
0
0
0
1.116091e+08
8.25856e+07
0
0
0
0
0
0
0
0
8.100576e+07
0
0
0
0
0
0
0
0
0
0
0
0
0
0
0
0
0
0
0
0
0
0
0
0
0
0
0
0
0
0
0
0
0
0
0
0
0
0
0
0
0
0
0
0
0
0
0
0
0
0
0
0
0
0
0
0
0
0
0
0
0
0
0
0
0
0
0
0
0
0
0
0
0
0
0
0
0
0
0
0
0
0
0
0
0
0
0
0
0
0
0
0
0
0
0
0
0
0
0
0
0
0
0
0
0
0
0
0
0
0
0
0
0
0
0
0
0
0
0
0
0
0
0
0
0
0
0
1.125477e+08
8.336105e+07
0
0
0
0
0
0
0
0
8.264824e+07
0
0
0
0
0
0
0
0
0
0
0
0
0
0
0
0
0
0
0
0
0
0
0
0
0
0
0
0
0
0
0
0
0
0
0
0
0
0
0
0
0
0
0
0
0
0
0
0
0
0
0
0
0
0
0
0
0
0
0
0
0
0
0
0
0
0
0
0
0
0
0
0
0
0
0
0
0
0
0
0
0
0
0
0
0
0
0
0
0
0
0
0
0
0
0
0
0
0
0
0
0
0
0
0
0
0
0
0
0
0
0
0
0
0
0
0
0
0
0
0
0
0
0
0
0
0
0
0
0
0
0
0
0
8.343099e+07
0
0
0
0
0
0
0
0
0
0
0
0
0
0
0
0
0
0
0
0
0
0
0
0
0
0
0
0
0
0
0
0
0
0
0
0
0
0
0
0
0
0
0
0
0
0
0
0
0
0
0
0
0
0
0
0
0
0
0
0
0
0
0
0
0
0
0
0
0
0
0
0
0
0
0
0
0
0
0
0
0
0
0
0
0
0
0
0
0
0
0
0
0
0
0
0
0
0
0
0
0
0
0
0
0
0
0
0
0
0
0
0
0
0
0
0
0
0
0
0
0
0
0
0
0
0
0
0
0
0
0
0
0
0
0
0
0
0
0
0
0
0
0
0
0
0
0
0
0
0
0
0
0
0
0
0
0
0
0
0
0
0
0
0
0
0
0
0
0
0
0
0
0
0
0
0
0
0
0
0
0
0
0
0
0
0
0
0
0
0
0
0
0
0
0
0
0
0
0
0
0
0
0
0
0
0
0
0
0
0
0
0
0
0
0
0
0
0
0
0
0
0
0
0
0
0
0
0
0
0
0
0
0
0
0
0
0
0
0
0
0
0
0
0
0
0
0
0
0
0
0
0
0
0
0
0
0
0
0
0
0
0
0
0
0
0
0
0
0
0
0
0
0
0
0
0
0
0
0
0
0
0
0
0
0
0
0
0
0
0
0
0
0
0
0
0
0
0
0
0
0
0
0
0
0
0
0
0
0
0
0
0
0
0
0
0
0
0
0
0
0
0
0
0
0
0
0
0
0
0
0
0
0
0
0
0
0
0
0
0
0
0
0
0
0
0
0
0
0
0
0
0
0
0
0
0
0
0
0
0
0
0
0
0
0
0
0
0
0
0
0
0
0
0
0
0
0
0
0
0
0
0
0
0
0
0
0
0
0
0
0
0
0
0
0
0
0
0
0
0
0
0
0
0
0
0
0
0
0
0
0
0
0
0
0
0
0
0
0
0
0
0
0
0
0
0
0
0
0
0
0
0
0
0
0
0
0
0
0
0
0
0
0
0
0
0
0
0
0
0
0
0
0
0
0
0
0
0
0
0
0
0
0
0
0
0
0
0
0
0
0
0
0
0
0
0
0
0
0
0
0
0
0
0
0
0
0
0
0
0
0
0
0
0
0
0
0
0
0
0
0
0
0
0
0
0
0
0
0
0
0
0
0
0
0
0
0
0
0
0
0
0
0
0
0
0
0
0
0
0
0
0
0
0
0
0
0
0
0
0
0
0
0
0
0
0
0
0
0
0
0
0
0
0
0
0
0
0
0
0
0
0
0
0
0
0
0
0
0
0
0
0
0
0
0
0
0
0
0
0
0
0
0
0
0
0
0
0
0
0
0
0
0
0
0
0
0
0
0
0
0
0
0
0
0
0
0
0
0
0
0
0
0
0
0
0
0
0
0
0
0
0
0
0
0
0
0
0
0
0
0
0
0
0
0
0
0
0
0
0
0
0
0
0
0
0
0
0
0
0
0
0
0
0
0
0
0
0
0
0
0
0
0
0
0
0
0
0
0
0
0
0
0
0
0
0
0
0
0
0
0
0
0
0
0
0
0
0
0
0
0
0
0
0
0
0
0
0
0
0
0
0
0
0
0
0
0
0
0
0
0
0
0
0
0
0
0
0
0
0
0
0
0
0
0
0
0
0
0
0
0
0
0
0
0
0
0
0
0
0
0
0
0
0
0
0
0
0
0
0
0
0
0
0
0
0
0
0
0
0
0
0
0
0
0
0
0
0
0
0
0
0
0
0
0
0
0
0
0
0
0
0
0
0
0
0
0
0
0
0
0
0
0
0
0
0
0
0
0
0
0
0
0
0
0
0
0
0
0
0
0
0
0
0
0
0
0
0
0
0
0
0
0
0
0
0
0
0
0
0
0
0
0
0
0
0
0
0
0
0
0
0
0
0
0
0
0
0
0
0
0
0
0
0
0
0
0
0
0
0
0
0
0
0
0
0
0
0
0
0
0
0
0
0
0
0
0
0
0
0
0
0
0
0
0
0
0
0
0
0
0
0
0
0
0
0
0
0
0
0
0
0
0
0
0
0
0
0
0
0
0
0
0
0
0
0
0
0
0
0
0
0
0
0
0
0
0
0
0
0
0
0
)
;

boundaryField
{
    anodeSides
    {
        type            calculated;
        value           uniform 0;
    }
    fuelInlet
    {
        type            calculated;
        value           uniform 0;
    }
    fuelOutlet
    {
        type            calculated;
        value           nonuniform List<scalar> 0();
    }
    fuel_to_electrolyte
    {
        type            calculated;
        value           uniform 0;
    }
    fuel_to_interconnect
    {
        type            calculated;
        value           uniform 0;
    }
    procBoundary0to1
    {
        type            processor;
        value           uniform 0;
    }
}
)

// processor1

19756
(dimensions      [0 -3 0 0 0 1 0];

internalField   nonuniform List<scalar> 
4000
(
9.325839e+08
9.260033e+08
9.323797e+08
3.594241e+08
9.119621e+08
9.258011e+08
3.570335e+08
9.322245e+08
3.595129e+08
1.858566e+08
8.891117e+08
9.117596e+08
3.519737e+08
9.256507e+08
3.571184e+08
1.845031e+08
9.320831e+08
3.596145e+08
1.859557e+08
1.125737e+08
8.569583e+08
8.888923e+08
3.438329e+08
9.116191e+08
3.520494e+08
1.816495e+08
9.255144e+08
3.572179e+08
1.845987e+08
1.116174e+08
9.319614e+08
3.597225e+08
1.860608e+08
1.126649e+08
8.34598e+07
8.186735e+08
8.5671e+08
3.325208e+08
8.887682e+08
3.438887e+08
1.770839e+08
9.114913e+08
3.521448e+08
1.817372e+08
1.096071e+08
9.253976e+08
3.573242e+08
1.847016e+08
1.117056e+08
8.266176e+07
9.318439e+08
3.59826e+08
1.8617e+08
1.127602e+08
8.354531e+07
0
7.828364e+08
8.183916e+08
3.192178e+08
8.565913e+08
3.325495e+08
1.707829e+08
8.886496e+08
3.439791e+08
1.771564e+08
1.064055e+08
9.113829e+08
3.52247e+08
1.818355e+08
1.096884e+08
8.098706e+07
9.252848e+08
3.57426e+08
1.848087e+08
1.117986e+08
8.274435e+07
0
9.317495e+08
3.599327e+08
1.862733e+08
1.128584e+08
8.363398e+07
0
0
7.546247e+08
7.825202e+08
3.069135e+08
8.182649e+08
3.192183e+08
1.634329e+08
8.564824e+08
3.32628e+08
1.708355e+08
1.020141e+08
8.885494e+08
3.440741e+08
1.772488e+08
1.064743e+08
7.83269e+07
9.112782e+08
3.523449e+08
1.819384e+08
1.097771e+08
8.106327e+07
0
9.251923e+08
3.575311e+08
1.849101e+08
1.118949e+08
8.283089e+07
0
0
9.316698e+08
3.600377e+08
1.86379e+08
1.129511e+08
8.372529e+07
0
0
0
7.357442e+08
7.542791e+08
2.972985e+08
7.823766e+08
3.068889e+08
1.567043e+08
8.181615e+08
3.192798e+08
1.634652e+08
9.693251e+07
8.563896e+08
3.32714e+08
1.709173e+08
1.020667e+08
7.469001e+07
8.884518e+08
3.441648e+08
1.773447e+08
1.065572e+08
7.839177e+07
0
9.111898e+08
3.524464e+08
1.820356e+08
1.098694e+08
8.114569e+07
0
0
9.251166e+08
3.576333e+08
1.85014e+08
1.119857e+08
8.292035e+07
0
0
0
9.315896e+08
3.601534e+08
1.864807e+08
1.130457e+08
8.381138e+07
0
0
0
0
7.263677e+08
7.353795e+08
2.908866e+08
7.54123e+08
2.972544e+08
1.514913e+08
7.822676e+08
3.069333e+08
1.567191e+08
9.233472e+07
8.18071e+08
3.193553e+08
1.635335e+08
9.696885e+07
7.049907e+07
8.562999e+08
3.32795e+08
1.710046e+08
1.021403e+08
7.474044e+07
0
8.88371e+08
3.442591e+08
1.774349e+08
1.066432e+08
7.846855e+07
0
0
9.111189e+08
3.525433e+08
1.821355e+08
1.099564e+08
8.123128e+07
0
0
0
9.250434e+08
3.577472e+08
1.851131e+08
1.120786e+08
8.300463e+07
0
0
0
0
9.314915e+08
3.602567e+08
1.865899e+08
1.131362e+08
8.389917e+07
0
0
0
0
0
7.263677e+08
7.25994e+08
2.877063e+08
7.352153e+08
2.908301e+08
1.480355e+08
7.539975e+08
2.972868e+08
1.514928e+08
8.881079e+07
7.821738e+08
3.069969e+08
1.567749e+08
9.235737e+07
6.674076e+07
8.179835e+08
3.194251e+08
1.636116e+08
9.703122e+07
7.0535e+07
0
8.562241e+08
3.328806e+08
1.710861e+08
1.022185e+08
7.480849e+07
0
0
8.882993e+08
3.443491e+08
1.775282e+08
1.067238e+08
7.854809e+07
0
0
0
9.110591e+08
3.526523e+08
1.822297e+08
1.100456e+08
8.13118e+07
0
0
0
0
9.249493e+08
3.578501e+08
1.852204e+08
1.121668e+08
8.309073e+07
0
0
0
0
0
3.603557e+08
1.866888e+08
1.132327e+08
8.398296e+07
0
0
0
0
0
0
7.357442e+08
7.25994e+08
2.877063e+08
7.258279e+08
2.87644e+08
1.463272e+08
7.350763e+08
2.908553e+08
1.480288e+08
8.649346e+07
7.539024e+08
2.973375e+08
1.515401e+08
8.882333e+07
6.388511e+07
7.820779e+08
3.070563e+08
1.568437e+08
9.240958e+07
6.676468e+07
0
8.179098e+08
3.194998e+08
1.636834e+08
9.710109e+07
7.05928e+07
0
0
8.561513e+08
3.329606e+08
1.711711e+08
1.022912e+08
7.488063e+07
0
0
0
8.882452e+08
3.444479e+08
1.776158e+08
1.068069e+08
7.862266e+07
0
0
0
0
9.109735e+08
3.527542e+08
1.823325e+08
1.101294e+08
8.139435e+07
0
0
0
0
0
3.579477e+08
1.853181e+08
1.122614e+08
8.317238e+07
0
0
0
0
0
0
1.867859e+08
1.133204e+08
8.4072e+07
0
0
0
0
0
0
0
7.546247e+08
7.353794e+08
2.908866e+08
7.25828e+08
2.87644e+08
1.463272e+08
7.256846e+08
2.876665e+08
1.463165e+08
8.535338e+07
7.349775e+08
2.908966e+08
1.480708e+08
8.649971e+07
6.201955e+07
7.537983e+08
2.973904e+08
1.515998e+08
8.886865e+07
6.390029e+07
0
7.819988e+08
3.071187e+08
1.569071e+08
9.247166e+07
6.681338e+07
0
0
8.178353e+08
3.195691e+08
1.637591e+08
9.716538e+07
7.065713e+07
0
0
0
8.560959e+08
3.330472e+08
1.712499e+08
1.023669e+08
7.494775e+07
0
0
0
0
8.881738e+08
3.445423e+08
1.7771e+08
1.068848e+08
7.869944e+07
0
0
0
0
0
3.528491e+08
1.824279e+08
1.102199e+08
8.147188e+07
0
0
0
0
0
0
1.854136e+08
1.123479e+08
8.325966e+07
0
0
0
0
0
0
0
1.134072e+08
8.415312e+07
0
0
0
0
0
0
0
0
7.828364e+08
7.54279e+08
2.972985e+08
7.352154e+08
2.908301e+08
1.480355e+08
7.256845e+08
2.876665e+08
1.463165e+08
8.535338e+07
7.255793e+08
2.877043e+08
1.463566e+08
8.53567e+07
6.110538e+07
7.348696e+08
2.909447e+08
1.481242e+08
8.654089e+07
6.202933e+07
0
7.537126e+08
2.974438e+08
1.516581e+08
8.892356e+07
6.394285e+07
0
0
7.819171e+08
3.071772e+08
1.569735e+08
9.252884e+07
6.687057e+07
0
0
0
8.177733e+08
3.196437e+08
1.638288e+08
9.723298e+07
7.071637e+07
0
0
0
0
8.560317e+08
3.331295e+08
1.713341e+08
1.02437e+08
7.501755e+07
0
0
0
0
0
3.446341e+08
1.777986e+08
1.06968e+08
7.877131e+07
0
0
0
0
0
0
1.825202e+08
1.103038e+08
8.155523e+07
0
0
0
0
0
0
0
1.124332e+08
8.333953e+07
0
0
0
0
0
0
0
0
8.423375e+07
0
0
0
0
0
0
0
0
0
8.186735e+08
7.825201e+08
3.069135e+08
7.541232e+08
2.972544e+08
1.514913e+08
7.350761e+08
2.908553e+08
1.480288e+08
8.649346e+07
7.255792e+08
2.877043e+08
1.463566e+08
8.535669e+07
6.110538e+07
7.254704e+08
2.877481e+08
1.464075e+08
8.539627e+07
6.111265e+07
0
7.347787e+08
2.909932e+08
1.481788e+08
8.659094e+07
6.206822e+07
0
0
7.536232e+08
2.974941e+08
1.517179e+08
8.897633e+07
6.399368e+07
0
0
0
7.81848e+08
3.072404e+08
1.570347e+08
9.258871e+07
6.692325e+07
0
0
0
0
8.177053e+08
3.197122e+08
1.639031e+08
9.729502e+07
7.077857e+07
0
0
0
0
0
3.332135e+08
1.714127e+08
1.025115e+08
7.50821e+07
0
0
0
0
0
0
1.778869e+08
1.070458e+08
7.884791e+07
0
0
0
0
0
0
0
1.103861e+08
8.163253e+07
0
0
0
0
0
0
0
0
8.341863e+07
0
0
0
0
0
0
0
0
0
0
0
0
0
0
0
0
0
0
0
8.569585e+08
8.183915e+08
3.192178e+08
7.823768e+08
3.068889e+08
1.567043e+08
7.53997e+08
2.972869e+08
1.514928e+08
8.881079e+07
7.349772e+08
2.908965e+08
1.480708e+08
8.649969e+07
6.201955e+07
7.254704e+08
2.87748e+08
1.464075e+08
8.539627e+07
6.111265e+07
0
7.253778e+08
2.877948e+08
1.464593e+08
8.54444e+07
6.115009e+07
0
0
7.346832e+08
2.910381e+08
1.482351e+08
8.664069e+07
6.21148e+07
0
0
0
7.535484e+08
2.975486e+08
1.517729e+08
8.903078e+07
6.404228e+07
0
0
0
0
7.817652e+08
3.072976e+08
1.571003e+08
9.264362e+07
6.69784e+07
0
0
0
0
0
3.197839e+08
1.639708e+08
9.736109e+07
7.083564e+07
0
0
0
0
0
0
1.714936e+08
1.025808e+08
7.515069e+07
0
0
0
0
0
0
0
1.07124e+08
7.891945e+07
0
0
0
0
0
0
0
0
8.170866e+07
0
0
0
0
0
0
0
0
0
0
0
0
0
0
0
0
0
0
0
0
0
0
0
0
0
0
0
0
8.891118e+08
8.567097e+08
3.325208e+08
8.18265e+08
3.192182e+08
1.634329e+08
7.822671e+08
3.069333e+08
1.56719e+08
9.233472e+07
7.539019e+08
2.973373e+08
1.515401e+08
8.882331e+07
6.388511e+07
7.348695e+08
2.909445e+08
1.481241e+08
8.65409e+07
6.202932e+07
0
7.253778e+08
2.877948e+08
1.464593e+08
8.544438e+07
6.11501e+07
0
0
7.252791e+08
2.878375e+08
1.465141e+08
8.549195e+07
6.119497e+07
0
0
0
7.346039e+08
2.91087e+08
1.482862e+08
8.669219e+07
6.216064e+07
0
0
0
0
7.534528e+08
2.975982e+08
1.518321e+08
8.908062e+07
6.409252e+07
0
0
0
0
0
3.073552e+08
1.571593e+08
9.270237e+07
6.702894e+07
0
0
0
0
0
0
1.640419e+08
9.742116e+07
7.089635e+07
0
0
0
0
0
0
0
1.026523e+08
7.521429e+07
0
0
0
0
0
0
0
0
7.899155e+07
0
0
0
0
0
0
0
0
0
0
0
0
0
0
0
0
0
0
0
0
0
0
0
0
0
0
0
0
0
0
0
0
0
0
0
0
9.11962e+08
8.888918e+08
3.438329e+08
8.565916e+08
3.325494e+08
1.707829e+08
8.181612e+08
3.192798e+08
1.634651e+08
9.693252e+07
7.821733e+08
3.069967e+08
1.567749e+08
9.235735e+07
6.674076e+07
7.537981e+08
2.973902e+08
1.515996e+08
8.886869e+07
6.390027e+07
0
7.347787e+08
2.909931e+08
1.481787e+08
8.659088e+07
6.206823e+07
0
0
7.252791e+08
2.878375e+08
1.465141e+08
8.549192e+07
6.119495e+07
0
0
0
7.25198e+08
2.878837e+08
1.465636e+08
8.554226e+07
6.123889e+07
0
0
0
0
7.345015e+08
2.911316e+08
1.483414e+08
8.673888e+07
6.220821e+07
0
0
0
0
0
2.976454e+08
1.518854e+08
8.913418e+07
6.413846e+07
0
0
0
0
0
0
1.572202e+08
9.275524e+07
6.708296e+07
0
0
0
0
0
0
0
9.748431e+07
7.095156e+07
0
0
0
0
0
0
0
0
7.528003e+07
0
0
0
0
0
0
0
0
0
0
0
0
0
0
0
0
0
0
0
0
0
0
0
0
0
0
0
0
0
0
0
0
0
0
0
0
0
0
0
0
0
0
0
9.260031e+08
9.117594e+08
3.519736e+08
8.887686e+08
3.438884e+08
1.770839e+08
8.56482e+08
3.326281e+08
1.708354e+08
1.020141e+08
8.180705e+08
3.193551e+08
1.635336e+08
9.696882e+07
7.049908e+07
7.820777e+08
3.07056e+08
1.568435e+08
9.240961e+07
6.676466e+07
0
7.537126e+08
2.974437e+08
1.516579e+08
8.892347e+07
6.394288e+07
0
0
7.346832e+08
2.910381e+08
1.48235e+08
8.664062e+07
6.211475e+07
0
0
0
7.25198e+08
2.878837e+08
1.465636e+08
8.554225e+07
6.123888e+07
0
0
0
0
7.250937e+08
2.879262e+08
1.466169e+08
8.558761e+07
6.128536e+07
0
0
0
0
0
2.91173e+08
1.48391e+08
8.678918e+07
6.22513e+07
0
0
0
0
0
0
1.519389e+08
8.918225e+07
6.418778e+07
0
0
0
0
0
0
0
9.281015e+07
6.71316e+07
0
0
0
0
0
0
0
0
7.100959e+07
0
0
0
0
0
0
0
0
0
0
0
0
0
0
0
0
0
0
0
0
0
0
0
0
0
0
0
0
0
0
0
0
0
0
0
0
0
0
0
0
0
0
0
0
0
0
0
0
0
9.325837e+08
9.258009e+08
3.570334e+08
9.116194e+08
3.520493e+08
1.816495e+08
8.886488e+08
3.439792e+08
1.771563e+08
1.064055e+08
8.563889e+08
3.327137e+08
1.709173e+08
1.020667e+08
7.469003e+07
8.179833e+08
3.194248e+08
1.636115e+08
9.703124e+07
7.053497e+07
0
7.819987e+08
3.071186e+08
1.569069e+08
9.247155e+07
6.681341e+07
0
0
7.536232e+08
2.97494e+08
1.517178e+08
8.897624e+07
6.39936e+07
0
0
0
7.346039e+08
2.91087e+08
1.482862e+08
8.669216e+07
6.216058e+07
0
0
0
0
7.250937e+08
2.879262e+08
1.466169e+08
8.55876e+07
6.128535e+07
0
0
0
0
0
2.879654e+08
1.46665e+08
8.56364e+07
6.132725e+07
0
0
0
0
0
0
1.484405e+08
8.683431e+07
6.22977e+07
0
0
0
0
0
0
0
8.923131e+07
6.423206e+07
0
0
0
0
0
0
0
0
6.718222e+07
0
0
0
0
0
0
0
0
0
0
0
0
0
0
0
0
0
0
0
0
0
0
0
0
0
0
0
0
0
0
0
0
0
0
0
0
0
0
0
0
0
0
0
0
0
0
0
0
0
0
0
0
0
0
9.323795e+08
3.59424e+08
9.25651e+08
3.571183e+08
1.845031e+08
9.114907e+08
3.521449e+08
1.817371e+08
1.096071e+08
8.885483e+08
3.440737e+08
1.772488e+08
1.064742e+08
7.832691e+07
8.562996e+08
3.327946e+08
1.710045e+08
1.021404e+08
7.474039e+07
0
8.179097e+08
3.194997e+08
1.636832e+08
9.7101e+07
7.059281e+07
0
0
7.819171e+08
3.071772e+08
1.569735e+08
9.252873e+07
6.687047e+07
0
0
0
7.535485e+08
2.975486e+08
1.517729e+08
8.903073e+07
6.404219e+07
0
0
0
0
7.345017e+08
2.911317e+08
1.483414e+08
8.673887e+07
6.220818e+07
0
0
0
0
0
2.879654e+08
1.46665e+08
8.56364e+07
6.132724e+07
0
0
0
0
0
0
1.467129e+08
8.568023e+07
6.137229e+07
0
0
0
0
0
0
0
8.688009e+07
6.233931e+07
0
0
0
0
0
0
0
0
6.427746e+07
0
0
0
0
0
0
0
0
0
0
0
0
0
0
0
0
0
0
0
0
0
0
0
0
0
0
0
0
0
0
0
0
0
0
0
0
0
0
0
0
0
0
0
0
0
0
0
0
0
0
0
0
0
0
0
0
0
0
0
9.322248e+08
3.595128e+08
1.858565e+08
9.255138e+08
3.572181e+08
1.845986e+08
1.116173e+08
9.11382e+08
3.522467e+08
1.818356e+08
1.096883e+08
8.098703e+07
8.884513e+08
3.441642e+08
1.773445e+08
1.065573e+08
7.839167e+07
0
8.56224e+08
3.328804e+08
1.710858e+08
1.022184e+08
7.480852e+07
0
0
8.178353e+08
3.195691e+08
1.63759e+08
9.716526e+07
7.065706e+07
0
0
0
7.818481e+08
3.072404e+08
1.570347e+08
9.258865e+07
6.692315e+07
0
0
0
0
7.534531e+08
2.975982e+08
1.518321e+08
8.90806e+07
6.409248e+07
0
0
0
0
0
2.911731e+08
1.483911e+08
8.678918e+07
6.22513e+07
0
0
0
0
0
0
1.467129e+08
8.568023e+07
6.137228e+07
0
0
0
0
0
0
0
8.572473e+07
6.141272e+07
0
0
0
0
0
0
0
0
6.238178e+07
0
0
0
0
0
0
0
0
0
0
0
0
0
0
0
0
0
0
0
0
0
0
0
0
0
0
0
0
0
0
0
0
0
0
0
0
0
0
0
0
0
0
0
0
0
0
0
0
0
0
0
0
0
0
0
0
0
0
0
0
0
0
0
0
9.320825e+08
3.596147e+08
1.859556e+08
1.125736e+08
9.253967e+08
3.573238e+08
1.847016e+08
1.117055e+08
8.266172e+07
9.112778e+08
3.523444e+08
1.819382e+08
1.097772e+08
8.106321e+07
0
8.883708e+08
3.442589e+08
1.774346e+08
1.06643e+08
7.84686e+07
0
0
8.561511e+08
3.329605e+08
1.71171e+08
1.02291e+08
7.488053e+07
0
0
0
8.177734e+08
3.196437e+08
1.638287e+08
9.723291e+07
7.071626e+07
0
0
0
0
7.817654e+08
3.072977e+08
1.571003e+08
9.26436e+07
6.697834e+07
0
0
0
0
0
2.976455e+08
1.518854e+08
8.913417e+07
6.413844e+07
0
0
0
0
0
0
1.484406e+08
8.683432e+07
6.22977e+07
0
0
0
0
0
0
0
8.572474e+07
6.141272e+07
0
0
0
0
0
0
0
0
6.145403e+07
0
0
0
0
0
0
0
0
0
0
0
0
0
0
0
0
0
0
0
0
0
0
0
0
0
0
0
0
0
0
0
0
0
0
0
0
0
0
0
0
0
0
0
0
0
0
0
0
0
0
0
0
0
0
0
0
0
0
0
0
0
0
0
0
0
0
0
0
0
9.319605e+08
3.597221e+08
1.860609e+08
1.126649e+08
8.345975e+07
9.252844e+08
3.574255e+08
1.848085e+08
1.117986e+08
8.274429e+07
0
9.111895e+08
3.524462e+08
1.820353e+08
1.098693e+08
8.114573e+07
0
0
8.88299e+08
3.443489e+08
1.77528e+08
1.067235e+08
7.854794e+07
0
0
0
8.560958e+08
3.330472e+08
1.712498e+08
1.023668e+08
7.49476e+07
0
0
0
0
8.177055e+08
3.197122e+08
1.639031e+08
9.729499e+07
7.077851e+07
0
0
0
0
0
3.073553e+08
1.571593e+08
9.270236e+07
6.702892e+07
0
0
0
0
0
0
1.51939e+08
8.918227e+07
6.418777e+07
0
0
0
0
0
0
0
8.688013e+07
6.233932e+07
0
0
0
0
0
0
0
0
6.145404e+07
0
0
0
0
0
0
0
0
0
0
0
0
0
0
0
0
0
0
0
0
0
0
0
0
0
0
0
0
0
0
0
0
0
0
0
0
0
0
0
0
0
0
0
0
0
0
0
0
0
0
0
0
0
0
0
0
0
0
0
0
0
0
0
0
0
0
0
0
0
0
0
0
0
0
9.318434e+08
3.598255e+08
1.861698e+08
1.127602e+08
8.354525e+07
0
9.251918e+08
3.575309e+08
1.849098e+08
1.118947e+08
8.283093e+07
0
0
9.111186e+08
3.525431e+08
1.821354e+08
1.099561e+08
8.123113e+07
0
0
0
8.882451e+08
3.444477e+08
1.776157e+08
1.068068e+08
7.862243e+07
0
0
0
0
8.560318e+08
3.331295e+08
1.71334e+08
1.024369e+08
7.501747e+07
0
0
0
0
0
3.19784e+08
1.639708e+08
9.736106e+07
7.083561e+07
0
0
0
0
0
0
1.572203e+08
9.275526e+07
6.708295e+07
0
0
0
0
0
0
0
8.923136e+07
6.423207e+07
0
0
0
0
0
0
0
0
6.238181e+07
0
0
0
0
0
0
0
0
0
0
0
0
0
0
0
0
0
0
0
0
0
0
0
0
0
0
0
0
0
0
0
0
0
0
0
0
0
0
0
0
0
0
0
0
0
0
0
0
0
0
0
0
0
0
0
0
0
0
0
0
0
0
0
0
0
0
0
0
0
0
0
0
0
0
0
0
0
0
0
9.31749e+08
3.599324e+08
1.86273e+08
1.128582e+08
8.363401e+07
0
0
9.251162e+08
3.57633e+08
1.850138e+08
1.119855e+08
8.29202e+07
0
0
0
9.110592e+08
3.526521e+08
1.822296e+08
1.100454e+08
8.131159e+07
0
0
0
0
8.881741e+08
3.445422e+08
1.777099e+08
1.068847e+08
7.869932e+07
0
0
0
0
0
3.332135e+08
1.714126e+08
1.025115e+08
7.508206e+07
0
0
0
0
0
0
1.640419e+08
9.742116e+07
7.089633e+07
0
0
0
0
0
0
0
9.281019e+07
6.713162e+07
0
0
0
0
0
0
0
0
6.42775e+07
0
0
0
0
0
0
0
0
0
0
0
0
0
0
0
0
0
0
0
0
0
0
0
0
0
0
0
0
0
0
0
0
0
0
0
0
0
0
0
0
0
0
0
0
0
0
0
0
0
0
0
0
0
0
0
0
0
0
0
0
0
0
0
0
0
0
0
0
0
0
0
0
0
0
0
0
0
0
0
0
0
0
0
0
0
9.316694e+08
3.600374e+08
1.863788e+08
1.129508e+08
8.372514e+07
0
0
0
9.250436e+08
3.57747e+08
1.851129e+08
1.120784e+08
8.300441e+07
0
0
0
0
9.109741e+08
3.527542e+08
1.823324e+08
1.101293e+08
8.139423e+07
0
0
0
0
0
3.446343e+08
1.777985e+08
1.069679e+08
7.877125e+07
0
0
0
0
0
0
1.714936e+08
1.025808e+08
7.515065e+07
0
0
0
0
0
0
0
9.748434e+07
7.095156e+07
0
0
0
0
0
0
0
0
6.718225e+07
0
0
0
0
0
0
0
0
0
0
0
0
0
0
0
0
0
0
0
0
0
0
0
0
0
0
0
0
0
0
0
0
0
0
0
0
0
0
0
0
0
0
0
0
0
0
0
0
0
0
0
0
0
0
0
0
0
0
0
0
0
0
0
0
0
0
0
0
0
0
0
0
0
0
0
0
0
0
0
0
0
0
0
0
0
0
0
0
0
0
0
0
9.315897e+08
3.601532e+08
1.864805e+08
1.130456e+08
8.381116e+07
0
0
0
0
9.249498e+08
3.578502e+08
1.852203e+08
1.121667e+08
8.30906e+07
0
0
0
0
0
3.528493e+08
1.824279e+08
1.102198e+08
8.14718e+07
0
0
0
0
0
0
1.77887e+08
1.070458e+08
7.884784e+07
0
0
0
0
0
0
0
1.026523e+08
7.521427e+07
0
0
0
0
0
0
0
0
7.100962e+07
0
0
0
0
0
0
0
0
0
0
0
0
0
0
0
0
0
0
0
0
0
0
0
0
0
0
0
0
0
0
0
0
0
0
0
0
0
0
0
0
0
0
0
0
0
0
0
0
0
0
0
0
0
0
0
0
0
0
0
0
0
0
0
0
0
0
0
0
0
0
0
0
0
0
0
0
0
0
0
0
0
0
0
0
0
0
0
0
0
0
0
0
0
0
0
0
0
0
0
0
9.314919e+08
3.602568e+08
1.865898e+08
1.131361e+08
8.389903e+07
0
0
0
0
0
3.579479e+08
1.853182e+08
1.122613e+08
8.317227e+07
0
0
0
0
0
0
1.825204e+08
1.103038e+08
8.155515e+07
0
0
0
0
0
0
0
1.07124e+08
7.891943e+07
0
0
0
0
0
0
0
0
7.528005e+07
0
0
0
0
0
0
0
0
0
0
0
0
0
0
0
0
0
0
0
0
0
0
0
0
0
0
0
0
0
0
0
0
0
0
0
0
0
0
0
0
0
0
0
0
0
0
0
0
0
0
0
0
0
0
0
0
0
0
0
0
0
0
0
0
0
0
0
0
0
0
0
0
0
0
0
0
0
0
0
0
0
0
0
0
0
0
0
0
0
0
0
0
0
0
0
0
0
0
0
0
0
0
0
0
0
0
0
0
0
3.603559e+08
1.866888e+08
1.132326e+08
8.398284e+07
0
0
0
0
0
0
1.854137e+08
1.123479e+08
8.325957e+07
0
0
0
0
0
0
0
1.103862e+08
8.163253e+07
0
0
0
0
0
0
0
0
7.89916e+07
0
0
0
0
0
0
0
0
0
0
0
0
0
0
0
0
0
0
0
0
0
0
0
0
0
0
0
0
0
0
0
0
0
0
0
0
0
0
0
0
0
0
0
0
0
0
0
0
0
0
0
0
0
0
0
0
0
0
0
0
0
0
0
0
0
0
0
0
0
0
0
0
0
0
0
0
0
0
0
0
0
0
0
0
0
0
0
0
0
0
0
0
0
0
0
0
0
0
0
0
0
0
0
0
0
0
0
0
0
0
0
0
0
0
0
0
0
0
0
1.86786e+08
1.133204e+08
8.40719e+07
0
0
0
0
0
0
0
1.124333e+08
8.333955e+07
0
0
0
0
0
0
0
0
8.170876e+07
0
0
0
0
0
0
0
0
0
0
0
0
0
0
0
0
0
0
0
0
0
0
0
0
0
0
0
0
0
0
0
0
0
0
0
0
0
0
0
0
0
0
0
0
0
0
0
0
0
0
0
0
0
0
0
0
0
0
0
0
0
0
0
0
0
0
0
0
0
0
0
0
0
0
0
0
0
0
0
0
0
0
0
0
0
0
0
0
0
0
0
0
0
0
0
0
0
0
0
0
0
0
0
0
0
0
0
0
0
0
0
0
0
0
0
0
0
0
0
0
0
0
0
0
0
0
0
1.134073e+08
8.415314e+07
0
0
0
0
0
0
0
0
8.341871e+07
0
0
0
0
0
0
0
0
0
0
0
0
0
0
0
0
0
0
0
0
0
0
0
0
0
0
0
0
0
0
0
0
0
0
0
0
0
0
0
0
0
0
0
0
0
0
0
0
0
0
0
0
0
0
0
0
0
0
0
0
0
0
0
0
0
0
0
0
0
0
0
0
0
0
0
0
0
0
0
0
0
0
0
0
0
0
0
0
0
0
0
0
0
0
0
0
0
0
0
0
0
0
0
0
0
0
0
0
0
0
0
0
0
0
0
0
0
0
0
0
0
0
0
0
0
0
0
0
0
0
0
0
0
8.423383e+07
0
0
0
0
0
0
0
0
0
0
0
0
0
0
0
0
0
0
0
0
0
0
0
0
0
0
0
0
0
0
0
0
0
0
0
0
0
0
0
0
0
0
0
0
0
0
0
0
0
0
0
0
0
0
0
0
0
0
0
0
0
0
0
0
0
0
0
0
0
0
0
0
0
0
0
0
0
0
0
0
0
0
0
0
0
0
0
0
0
0
0
0
0
0
0
0
0
0
0
0
0
0
0
0
0
0
0
0
0
0
0
0
0
0
0
0
0
0
0
0
0
0
0
0
0
0
0
0
0
0
0
0
0
0
0
0
0
0
0
0
0
0
0
0
0
0
0
0
0
0
0
0
0
0
0
0
0
0
0
0
0
0
0
0
0
0
0
0
0
0
0
0
0
0
0
0
0
0
0
0
0
0
0
0
0
0
0
0
0
0
0
0
0
0
0
0
0
0
0
0
0
0
0
0
0
0
0
0
0
0
0
0
0
0
0
0
0
0
0
0
0
0
0
0
0
0
0
0
0
0
0
0
0
0
0
0
0
0
0
0
0
0
0
0
0
0
0
0
0
0
0
0
0
0
0
0
0
0
0
0
0
0
0
0
0
0
0
0
0
0
0
0
0
0
0
0
0
0
0
0
0
0
0
0
0
0
0
0
0
0
0
0
0
0
0
0
0
0
0
0
0
0
0
0
0
0
0
0
0
0
0
0
0
0
0
0
0
0
0
0
0
0
0
0
0
0
0
0
0
0
0
0
0
0
0
0
0
0
0
0
0
0
0
0
0
0
0
0
0
0
0
0
0
0
0
0
0
0
0
0
0
0
0
0
0
0
0
0
0
0
0
0
0
0
0
0
0
0
0
0
0
0
0
0
0
0
0
0
0
0
0
0
0
0
0
0
0
0
0
0
0
0
0
0
0
0
0
0
0
0
0
0
0
0
0
0
0
0
0
0
0
0
0
0
0
0
0
0
0
0
0
0
0
0
0
0
0
0
0
0
0
0
0
0
0
0
0
0
0
0
0
0
0
0
0
0
0
0
0
0
0
0
0
0
0
0
0
0
0
0
0
0
0
0
0
0
0
0
0
0
0
0
0
0
0
0
0
0
0
0
0
0
0
0
0
0
0
0
0
0
0
0
0
0
0
0
0
0
0
0
0
0
0
0
0
0
0
0
0
0
0
0
0
0
0
0
0
0
0
0
0
0
0
0
0
0
0
0
0
0
0
0
0
0
0
0
0
0
0
0
0
0
0
0
0
0
0
0
0
0
0
0
0
0
0
0
0
0
0
0
0
0
0
0
0
0
0
0
0
0
0
0
0
0
0
0
0
0
0
0
0
0
0
0
0
0
0
0
0
0
0
0
0
0
0
0
0
0
0
0
0
0
0
0
0
0
0
0
0
0
0
0
0
0
0
0
0
0
0
0
0
0
0
0
0
0
0
0
0
0
0
0
0
0
0
0
0
0
0
0
0
0
0
0
0
0
0
0
0
0
0
0
0
0
0
0
0
0
0
0
0
0
0
0
0
0
0
0
0
0
0
0
0
0
0
0
0
0
0
0
0
0
0
0
0
0
0
0
0
0
0
0
0
0
0
0
0
0
0
0
0
0
0
0
0
0
0
0
0
0
0
0
0
0
0
0
0
0
0
0
0
0
0
0
0
0
0
0
0
0
0
0
0
0
0
0
0
0
0
0
0
0
0
0
0
0
0
0
0
0
0
0
0
0
0
0
0
0
0
0
0
0
0
0
0
0
0
0
0
0
0
0
0
0
0
0
0
0
0
0
0
0
0
0
0
0
0
0
0
0
0
0
0
0
0
0
0
0
0
0
0
0
0
0
0
0
0
0
0
0
0
0
0
0
0
0
0
0
0
0
0
0
0
0
0
0
0
0
0
0
0
0
0
0
0
0
0
0
0
0
0
0
0
0
0
0
0
0
0
0
0
0
0
0
0
0
0
0
0
0
0
0
0
0
0
0
0
0
0
0
0
0
0
0
0
0
0
0
0
0
0
0
0
0
0
0
0
0
0
0
0
0
0
0
0
0
0
0
0
0
0
0
0
0
0
0
0
0
0
0
0
0
0
0
0
0
0
0
0
0
0
0
)
;

boundaryField
{
    anodeSides
    {
        type            calculated;
        value           uniform 0;
    }
    fuelInlet
    {
        type            calculated;
        value           nonuniform List<scalar> 0();
    }
    fuelOutlet
    {
        type            calculated;
        value           nonuniform List<scalar> 0();
    }
    fuel_to_electrolyte
    {
        type            calculated;
        value           uniform 0;
    }
    fuel_to_interconnect
    {
        type            calculated;
        value           uniform 0;
    }
    procBoundary1to0
    {
        type            processor;
        value           uniform 0;
    }
    procBoundary1to2
    {
        type            processor;
        value           uniform 0;
    }
}
)

// processor2

19745
(dimensions      [0 -3 0 0 0 1 0];

internalField   nonuniform List<scalar> 
4000
(
9.314016e+08
9.248611e+08
9.31323e+08
3.604462e+08
9.108873e+08
9.247861e+08
3.580357e+08
9.312657e+08
3.605491e+08
1.868749e+08
8.880895e+08
9.108173e+08
3.529317e+08
9.247317e+08
3.581371e+08
1.855003e+08
9.312184e+08
3.606508e+08
1.869734e+08
1.134869e+08
8.559462e+08
8.880283e+08
3.447085e+08
9.107697e+08
3.53029e+08
1.826021e+08
9.246861e+08
3.582368e+08
1.855971e+08
1.125108e+08
9.311889e+08
3.607652e+08
1.870685e+08
1.135744e+08
8.430775e+07
8.176121e+08
8.558932e+08
3.332767e+08
8.879837e+08
3.448009e+08
1.779616e+08
9.107242e+08
3.531254e+08
1.82695e+08
1.104594e+08
9.246597e+08
3.583488e+08
1.856902e+08
1.125967e+08
8.349069e+07
9.311533e+08
3.608765e+08
1.871734e+08
1.136583e+08
8.438868e+07
0
7.816549e+08
8.175602e+08
3.198338e+08
8.55854e+08
3.333621e+08
1.71559e+08
8.879421e+08
3.448895e+08
1.780494e+08
1.07191e+08
9.107051e+08
3.532313e+08
1.827846e+08
1.105417e+08
8.177671e+07
9.246272e+08
3.584581e+08
1.857929e+08
1.126788e+08
8.357008e+07
0
9.311339e+08
3.609939e+08
1.872737e+08
1.137502e+08
8.446617e+07
0
0
7.533233e+08
7.816014e+08
3.073904e+08
8.175215e+08
3.199093e+08
1.640968e+08
8.558134e+08
3.334423e+08
1.7164e+08
1.027113e+08
8.879189e+08
3.449883e+08
1.78132e+08
1.072686e+08
7.905371e+07
9.106794e+08
3.533374e+08
1.828821e+08
1.106205e+08
8.185272e+07
0
9.246134e+08
3.585738e+08
1.858913e+08
1.127688e+08
8.364583e+07
0
0
9.310988e+08
3.611069e+08
1.8738e+08
1.138377e+08
8.455086e+07
0
0
0
7.34356e+08
7.532629e+08
2.976677e+08
7.815612e+08
3.074577e+08
1.572646e+08
8.174774e+08
3.199795e+08
1.641695e+08
9.753445e+07
8.557892e+08
3.33531e+08
1.717151e+08
1.027826e+08
7.533473e+07
8.878936e+08
3.450833e+08
1.782233e+08
1.073413e+08
7.912514e+07
0
9.106777e+08
3.5345e+08
1.82977e+08
1.10706e+08
8.192528e+07
0
0
9.245846e+08
3.586861e+08
1.859958e+08
1.128544e+08
8.372866e+07
0
0
0
9.310757e+08
3.612222e+08
1.874808e+08
1.139306e+08
8.463125e+07
0
0
0
0
7.24941e+08
7.342892e+08
2.911858e+08
7.532209e+08
2.977272e+08
1.519746e+08
7.81511e+08
3.075198e+08
1.573306e+08
9.285184e+07
8.174464e+08
3.200566e+08
1.642362e+08
9.759856e+07
7.105616e+07
8.557652e+08
3.336151e+08
1.717978e+08
1.028486e+08
7.540026e+07
0
8.878824e+08
3.451872e+08
1.783092e+08
1.074211e+08
7.919202e+07
0
0
9.106513e+08
3.535614e+08
1.830782e+08
1.107883e+08
8.200396e+07
0
0
0
9.245715e+08
3.588013e+08
1.860954e+08
1.129456e+08
8.380732e+07
0
0
0
0
9.310466e+08
3.613301e+08
1.875854e+08
1.140182e+08
8.471669e+07
0
0
0
0
0
7.24941e+08
7.248697e+08
2.879739e+08
7.342428e+08
2.912399e+08
1.484699e+08
7.531655e+08
2.977838e+08
1.520349e+08
8.926619e+07
7.814731e+08
3.075868e+08
1.573906e+08
9.291014e+07
6.722124e+07
8.174136e+08
3.201276e+08
1.643095e+08
9.765711e+07
7.111491e+07
0
8.557608e+08
3.337091e+08
1.718746e+08
1.02921e+08
7.546075e+07
0
0
8.878601e+08
3.45285e+08
1.784031e+08
1.074959e+08
7.926538e+07
0
0
0
9.10634e+08
3.536715e+08
1.831756e+08
1.108763e+08
8.20794e+07
0
0
0
0
9.245459e+08
3.589106e+08
1.861992e+08
1.13032e+08
8.389115e+07
0
0
0
0
0
3.614455e+08
1.876823e+08
1.141097e+08
8.479717e+07
0
0
0
0
0
0
7.34356e+08
7.248696e+08
2.879739e+08
7.2482e+08
2.880249e+08
1.467394e+08
7.341858e+08
2.912919e+08
1.485264e+08
8.691021e+07
7.53121e+08
2.978438e+08
1.520905e+08
8.931982e+07
6.431051e+07
7.81429e+08
3.076473e+08
1.574562e+08
9.296293e+07
6.727458e+07
0
8.174032e+08
3.202079e+08
1.64376e+08
9.772154e+07
7.116852e+07
0
0
8.557414e+08
3.337994e+08
1.719601e+08
1.029879e+08
7.552715e+07
0
0
0
8.878459e+08
3.453882e+08
1.784901e+08
1.075776e+08
7.933393e+07
0
0
0
0
9.106052e+08
3.537726e+08
1.832749e+08
1.109603e+08
8.216013e+07
0
0
0
0
0
3.590248e+08
1.862962e+08
1.131224e+08
8.397032e+07
0
0
0
0
0
0
1.877865e+08
1.141942e+08
8.488136e+07
0
0
0
0
0
0
0
7.533234e+08
7.34289e+08
2.911859e+08
7.248198e+08
2.880248e+08
1.467394e+08
7.24762e+08
2.880743e+08
1.467938e+08
8.575269e+07
7.341362e+08
2.913486e+08
1.485786e+08
8.696075e+07
6.241072e+07
7.530683e+08
2.978968e+08
1.521508e+08
8.93688e+07
6.435959e+07
0
7.814051e+08
3.077153e+08
1.575146e+08
9.302083e+07
6.732282e+07
0
0
8.173782e+08
3.202855e+08
1.644509e+08
9.777974e+07
7.122752e+07
0
0
0
8.557431e+08
3.338939e+08
1.7204e+08
1.030622e+08
7.558835e+07
0
0
0
0
8.878181e+08
3.454818e+08
1.785832e+08
1.07653e+08
7.940873e+07
0
0
0
0
0
3.538795e+08
1.833654e+08
1.110468e+08
8.223687e+07
0
0
0
0
0
0
1.863989e+08
1.132066e+08
8.405349e+07
0
0
0
0
0
0
0
1.142852e+08
8.49591e+07
0
0
0
0
0
0
0
0
7.81655e+08
7.532627e+08
2.976677e+08
7.342422e+08
2.912398e+08
1.484699e+08
7.247619e+08
2.880742e+08
1.467938e+08
8.57527e+07
7.247106e+08
2.881294e+08
1.468442e+08
8.580157e+07
6.14811e+07
7.340776e+08
2.913967e+08
1.486364e+08
8.700703e+07
6.245703e+07
0
7.530311e+08
2.979565e+08
1.522036e+08
8.942235e+07
6.440431e+07
0
0
7.813701e+08
3.077798e+08
1.575805e+08
9.30723e+07
6.737582e+07
0
0
0
8.173801e+08
3.203678e+08
1.645208e+08
9.784519e+07
7.128076e+07
0
0
0
0
8.557158e+08
3.339842e+08
1.721255e+08
1.031311e+08
7.565628e+07
0
0
0
0
0
3.455809e+08
1.786671e+08
1.07734e+08
7.947771e+07
0
0
0
0
0
0
1.834624e+08
1.111256e+08
8.231632e+07
0
0
0
0
0
0
0
1.132962e+08
8.413073e+07
0
0
0
0
0
0
0
0
8.504281e+07
0
0
0
0
0
0
0
0
0
8.176121e+08
7.816012e+08
3.073905e+08
7.5322e+08
2.977271e+08
1.519746e+08
7.341855e+08
2.912916e+08
1.485263e+08
8.691022e+07
7.247104e+08
2.881293e+08
1.468442e+08
8.580156e+07
6.14811e+07
7.246482e+08
2.881754e+08
1.469008e+08
8.584639e+07
6.152595e+07
0
7.340319e+08
2.914512e+08
1.486857e+08
8.705835e+07
6.249929e+07
0
0
7.52986e+08
2.980106e+08
1.522635e+08
8.946917e+07
6.445332e+07
0
0
0
7.813633e+08
3.078506e+08
1.576408e+08
9.313033e+07
6.74229e+07
0
0
0
0
8.173532e+08
3.204484e+08
1.645966e+08
9.790561e+07
7.134056e+07
0
0
0
0
0
3.340737e+08
1.722048e+08
1.032053e+08
7.571909e+07
0
0
0
0
0
0
1.787573e+08
1.078068e+08
7.955193e+07
0
0
0
0
0
0
0
1.112103e+08
8.238862e+07
0
0
0
0
0
0
0
0
8.421303e+07
0
0
0
0
0
0
0
0
0
0
0
0
0
0
0
0
0
0
0
8.559462e+08
8.175599e+08
3.198338e+08
7.815606e+08
3.074576e+08
1.572646e+08
7.53165e+08
2.977834e+08
1.520348e+08
8.926621e+07
7.341357e+08
2.913485e+08
1.485785e+08
8.696072e+07
6.241073e+07
7.246481e+08
2.881754e+08
1.469007e+08
8.584635e+07
6.152594e+07
0
7.246003e+08
2.882272e+08
1.469486e+08
8.589668e+07
6.15669e+07
0
0
7.339791e+08
2.91499e+08
1.487418e+08
8.71023e+07
6.254623e+07
0
0
0
7.529693e+08
2.980725e+08
1.523165e+08
8.952225e+07
6.449617e+07
0
0
0
0
7.813332e+08
3.079204e+08
1.577081e+08
9.318293e+07
6.747598e+07
0
0
0
0
0
3.205286e+08
1.646678e+08
9.797159e+07
7.139554e+07
0
0
0
0
0
0
1.72287e+08
1.032735e+08
7.578686e+07
0
0
0
0
0
0
0
1.078857e+08
7.961866e+07
0
0
0
0
0
0
0
0
8.246647e+07
0
0
0
0
0
0
0
0
0
0
0
0
0
0
0
0
0
0
0
0
0
0
0
0
0
0
0
0
8.880897e+08
8.558927e+08
3.332767e+08
8.175209e+08
3.199092e+08
1.640968e+08
7.815104e+08
3.075195e+08
1.573306e+08
9.285185e+07
7.531201e+08
2.978436e+08
1.520902e+08
8.931977e+07
6.431052e+07
7.340773e+08
2.913965e+08
1.486363e+08
8.700691e+07
6.245701e+07
0
7.246004e+08
2.882271e+08
1.469485e+08
8.589666e+07
6.156687e+07
0
0
7.245435e+08
2.882728e+08
1.470028e+08
8.593942e+07
6.161288e+07
0
0
0
7.339544e+08
2.91555e+08
1.487904e+08
8.715238e+07
6.258649e+07
0
0
0
0
7.529315e+08
2.981335e+08
1.523773e+08
8.956903e+07
6.454476e+07
0
0
0
0
0
3.079921e+08
1.57771e+08
9.324184e+07
6.75239e+07
0
0
0
0
0
0
1.647421e+08
9.803264e+07
7.145576e+07
0
0
0
0
0
0
0
1.033453e+08
7.584899e+07
0
0
0
0
0
0
0
0
7.969103e+07
0
0
0
0
0
0
0
0
0
0
0
0
0
0
0
0
0
0
0
0
0
0
0
0
0
0
0
0
0
0
0
0
0
0
0
0
9.108878e+08
8.880279e+08
3.447086e+08
8.558531e+08
3.333618e+08
1.71559e+08
8.174765e+08
3.199792e+08
1.641694e+08
9.753446e+07
7.814717e+08
3.075864e+08
1.573904e+08
9.291008e+07
6.722125e+07
7.530679e+08
2.978963e+08
1.521507e+08
8.936863e+07
6.435955e+07
0
7.340328e+08
2.91451e+08
1.486855e+08
8.705828e+07
6.249919e+07
0
0
7.245433e+08
2.882729e+08
1.470027e+08
8.593938e+07
6.161286e+07
0
0
0
7.245126e+08
2.883258e+08
1.470498e+08
8.598797e+07
6.165203e+07
0
0
0
0
7.339104e+08
2.916101e+08
1.488472e+08
8.71957e+07
6.263237e+07
0
0
0
0
0
2.981976e+08
1.52434e+08
8.962278e+07
6.45875e+07
0
0
0
0
0
0
1.578386e+08
9.329604e+07
6.757767e+07
0
0
0
0
0
0
0
9.809748e+07
7.151116e+07
0
0
0
0
0
0
0
0
7.591474e+07
0
0
0
0
0
0
0
0
0
0
0
0
0
0
0
0
0
0
0
0
0
0
0
0
0
0
0
0
0
0
0
0
0
0
0
0
0
0
0
0
0
0
0
9.248614e+08
9.108169e+08
3.529319e+08
8.879829e+08
3.448007e+08
1.779616e+08
8.558122e+08
3.334419e+08
1.716398e+08
1.027113e+08
8.174447e+08
3.200562e+08
1.64236e+08
9.759847e+07
7.105618e+07
7.814284e+08
3.076466e+08
1.57456e+08
9.296279e+07
6.727453e+07
0
7.530332e+08
2.979563e+08
1.522034e+08
8.942223e+07
6.440417e+07
0
0
7.339787e+08
2.914994e+08
1.487417e+08
8.710219e+07
6.254617e+07
0
0
0
7.245113e+08
2.883257e+08
1.470499e+08
8.598795e+07
6.1652e+07
0
0
0
0
7.244658e+08
2.883771e+08
1.471046e+08
8.602999e+07
6.169656e+07
0
0
0
0
0
2.91669e+08
1.488997e+08
8.724617e+07
6.267203e+07
0
0
0
0
0
0
1.52496e+08
8.967191e+07
6.463661e+07
0
0
0
0
0
0
0
9.335511e+07
6.762681e+07
0
0
0
0
0
0
0
0
7.157041e+07
0
0
0
0
0
0
0
0
0
0
0
0
0
0
0
0
0
0
0
0
0
0
0
0
0
0
0
0
0
0
0
0
0
0
0
0
0
0
0
0
0
0
0
0
0
0
0
0
0
9.314018e+08
9.247857e+08
3.580358e+08
9.107689e+08
3.530288e+08
1.826022e+08
8.879403e+08
3.44889e+08
1.780492e+08
1.071911e+08
8.557873e+08
3.335304e+08
1.717148e+08
1.027825e+08
7.533474e+07
8.174128e+08
3.201267e+08
1.643092e+08
9.765695e+07
7.111484e+07
0
7.814085e+08
3.077151e+08
1.575142e+08
9.302065e+07
6.732271e+07
0
0
7.529853e+08
2.980116e+08
1.522633e+08
8.946898e+07
6.445321e+07
0
0
0
7.339507e+08
2.915548e+08
1.487907e+08
8.71523e+07
6.25864e+07
0
0
0
0
7.244658e+08
2.883766e+08
1.471046e+08
8.603003e+07
6.169654e+07
0
0
0
0
0
2.884338e+08
1.471546e+08
8.607889e+07
6.173505e+07
0
0
0
0
0
0
1.489581e+08
8.729199e+07
6.271822e+07
0
0
0
0
0
0
0
8.972639e+07
6.468119e+07
0
0
0
0
0
0
0
0
6.76807e+07
0
0
0
0
0
0
0
0
0
0
0
0
0
0
0
0
0
0
0
0
0
0
0
0
0
0
0
0
0
0
0
0
0
0
0
0
0
0
0
0
0
0
0
0
0
0
0
0
0
0
0
0
0
0
9.313225e+08
3.604463e+08
9.247305e+08
3.581368e+08
1.855004e+08
9.107218e+08
3.53125e+08
1.826948e+08
1.104595e+08
8.879171e+08
3.449873e+08
1.781318e+08
1.072684e+08
7.905374e+07
8.557642e+08
3.336141e+08
1.717974e+08
1.028484e+08
7.540016e+07
0
8.174075e+08
3.202075e+08
1.643755e+08
9.77213e+07
7.116839e+07
0
0
7.81369e+08
3.077814e+08
1.575803e+08
9.307201e+07
6.737567e+07
0
0
0
7.529636e+08
2.980721e+08
1.523171e+08
8.952215e+07
6.4496e+07
0
0
0
0
7.339105e+08
2.916084e+08
1.488471e+08
8.719588e+07
6.263231e+07
0
0
0
0
0
2.884338e+08
1.471542e+08
8.607885e+07
6.173508e+07
0
0
0
0
0
0
1.472114e+08
8.612276e+07
6.177983e+07
0
0
0
0
0
0
0
8.734357e+07
6.275984e+07
0
0
0
0
0
0
0
0
6.473089e+07
0
0
0
0
0
0
0
0
0
0
0
0
0
0
0
0
0
0
0
0
0
0
0
0
0
0
0
0
0
0
0
0
0
0
0
0
0
0
0
0
0
0
0
0
0
0
0
0
0
0
0
0
0
0
0
0
0
0
0
9.312644e+08
3.605488e+08
1.86875e+08
9.246835e+08
3.582362e+08
1.855969e+08
1.125109e+08
9.10703e+08
3.5323e+08
1.827843e+08
1.105416e+08
8.177679e+07
8.878925e+08
3.450824e+08
1.782227e+08
1.07341e+08
7.912504e+07
0
8.557655e+08
3.337086e+08
1.71874e+08
1.029207e+08
7.546057e+07
0
0
8.173764e+08
3.202874e+08
1.644507e+08
9.777937e+07
7.122732e+07
0
0
0
7.813563e+08
3.0785e+08
1.576418e+08
9.313019e+07
6.742266e+07
0
0
0
0
7.529318e+08
2.98131e+08
1.523771e+08
8.956945e+07
6.454467e+07
0
0
0
0
0
2.916691e+08
1.488987e+08
8.724607e+07
6.267219e+07
0
0
0
0
0
0
1.472114e+08
8.612252e+07
6.17798e+07
0
0
0
0
0
0
0
8.617305e+07
6.181976e+07
0
0
0
0
0
0
0
0
6.280693e+07
0
0
0
0
0
0
0
0
0
0
0
0
0
0
0
0
0
0
0
0
0
0
0
0
0
0
0
0
0
0
0
0
0
0
0
0
0
0
0
0
0
0
0
0
0
0
0
0
0
0
0
0
0
0
0
0
0
0
0
0
0
0
0
0
9.312158e+08
3.606501e+08
1.869732e+08
1.13487e+08
9.246577e+08
3.583474e+08
1.856898e+08
1.125965e+08
8.349073e+07
9.106784e+08
3.533363e+08
1.828813e+08
1.106202e+08
8.185263e+07
0
8.878853e+08
3.451866e+08
1.783086e+08
1.074207e+08
7.919183e+07
0
0
8.557393e+08
3.338015e+08
1.719598e+08
1.029874e+08
7.552689e+07
0
0
0
8.173732e+08
3.203669e+08
1.64522e+08
9.7845e+07
7.128044e+07
0
0
0
0
7.813344e+08
3.079172e+08
1.577077e+08
9.318358e+07
6.747586e+07
0
0
0
0
0
2.981978e+08
1.524325e+08
8.962262e+07
6.458784e+07
0
0
0
0
0
0
1.489581e+08
8.729127e+07
6.271814e+07
0
0
0
0
0
0
0
8.617306e+07
6.181956e+07
0
0
0
0
0
0
0
0
6.186567e+07
0
0
0
0
0
0
0
0
0
0
0
0
0
0
0
0
0
0
0
0
0
0
0
0
0
0
0
0
0
0
0
0
0
0
0
0
0
0
0
0
0
0
0
0
0
0
0
0
0
0
0
0
0
0
0
0
0
0
0
0
0
0
0
0
0
0
0
0
0
9.311869e+08
3.607639e+08
1.87068e+08
1.135742e+08
8.430779e+07
9.246262e+08
3.58457e+08
1.857921e+08
1.126785e+08
8.356996e+07
0
9.106807e+08
3.534495e+08
1.829763e+08
1.107054e+08
8.192507e+07
0
0
8.878583e+08
3.452863e+08
1.784027e+08
1.074955e+08
7.926498e+07
0
0
0
8.557399e+08
3.338928e+08
1.720413e+08
1.030619e+08
7.558798e+07
0
0
0
0
8.173577e+08
3.204453e+08
1.645961e+08
9.790644e+07
7.13404e+07
0
0
0
0
0
3.079927e+08
1.577691e+08
9.324157e+07
6.752444e+07
0
0
0
0
0
0
1.524961e+08
8.967084e+07
6.463648e+07
0
0
0
0
0
0
0
8.734359e+07
6.275926e+07
0
0
0
0
0
0
0
0
6.186568e+07
0
0
0
0
0
0
0
0
0
0
0
0
0
0
0
0
0
0
0
0
0
0
0
0
0
0
0
0
0
0
0
0
0
0
0
0
0
0
0
0
0
0
0
0
0
0
0
0
0
0
0
0
0
0
0
0
0
0
0
0
0
0
0
0
0
0
0
0
0
0
0
0
0
0
9.311523e+08
3.608754e+08
1.871725e+08
1.136579e+08
8.438856e+07
0
9.246161e+08
3.585733e+08
1.858906e+08
1.127681e+08
8.364557e+07
0
0
9.106494e+08
3.535628e+08
1.830778e+08
1.107878e+08
8.200344e+07
0
0
0
8.878456e+08
3.453873e+08
1.784909e+08
1.075773e+08
7.933353e+07
0
0
0
0
8.557213e+08
3.339827e+08
1.721248e+08
1.03132e+08
7.565608e+07
0
0
0
0
0
3.205306e+08
1.646659e+08
9.79712e+07
7.139623e+07
0
0
0
0
0
0
1.57839e+08
9.329471e+07
6.757744e+07
0
0
0
0
0
0
0
8.972648e+07
6.468031e+07
0
0
0
0
0
0
0
0
6.280695e+07
0
0
0
0
0
0
0
0
0
0
0
0
0
0
0
0
0
0
0
0
0
0
0
0
0
0
0
0
0
0
0
0
0
0
0
0
0
0
0
0
0
0
0
0
0
0
0
0
0
0
0
0
0
0
0
0
0
0
0
0
0
0
0
0
0
0
0
0
0
0
0
0
0
0
0
0
0
0
0
9.311351e+08
3.609933e+08
1.872729e+08
1.137496e+08
8.446588e+07
0
0
9.24583e+08
3.586875e+08
1.859955e+08
1.128539e+08
8.37281e+07
0
0
0
9.106346e+08
3.536705e+08
1.831765e+08
1.108761e+08
8.207893e+07
0
0
0
0
8.878211e+08
3.454815e+08
1.785827e+08
1.076536e+08
7.940849e+07
0
0
0
0
0
3.340762e+08
1.722039e+08
1.032048e+08
7.571986e+07
0
0
0
0
0
0
1.647433e+08
9.803134e+07
7.145543e+07
0
0
0
0
0
0
0
9.33554e+07
6.762572e+07
0
0
0
0
0
0
0
0
6.473097e+07
0
0
0
0
0
0
0
0
0
0
0
0
0
0
0
0
0
0
0
0
0
0
0
0
0
0
0
0
0
0
0
0
0
0
0
0
0
0
0
0
0
0
0
0
0
0
0
0
0
0
0
0
0
0
0
0
0
0
0
0
0
0
0
0
0
0
0
0
0
0
0
0
0
0
0
0
0
0
0
0
0
0
0
0
0
9.310971e+08
3.611076e+08
1.873796e+08
1.138371e+08
8.455028e+07
0
0
0
9.245732e+08
3.588004e+08
1.860963e+08
1.129453e+08
8.380685e+07
0
0
0
0
9.106078e+08
3.537727e+08
1.832743e+08
1.10961e+08
8.21599e+07
0
0
0
0
0
3.455823e+08
1.786669e+08
1.077336e+08
7.947821e+07
0
0
0
0
0
0
1.722885e+08
1.032728e+08
7.578646e+07
0
0
0
0
0
0
0
9.809836e+07
7.151008e+07
0
0
0
0
0
0
0
0
6.768094e+07
0
0
0
0
0
0
0
0
0
0
0
0
0
0
0
0
0
0
0
0
0
0
0
0
0
0
0
0
0
0
0
0
0
0
0
0
0
0
0
0
0
0
0
0
0
0
0
0
0
0
0
0
0
0
0
0
0
0
0
0
0
0
0
0
0
0
0
0
0
0
0
0
0
0
0
0
0
0
0
0
0
0
0
0
0
0
0
0
0
0
0
0
9.310769e+08
3.612212e+08
1.874813e+08
1.139303e+08
8.463076e+07
0
0
0
0
9.245493e+08
3.589112e+08
1.861986e+08
1.130326e+08
8.38909e+07
0
0
0
0
0
3.538808e+08
1.833655e+08
1.110464e+08
8.223745e+07
0
0
0
0
0
0
1.787582e+08
1.078067e+08
7.955156e+07
0
0
0
0
0
0
0
1.033464e+08
7.584842e+07
0
0
0
0
0
0
0
0
7.157113e+07
0
0
0
0
0
0
0
0
0
0
0
0
0
0
0
0
0
0
0
0
0
0
0
0
0
0
0
0
0
0
0
0
0
0
0
0
0
0
0
0
0
0
0
0
0
0
0
0
0
0
0
0
0
0
0
0
0
0
0
0
0
0
0
0
0
0
0
0
0
0
0
0
0
0
0
0
0
0
0
0
0
0
0
0
0
0
0
0
0
0
0
0
0
0
0
0
0
0
0
0
9.31048e+08
3.613304e+08
1.875848e+08
1.140186e+08
8.471643e+07
0
0
0
0
0
3.590266e+08
1.862965e+08
1.13122e+08
8.397087e+07
0
0
0
0
0
0
1.834632e+08
1.111256e+08
8.231591e+07
0
0
0
0
0
0
0
1.078863e+08
7.961851e+07
0
0
0
0
0
0
0
0
7.591565e+07
0
0
0
0
0
0
0
0
0
0
0
0
0
0
0
0
0
0
0
0
0
0
0
0
0
0
0
0
0
0
0
0
0
0
0
0
0
0
0
0
0
0
0
0
0
0
0
0
0
0
0
0
0
0
0
0
0
0
0
0
0
0
0
0
0
0
0
0
0
0
0
0
0
0
0
0
0
0
0
0
0
0
0
0
0
0
0
0
0
0
0
0
0
0
0
0
0
0
0
0
0
0
0
0
0
0
0
0
0
3.614464e+08
1.876825e+08
1.141092e+08
8.479749e+07
0
0
0
0
0
0
1.864e+08
1.132069e+08
8.40531e+07
0
0
0
0
0
0
0
1.112109e+08
8.238861e+07
0
0
0
0
0
0
0
0
7.96916e+07
0
0
0
0
0
0
0
0
0
0
0
0
0
0
0
0
0
0
0
0
0
0
0
0
0
0
0
0
0
0
0
0
0
0
0
0
0
0
0
0
0
0
0
0
0
0
0
0
0
0
0
0
0
0
0
0
0
0
0
0
0
0
0
0
0
0
0
0
0
0
0
0
0
0
0
0
0
0
0
0
0
0
0
0
0
0
0
0
0
0
0
0
0
0
0
0
0
0
0
0
0
0
0
0
0
0
0
0
0
0
0
0
0
0
0
0
0
0
0
1.877871e+08
1.141943e+08
8.488095e+07
0
0
0
0
0
0
0
1.13297e+08
8.413091e+07
0
0
0
0
0
0
0
0
8.246702e+07
0
0
0
0
0
0
0
0
0
0
0
0
0
0
0
0
0
0
0
0
0
0
0
0
0
0
0
0
0
0
0
0
0
0
0
0
0
0
0
0
0
0
0
0
0
0
0
0
0
0
0
0
0
0
0
0
0
0
0
0
0
0
0
0
0
0
0
0
0
0
0
0
0
0
0
0
0
0
0
0
0
0
0
0
0
0
0
0
0
0
0
0
0
0
0
0
0
0
0
0
0
0
0
0
0
0
0
0
0
0
0
0
0
0
0
0
0
0
0
0
0
0
0
0
0
0
0
1.142856e+08
8.49592e+07
0
0
0
0
0
0
0
0
8.421377e+07
0
0
0
0
0
0
0
0
0
0
0
0
0
0
0
0
0
0
0
0
0
0
0
0
0
0
0
0
0
0
0
0
0
0
0
0
0
0
0
0
0
0
0
0
0
0
0
0
0
0
0
0
0
0
0
0
0
0
0
0
0
0
0
0
0
0
0
0
0
0
0
0
0
0
0
0
0
0
0
0
0
0
0
0
0
0
0
0
0
0
0
0
0
0
0
0
0
0
0
0
0
0
0
0
0
0
0
0
0
0
0
0
0
0
0
0
0
0
0
0
0
0
0
0
0
0
0
0
0
0
0
0
0
8.504322e+07
0
0
0
0
0
0
0
0
0
0
0
0
0
0
0
0
0
0
0
0
0
0
0
0
0
0
0
0
0
0
0
0
0
0
0
0
0
0
0
0
0
0
0
0
0
0
0
0
0
0
0
0
0
0
0
0
0
0
0
0
0
0
0
0
0
0
0
0
0
0
0
0
0
0
0
0
0
0
0
0
0
0
0
0
0
0
0
0
0
0
0
0
0
0
0
0
0
0
0
0
0
0
0
0
0
0
0
0
0
0
0
0
0
0
0
0
0
0
0
0
0
0
0
0
0
0
0
0
0
0
0
0
0
0
0
0
0
0
0
0
0
0
0
0
0
0
0
0
0
0
0
0
0
0
0
0
0
0
0
0
0
0
0
0
0
0
0
0
0
0
0
0
0
0
0
0
0
0
0
0
0
0
0
0
0
0
0
0
0
0
0
0
0
0
0
0
0
0
0
0
0
0
0
0
0
0
0
0
0
0
0
0
0
0
0
0
0
0
0
0
0
0
0
0
0
0
0
0
0
0
0
0
0
0
0
0
0
0
0
0
0
0
0
0
0
0
0
0
0
0
0
0
0
0
0
0
0
0
0
0
0
0
0
0
0
0
0
0
0
0
0
0
0
0
0
0
0
0
0
0
0
0
0
0
0
0
0
0
0
0
0
0
0
0
0
0
0
0
0
0
0
0
0
0
0
0
0
0
0
0
0
0
0
0
0
0
0
0
0
0
0
0
0
0
0
0
0
0
0
0
0
0
0
0
0
0
0
0
0
0
0
0
0
0
0
0
0
0
0
0
0
0
0
0
0
0
0
0
0
0
0
0
0
0
0
0
0
0
0
0
0
0
0
0
0
0
0
0
0
0
0
0
0
0
0
0
0
0
0
0
0
0
0
0
0
0
0
0
0
0
0
0
0
0
0
0
0
0
0
0
0
0
0
0
0
0
0
0
0
0
0
0
0
0
0
0
0
0
0
0
0
0
0
0
0
0
0
0
0
0
0
0
0
0
0
0
0
0
0
0
0
0
0
0
0
0
0
0
0
0
0
0
0
0
0
0
0
0
0
0
0
0
0
0
0
0
0
0
0
0
0
0
0
0
0
0
0
0
0
0
0
0
0
0
0
0
0
0
0
0
0
0
0
0
0
0
0
0
0
0
0
0
0
0
0
0
0
0
0
0
0
0
0
0
0
0
0
0
0
0
0
0
0
0
0
0
0
0
0
0
0
0
0
0
0
0
0
0
0
0
0
0
0
0
0
0
0
0
0
0
0
0
0
0
0
0
0
0
0
0
0
0
0
0
0
0
0
0
0
0
0
0
0
0
0
0
0
0
0
0
0
0
0
0
0
0
0
0
0
0
0
0
0
0
0
0
0
0
0
0
0
0
0
0
0
0
0
0
0
0
0
0
0
0
0
0
0
0
0
0
0
0
0
0
0
0
0
0
0
0
0
0
0
0
0
0
0
0
0
0
0
0
0
0
0
0
0
0
0
0
0
0
0
0
0
0
0
0
0
0
0
0
0
0
0
0
0
0
0
0
0
0
0
0
0
0
0
0
0
0
0
0
0
0
0
0
0
0
0
0
0
0
0
0
0
0
0
0
0
0
0
0
0
0
0
0
0
0
0
0
0
0
0
0
0
0
0
0
0
0
0
0
0
0
0
0
0
0
0
0
0
0
0
0
0
0
0
0
0
0
0
0
0
0
0
0
0
0
0
0
0
0
0
0
0
0
0
0
0
0
0
0
0
0
0
0
0
0
0
0
0
0
0
0
0
0
0
0
0
0
0
0
0
0
0
0
0
0
0
0
0
0
0
0
0
0
0
0
0
0
0
0
0
0
0
0
0
0
0
0
0
0
0
0
0
0
0
0
0
0
0
0
0
0
0
0
0
0
0
0
0
0
0
0
0
0
0
0
0
0
0
0
0
0
0
0
0
0
0
0
0
0
0
0
0
0
0
0
0
0
0
0
0
0
0
0
0
0
0
0
0
0
0
0
0
0
0
0
0
0
0
0
0
0
0
0
0
0
0
0
0
0
0
0
0
0
0
0
0
0
0
0
0
0
0
0
0
0
0
0
0
0
0
0
0
0
0
0
0
0
0
0
)
;

boundaryField
{
    anodeSides
    {
        type            calculated;
        value           uniform 0;
    }
    fuelInlet
    {
        type            calculated;
        value           nonuniform List<scalar> 0();
    }
    fuelOutlet
    {
        type            calculated;
        value           nonuniform List<scalar> 0();
    }
    fuel_to_electrolyte
    {
        type            calculated;
        value           uniform 0;
    }
    fuel_to_interconnect
    {
        type            calculated;
        value           uniform 0;
    }
    procBoundary2to1
    {
        type            processor;
        value           uniform 0;
    }
    procBoundary2to3
    {
        type            processor;
        value           uniform 0;
    }
}
)

// processor3

19626
(dimensions      [0 -3 0 0 0 1 0];

internalField   nonuniform List<scalar> 
4000
(
9.310292e+08
9.245375e+08
9.310093e+08
3.615517e+08
9.105887e+08
9.245272e+08
3.59132e+08
9.309974e+08
3.616696e+08
1.878814e+08
8.877984e+08
9.105734e+08
3.539767e+08
9.245324e+08
3.592515e+08
1.864936e+08
9.309827e+08
3.617756e+08
1.879867e+08
1.143678e+08
8.556973e+08
8.877832e+08
3.456681e+08
9.105631e+08
3.54088e+08
1.835496e+08
9.245221e+08
3.593624e+08
1.865992e+08
1.133783e+08
9.309871e+08
3.618946e+08
1.880809e+08
1.144596e+08
8.51188e+07
8.173281e+08
8.556836e+08
3.341516e+08
8.877704e+08
3.457711e+08
1.788364e+08
9.105501e+08
3.541854e+08
1.836488e+08
1.112863e+08
9.245226e+08
3.594804e+08
1.866956e+08
1.134699e+08
8.428839e+07
9.309733e+08
3.620052e+08
1.881867e+08
1.145415e+08
8.520314e+07
0
7.813011e+08
8.17304e+08
3.205942e+08
8.556726e+08
3.342456e+08
1.723581e+08
8.877568e+08
3.458587e+08
1.789287e+08
1.079547e+08
9.105427e+08
3.542963e+08
1.837356e+08
1.113725e+08
8.253627e+07
9.24509e+08
3.595859e+08
1.868001e+08
1.135529e+08
8.437233e+07
0
9.309806e+08
3.621231e+08
1.88283e+08
1.146335e+08
8.527847e+07
0
0
7.528921e+08
7.812656e+08
3.080478e+08
8.172938e+08
3.206743e+08
1.648034e+08
8.556579e+08
3.343242e+08
1.724426e+08
1.034073e+08
8.87746e+08
3.459613e+08
1.790075e+08
1.080349e+08
7.975447e+07
9.105281e+08
3.54392e+08
1.838344e+08
1.11448e+08
8.261539e+07
0
9.245086e+08
3.597009e+08
1.868925e+08
1.136436e+08
8.444838e+07
0
0
9.309809e+08
3.622325e+08
1.883878e+08
1.147167e+08
8.536299e+07
0
0
0
7.338648e+08
7.528515e+08
2.982457e+08
7.812461e+08
3.08116e+08
1.578923e+08
8.172794e+08
3.207439e+08
1.648775e+08
9.81513e+07
8.556458e+08
3.344167e+08
1.725135e+08
1.034807e+08
7.597158e+07
8.877306e+08
3.46047e+08
1.790993e+08
1.081036e+08
7.982795e+07
0
9.105216e+08
3.54501e+08
1.839194e+08
1.115339e+08
8.268467e+07
0
0
9.245028e+08
3.598032e+08
1.869949e+08
1.137237e+08
8.453163e+07
0
0
0
9.309262e+08
3.623596e+08
1.884828e+08
1.148079e+08
8.543926e+07
0
0
0
0
7.244175e+08
7.338221e+08
2.91712e+08
7.528228e+08
2.983073e+08
1.525441e+08
7.812222e+08
3.081748e+08
1.579576e+08
9.340251e+07
8.172728e+08
3.208274e+08
1.649407e+08
9.821591e+07
7.16197e+07
8.556273e+08
3.344922e+08
1.725971e+08
1.035424e+08
7.603864e+07
0
8.877207e+08
3.461477e+08
1.791763e+08
1.081834e+08
7.989093e+07
0
0
9.105144e+08
3.545943e+08
1.840169e+08
1.116078e+08
8.276352e+07
0
0
0
9.244653e+08
3.599242e+08
1.870848e+08
1.138128e+08
8.460503e+07
0
0
0
0
9.307205e+08
3.624421e+08
1.88594e+08
1.148899e+08
8.552314e+07
0
0
0
0
0
7.244183e+08
7.243733e+08
2.884745e+08
7.337869e+08
2.917701e+08
1.490025e+08
7.527874e+08
2.983577e+08
1.526044e+08
8.976918e+07
7.812091e+08
3.082473e+08
1.580126e+08
9.345993e+07
6.77241e+07
8.172533e+08
3.208962e+08
1.650166e+08
9.827082e+07
7.167876e+07
0
8.556137e+08
3.345822e+08
1.726655e+08
1.03615e+08
7.609511e+07
0
0
8.877127e+08
3.462312e+08
1.792669e+08
1.082505e+08
7.996413e+07
0
0
0
9.104833e+08
3.547087e+08
1.840998e+08
1.116927e+08
8.28314e+07
0
0
0
0
9.243195e+08
3.600115e+08
1.871915e+08
1.138907e+08
8.468696e+07
0
0
0
0
0
3.62487e+08
1.88673e+08
1.149861e+08
8.559825e+07
0
0
0
0
0
0
7.338669e+08
7.24374e+08
2.884748e+08
7.243352e+08
2.885309e+08
1.472542e+08
7.337434e+08
2.918153e+08
1.490602e+08
8.738338e+07
7.527663e+08
2.98421e+08
1.526534e+08
8.982242e+07
6.477012e+07
7.811818e+08
3.083065e+08
1.580804e+08
9.350805e+07
6.777664e+07
0
8.172357e+08
3.209767e+08
1.650786e+08
9.833674e+07
7.172885e+07
0
0
8.555996e+08
3.346544e+08
1.727474e+08
1.036747e+08
7.61616e+07
0
0
0
8.876865e+08
3.46337e+08
1.793418e+08
1.083294e+08
8.002569e+07
0
0
0
0
9.103922e+08
3.547927e+08
1.842012e+08
1.117649e+08
8.290937e+07
0
0
0
0
0
3.600847e+08
1.872727e+08
1.139833e+08
8.475848e+07
0
0
0
0
0
0
1.887377e+08
1.150567e+08
8.568649e+07
0
0
0
0
0
0
0
7.528953e+08
7.338237e+08
2.917129e+08
7.243354e+08
2.885312e+08
1.472544e+08
7.242874e+08
2.885736e+08
1.473106e+08
8.621155e+07
7.337156e+08
2.918725e+08
1.491054e+08
8.74344e+07
6.284349e+07
7.5273e+08
2.984724e+08
1.527146e+08
8.986561e+07
6.481881e+07
0
7.811678e+08
3.083769e+08
1.58135e+08
9.356721e+07
6.782056e+07
0
0
8.172119e+08
3.21038e+08
1.651527e+08
9.839055e+07
7.1789e+07
0
0
0
8.555749e+08
3.347478e+08
1.728131e+08
1.037462e+08
7.621628e+07
0
0
0
0
8.87612e+08
3.464142e+08
1.79436e+08
1.083947e+08
8.009812e+07
0
0
0
0
0
3.548881e+08
1.842788e+08
1.118529e+08
8.297567e+07
0
0
0
0
0
0
1.873544e+08
1.140551e+08
8.484347e+07
0
0
0
0
0
0
0
1.151208e+08
8.575216e+07
0
0
0
0
0
0
0
0
7.813043e+08
7.52854e+08
2.982472e+08
7.337875e+08
2.917709e+08
1.490031e+08
7.242874e+08
2.885737e+08
1.473108e+08
8.62117e+07
7.242556e+08
2.886279e+08
1.47354e+08
8.62615e+07
6.190105e+07
7.33673e+08
2.919186e+08
1.491624e+08
8.747454e+07
6.28901e+07
0
7.527119e+08
2.985346e+08
1.527635e+08
8.991949e+07
6.485829e+07
0
0
7.811374e+08
3.08433e+08
1.582014e+08
9.36148e+07
6.787452e+07
0
0
0
8.171854e+08
3.211177e+08
1.652096e+08
9.845517e+07
7.183809e+07
0
0
0
0
8.554939e+08
3.34815e+08
1.728976e+08
1.038037e+08
7.628182e+07
0
0
0
0
0
3.465113e+08
1.795074e+08
1.084765e+08
8.015812e+07
0
0
0
0
0
0
1.843733e+08
1.119214e+08
8.30564e+07
0
0
0
0
0
0
0
1.141313e+08
8.49099e+07
0
0
0
0
0
0
0
0
8.581409e+07
0
0
0
0
0
0
0
0
0
8.173317e+08
7.812689e+08
3.080493e+08
7.528238e+08
2.983085e+08
1.52545e+08
7.337433e+08
2.918156e+08
1.490607e+08
8.738381e+07
7.242549e+08
2.886278e+08
1.473541e+08
8.626164e+07
6.190118e+07
7.242105e+08
2.886711e+08
1.474091e+08
8.630025e+07
6.194668e+07
0
7.336511e+08
2.919756e+08
1.492076e+08
8.752512e+07
6.292686e+07
0
0
7.526771e+08
2.985847e+08
1.52824e+08
8.99624e+07
6.490751e+07
0
0
0
7.811079e+08
3.085028e+08
1.582535e+08
9.367302e+07
6.79179e+07
0
0
0
0
8.170948e+08
3.211737e+08
1.652836e+08
9.850511e+07
7.189718e+07
0
0
0
0
0
3.349006e+08
1.729603e+08
1.038772e+08
7.633457e+07
0
0
0
0
0
0
1.796018e+08
1.085394e+08
8.023309e+07
0
0
0
0
0
0
0
1.120064e+08
8.311969e+07
0
0
0
0
0
0
0
0
8.498187e+07
0
0
0
0
0
0
0
0
0
0
0
0
0
0
0
0
0
0
0
8.557009e+08
8.173082e+08
3.205959e+08
7.812474e+08
3.081176e+08
1.578932e+08
7.527875e+08
2.983582e+08
1.526052e+08
8.976983e+07
7.33713e+08
2.918725e+08
1.491056e+08
8.743475e+07
6.284384e+07
7.242103e+08
2.886707e+08
1.474091e+08
8.63003e+07
6.19468e+07
0
7.241852e+08
2.887259e+08
1.474522e+08
8.634925e+07
6.198219e+07
0
0
7.336082e+08
2.920216e+08
1.492644e+08
8.756499e+07
6.297314e+07
0
0
0
7.526442e+08
2.986479e+08
1.528715e+08
9.001584e+07
6.494666e+07
0
0
0
0
7.810121e+08
3.085498e+08
1.583199e+08
9.371854e+07
6.797112e+07
0
0
0
0
0
3.212455e+08
1.65337e+08
9.856994e+07
7.194295e+07
0
0
0
0
0
0
1.73046e+08
1.039325e+08
7.640195e+07
0
0
0
0
0
0
0
1.086237e+08
8.02911e+07
0
0
0
0
0
0
0
0
8.319879e+07
0
0
0
0
0
0
0
0
0
0
0
0
0
0
0
0
0
0
0
0
0
0
0
0
0
0
0
0
8.878007e+08
8.556873e+08
3.341534e+08
8.172953e+08
3.206763e+08
1.648045e+08
7.812225e+08
3.081755e+08
1.579586e+08
9.340319e+07
7.527619e+08
2.98421e+08
1.526537e+08
8.982296e+07
6.477066e+07
7.336719e+08
2.919173e+08
1.491624e+08
8.747469e+07
6.28904e+07
0
7.241851e+08
2.887258e+08
1.47452e+08
8.634924e+07
6.198223e+07
0
0
7.241372e+08
2.887694e+08
1.475076e+08
8.638754e+07
6.202706e+07
0
0
0
7.335725e+08
2.920787e+08
1.493088e+08
8.761547e+07
6.300956e+07
0
0
0
0
7.525472e+08
2.986886e+08
1.529329e+08
9.005741e+07
6.499554e+07
0
0
0
0
0
3.086112e+08
1.583659e+08
9.377692e+07
6.801267e+07
0
0
0
0
0
0
1.654124e+08
9.861726e+07
7.200234e+07
0
0
0
0
0
0
0
1.040096e+08
7.645293e+07
0
0
0
0
0
0
0
0
8.036915e+07
0
0
0
0
0
0
0
0
0
0
0
0
0
0
0
0
0
0
0
0
0
0
0
0
0
0
0
0
0
0
0
0
0
0
0
0
9.105915e+08
8.877865e+08
3.456694e+08
8.55674e+08
3.342475e+08
1.723592e+08
8.172801e+08
3.207447e+08
1.648787e+08
9.81521e+07
7.812035e+08
3.082475e+08
1.58013e+08
9.346068e+07
6.772467e+07
7.52728e+08
2.984704e+08
1.527146e+08
8.986585e+07
6.481926e+07
0
7.336506e+08
2.919751e+08
1.492068e+08
8.752512e+07
6.292698e+07
0
0
7.241378e+08
2.887693e+08
1.475075e+08
8.638738e+07
6.202705e+07
0
0
0
7.240987e+08
2.888232e+08
1.475502e+08
8.643677e+07
6.206208e+07
0
0
0
0
7.33475e+08
2.921154e+08
1.49366e+08
8.765452e+07
6.305577e+07
0
0
0
0
0
2.987436e+08
1.529738e+08
9.01116e+07
6.503345e+07
0
0
0
0
0
0
1.584333e+08
9.381796e+07
6.806611e+07
0
0
0
0
0
0
0
9.868583e+07
7.204594e+07
0
0
0
0
0
0
0
0
7.652438e+07
0
0
0
0
0
0
0
0
0
0
0
0
0
0
0
0
0
0
0
0
0
0
0
0
0
0
0
0
0
0
0
0
0
0
0
0
0
0
0
0
0
0
0
9.245433e+08
9.105777e+08
3.539783e+08
8.877717e+08
3.457729e+08
1.788373e+08
8.556588e+08
3.34325e+08
1.724438e+08
1.034081e+08
8.172668e+08
3.208278e+08
1.649412e+08
9.821684e+07
7.162036e+07
7.811787e+08
3.083039e+08
1.580805e+08
9.350838e+07
6.777726e+07
0
7.52711e+08
2.985337e+08
1.527623e+08
8.991953e+07
6.485849e+07
0
0
7.336092e+08
2.920214e+08
1.492642e+08
8.756446e+07
6.297313e+07
0
0
0
7.240994e+08
2.888234e+08
1.475502e+08
8.643672e+07
6.206195e+07
0
0
0
0
7.239966e+08
2.888575e+08
1.476051e+08
8.647439e+07
6.210716e+07
0
0
0
0
0
2.921667e+08
1.494039e+08
8.770532e+07
6.309139e+07
0
0
0
0
0
0
1.530361e+08
9.014833e+07
6.508302e+07
0
0
0
0
0
0
0
9.387978e+07
6.810393e+07
0
0
0
0
0
0
0
0
7.210961e+07
0
0
0
0
0
0
0
0
0
0
0
0
0
0
0
0
0
0
0
0
0
0
0
0
0
0
0
0
0
0
0
0
0
0
0
0
0
0
0
0
0
0
0
0
0
0
0
0
0
9.310331e+08
9.245363e+08
3.591351e+08
9.105647e+08
3.540903e+08
1.835507e+08
8.877572e+08
3.458595e+08
1.789299e+08
1.079554e+08
8.556425e+08
3.344172e+08
1.72514e+08
1.034816e+08
7.597229e+07
8.1725e+08
3.208934e+08
1.650168e+08
9.82712e+07
7.167954e+07
0
7.811667e+08
3.083755e+08
1.581334e+08
9.356731e+07
6.782084e+07
0
0
7.526795e+08
2.985843e+08
1.528235e+08
8.996154e+07
6.490755e+07
0
0
0
7.335692e+08
2.920792e+08
1.493088e+08
8.761527e+07
6.300912e+07
0
0
0
0
7.239989e+08
2.888575e+08
1.476052e+08
8.647437e+07
6.210712e+07
0
0
0
0
0
2.889054e+08
1.476413e+08
8.652343e+07
6.214151e+07
0
0
0
0
0
0
1.494632e+08
8.77395e+07
6.313793e+07
0
0
0
0
0
0
0
9.02058e+07
6.511691e+07
0
0
0
0
0
0
0
0
6.816138e+07
0
0
0
0
0
0
0
0
0
0
0
0
0
0
0
0
0
0
0
0
0
0
0
0
0
0
0
0
0
0
0
0
0
0
0
0
0
0
0
0
0
0
0
0
0
0
0
0
0
0
0
0
0
0
9.310151e+08
3.615539e+08
9.245353e+08
3.592562e+08
1.864956e+08
9.105502e+08
3.541863e+08
1.836504e+08
1.112871e+08
8.877424e+08
3.459615e+08
1.79008e+08
1.080358e+08
7.975504e+07
8.556256e+08
3.344905e+08
1.725973e+08
1.035427e+08
7.603941e+07
0
8.172354e+08
3.209751e+08
1.650769e+08
9.83369e+07
7.172918e+07
0
0
7.811406e+08
3.084326e+08
1.582006e+08
9.361367e+07
6.787461e+07
0
0
0
7.526407e+08
2.98649e+08
1.528713e+08
9.001545e+07
6.494595e+07
0
0
0
0
7.334669e+08
2.921139e+08
1.493663e+08
8.765445e+07
6.30556e+07
0
0
0
0
0
2.889057e+08
1.476412e+08
8.652352e+07
6.214149e+07
0
0
0
0
0
0
1.476982e+08
8.655623e+07
6.218649e+07
0
0
0
0
0
0
0
8.779433e+07
6.316949e+07
0
0
0
0
0
0
0
0
6.517029e+07
0
0
0
0
0
0
0
0
0
0
0
0
0
0
0
0
0
0
0
0
0
0
0
0
0
0
0
0
0
0
0
0
0
0
0
0
0
0
0
0
0
0
0
0
0
0
0
0
0
0
0
0
0
0
0
0
0
0
0
9.310007e+08
3.616728e+08
1.878828e+08
9.245222e+08
3.59364e+08
1.866022e+08
1.133798e+08
9.105373e+08
3.542965e+08
1.837362e+08
1.113737e+08
8.253698e+07
8.877284e+08
3.460451e+08
1.790995e+08
1.08104e+08
7.982873e+07
0
8.556139e+08
3.345813e+08
1.726644e+08
1.036152e+08
7.609545e+07
0
0
8.172156e+08
3.210378e+08
1.651517e+08
9.838931e+07
7.178914e+07
0
0
0
7.811053e+08
3.085043e+08
1.582532e+08
9.367242e+07
6.791697e+07
0
0
0
0
7.525394e+08
2.98687e+08
1.529335e+08
9.005726e+07
6.499522e+07
0
0
0
0
0
2.921629e+08
1.494029e+08
8.770555e+07
6.309133e+07
0
0
0
0
0
0
1.476982e+08
8.655615e+07
6.218657e+07
0
0
0
0
0
0
0
8.66092e+07
6.221682e+07
0
0
0
0
0
0
0
0
6.322039e+07
0
0
0
0
0
0
0
0
0
0
0
0
0
0
0
0
0
0
0
0
0
0
0
0
0
0
0
0
0
0
0
0
0
0
0
0
0
0
0
0
0
0
0
0
0
0
0
0
0
0
0
0
0
0
0
0
0
0
0
0
0
0
0
0
9.309838e+08
3.617775e+08
1.879888e+08
1.143689e+08
9.245138e+08
3.594805e+08
1.866966e+08
1.134721e+08
8.428963e+07
9.10524e+08
3.543892e+08
1.838345e+08
1.114485e+08
8.261643e+07
0
8.877202e+08
3.461465e+08
1.79175e+08
1.081835e+08
7.989128e+07
0
0
8.55603e+08
3.346544e+08
1.727468e+08
1.036739e+08
7.616178e+07
0
0
0
8.171835e+08
3.211194e+08
1.652095e+08
9.845448e+07
7.183705e+07
0
0
0
0
7.810061e+08
3.085487e+08
1.583208e+08
9.371834e+07
6.797062e+07
0
0
0
0
0
2.987402e+08
1.529729e+08
9.011207e+07
6.503333e+07
0
0
0
0
0
0
1.494609e+08
8.77388e+07
6.313811e+07
0
0
0
0
0
0
0
8.660915e+07
6.221675e+07
0
0
0
0
0
0
0
0
6.226606e+07
0
0
0
0
0
0
0
0
0
0
0
0
0
0
0
0
0
0
0
0
0
0
0
0
0
0
0
0
0
0
0
0
0
0
0
0
0
0
0
0
0
0
0
0
0
0
0
0
0
0
0
0
0
0
0
0
0
0
0
0
0
0
0
0
0
0
0
0
0
9.30976e+08
3.618951e+08
1.880821e+08
1.144612e+08
8.511975e+07
9.245014e+08
3.595813e+08
1.868001e+08
1.135537e+08
8.437423e+07
0
9.105197e+08
3.544988e+08
1.839176e+08
1.11534e+08
8.268511e+07
0
0
8.87715e+08
3.462308e+08
1.79266e+08
1.082495e+08
7.996424e+07
0
0
0
8.555734e+08
3.347494e+08
1.728131e+08
1.037457e+08
7.621557e+07
0
0
0
0
8.170903e+08
3.211729e+08
1.652846e+08
9.8505e+07
7.18966e+07
0
0
0
0
0
3.086086e+08
1.583653e+08
9.377756e+07
6.80125e+07
0
0
0
0
0
0
1.53034e+08
9.014768e+07
6.508341e+07
0
0
0
0
0
0
0
8.779269e+07
6.316892e+07
0
0
0
0
0
0
0
0
6.226599e+07
0
0
0
0
0
0
0
0
0
0
0
0
0
0
0
0
0
0
0
0
0
0
0
0
0
0
0
0
0
0
0
0
0
0
0
0
0
0
0
0
0
0
0
0
0
0
0
0
0
0
0
0
0
0
0
0
0
0
0
0
0
0
0
0
0
0
0
0
0
0
0
0
0
0
9.309619e+08
3.619994e+08
1.88187e+08
1.145424e+08
8.520453e+07
0
9.245042e+08
3.59697e+08
1.868896e+08
1.136437e+08
8.444908e+07
0
0
9.105159e+08
3.545933e+08
1.840154e+08
1.116064e+08
8.276359e+07
0
0
0
8.876849e+08
3.46338e+08
1.793415e+08
1.083287e+08
8.002485e+07
0
0
0
0
8.554898e+08
3.348144e+08
1.728985e+08
1.038036e+08
7.628141e+07
0
0
0
0
0
3.212435e+08
1.653366e+08
9.857066e+07
7.194286e+07
0
0
0
0
0
0
1.584317e+08
9.381749e+07
6.806664e+07
0
0
0
0
0
0
0
9.020432e+07
6.511638e+07
0
0
0
0
0
0
0
0
6.321904e+07
0
0
0
0
0
0
0
0
0
0
0
0
0
0
0
0
0
0
0
0
0
0
0
0
0
0
0
0
0
0
0
0
0
0
0
0
0
0
0
0
0
0
0
0
0
0
0
0
0
0
0
0
0
0
0
0
0
0
0
0
0
0
0
0
0
0
0
0
0
0
0
0
0
0
0
0
0
0
0
9.309719e+08
3.621172e+08
1.882793e+08
1.146338e+08
8.527926e+07
0
0
9.245038e+08
3.598009e+08
1.869924e+08
1.137215e+08
8.453169e+07
0
0
0
9.104816e+08
3.547095e+08
1.840991e+08
1.116916e+08
8.283021e+07
0
0
0
0
8.876081e+08
3.464134e+08
1.794366e+08
1.083945e+08
8.009754e+07
0
0
0
0
0
3.348986e+08
1.729599e+08
1.038779e+08
7.633452e+07
0
0
0
0
0
0
1.654112e+08
9.861691e+07
7.200294e+07
0
0
0
0
0
0
0
9.387869e+07
6.810355e+07
0
0
0
0
0
0
0
0
6.516908e+07
0
0
0
0
0
0
0
0
0
0
0
0
0
0
0
0
0
0
0
0
0
0
0
0
0
0
0
0
0
0
0
0
0
0
0
0
0
0
0
0
0
0
0
0
0
0
0
0
0
0
0
0
0
0
0
0
0
0
0
0
0
0
0
0
0
0
0
0
0
0
0
0
0
0
0
0
0
0
0
0
0
0
0
0
0
9.309804e+08
3.62228e+08
1.883841e+08
1.14714e+08
8.536322e+07
0
0
0
9.244633e+08
3.599247e+08
1.870833e+08
1.138109e+08
8.460316e+07
0
0
0
0
9.103891e+08
3.547918e+08
1.842016e+08
1.117643e+08
8.290841e+07
0
0
0
0
0
3.465093e+08
1.795069e+08
1.08477e+08
8.01579e+07
0
0
0
0
0
0
1.730447e+08
1.039322e+08
7.640251e+07
0
0
0
0
0
0
0
9.868494e+07
7.204565e+07
0
0
0
0
0
0
0
0
6.816048e+07
0
0
0
0
0
0
0
0
0
0
0
0
0
0
0
0
0
0
0
0
0
0
0
0
0
0
0
0
0
0
0
0
0
0
0
0
0
0
0
0
0
0
0
0
0
0
0
0
0
0
0
0
0
0
0
0
0
0
0
0
0
0
0
0
0
0
0
0
0
0
0
0
0
0
0
0
0
0
0
0
0
0
0
0
0
0
0
0
0
0
0
0
9.309239e+08
3.623594e+08
1.8848e+08
1.148052e+08
8.543693e+07
0
0
0
0
9.24321e+08
3.600105e+08
1.871919e+08
1.138896e+08
8.468533e+07
0
0
0
0
0
3.548864e+08
1.842783e+08
1.118532e+08
8.29752e+07
0
0
0
0
0
0
1.796005e+08
1.08539e+08
8.023348e+07
0
0
0
0
0
0
0
1.040087e+08
7.645267e+07
0
0
0
0
0
0
0
0
7.210887e+07
0
0
0
0
0
0
0
0
0
0
0
0
0
0
0
0
0
0
0
0
0
0
0
0
0
0
0
0
0
0
0
0
0
0
0
0
0
0
0
0
0
0
0
0
0
0
0
0
0
0
0
0
0
0
0
0
0
0
0
0
0
0
0
0
0
0
0
0
0
0
0
0
0
0
0
0
0
0
0
0
0
0
0
0
0
0
0
0
0
0
0
0
0
0
0
0
0
0
0
0
9.307168e+08
3.624409e+08
1.885939e+08
1.148878e+08
8.552077e+07
0
0
0
0
0
3.600851e+08
1.87272e+08
1.139836e+08
8.475753e+07
0
0
0
0
0
0
1.843722e+08
1.119209e+08
8.30567e+07
0
0
0
0
0
0
0
1.086227e+08
8.029078e+07
0
0
0
0
0
0
0
0
7.652361e+07
0
0
0
0
0
0
0
0
0
0
0
0
0
0
0
0
0
0
0
0
0
0
0
0
0
0
0
0
0
0
0
0
0
0
0
0
0
0
0
0
0
0
0
0
0
0
0
0
0
0
0
0
0
0
0
0
0
0
0
0
0
0
0
0
0
0
0
0
0
0
0
0
0
0
0
0
0
0
0
0
0
0
0
0
0
0
0
0
0
0
0
0
0
0
0
0
0
0
0
0
0
0
0
0
0
0
0
0
0
3.62485e+08
1.886722e+08
1.149861e+08
8.559649e+07
0
0
0
0
0
0
1.873546e+08
1.140546e+08
8.484367e+07
0
0
0
0
0
0
0
1.120055e+08
8.311933e+07
0
0
0
0
0
0
0
0
8.036832e+07
0
0
0
0
0
0
0
0
0
0
0
0
0
0
0
0
0
0
0
0
0
0
0
0
0
0
0
0
0
0
0
0
0
0
0
0
0
0
0
0
0
0
0
0
0
0
0
0
0
0
0
0
0
0
0
0
0
0
0
0
0
0
0
0
0
0
0
0
0
0
0
0
0
0
0
0
0
0
0
0
0
0
0
0
0
0
0
0
0
0
0
0
0
0
0
0
0
0
0
0
0
0
0
0
0
0
0
0
0
0
0
0
0
0
0
0
0
0
0
1.887363e+08
1.150562e+08
8.568643e+07
0
0
0
0
0
0
0
1.141314e+08
8.490948e+07
0
0
0
0
0
0
0
0
8.319806e+07
0
0
0
0
0
0
0
0
0
0
0
0
0
0
0
0
0
0
0
0
0
0
0
0
0
0
0
0
0
0
0
0
0
0
0
0
0
0
0
0
0
0
0
0
0
0
0
0
0
0
0
0
0
0
0
0
0
0
0
0
0
0
0
0
0
0
0
0
0
0
0
0
0
0
0
0
0
0
0
0
0
0
0
0
0
0
0
0
0
0
0
0
0
0
0
0
0
0
0
0
0
0
0
0
0
0
0
0
0
0
0
0
0
0
0
0
0
0
0
0
0
0
0
0
0
0
0
1.151198e+08
8.575165e+07
0
0
0
0
0
0
0
0
8.498188e+07
0
0
0
0
0
0
0
0
0
0
0
0
0
0
0
0
0
0
0
0
0
0
0
0
0
0
0
0
0
0
0
0
0
0
0
0
0
0
0
0
0
0
0
0
0
0
0
0
0
0
0
0
0
0
0
0
0
0
0
0
0
0
0
0
0
0
0
0
0
0
0
0
0
0
0
0
0
0
0
0
0
0
0
0
0
0
0
0
0
0
0
0
0
0
0
0
0
0
0
0
0
0
0
0
0
0
0
0
0
0
0
0
0
0
0
0
0
0
0
0
0
0
0
0
0
0
0
0
0
0
0
0
0
8.581322e+07
0
0
0
0
0
0
0
0
0
0
0
0
0
0
0
0
0
0
0
0
0
0
0
0
0
0
0
0
0
0
0
0
0
0
0
0
0
0
0
0
0
0
0
0
0
0
0
0
0
0
0
0
0
0
0
0
0
0
0
0
0
0
0
0
0
0
0
0
0
0
0
0
0
0
0
0
0
0
0
0
0
0
0
0
0
0
0
0
0
0
0
0
0
0
0
0
0
0
0
0
0
0
0
0
0
0
0
0
0
0
0
0
0
0
0
0
0
0
0
0
0
0
0
0
0
0
0
0
0
0
0
0
0
0
0
0
0
0
0
0
0
0
0
0
0
0
0
0
0
0
0
0
0
0
0
0
0
0
0
0
0
0
0
0
0
0
0
0
0
0
0
0
0
0
0
0
0
0
0
0
0
0
0
0
0
0
0
0
0
0
0
0
0
0
0
0
0
0
0
0
0
0
0
0
0
0
0
0
0
0
0
0
0
0
0
0
0
0
0
0
0
0
0
0
0
0
0
0
0
0
0
0
0
0
0
0
0
0
0
0
0
0
0
0
0
0
0
0
0
0
0
0
0
0
0
0
0
0
0
0
0
0
0
0
0
0
0
0
0
0
0
0
0
0
0
0
0
0
0
0
0
0
0
0
0
0
0
0
0
0
0
0
0
0
0
0
0
0
0
0
0
0
0
0
0
0
0
0
0
0
0
0
0
0
0
0
0
0
0
0
0
0
0
0
0
0
0
0
0
0
0
0
0
0
0
0
0
0
0
0
0
0
0
0
0
0
0
0
0
0
0
0
0
0
0
0
0
0
0
0
0
0
0
0
0
0
0
0
0
0
0
0
0
0
0
0
0
0
0
0
0
0
0
0
0
0
0
0
0
0
0
0
0
0
0
0
0
0
0
0
0
0
0
0
0
0
0
0
0
0
0
0
0
0
0
0
0
0
0
0
0
0
0
0
0
0
0
0
0
0
0
0
0
0
0
0
0
0
0
0
0
0
0
0
0
0
0
0
0
0
0
0
0
0
0
0
0
0
0
0
0
0
0
0
0
0
0
0
0
0
0
0
0
0
0
0
0
0
0
0
0
0
0
0
0
0
0
0
0
0
0
0
0
0
0
0
0
0
0
0
0
0
0
0
0
0
0
0
0
0
0
0
0
0
0
0
0
0
0
0
0
0
0
0
0
0
0
0
0
0
0
0
0
0
0
0
0
0
0
0
0
0
0
0
0
0
0
0
0
0
0
0
0
0
0
0
0
0
0
0
0
0
0
0
0
0
0
0
0
0
0
0
0
0
0
0
0
0
0
0
0
0
0
0
0
0
0
0
0
0
0
0
0
0
0
0
0
0
0
0
0
0
0
0
0
0
0
0
0
0
0
0
0
0
0
0
0
0
0
0
0
0
0
0
0
0
0
0
0
0
0
0
0
0
0
0
0
0
0
0
0
0
0
0
0
0
0
0
0
0
0
0
0
0
0
0
0
0
0
0
0
0
0
0
0
0
0
0
0
0
0
0
0
0
0
0
0
0
0
0
0
0
0
0
0
0
0
0
0
0
0
0
0
0
0
0
0
0
0
0
0
0
0
0
0
0
0
0
0
0
0
0
0
0
0
0
0
0
0
0
0
0
0
0
0
0
0
0
0
0
0
0
0
0
0
0
0
0
0
0
0
0
0
0
0
0
0
0
0
0
0
0
0
0
0
0
0
0
0
0
0
0
0
0
0
0
0
0
0
0
0
0
0
0
0
0
0
0
0
0
0
0
0
0
0
0
0
0
0
0
0
0
0
0
0
0
0
0
0
0
0
0
0
0
0
0
0
0
0
0
0
0
0
0
0
0
0
0
0
0
0
0
0
0
0
0
0
0
0
0
0
0
0
0
0
0
0
0
0
0
0
0
0
0
0
0
0
0
0
0
0
0
0
0
0
0
0
0
0
0
0
0
0
0
0
0
0
0
0
0
0
0
0
0
0
0
0
0
0
0
0
0
0
0
0
0
0
0
0
0
0
0
0
0
0
0
0
0
0
0
0
0
0
0
0
0
0
0
0
0
0
0
0
0
0
0
0
0
0
0
0
0
0
0
0
0
0
0
0
0
0
0
)
;

boundaryField
{
    anodeSides
    {
        type            calculated;
        value           uniform 0;
    }
    fuelInlet
    {
        type            calculated;
        value           nonuniform List<scalar> 0();
    }
    fuelOutlet
    {
        type            calculated;
        value           uniform 0;
    }
    fuel_to_electrolyte
    {
        type            calculated;
        value           uniform 0;
    }
    fuel_to_interconnect
    {
        type            calculated;
        value           uniform 0;
    }
    procBoundary3to2
    {
        type            processor;
        value           uniform 0;
    }
}
)

// processor4

697
(dimensions      [0 -3 0 0 0 1 0];

internalField   nonuniform List<scalar> 0();

boundaryField
{
    anodeSides
    {
        type            calculated;
        value           nonuniform List<scalar> 0();
    }
    fuelInlet
    {
        type            calculated;
        value           nonuniform List<scalar> 0();
    }
    fuelOutlet
    {
        type            calculated;
        value           nonuniform List<scalar> 0();
    }
    fuel_to_electrolyte
    {
        type            calculated;
        value           nonuniform List<scalar> 0();
    }
    fuel_to_interconnect
    {
        type            calculated;
        value           nonuniform List<scalar> 0();
    }
}
)

// processor5

697
(dimensions      [0 -3 0 0 0 1 0];

internalField   nonuniform List<scalar> 0();

boundaryField
{
    anodeSides
    {
        type            calculated;
        value           nonuniform List<scalar> 0();
    }
    fuelInlet
    {
        type            calculated;
        value           nonuniform List<scalar> 0();
    }
    fuelOutlet
    {
        type            calculated;
        value           nonuniform List<scalar> 0();
    }
    fuel_to_electrolyte
    {
        type            calculated;
        value           nonuniform List<scalar> 0();
    }
    fuel_to_interconnect
    {
        type            calculated;
        value           nonuniform List<scalar> 0();
    }
}
)

// processor6

697
(dimensions      [0 -3 0 0 0 1 0];

internalField   nonuniform List<scalar> 0();

boundaryField
{
    anodeSides
    {
        type            calculated;
        value           nonuniform List<scalar> 0();
    }
    fuelInlet
    {
        type            calculated;
        value           nonuniform List<scalar> 0();
    }
    fuelOutlet
    {
        type            calculated;
        value           nonuniform List<scalar> 0();
    }
    fuel_to_electrolyte
    {
        type            calculated;
        value           nonuniform List<scalar> 0();
    }
    fuel_to_interconnect
    {
        type            calculated;
        value           nonuniform List<scalar> 0();
    }
}
)

// processor7

697
(dimensions      [0 -3 0 0 0 1 0];

internalField   nonuniform List<scalar> 0();

boundaryField
{
    anodeSides
    {
        type            calculated;
        value           nonuniform List<scalar> 0();
    }
    fuelInlet
    {
        type            calculated;
        value           nonuniform List<scalar> 0();
    }
    fuelOutlet
    {
        type            calculated;
        value           nonuniform List<scalar> 0();
    }
    fuel_to_electrolyte
    {
        type            calculated;
        value           nonuniform List<scalar> 0();
    }
    fuel_to_interconnect
    {
        type            calculated;
        value           nonuniform List<scalar> 0();
    }
}
)
