/*--------------------------------*- C++ -*----------------------------------*\
| =========                 |                                                 |
| \\      /  F ield         | OpenFOAM: The Open Source CFD Toolbox           |
|  \\    /   O peration     | Version:  2306                                  |
|   \\  /    A nd           | Website:  www.openfoam.com                      |
|    \\/     M anipulation  |                                                 |
\*---------------------------------------------------------------------------*/
FoamFile
{
    version     2.0;
    format      binary;
    arch        "LSB;label=32;scalar=64";
    class       decomposedBlockData;
    object      j;
    data.format     ascii;
    data.class      volScalarField;
}
// * * * * * * * * * * * * * * * * * * * * * * * * * * * * * * * * * * * * * //


// processor0

19790
(FoamFile
{
    version     2.0;
    format      ascii;
    arch        "LSB;label=32;scalar=64";
    class       volScalarField;
    location    "2.5/air";
    object      j;
}
dimensions      [0 -3 0 0 0 1 0];

internalField   nonuniform List<scalar> 
4000
(
0
0
0
0
0
0
0
0
0
0
0
0
0
0
0
0
0
0
0
0
0
0
0
0
0
0
0
0
0
0
0
0
0
0
0
0
0
0
0
0
0
0
0
0
0
0
0
0
0
0
0
0
0
0
0
0
0
0
0
0
0
0
0
0
0
0
0
0
0
0
0
0
0
0
0
0
0
0
0
0
0
0
0
0
0
0
0
0
0
0
0
0
0
0
0
0
0
0
0
0
0
0
0
0
0
0
0
0
0
0
0
0
0
0
0
0
0
0
0
0
0
0
0
0
0
0
0
0
0
0
0
0
0
0
0
0
0
0
0
0
0
0
0
0
0
0
0
0
0
0
0
0
0
0
0
0
0
0
0
0
0
0
0
0
0
0
0
0
0
0
0
0
0
0
0
0
0
0
0
0
0
0
0
0
0
0
0
0
0
0
0
0
0
0
0
0
0
0
0
0
0
0
0
0
0
0
0
0
0
0
0
0
0
0
0
0
0
0
0
0
0
0
0
0
0
0
0
0
0
0
0
0
0
0
0
0
0
0
0
0
0
0
0
0
0
0
0
0
0
0
0
0
0
0
0
0
0
0
0
0
0
0
0
0
0
0
0
0
0
0
0
0
0
0
0
0
0
0
0
0
0
0
0
0
0
0
0
0
0
0
0
0
0
0
0
0
0
0
0
0
0
0
0
0
0
0
0
0
0
0
0
0
0
0
0
0
0
0
0
0
0
0
0
0
0
0
0
0
0
0
0
0
0
0
0
0
0
0
0
0
0
0
0
0
0
0
0
0
0
0
0
0
0
0
0
0
0
0
0
0
0
0
0
0
0
0
0
0
0
0
0
0
0
0
0
0
0
0
0
0
0
0
0
0
0
0
0
0
0
0
0
0
0
0
0
0
0
0
0
0
0
0
0
0
0
0
0
0
0
0
0
0
0
0
0
0
0
0
0
0
0
0
0
0
0
0
0
0
0
0
0
0
0
0
0
0
0
0
0
0
0
0
0
0
0
0
0
0
0
0
0
0
0
0
0
0
0
0
0
0
0
0
0
0
0
0
0
0
0
0
0
0
0
0
0
0
0
0
0
0
0
0
0
0
0
0
0
0
0
0
0
0
0
0
0
0
0
0
0
0
0
0
0
0
0
0
0
0
0
0
0
0
0
0
0
0
0
0
0
0
0
0
0
0
0
0
0
0
0
0
0
0
0
0
0
0
0
0
0
0
0
0
0
0
0
0
0
0
0
0
0
0
0
0
0
0
0
0
0
0
0
0
0
0
0
0
0
0
0
0
0
0
0
0
0
0
0
0
0
0
0
0
0
0
0
0
0
0
0
0
0
0
0
0
0
0
0
0
0
0
0
0
0
0
0
0
0
0
0
0
0
0
0
0
0
0
0
0
0
0
0
0
0
0
0
0
0
0
0
0
0
0
0
0
0
0
0
0
0
0
0
0
0
0
0
0
0
0
0
0
0
0
0
0
0
0
0
0
0
0
0
0
0
0
0
0
0
0
0
0
0
0
0
0
0
0
0
0
0
0
0
0
0
0
0
0
0
0
0
0
0
0
0
0
0
0
0
0
0
0
0
0
0
0
0
0
0
0
0
0
0
0
0
0
0
0
0
0
0
0
0
0
0
0
0
0
0
0
0
0
0
0
0
0
0
0
0
0
0
0
0
0
0
0
0
0
0
0
0
0
0
0
0
0
0
0
0
0
0
0
0
0
0
0
0
0
0
0
0
0
0
0
0
0
0
0
0
0
0
0
0
0
0
0
0
0
0
0
0
0
0
0
0
0
0
0
0
0
0
0
0
0
0
0
0
0
0
0
0
0
0
0
0
0
0
0
0
0
0
0
0
0
0
0
0
0
0
0
0
0
0
0
0
0
0
0
0
0
0
0
0
0
0
0
0
0
0
0
0
0
0
0
0
0
0
0
0
0
0
0
0
0
0
0
0
0
0
0
0
0
0
0
0
0
0
0
0
0
0
0
0
0
0
0
0
0
0
0
0
0
0
0
0
0
0
0
0
0
0
0
0
0
0
0
0
0
0
0
0
0
0
0
0
0
0
0
0
0
0
0
0
0
0
0
0
0
0
0
0
0
0
0
1.788274e+08
0
0
0
0
0
0
0
0
0
0
0
0
0
0
0
0
0
0
0
0
0
0
0
0
0
0
0
0
0
0
0
0
0
0
0
0
0
0
0
0
0
0
0
0
0
0
0
0
0
0
0
0
0
0
0
0
0
0
0
0
0
0
0
0
0
0
0
0
0
0
0
0
0
0
0
0
0
0
0
0
0
0
0
0
0
0
0
0
0
0
0
0
0
0
0
0
0
0
0
0
0
0
0
0
0
0
0
0
0
0
0
0
0
0
0
0
0
0
0
0
0
0
0
0
0
0
0
0
0
0
0
0
0
1.773428e+08
0
0
0
0
0
0
0
0
1.788676e+08
1.974665e+08
0
0
0
0
0
0
0
0
0
0
0
0
0
0
0
0
0
0
0
0
0
0
0
0
0
0
0
0
0
0
0
0
0
0
0
0
0
0
0
0
0
0
0
0
0
0
0
0
0
0
0
0
0
0
0
0
0
0
0
0
0
0
0
0
0
0
0
0
0
0
0
0
0
0
0
0
0
0
0
0
0
0
0
0
0
0
0
0
0
0
0
0
0
0
0
0
0
0
0
0
0
0
0
0
0
0
0
0
0
0
0
0
0
0
0
0
0
0
0
0
0
0
0
0
0
0
0
1.742887e+08
0
0
0
0
0
0
0
0
1.773321e+08
1.958781e+08
0
0
0
0
0
0
0
1.789353e+08
1.974774e+08
2.48314e+08
0
0
0
0
0
0
0
0
0
0
0
0
0
0
0
0
0
0
0
0
0
0
0
0
0
0
0
0
0
0
0
0
0
0
0
0
0
0
0
0
0
0
0
0
0
0
0
0
0
0
0
0
0
0
0
0
0
0
0
0
0
0
0
0
0
0
0
0
0
0
0
0
0
0
0
0
0
0
0
0
0
0
0
0
0
0
0
0
0
0
0
0
0
0
0
0
0
0
0
0
0
0
0
0
0
0
0
0
0
0
0
0
0
0
0
0
0
0
0
1.695737e+08
0
0
0
0
0
0
0
0
1.741074e+08
1.92602e+08
0
0
0
0
0
0
0
1.773355e+08
1.958286e+08
2.464478e+08
0
0
0
0
0
0
1.791513e+08
1.975308e+08
2.482133e+08
3.676448e+08
0
0
0
0
0
0
0
0
0
0
0
0
0
0
0
0
0
0
0
0
0
0
0
0
0
0
0
0
0
0
0
0
0
0
0
0
0
0
0
0
0
0
0
0
0
0
0
0
0
0
0
0
0
0
0
0
0
0
0
0
0
0
0
0
0
0
0
0
0
0
0
0
0
0
0
0
0
0
0
0
0
0
0
0
0
0
0
0
0
0
0
0
0
0
0
0
0
0
0
0
0
0
0
0
0
0
0
0
0
1.633247e+08
0
0
0
0
0
0
0
0
1.689727e+08
1.875283e+08
0
0
0
0
0
0
0
1.739794e+08
1.92362e+08
2.425799e+08
0
0
0
0
0
0
1.775151e+08
1.958122e+08
2.462663e+08
3.652078e+08
0
0
0
0
0
1.793778e+08
1.977368e+08
2.481897e+08
3.671937e+08
6.966816e+08
0
0
0
0
0
0
0
0
0
0
0
0
0
0
0
0
0
0
0
0
0
0
0
0
0
0
0
0
0
0
0
0
0
0
0
0
0
0
0
0
0
0
0
0
0
0
0
0
0
0
0
0
0
0
0
0
0
0
0
0
0
0
0
0
0
0
0
0
0
0
0
0
0
0
0
0
0
0
0
0
0
0
0
0
0
0
0
0
0
0
0
0
0
0
0
0
0
0
0
0
1.563172e+08
0
0
0
0
0
0
0
0
1.619739e+08
1.80781e+08
0
0
0
0
0
0
0
1.686441e+08
1.868355e+08
2.365473e+08
0
0
0
0
0
0
1.740789e+08
1.922036e+08
2.421598e+08
3.601085e+08
0
0
0
0
0
1.777212e+08
1.959796e+08
2.461595e+08
3.646281e+08
6.93166e+08
0
0
0
0
1.79593e+08
1.979578e+08
2.483436e+08
3.669098e+08
6.947797e+08
0
0
0
0
0
0
0
0
0
0
0
0
0
0
0
0
0
0
0
0
0
0
0
0
0
0
0
0
0
0
0
0
0
0
0
0
0
0
0
0
0
0
0
0
0
0
0
0
0
0
0
0
0
0
0
0
0
0
0
0
0
0
0
0
0
0
0
0
0
0
0
0
0
0
0
0
0
0
0
0
0
0
0
0
0
0
0
0
0
0
0
0
1.500641e+08
0
0
0
0
0
0
0
0
1.539368e+08
1.731895e+08
0
0
0
0
0
0
0
1.613282e+08
1.792909e+08
2.284579e+08
0
0
0
0
0
0
1.686087e+08
1.864601e+08
2.355868e+08
3.52042e+08
0
0
0
0
0
1.742402e+08
1.922858e+08
2.418848e+08
3.591822e+08
6.856391e+08
0
0
0
0
1.779227e+08
1.961789e+08
2.462687e+08
3.642353e+08
6.910003e+08
0
0
0
1.797854e+08
1.981692e+08
2.485289e+08
3.668574e+08
6.933392e+08
0
0
0
0
0
0
0
0
0
0
0
0
0
0
0
0
0
0
0
0
0
0
0
0
0
0
0
0
0
0
0
0
0
0
0
0
0
0
0
0
0
0
0
0
0
0
0
0
0
0
0
0
0
0
0
0
0
0
0
0
0
0
0
0
0
0
0
0
0
0
0
0
0
0
0
0
0
0
0
0
0
0
0
0
0
1.453867e+08
0
0
0
0
0
0
0
0
1.467746e+08
1.664052e+08
0
0
0
0
0
0
0
1.528772e+08
1.706134e+08
2.192711e+08
0
0
0
0
0
0
1.611061e+08
1.785746e+08
2.265671e+08
3.410347e+08
0
0
0
0
0
1.686937e+08
1.863987e+08
2.350542e+08
3.503946e+08
6.733178e+08
0
0
0
0
1.744115e+08
1.924376e+08
2.418955e+08
3.585717e+08
6.828612e+08
0
0
0
1.781072e+08
1.963758e+08
2.464293e+08
3.641275e+08
6.894116e+08
0
0
1.799554e+08
1.98359e+08
2.487127e+08
3.668848e+08
6.922519e+08
0
0
0
0
0
0
0
0
0
0
0
0
0
0
0
0
0
0
0
0
0
0
0
0
0
0
0
0
0
0
0
0
0
0
0
0
0
0
0
0
0
0
0
0
0
0
0
0
0
0
0
0
0
0
0
0
0
0
0
0
0
0
0
0
0
0
0
0
0
0
0
0
0
0
0
0
0
0
0
1.423877e+08
0
0
0
0
0
0
0
0
1.413965e+08
1.613161e+08
0
0
0
0
0
0
0
1.452868e+08
1.628608e+08
2.109928e+08
0
0
0
0
0
0
1.524236e+08
1.694542e+08
2.161292e+08
3.282845e+08
0
0
0
0
0
1.610786e+08
1.783143e+08
2.256334e+08
3.382017e+08
6.558e+08
0
0
0
0
1.688136e+08
1.864694e+08
2.348989e+08
3.494468e+08
6.694765e+08
0
0
0
1.745788e+08
1.926025e+08
2.420014e+08
3.583416e+08
6.809787e+08
0
0
1.7827e+08
1.965574e+08
2.465963e+08
3.641244e+08
6.882562e+08
0
1.801115e+08
1.985264e+08
2.488806e+08
3.669372e+08
6.914314e+08
0
0
0
0
0
0
0
0
0
0
0
0
0
0
0
0
0
0
0
0
0
0
0
0
0
0
0
0
0
0
0
0
0
0
0
0
0
0
0
0
0
0
0
0
0
0
0
0
0
0
0
0
0
0
0
0
0
0
0
0
0
0
0
0
0
0
0
0
0
0
0
0
0
0
1.409401e+08
0
0
0
0
0
0
0
0
1.379293e+08
1.580452e+08
0
0
0
0
0
0
0
1.395588e+08
1.570264e+08
2.047234e+08
0
0
0
0
0
0
1.445983e+08
1.61244e+08
2.067253e+08
3.165824e+08
0
0
0
0
0
1.52257e+08
1.689471e+08
2.14679e+08
3.239012e+08
6.345568e+08
0
0
0
0
1.611188e+08
1.782655e+08
2.252471e+08
3.367384e+08
6.504145e+08
0
0
0
1.689509e+08
1.865797e+08
2.349111e+08
3.490101e+08
6.671237e+08
0
0
1.747254e+08
1.927658e+08
2.421315e+08
3.582709e+08
6.796732e+08
0
1.784227e+08
1.967171e+08
2.467548e+08
3.641562e+08
6.873983e+08
1.802272e+08
1.986806e+08
2.490276e+08
3.669969e+08
6.907552e+08
0
0
0
0
0
0
0
0
0
0
0
0
0
0
0
0
0
0
0
0
0
0
0
0
0
0
0
0
0
0
0
0
0
0
0
0
0
0
0
0
0
0
0
0
0
0
0
0
0
0
0
0
0
0
0
0
0
0
0
0
0
0
0
0
0
0
0
0
0
1.409401e+08
0
0
0
0
0
0
0
0
1.362494e+08
1.564644e+08
0
0
0
0
0
0
0
1.358548e+08
1.532617e+08
2.006611e+08
0
0
0
0
0
0
1.386747e+08
1.550366e+08
1.995915e+08
3.075492e+08
0
0
0
0
0
1.442933e+08
1.60486e+08
2.047453e+08
3.10788e+08
6.142116e+08
0
0
0
0
1.52198e+08
1.687502e+08
2.140065e+08
3.217856e+08
6.273402e+08
0
0
0
1.612065e+08
1.782911e+08
2.251213e+08
3.360125e+08
6.47384e+08
0
0
1.690698e+08
1.867112e+08
2.349782e+08
3.488235e+08
6.655656e+08
0
1.748701e+08
1.929084e+08
2.422691e+08
3.582568e+08
6.787319e+08
1.785301e+08
1.968677e+08
2.46893e+08
3.642043e+08
6.866957e+08
1.987928e+08
2.491652e+08
3.670451e+08
6.902011e+08
0
0
0
0
0
0
0
0
0
0
0
0
0
0
0
0
0
0
0
0
0
0
0
0
0
0
0
0
0
0
0
0
0
0
0
0
0
0
0
0
0
0
0
0
0
0
0
0
0
0
0
0
0
0
0
0
0
0
0
0
0
0
0
0
1.423877e+08
0
0
0
0
0
0
0
0
1.362494e+08
1.564644e+08
0
0
0
0
0
0
0
1.340563e+08
1.514382e+08
1.986873e+08
0
0
0
0
0
0
1.348363e+08
1.510214e+08
1.949588e+08
3.016025e+08
0
0
0
0
0
1.382547e+08
1.540697e+08
1.971822e+08
3.006761e+08
5.978501e+08
0
0
0
0
1.441361e+08
1.601412e+08
2.037832e+08
3.080188e+08
6.053114e+08
0
0
0
1.522228e+08
1.686703e+08
2.137097e+08
3.207035e+08
6.235056e+08
0
0
1.612827e+08
1.7837e+08
2.250907e+08
3.356551e+08
6.454695e+08
0
1.691998e+08
1.868245e+08
2.350792e+08
3.487308e+08
6.644821e+08
1.749593e+08
1.930507e+08
2.423877e+08
3.582792e+08
6.779706e+08
1.969712e+08
2.470266e+08
3.642416e+08
6.861268e+08
2.492573e+08
3.670985e+08
6.89695e+08
0
0
0
0
0
0
0
0
0
0
0
0
0
0
0
0
0
0
0
0
0
0
0
0
0
0
0
0
0
0
0
0
0
0
0
0
0
0
0
0
0
0
0
0
0
0
0
0
0
0
0
0
0
0
0
0
0
0
0
1.453867e+08
0
0
0
0
0
0
0
0
1.379293e+08
1.580452e+08
0
0
0
0
0
0
0
1.340563e+08
1.514382e+08
1.986873e+08
0
0
0
0
0
0
1.329702e+08
1.490741e+08
1.927057e+08
2.986828e+08
0
0
0
0
0
1.343362e+08
1.49911e+08
1.922627e+08
2.940215e+08
5.867231e+08
0
0
0
0
1.380157e+08
1.536015e+08
1.959799e+08
2.973831e+08
5.876942e+08
0
0
0
1.440982e+08
1.599564e+08
2.03316e+08
3.065813e+08
6.007437e+08
0
0
1.522438e+08
1.686824e+08
2.135571e+08
3.201352e+08
6.211675e+08
0
1.613911e+08
1.78438e+08
2.251313e+08
3.354412e+08
6.4418e+08
1.692577e+08
1.869513e+08
2.351638e+08
3.487078e+08
6.6362e+08
1.931348e+08
2.425119e+08
3.58292e+08
6.77368e+08
2.471088e+08
3.642904e+08
6.856061e+08
3.671045e+08
6.89266e+08
0
0
0
0
0
0
0
0
0
0
0
0
0
0
0
0
0
0
0
0
0
0
0
0
0
0
0
0
0
0
0
0
0
0
0
0
0
0
0
0
0
0
0
0
0
0
0
0
0
0
0
0
0
0
1.50064e+08
0
0
0
0
0
0
0
0
1.413965e+08
1.613161e+08
0
0
0
0
0
0
0
1.358547e+08
1.532617e+08
2.006611e+08
0
0
0
0
0
0
1.329702e+08
1.490741e+08
1.927057e+08
2.986828e+08
0
0
0
0
0
1.324295e+08
1.478917e+08
1.898683e+08
2.90756e+08
5.811457e+08
0
0
0
0
1.3404e+08
1.493566e+08
1.908962e+08
2.903802e+08
5.757611e+08
0
0
0
1.379254e+08
1.533287e+08
1.95371e+08
2.956543e+08
5.825702e+08
0
0
1.44063e+08
1.599015e+08
2.030422e+08
3.05805e+08
5.980124e+08
0
1.523226e+08
1.686916e+08
2.135209e+08
3.197706e+08
6.196318e+08
1.614048e+08
1.785419e+08
2.251635e+08
3.353442e+08
6.431686e+08
1.870022e+08
2.352707e+08
3.486781e+08
6.629585e+08
2.425718e+08
3.583297e+08
6.768146e+08
3.64284e+08
6.851715e+08
6.888189e+08
0
0
0
0
0
0
0
0
0
0
0
0
0
0
0
0
0
0
0
0
0
0
0
0
0
0
0
0
0
0
0
0
0
0
0
0
0
0
0
0
0
0
0
0
0
0
0
0
0
1.563172e+08
0
0
0
0
0
0
0
0
1.467747e+08
1.664052e+08
0
0
0
0
0
0
0
1.395587e+08
1.570264e+08
2.047234e+08
0
0
0
0
0
0
1.348363e+08
1.510214e+08
1.949588e+08
3.016025e+08
0
0
0
0
0
1.324295e+08
1.478918e+08
1.898683e+08
2.90756e+08
5.811457e+08
0
0
0
0
1.321042e+08
1.472935e+08
1.884196e+08
2.869434e+08
5.69794e+08
0
0
0
1.339128e+08
1.490218e+08
1.901886e+08
2.884536e+08
5.702773e+08
0
0
1.37843e+08
1.532172e+08
1.949957e+08
2.947068e+08
5.795354e+08
0
1.441106e+08
1.598507e+08
2.02929e+08
3.052916e+08
5.962476e+08
1.522809e+08
1.687643e+08
2.134853e+08
3.195797e+08
6.184403e+08
1.785459e+08
2.252444e+08
3.352491e+08
6.424169e+08
2.352922e+08
3.486952e+08
6.623482e+08
3.582958e+08
6.763666e+08
6.847087e+08
0
0
0
0
0
0
0
0
0
0
0
0
0
0
0
0
0
0
0
0
0
0
0
0
0
0
0
0
0
0
0
0
0
0
0
0
0
0
0
0
0
0
0
1.633247e+08
0
0
0
0
0
0
0
0
1.539368e+08
1.731895e+08
0
0
0
0
0
0
0
1.452868e+08
1.628608e+08
2.109928e+08
0
0
0
0
0
0
1.386748e+08
1.550366e+08
1.995915e+08
3.075492e+08
0
0
0
0
0
1.343362e+08
1.499111e+08
1.922627e+08
2.940215e+08
5.867231e+08
0
0
0
0
1.321043e+08
1.472935e+08
1.884197e+08
2.869434e+08
5.69794e+08
0
0
0
1.319583e+08
1.469267e+08
1.876619e+08
2.849182e+08
5.641352e+08
0
0
1.337967e+08
1.488698e+08
1.89742e+08
2.873882e+08
5.67044e+08
0
1.378641e+08
1.531154e+08
1.948174e+08
2.9407e+08
5.775937e+08
1.440136e+08
1.598901e+08
2.028238e+08
3.050071e+08
5.948862e+08
1.687092e+08
2.135306e+08
3.194003e+08
6.175786e+08
2.252116e+08
3.352351e+08
6.417215e+08
3.486137e+08
6.618754e+08
6.758688e+08
0
0
0
0
0
0
0
0
0
0
0
0
0
0
0
0
0
0
0
0
0
0
0
0
0
0
0
0
0
0
0
0
0
0
0
0
1.695737e+08
0
0
0
0
0
0
0
0
1.619739e+08
1.80781e+08
0
0
0
0
0
0
0
1.528772e+08
1.706134e+08
2.192711e+08
0
0
0
0
0
0
1.445984e+08
1.61244e+08
2.067253e+08
3.165824e+08
0
0
0
0
0
1.382548e+08
1.540697e+08
1.971822e+08
3.006761e+08
5.978502e+08
0
0
0
0
1.340401e+08
1.493567e+08
1.908962e+08
2.903802e+08
5.757611e+08
0
0
0
1.319583e+08
1.469267e+08
1.876619e+08
2.849182e+08
5.641352e+08
0
0
1.318247e+08
1.467539e+08
1.871786e+08
2.837932e+08
5.608049e+08
0
1.337998e+08
1.487311e+08
1.895171e+08
2.866654e+08
5.649863e+08
1.377213e+08
1.531261e+08
1.946532e+08
2.937072e+08
5.760986e+08
1.597758e+08
2.028313e+08
3.047419e+08
5.939199e+08
2.134295e+08
3.19344e+08
6.167778e+08
3.350858e+08
6.412111e+08
6.613174e+08
0
0
0
0
0
0
0
0
0
0
0
0
0
0
0
0
0
0
0
0
0
0
0
0
0
0
0
0
1.742887e+08
0
0
0
0
0
0
0
0
1.689727e+08
1.875282e+08
0
0
0
0
0
0
0
1.613282e+08
1.792909e+08
2.284578e+08
0
0
0
0
0
0
1.524237e+08
1.694542e+08
2.161292e+08
3.282845e+08
0
0
0
0
0
1.442934e+08
1.60486e+08
2.047453e+08
3.10788e+08
6.142116e+08
0
0
0
0
1.380159e+08
1.536016e+08
1.9598e+08
2.973831e+08
5.876942e+08
0
0
0
1.339128e+08
1.490219e+08
1.901887e+08
2.884537e+08
5.702773e+08
0
0
1.318247e+08
1.467539e+08
1.871786e+08
2.837932e+08
5.608049e+08
0
1.31819e+08
1.465955e+08
1.869298e+08
2.830265e+08
5.586903e+08
1.33626e+08
1.487215e+08
1.893101e+08
2.862473e+08
5.634024e+08
1.529625e+08
1.946277e+08
2.933696e+08
5.7505e+08
2.026614e+08
3.046407e+08
5.930164e+08
3.191095e+08
6.162195e+08
6.405668e+08
0
0
0
0
0
0
0
0
0
0
0
0
0
0
0
0
0
0
0
1.773428e+08
0
0
0
0
0
0
0
0
1.741074e+08
1.92602e+08
0
0
0
0
0
0
0
1.686441e+08
1.868355e+08
2.365473e+08
0
0
0
0
0
0
1.611062e+08
1.785746e+08
2.265671e+08
3.410347e+08
0
0
0
0
0
1.522572e+08
1.689472e+08
2.14679e+08
3.239012e+08
6.345568e+08
0
0
0
0
1.441363e+08
1.601414e+08
2.037833e+08
3.080188e+08
6.053113e+08
0
0
0
1.379254e+08
1.533289e+08
1.953711e+08
2.956544e+08
5.825703e+08
0
0
1.337967e+08
1.488698e+08
1.897421e+08
2.873883e+08
5.67044e+08
0
1.318189e+08
1.465955e+08
1.869298e+08
2.830266e+08
5.586904e+08
1.3163e+08
1.465759e+08
1.867002e+08
2.825802e+08
5.570629e+08
1.485242e+08
1.892615e+08
2.858576e+08
5.62299e+08
1.944006e+08
2.9323e+08
5.740635e+08
3.043211e+08
5.924111e+08
6.154701e+08
0
0
0
0
0
0
0
0
0
1.788274e+08
0
0
0
0
0
0
0
0
1.773321e+08
1.95878e+08
0
0
0
0
0
0
0
1.739794e+08
1.923621e+08
2.425798e+08
0
0
0
0
0
0
1.686089e+08
1.8646e+08
2.355868e+08
3.52042e+08
0
0
0
0
0
1.610789e+08
1.783144e+08
2.256334e+08
3.382017e+08
6.558002e+08
0
0
0
0
1.521982e+08
1.687504e+08
2.140066e+08
3.217856e+08
6.273402e+08
0
0
0
1.440981e+08
1.599566e+08
2.033162e+08
3.065814e+08
6.007437e+08
0
0
1.378429e+08
1.532172e+08
1.949959e+08
2.94707e+08
5.795354e+08
0
1.337997e+08
1.48731e+08
1.895171e+08
2.866655e+08
5.649863e+08
1.3163e+08
1.465758e+08
1.867002e+08
2.825802e+08
5.570629e+08
1.463617e+08
1.8664e+08
2.821633e+08
5.559325e+08
1.88995e+08
2.856912e+08
5.612557e+08
2.928393e+08
5.73421e+08
5.915597e+08
0
0
0
0
0
0
0
0
1.788676e+08
1.974665e+08
0
0
0
0
0
0
0
1.773355e+08
1.958286e+08
2.464477e+08
0
0
0
0
0
0
1.74079e+08
1.922036e+08
2.421598e+08
3.601085e+08
0
0
0
0
0
1.68694e+08
1.863989e+08
2.350541e+08
3.503946e+08
6.733176e+08
0
0
0
0
1.611191e+08
1.782657e+08
2.252472e+08
3.367384e+08
6.504145e+08
0
0
0
1.522228e+08
1.686706e+08
2.1371e+08
3.207036e+08
6.235056e+08
0
0
1.440629e+08
1.599015e+08
2.030425e+08
3.058052e+08
5.980123e+08
0
1.37864e+08
1.531153e+08
1.948174e+08
2.940702e+08
5.775938e+08
1.336261e+08
1.487215e+08
1.8931e+08
2.862473e+08
5.634024e+08
1.463617e+08
1.8664e+08
2.821633e+08
5.559325e+08
1.863538e+08
2.819835e+08
5.548606e+08
2.852518e+08
5.605888e+08
5.724865e+08
0
0
0
0
0
0
0
1.789353e+08
1.974774e+08
2.48314e+08
0
0
0
0
0
0
1.775152e+08
1.958122e+08
2.462663e+08
3.652078e+08
0
0
0
0
0
1.742405e+08
1.922859e+08
2.418848e+08
3.591822e+08
6.856391e+08
0
0
0
0
1.68814e+08
1.864698e+08
2.34899e+08
3.494468e+08
6.694765e+08
0
0
0
1.612065e+08
1.782915e+08
2.251216e+08
3.360126e+08
6.473841e+08
0
0
1.522437e+08
1.686824e+08
2.135574e+08
3.201354e+08
6.211675e+08
0
1.441104e+08
1.598505e+08
2.02929e+08
3.052918e+08
5.962477e+08
1.377213e+08
1.531259e+08
1.94653e+08
2.937072e+08
5.760986e+08
1.485242e+08
1.892614e+08
2.858575e+08
5.62299e+08
1.863538e+08
2.819835e+08
5.548605e+08
2.815196e+08
5.541819e+08
5.595973e+08
0
0
0
0
0
0
1.791514e+08
1.975308e+08
2.482133e+08
3.676448e+08
0
0
0
0
0
1.777216e+08
1.959797e+08
2.461595e+08
3.646281e+08
6.93166e+08
0
0
0
0
1.744119e+08
1.924379e+08
2.418957e+08
3.585717e+08
6.828612e+08
0
0
0
1.689508e+08
1.865802e+08
2.349115e+08
3.490102e+08
6.671237e+08
0
0
1.612826e+08
1.7837e+08
2.250911e+08
3.356554e+08
6.454696e+08
0
1.523224e+08
1.686915e+08
2.135209e+08
3.197709e+08
6.196319e+08
1.440136e+08
1.5989e+08
2.028237e+08
3.050071e+08
5.948862e+08
1.529625e+08
1.946276e+08
2.933694e+08
5.7505e+08
1.88995e+08
2.856912e+08
5.612557e+08
2.815196e+08
5.541819e+08
5.531617e+08
0
0
0
0
0
1.793782e+08
1.97737e+08
2.481897e+08
3.671937e+08
6.966816e+08
0
0
0
0
1.779231e+08
1.961793e+08
2.462689e+08
3.642353e+08
6.910003e+08
0
0
0
1.745787e+08
1.926029e+08
2.420017e+08
3.583417e+08
6.809788e+08
0
0
1.690695e+08
1.867112e+08
2.349787e+08
3.488238e+08
6.655656e+08
0
1.613908e+08
1.784378e+08
2.251313e+08
3.354416e+08
6.441802e+08
1.52281e+08
1.687641e+08
2.134851e+08
3.195797e+08
6.184403e+08
1.597759e+08
2.028311e+08
3.047417e+08
5.9392e+08
1.944006e+08
2.932299e+08
5.740634e+08
2.852518e+08
5.605888e+08
5.531617e+08
0
0
0
0
1.795934e+08
1.979581e+08
2.483438e+08
3.669098e+08
6.947797e+08
0
0
0
1.781072e+08
1.963762e+08
2.464296e+08
3.641277e+08
6.894116e+08
0
0
1.747252e+08
1.927657e+08
2.42132e+08
3.582712e+08
6.796732e+08
0
1.691995e+08
1.868242e+08
2.350791e+08
3.487313e+08
6.644823e+08
1.614049e+08
1.785417e+08
2.251633e+08
3.353442e+08
6.431687e+08
1.687093e+08
2.135304e+08
3.194002e+08
6.175787e+08
2.026615e+08
3.046406e+08
5.930164e+08
2.928393e+08
5.73421e+08
5.595973e+08
0
0
0
1.797854e+08
1.981696e+08
2.485293e+08
3.668576e+08
6.933392e+08
0
0
1.782697e+08
1.965573e+08
2.465968e+08
3.641248e+08
6.882562e+08
0
1.748698e+08
1.929082e+08
2.42269e+08
3.582573e+08
6.787321e+08
1.692577e+08
1.86951e+08
2.351635e+08
3.487077e+08
6.636202e+08
1.785459e+08
2.252441e+08
3.352489e+08
6.42417e+08
2.134295e+08
3.193438e+08
6.167777e+08
3.043211e+08
5.924111e+08
5.724865e+08
0
0
1.799552e+08
1.98359e+08
2.487131e+08
3.668852e+08
6.922519e+08
0
1.784224e+08
1.967168e+08
2.467548e+08
3.641566e+08
6.873985e+08
1.749593e+08
1.930503e+08
2.423874e+08
3.582791e+08
6.779708e+08
1.870022e+08
2.352702e+08
3.486778e+08
6.629585e+08
2.252117e+08
3.352348e+08
6.417214e+08
3.191096e+08
6.162195e+08
5.915597e+08
0
1.801113e+08
1.985261e+08
2.488806e+08
3.669377e+08
6.914316e+08
1.785301e+08
1.968674e+08
2.468928e+08
3.642043e+08
6.866959e+08
1.931348e+08
2.425115e+08
3.582917e+08
6.77368e+08
2.352922e+08
3.486948e+08
6.62348e+08
3.350858e+08
6.41211e+08
6.154701e+08
1.802272e+08
1.986803e+08
2.490273e+08
3.669969e+08
6.907554e+08
1.969712e+08
2.470263e+08
3.642413e+08
6.861268e+08
2.425718e+08
3.583293e+08
6.768144e+08
3.486137e+08
6.618752e+08
6.405667e+08
1.987928e+08
2.491649e+08
3.670448e+08
6.902012e+08
2.471088e+08
3.6429e+08
6.856059e+08
3.582958e+08
6.763665e+08
6.613173e+08
2.492573e+08
3.670982e+08
6.896948e+08
3.642841e+08
6.851714e+08
6.758687e+08
3.671045e+08
6.892658e+08
6.847087e+08
6.888188e+08
)
;

boundaryField
{
    airInlet
    {
        type            calculated;
        value           uniform 0;
    }
    airOutlet
    {
        type            calculated;
        value           nonuniform List<scalar> 0();
    }
    cathodeSides
    {
        type            calculated;
        value           uniform 0;
    }
    air_to_interconnect
    {
        type            calculated;
        value           uniform 0;
    }
    air_to_electrolyte
    {
        type            calculated;
        value           uniform 0;
    }
    procBoundary0to1
    {
        type            processor;
        value           uniform 0;
    }
}
)

// processor1

19757
(dimensions      [0 -3 0 0 0 1 0];

internalField   nonuniform List<scalar> 
4000
(
0
0
0
0
0
0
0
0
0
0
0
0
0
0
0
0
0
0
0
0
0
0
0
0
0
0
0
0
0
0
0
0
0
0
0
0
0
0
0
0
0
0
0
0
0
0
0
0
0
0
0
0
0
0
0
0
0
0
0
0
0
0
0
0
0
0
0
0
0
0
0
0
0
0
0
0
0
0
0
0
0
0
0
0
0
0
0
0
0
0
0
0
0
0
0
0
0
0
0
0
0
0
0
0
0
0
0
0
0
0
0
0
0
0
0
0
0
0
0
0
0
0
0
0
0
0
0
0
0
0
0
0
0
0
0
0
0
0
0
0
0
0
0
0
0
0
0
0
0
0
0
0
0
0
0
0
0
0
0
0
0
0
0
0
0
0
0
0
0
0
0
0
0
0
0
0
0
0
0
0
0
0
0
0
0
0
0
0
0
0
0
0
0
0
0
0
0
0
0
0
0
0
0
0
0
0
0
0
0
0
0
0
0
0
0
0
0
0
0
0
0
0
0
0
0
0
0
0
0
0
0
0
0
0
0
0
0
0
0
0
0
0
0
0
0
0
0
0
0
0
0
0
0
0
0
0
0
0
0
0
0
0
0
0
0
0
0
0
0
0
0
0
0
0
0
0
0
0
0
0
0
0
0
0
0
0
0
0
0
0
0
0
0
0
0
0
0
0
0
0
0
0
0
0
0
0
0
0
0
0
0
0
0
0
0
0
0
0
0
0
0
0
0
0
0
0
0
0
0
0
0
0
0
0
0
0
0
0
0
0
0
0
0
0
0
0
0
0
0
0
0
0
0
0
0
0
0
0
0
0
0
0
0
0
0
0
0
0
0
0
0
0
0
0
0
0
0
0
0
0
0
0
0
0
0
0
0
0
0
0
0
0
0
0
0
0
0
0
0
0
0
0
0
0
0
0
0
0
0
0
0
0
0
0
0
0
0
0
0
0
0
0
0
0
0
0
0
0
0
0
0
0
0
0
0
0
0
0
0
0
0
0
0
0
0
0
0
0
0
0
0
0
0
0
0
0
0
0
0
0
0
0
0
0
0
0
0
0
0
0
0
0
0
0
0
0
0
0
0
0
0
0
0
0
0
0
0
0
0
0
0
0
0
0
0
0
0
0
0
0
0
0
0
0
0
0
0
0
0
0
0
0
0
0
0
0
0
0
0
0
0
0
0
0
0
0
0
0
0
0
0
0
0
0
0
0
0
0
0
0
0
0
0
0
0
0
0
0
0
0
0
0
0
0
0
0
0
0
0
0
0
0
0
0
0
0
0
0
0
0
0
0
0
0
0
0
0
0
0
0
0
0
0
0
0
0
0
0
0
0
0
0
0
0
0
0
0
0
0
0
0
0
0
0
0
0
0
0
0
0
0
0
0
0
0
0
0
0
0
0
0
0
0
0
0
0
0
0
0
0
0
0
0
0
0
0
0
0
0
0
0
0
0
0
0
0
0
0
0
0
0
0
0
0
0
0
0
0
0
0
0
0
0
0
0
0
0
0
0
0
0
0
0
0
0
0
0
0
0
0
0
0
0
0
0
0
0
0
0
0
0
0
0
0
0
0
0
0
0
0
0
0
0
0
0
0
0
0
0
0
0
0
0
0
0
0
0
0
0
0
0
0
0
0
0
0
0
0
0
0
0
0
0
0
0
0
0
0
0
0
0
0
0
0
0
0
0
0
0
0
0
0
0
0
0
0
0
0
0
0
0
0
0
0
0
0
0
0
0
0
0
0
0
0
0
0
0
0
0
0
0
0
0
0
0
0
0
0
0
0
0
0
0
0
0
0
0
0
0
0
0
0
0
0
0
0
0
0
0
0
0
0
0
0
0
0
0
0
0
0
0
0
0
0
0
0
0
0
0
0
0
0
0
0
0
0
0
0
0
0
0
0
0
0
0
0
0
0
0
0
0
0
0
0
0
0
0
0
0
0
0
0
0
0
0
0
0
0
0
0
0
0
0
0
0
0
0
0
0
0
0
0
0
0
0
0
0
0
0
0
0
0
0
0
0
0
0
0
0
0
0
0
0
0
0
0
0
0
0
0
0
0
0
0
0
0
0
0
0
0
0
0
0
0
0
0
0
0
0
0
0
0
1.802668e+08
0
0
0
0
0
0
0
0
0
0
0
0
0
0
0
0
0
0
0
0
0
0
0
0
0
0
0
0
0
0
0
0
0
0
0
0
0
0
0
0
0
0
0
0
0
0
0
0
0
0
0
0
0
0
0
0
0
0
0
0
0
0
0
0
0
0
0
0
0
0
0
0
0
0
0
0
0
0
0
0
0
0
0
0
0
0
0
0
0
0
0
0
0
0
0
0
0
0
0
0
0
0
0
0
0
0
0
0
0
0
0
0
0
0
0
0
0
0
0
0
0
0
0
0
0
0
0
0
0
0
0
0
0
1.78547e+08
0
0
0
0
0
0
0
0
1.804037e+08
1.988257e+08
0
0
0
0
0
0
0
0
0
0
0
0
0
0
0
0
0
0
0
0
0
0
0
0
0
0
0
0
0
0
0
0
0
0
0
0
0
0
0
0
0
0
0
0
0
0
0
0
0
0
0
0
0
0
0
0
0
0
0
0
0
0
0
0
0
0
0
0
0
0
0
0
0
0
0
0
0
0
0
0
0
0
0
0
0
0
0
0
0
0
0
0
0
0
0
0
0
0
0
0
0
0
0
0
0
0
0
0
0
0
0
0
0
0
0
0
0
0
0
0
0
0
0
0
0
0
0
1.749265e+08
0
0
0
0
0
0
0
0
1.786828e+08
1.969799e+08
0
0
0
0
0
0
0
1.805454e+08
1.989615e+08
2.49263e+08
0
0
0
0
0
0
0
0
0
0
0
0
0
0
0
0
0
0
0
0
0
0
0
0
0
0
0
0
0
0
0
0
0
0
0
0
0
0
0
0
0
0
0
0
0
0
0
0
0
0
0
0
0
0
0
0
0
0
0
0
0
0
0
0
0
0
0
0
0
0
0
0
0
0
0
0
0
0
0
0
0
0
0
0
0
0
0
0
0
0
0
0
0
0
0
0
0
0
0
0
0
0
0
0
0
0
0
0
0
0
0
0
0
0
0
0
0
0
0
1.691422e+08
0
0
0
0
0
0
0
0
1.750594e+08
1.930908e+08
0
0
0
0
0
0
0
1.788249e+08
1.971148e+08
2.470864e+08
0
0
0
0
0
0
1.806922e+08
1.991033e+08
2.493867e+08
3.670171e+08
0
0
0
0
0
0
0
0
0
0
0
0
0
0
0
0
0
0
0
0
0
0
0
0
0
0
0
0
0
0
0
0
0
0
0
0
0
0
0
0
0
0
0
0
0
0
0
0
0
0
0
0
0
0
0
0
0
0
0
0
0
0
0
0
0
0
0
0
0
0
0
0
0
0
0
0
0
0
0
0
0
0
0
0
0
0
0
0
0
0
0
0
0
0
0
0
0
0
0
0
0
0
0
0
0
0
0
0
0
1.61173e+08
0
0
0
0
0
0
0
0
1.692677e+08
1.868701e+08
0
0
0
0
0
0
0
1.75202e+08
1.932225e+08
2.424882e+08
0
0
0
0
0
0
1.789725e+08
1.972569e+08
2.472091e+08
3.641615e+08
0
0
0
0
0
1.80828e+08
1.992504e+08
2.495198e+08
3.670746e+08
6.883183e+08
0
0
0
0
0
0
0
0
0
0
0
0
0
0
0
0
0
0
0
0
0
0
0
0
0
0
0
0
0
0
0
0
0
0
0
0
0
0
0
0
0
0
0
0
0
0
0
0
0
0
0
0
0
0
0
0
0
0
0
0
0
0
0
0
0
0
0
0
0
0
0
0
0
0
0
0
0
0
0
0
0
0
0
0
0
0
0
0
0
0
0
0
0
0
0
0
0
0
0
0
1.519085e+08
0
0
0
0
0
0
0
0
1.612865e+08
1.782899e+08
0
0
0
0
0
0
0
1.694106e+08
1.869942e+08
2.351063e+08
0
0
0
0
0
0
1.753507e+08
1.933653e+08
2.426076e+08
3.580964e+08
0
0
0
0
0
1.791087e+08
1.974049e+08
2.473428e+08
3.642179e+08
6.841636e+08
0
0
0
0
1.809667e+08
1.993866e+08
2.496593e+08
3.671511e+08
6.879852e+08
0
0
0
0
0
0
0
0
0
0
0
0
0
0
0
0
0
0
0
0
0
0
0
0
0
0
0
0
0
0
0
0
0
0
0
0
0
0
0
0
0
0
0
0
0
0
0
0
0
0
0
0
0
0
0
0
0
0
0
0
0
0
0
0
0
0
0
0
0
0
0
0
0
0
0
0
0
0
0
0
0
0
0
0
0
0
0
0
0
0
0
0
1.435046e+08
0
0
0
0
0
0
0
0
1.520064e+08
1.683034e+08
0
0
0
0
0
0
0
1.614266e+08
1.784014e+08
2.248814e+08
0
0
0
0
0
0
1.695601e+08
1.871375e+08
2.352172e+08
3.482854e+08
0
0
0
0
0
1.754875e+08
1.935147e+08
2.427423e+08
3.581491e+08
6.752258e+08
0
0
0
0
1.792482e+08
1.975416e+08
2.474833e+08
3.642955e+08
6.838286e+08
0
0
0
1.810954e+08
1.995258e+08
2.497889e+08
3.672358e+08
6.877053e+08
0
0
0
0
0
0
0
0
0
0
0
0
0
0
0
0
0
0
0
0
0
0
0
0
0
0
0
0
0
0
0
0
0
0
0
0
0
0
0
0
0
0
0
0
0
0
0
0
0
0
0
0
0
0
0
0
0
0
0
0
0
0
0
0
0
0
0
0
0
0
0
0
0
0
0
0
0
0
0
0
0
0
0
0
0
1.371023e+08
0
0
0
0
0
0
0
0
1.435862e+08
1.592243e+08
0
0
0
0
0
0
0
1.521393e+08
1.683985e+08
2.129243e+08
0
0
0
0
0
0
1.615757e+08
1.785421e+08
2.249784e+08
3.345746e+08
0
0
0
0
0
1.696967e+08
1.872877e+08
2.353529e+08
3.483285e+08
6.605105e+08
0
0
0
0
1.756281e+08
1.936521e+08
2.428845e+08
3.582285e+08
6.748857e+08
0
0
0
1.793768e+08
1.976817e+08
2.476137e+08
3.643816e+08
6.8355e+08
0
0
1.81231e+08
1.99655e+08
2.499217e+08
3.673165e+08
6.874372e+08
0
0
0
0
0
0
0
0
0
0
0
0
0
0
0
0
0
0
0
0
0
0
0
0
0
0
0
0
0
0
0
0
0
0
0
0
0
0
0
0
0
0
0
0
0
0
0
0
0
0
0
0
0
0
0
0
0
0
0
0
0
0
0
0
0
0
0
0
0
0
0
0
0
0
0
0
0
0
0
1.329324e+08
0
0
0
0
0
0
0
0
1.371699e+08
1.522934e+08
0
0
0
0
0
0
0
1.437094e+08
1.59302e+08
2.019859e+08
0
0
0
0
0
0
1.522852e+08
1.685318e+08
2.13003e+08
3.183762e+08
0
0
0
0
0
1.617107e+08
1.78692e+08
2.251116e+08
3.346019e+08
6.395257e+08
0
0
0
0
1.69838e+08
1.874252e+08
2.354964e+08
3.484098e+08
6.601591e+08
0
0
0
1.757566e+08
1.937935e+08
2.430159e+08
3.58317e+08
6.74609e+08
0
0
1.79513e+08
1.978109e+08
2.477475e+08
3.644634e+08
6.832829e+08
0
1.813523e+08
1.997914e+08
2.500455e+08
3.674004e+08
6.871983e+08
0
0
0
0
0
0
0
0
0
0
0
0
0
0
0
0
0
0
0
0
0
0
0
0
0
0
0
0
0
0
0
0
0
0
0
0
0
0
0
0
0
0
0
0
0
0
0
0
0
0
0
0
0
0
0
0
0
0
0
0
0
0
0
0
0
0
0
0
0
0
0
0
0
0
1.308979e+08
0
0
0
0
0
0
0
0
1.329905e+08
1.477754e+08
0
0
0
0
0
0
0
1.372845e+08
1.523558e+08
1.935869e+08
0
0
0
0
0
0
1.438488e+08
1.594251e+08
2.02045e+08
3.033704e+08
0
0
0
0
0
1.524161e+08
1.686786e+08
2.131285e+08
3.183826e+08
6.141459e+08
0
0
0
0
1.618516e+08
1.78828e+08
2.252551e+08
3.346813e+08
6.391567e+08
0
0
0
1.699662e+08
1.875674e+08
2.356283e+08
3.485003e+08
6.598838e+08
0
0
1.758934e+08
1.939227e+08
2.431515e+08
3.584006e+08
6.743433e+08
0
1.796351e+08
1.97948e+08
2.478715e+08
3.645488e+08
6.830455e+08
1.814746e+08
1.999134e+08
2.501768e+08
3.674804e+08
6.869611e+08
0
0
0
0
0
0
0
0
0
0
0
0
0
0
0
0
0
0
0
0
0
0
0
0
0
0
0
0
0
0
0
0
0
0
0
0
0
0
0
0
0
0
0
0
0
0
0
0
0
0
0
0
0
0
0
0
0
0
0
0
0
0
0
0
0
0
0
0
0
1.308979e+08
0
0
0
0
0
0
0
0
1.309514e+08
1.455721e+08
0
0
0
0
0
0
0
1.330992e+08
1.478269e+08
1.880876e+08
0
0
0
0
0
0
1.374157e+08
1.524694e+08
1.936287e+08
2.917113e+08
0
0
0
0
0
1.439737e+08
1.595651e+08
2.021594e+08
3.033548e+08
5.899588e+08
0
0
0
0
1.525539e+08
1.688103e+08
2.132688e+08
3.184545e+08
6.137553e+08
0
0
0
1.61978e+08
1.789699e+08
2.253858e+08
3.347724e+08
6.388792e+08
0
0
1.701023e+08
1.876965e+08
2.35765e+08
3.485853e+08
6.596181e+08
0
1.760169e+08
1.940605e+08
2.432758e+08
3.584883e+08
6.741079e+08
1.797581e+08
1.980709e+08
2.480036e+08
3.646293e+08
6.828092e+08
2.000361e+08
2.50294e+08
3.675672e+08
6.867489e+08
0
0
0
0
0
0
0
0
0
0
0
0
0
0
0
0
0
0
0
0
0
0
0
0
0
0
0
0
0
0
0
0
0
0
0
0
0
0
0
0
0
0
0
0
0
0
0
0
0
0
0
0
0
0
0
0
0
0
0
0
0
0
0
0
1.329324e+08
0
0
0
0
0
0
0
0
1.309514e+08
1.455721e+08
0
0
0
0
0
0
0
1.310575e+08
1.45618e+08
1.853984e+08
0
0
0
0
0
0
1.332242e+08
1.479337e+08
1.88117e+08
2.840021e+08
0
0
0
0
0
1.375352e+08
1.526005e+08
1.937328e+08
2.916763e+08
5.706554e+08
0
0
0
0
1.441055e+08
1.596906e+08
2.022924e+08
3.034153e+08
5.895473e+08
0
0
0
1.526764e+08
1.689493e+08
2.133953e+08
3.185426e+08
6.134717e+08
0
0
1.621124e+08
1.790974e+08
2.255226e+08
3.34857e+08
6.386111e+08
0
1.702253e+08
1.878337e+08
2.358895e+08
3.486749e+08
6.59384e+08
1.761411e+08
1.941848e+08
2.434089e+08
3.585698e+08
6.73873e+08
1.981944e+08
2.481221e+08
3.647173e+08
6.825981e+08
2.504115e+08
3.676442e+08
6.865358e+08
0
0
0
0
0
0
0
0
0
0
0
0
0
0
0
0
0
0
0
0
0
0
0
0
0
0
0
0
0
0
0
0
0
0
0
0
0
0
0
0
0
0
0
0
0
0
0
0
0
0
0
0
0
0
0
0
0
0
0
1.371023e+08
0
0
0
0
0
0
0
0
1.329904e+08
1.477754e+08
0
0
0
0
0
0
0
1.310575e+08
1.45618e+08
1.853984e+08
0
0
0
0
0
0
1.311797e+08
1.457214e+08
1.854214e+08
2.802075e+08
0
0
0
0
0
1.333393e+08
1.480575e+08
1.882133e+08
2.839534e+08
5.576036e+08
0
0
0
0
1.37661e+08
1.527202e+08
1.938559e+08
2.917262e+08
5.702277e+08
0
0
0
1.442221e+08
1.598233e+08
2.024122e+08
3.034957e+08
5.892559e+08
0
0
1.528072e+08
1.690728e+08
2.13529e+08
3.186234e+08
6.131976e+08
0
1.622327e+08
1.792329e+08
2.256457e+08
3.349472e+08
6.38376e+08
1.703513e+08
1.879578e+08
2.360223e+08
3.487574e+08
6.591493e+08
1.943098e+08
2.435292e+08
3.586593e+08
6.736635e+08
2.482405e+08
3.647959e+08
6.823858e+08
3.677197e+08
6.863425e+08
0
0
0
0
0
0
0
0
0
0
0
0
0
0
0
0
0
0
0
0
0
0
0
0
0
0
0
0
0
0
0
0
0
0
0
0
0
0
0
0
0
0
0
0
0
0
0
0
0
0
0
0
0
0
1.435046e+08
0
0
0
0
0
0
0
0
1.371699e+08
1.522934e+08
0
0
0
0
0
0
0
1.330992e+08
1.478269e+08
1.880876e+08
0
0
0
0
0
0
1.311797e+08
1.457214e+08
1.854214e+08
2.802075e+08
0
0
0
0
0
1.312919e+08
1.458417e+08
1.855139e+08
2.801518e+08
5.510838e+08
0
0
0
0
1.334611e+08
1.481721e+08
1.883283e+08
2.839955e+08
5.571655e+08
0
0
0
1.377718e+08
1.528463e+08
1.939693e+08
2.917963e+08
5.699304e+08
0
0
1.443474e+08
1.599407e+08
2.025392e+08
3.035699e+08
5.889738e+08
0
1.529224e+08
1.692047e+08
2.136483e+08
3.187106e+08
6.129587e+08
1.623585e+08
1.793543e+08
2.25777e+08
3.350292e+08
6.381392e+08
1.880847e+08
2.361427e+08
3.488472e+08
6.589413e+08
2.436494e+08
3.587406e+08
6.73452e+08
3.648727e+08
6.821942e+08
6.861403e+08
0
0
0
0
0
0
0
0
0
0
0
0
0
0
0
0
0
0
0
0
0
0
0
0
0
0
0
0
0
0
0
0
0
0
0
0
0
0
0
0
0
0
0
0
0
0
0
0
0
1.519085e+08
0
0
0
0
0
0
0
0
1.435862e+08
1.592243e+08
0
0
0
0
0
0
0
1.372845e+08
1.523558e+08
1.935869e+08
0
0
0
0
0
0
1.332241e+08
1.479337e+08
1.88117e+08
2.840021e+08
0
0
0
0
0
1.312919e+08
1.458416e+08
1.855139e+08
2.801518e+08
5.510838e+08
0
0
0
0
1.314119e+08
1.459528e+08
1.856248e+08
2.801901e+08
5.506407e+08
0
0
0
1.335677e+08
1.482935e+08
1.884361e+08
2.840571e+08
5.568647e+08
0
0
1.378915e+08
1.529574e+08
1.940891e+08
2.91864e+08
5.696409e+08
0
1.444565e+08
1.600669e+08
2.026519e+08
3.036501e+08
5.887293e+08
1.530445e+08
1.69321e+08
2.137758e+08
3.187893e+08
6.127164e+08
1.794812e+08
2.258949e+08
3.351177e+08
6.379307e+08
2.362653e+08
3.489295e+08
6.587289e+08
3.588197e+08
6.732631e+08
6.819928e+08
0
0
0
0
0
0
0
0
0
0
0
0
0
0
0
0
0
0
0
0
0
0
0
0
0
0
0
0
0
0
0
0
0
0
0
0
0
0
0
0
0
0
0
1.61173e+08
0
0
0
0
0
0
0
0
1.520063e+08
1.683034e+08
0
0
0
0
0
0
0
1.437094e+08
1.59302e+08
2.019859e+08
0
0
0
0
0
0
1.374156e+08
1.524694e+08
1.936287e+08
2.917113e+08
0
0
0
0
0
1.333392e+08
1.480574e+08
1.882133e+08
2.839534e+08
5.576037e+08
0
0
0
0
1.314119e+08
1.459527e+08
1.856248e+08
2.801901e+08
5.506407e+08
0
0
0
1.315164e+08
1.460717e+08
1.857286e+08
2.802475e+08
5.503385e+08
0
0
1.336833e+08
1.483999e+08
1.885505e+08
2.841191e+08
5.565705e+08
0
1.379954e+08
1.530776e+08
1.941951e+08
2.919367e+08
5.693919e+08
1.44572e+08
1.601769e+08
2.027734e+08
3.037223e+08
5.884795e+08
1.694442e+08
2.138885e+08
3.188742e+08
6.125049e+08
2.260178e+08
3.351983e+08
6.377154e+08
3.490115e+08
6.585416e+08
6.730629e+08
0
0
0
0
0
0
0
0
0
0
0
0
0
0
0
0
0
0
0
0
0
0
0
0
0
0
0
0
0
0
0
0
0
0
0
0
1.691422e+08
0
0
0
0
0
0
0
0
1.612864e+08
1.782899e+08
0
0
0
0
0
0
0
1.521393e+08
1.683985e+08
2.129243e+08
0
0
0
0
0
0
1.438487e+08
1.594251e+08
2.02045e+08
3.033704e+08
0
0
0
0
0
1.375351e+08
1.526004e+08
1.937328e+08
2.916763e+08
5.706554e+08
0
0
0
0
1.334611e+08
1.48172e+08
1.883282e+08
2.839955e+08
5.571655e+08
0
0
0
1.315164e+08
1.460717e+08
1.857286e+08
2.802475e+08
5.503385e+08
0
0
1.316299e+08
1.461757e+08
1.858403e+08
2.803055e+08
5.500421e+08
0
1.337833e+08
1.485153e+08
1.886512e+08
2.841862e+08
5.563184e+08
1.381045e+08
1.53182e+08
1.943099e+08
2.92002e+08
5.69136e+08
1.602932e+08
2.028795e+08
3.038008e+08
5.882631e+08
2.140075e+08
3.1895e+08
6.12284e+08
3.35281e+08
6.375272e+08
6.583418e+08
0
0
0
0
0
0
0
0
0
0
0
0
0
0
0
0
0
0
0
0
0
0
0
0
0
0
0
0
1.749265e+08
0
0
0
0
0
0
0
0
1.692676e+08
1.868701e+08
0
0
0
0
0
0
0
1.614267e+08
1.784013e+08
2.248815e+08
0
0
0
0
0
0
1.522851e+08
1.685318e+08
2.130029e+08
3.183762e+08
0
0
0
0
0
1.439735e+08
1.595649e+08
2.021594e+08
3.033548e+08
5.899589e+08
0
0
0
0
1.37661e+08
1.5272e+08
1.938558e+08
2.917262e+08
5.702277e+08
0
0
0
1.335677e+08
1.482935e+08
1.88436e+08
2.84057e+08
5.568647e+08
0
0
1.316299e+08
1.461757e+08
1.858403e+08
2.803055e+08
5.500421e+08
0
1.31728e+08
1.462886e+08
1.859382e+08
2.803698e+08
5.497884e+08
1.338882e+08
1.486154e+08
1.887606e+08
2.842461e+08
5.560586e+08
1.532915e+08
1.944098e+08
2.920736e+08
5.689153e+08
2.029909e+08
3.038701e+08
5.880353e+08
3.190288e+08
6.120926e+08
6.37325e+08
0
0
0
0
0
0
0
0
0
0
0
0
0
0
0
0
0
0
0
1.785469e+08
0
0
0
0
0
0
0
0
1.750593e+08
1.930907e+08
0
0
0
0
0
0
0
1.694106e+08
1.869941e+08
2.351063e+08
0
0
0
0
0
0
1.615756e+08
1.785421e+08
2.249783e+08
3.345746e+08
0
0
0
0
0
1.524159e+08
1.686785e+08
2.131285e+08
3.183826e+08
6.14146e+08
0
0
0
0
1.441055e+08
1.596905e+08
2.022923e+08
3.034153e+08
5.895472e+08
0
0
0
1.377718e+08
1.528462e+08
1.939692e+08
2.917962e+08
5.699304e+08
0
0
1.336833e+08
1.483999e+08
1.885505e+08
2.84119e+08
5.565704e+08
0
1.31728e+08
1.462886e+08
1.859382e+08
2.803698e+08
5.497884e+08
1.318311e+08
1.463864e+08
1.860448e+08
2.80427e+08
5.495269e+08
1.487201e+08
1.888558e+08
2.843121e+08
5.558352e+08
1.945137e+08
2.921367e+08
5.686816e+08
3.039409e+08
5.878395e+08
6.118843e+08
0
0
0
0
0
0
0
0
0
1.802668e+08
0
0
0
0
0
0
0
0
1.786828e+08
1.969799e+08
0
0
0
0
0
0
0
1.75202e+08
1.932225e+08
2.424881e+08
0
0
0
0
0
0
1.695599e+08
1.871375e+08
2.352171e+08
3.482854e+08
0
0
0
0
0
1.617105e+08
1.786919e+08
2.251116e+08
3.346018e+08
6.395258e+08
0
0
0
0
1.525539e+08
1.688102e+08
2.132687e+08
3.184545e+08
6.137552e+08
0
0
0
1.44222e+08
1.598232e+08
2.02412e+08
3.034956e+08
5.89256e+08
0
0
1.378915e+08
1.529574e+08
1.940891e+08
2.918639e+08
5.696409e+08
0
1.337833e+08
1.485154e+08
1.886511e+08
2.841862e+08
5.563184e+08
1.318311e+08
1.463864e+08
1.860448e+08
2.80427e+08
5.495269e+08
1.464889e+08
1.861375e+08
2.8049e+08
5.493023e+08
1.889544e+08
2.843705e+08
5.555977e+08
2.921994e+08
5.684822e+08
5.876232e+08
0
0
0
0
0
0
0
0
1.804036e+08
1.988257e+08
0
0
0
0
0
0
0
1.788249e+08
1.971147e+08
2.470864e+08
0
0
0
0
0
0
1.753506e+08
1.933654e+08
2.426075e+08
3.580964e+08
0
0
0
0
0
1.696964e+08
1.872876e+08
2.35353e+08
3.483284e+08
6.605105e+08
0
0
0
0
1.618516e+08
1.788277e+08
2.25255e+08
3.346813e+08
6.391566e+08
0
0
0
1.526764e+08
1.689492e+08
2.133951e+08
3.185425e+08
6.134717e+08
0
0
1.443474e+08
1.599406e+08
2.025392e+08
3.035697e+08
5.889737e+08
0
1.379954e+08
1.530777e+08
1.94195e+08
2.919366e+08
5.693919e+08
1.338883e+08
1.486154e+08
1.887606e+08
2.842461e+08
5.560586e+08
1.464889e+08
1.861375e+08
2.8049e+08
5.493023e+08
1.862336e+08
2.805459e+08
5.490629e+08
2.844275e+08
5.553959e+08
5.682593e+08
0
0
0
0
0
0
0
1.805454e+08
1.989615e+08
2.492629e+08
0
0
0
0
0
0
1.789723e+08
1.972569e+08
2.472091e+08
3.641615e+08
0
0
0
0
0
1.754873e+08
1.935145e+08
2.427424e+08
3.58149e+08
6.752259e+08
0
0
0
0
1.698379e+08
1.874249e+08
2.354963e+08
3.484098e+08
6.601589e+08
0
0
0
1.61978e+08
1.789699e+08
2.253855e+08
3.347723e+08
6.388793e+08
0
0
1.528072e+08
1.690727e+08
2.13529e+08
3.186232e+08
6.131975e+08
0
1.444565e+08
1.600669e+08
2.026519e+08
3.0365e+08
5.887293e+08
1.381046e+08
1.53182e+08
1.943099e+08
2.920019e+08
5.691359e+08
1.487202e+08
1.888558e+08
2.843121e+08
5.558352e+08
1.862336e+08
2.805459e+08
5.490629e+08
2.806003e+08
5.488601e+08
5.551689e+08
0
0
0
0
0
0
1.806921e+08
1.991033e+08
2.493867e+08
3.67017e+08
0
0
0
0
0
1.791085e+08
1.974047e+08
2.473428e+08
3.642179e+08
6.841636e+08
0
0
0
0
1.75628e+08
1.936518e+08
2.428843e+08
3.582285e+08
6.748856e+08
0
0
0
1.699661e+08
1.875673e+08
2.356279e+08
3.485001e+08
6.598838e+08
0
0
1.621124e+08
1.790973e+08
2.255225e+08
3.348567e+08
6.38611e+08
0
1.529224e+08
1.692047e+08
2.136482e+08
3.187106e+08
6.129587e+08
1.445721e+08
1.601769e+08
2.027734e+08
3.037222e+08
5.884795e+08
1.532915e+08
1.944098e+08
2.920736e+08
5.689153e+08
1.889545e+08
2.843705e+08
5.555977e+08
2.806003e+08
5.488601e+08
5.486312e+08
0
0
0
0
0
1.808278e+08
1.992503e+08
2.495198e+08
3.670745e+08
6.883183e+08
0
0
0
0
1.79248e+08
1.975414e+08
2.474832e+08
3.642955e+08
6.838285e+08
0
0
0
1.757565e+08
1.937933e+08
2.430156e+08
3.583168e+08
6.746091e+08
0
0
1.701023e+08
1.876964e+08
2.357649e+08
3.48585e+08
6.59618e+08
0
1.622326e+08
1.792329e+08
2.256456e+08
3.349471e+08
6.38376e+08
1.530446e+08
1.69321e+08
2.137758e+08
3.187892e+08
6.127163e+08
1.602933e+08
2.028795e+08
3.038008e+08
5.882632e+08
1.945138e+08
2.921367e+08
5.686816e+08
2.844276e+08
5.553959e+08
5.486312e+08
0
0
0
0
1.809666e+08
1.993863e+08
2.496591e+08
3.671512e+08
6.879851e+08
0
0
0
1.793766e+08
1.976815e+08
2.476134e+08
3.643814e+08
6.835501e+08
0
0
1.758934e+08
1.939226e+08
2.431514e+08
3.584003e+08
6.743431e+08
0
1.702253e+08
1.878336e+08
2.358894e+08
3.486747e+08
6.593839e+08
1.623585e+08
1.793543e+08
2.257769e+08
3.350291e+08
6.381391e+08
1.694443e+08
2.138885e+08
3.188742e+08
6.125049e+08
2.02991e+08
3.038701e+08
5.880353e+08
2.921995e+08
5.684822e+08
5.551689e+08
0
0
0
1.810952e+08
1.995257e+08
2.497886e+08
3.672357e+08
6.877053e+08
0
0
1.795129e+08
1.978108e+08
2.477474e+08
3.644632e+08
6.832828e+08
0
1.760168e+08
1.940604e+08
2.432756e+08
3.584881e+08
6.741078e+08
1.703514e+08
1.879577e+08
2.360223e+08
3.487573e+08
6.591491e+08
1.794813e+08
2.258948e+08
3.351177e+08
6.379308e+08
2.140076e+08
3.1895e+08
6.12284e+08
3.03941e+08
5.878396e+08
5.682593e+08
0
0
1.812309e+08
1.996549e+08
2.499215e+08
3.673162e+08
6.87437e+08
0
1.796351e+08
1.979479e+08
2.478714e+08
3.645486e+08
6.830453e+08
1.761413e+08
1.941848e+08
2.434088e+08
3.585697e+08
6.738728e+08
1.880848e+08
2.361427e+08
3.488471e+08
6.589413e+08
2.260178e+08
3.351982e+08
6.377153e+08
3.190289e+08
6.120927e+08
5.876232e+08
0
1.813523e+08
1.997913e+08
2.500453e+08
3.674003e+08
6.871982e+08
1.797582e+08
1.980708e+08
2.480036e+08
3.646291e+08
6.828091e+08
1.9431e+08
2.435291e+08
3.586592e+08
6.736635e+08
2.362654e+08
3.489294e+08
6.587289e+08
3.35281e+08
6.375272e+08
6.118843e+08
1.814747e+08
1.999133e+08
2.501767e+08
3.674802e+08
6.869609e+08
1.981945e+08
2.48122e+08
3.647172e+08
6.825981e+08
2.436496e+08
3.587406e+08
6.734519e+08
3.490116e+08
6.585416e+08
6.37325e+08
2.000362e+08
2.50294e+08
3.675671e+08
6.867489e+08
2.482406e+08
3.647959e+08
6.823857e+08
3.588199e+08
6.732631e+08
6.583418e+08
2.504116e+08
3.676442e+08
6.865357e+08
3.648728e+08
6.821942e+08
6.730629e+08
3.677199e+08
6.863425e+08
6.819928e+08
6.861403e+08
)
;

boundaryField
{
    airInlet
    {
        type            calculated;
        value           nonuniform List<scalar> 0();
    }
    airOutlet
    {
        type            calculated;
        value           nonuniform List<scalar> 0();
    }
    cathodeSides
    {
        type            calculated;
        value           uniform 0;
    }
    air_to_interconnect
    {
        type            calculated;
        value           uniform 0;
    }
    air_to_electrolyte
    {
        type            calculated;
        value           uniform 0;
    }
    procBoundary1to0
    {
        type            processor;
        value           uniform 0;
    }
    procBoundary1to2
    {
        type            processor;
        value           uniform 0;
    }
}
)

// processor2

19759
(dimensions      [0 -3 0 0 0 1 0];

internalField   nonuniform List<scalar> 
4000
(
0
0
0
0
0
0
0
0
0
0
0
0
0
0
0
0
0
0
0
0
0
0
0
0
0
0
0
0
0
0
0
0
0
0
0
0
0
0
0
0
0
0
0
0
0
0
0
0
0
0
0
0
0
0
0
0
0
0
0
0
0
0
0
0
0
0
0
0
0
0
0
0
0
0
0
0
0
0
0
0
0
0
0
0
0
0
0
0
0
0
0
0
0
0
0
0
0
0
0
0
0
0
0
0
0
0
0
0
0
0
0
0
0
0
0
0
0
0
0
0
0
0
0
0
0
0
0
0
0
0
0
0
0
0
0
0
0
0
0
0
0
0
0
0
0
0
0
0
0
0
0
0
0
0
0
0
0
0
0
0
0
0
0
0
0
0
0
0
0
0
0
0
0
0
0
0
0
0
0
0
0
0
0
0
0
0
0
0
0
0
0
0
0
0
0
0
0
0
0
0
0
0
0
0
0
0
0
0
0
0
0
0
0
0
0
0
0
0
0
0
0
0
0
0
0
0
0
0
0
0
0
0
0
0
0
0
0
0
0
0
0
0
0
0
0
0
0
0
0
0
0
0
0
0
0
0
0
0
0
0
0
0
0
0
0
0
0
0
0
0
0
0
0
0
0
0
0
0
0
0
0
0
0
0
0
0
0
0
0
0
0
0
0
0
0
0
0
0
0
0
0
0
0
0
0
0
0
0
0
0
0
0
0
0
0
0
0
0
0
0
0
0
0
0
0
0
0
0
0
0
0
0
0
0
0
0
0
0
0
0
0
0
0
0
0
0
0
0
0
0
0
0
0
0
0
0
0
0
0
0
0
0
0
0
0
0
0
0
0
0
0
0
0
0
0
0
0
0
0
0
0
0
0
0
0
0
0
0
0
0
0
0
0
0
0
0
0
0
0
0
0
0
0
0
0
0
0
0
0
0
0
0
0
0
0
0
0
0
0
0
0
0
0
0
0
0
0
0
0
0
0
0
0
0
0
0
0
0
0
0
0
0
0
0
0
0
0
0
0
0
0
0
0
0
0
0
0
0
0
0
0
0
0
0
0
0
0
0
0
0
0
0
0
0
0
0
0
0
0
0
0
0
0
0
0
0
0
0
0
0
0
0
0
0
0
0
0
0
0
0
0
0
0
0
0
0
0
0
0
0
0
0
0
0
0
0
0
0
0
0
0
0
0
0
0
0
0
0
0
0
0
0
0
0
0
0
0
0
0
0
0
0
0
0
0
0
0
0
0
0
0
0
0
0
0
0
0
0
0
0
0
0
0
0
0
0
0
0
0
0
0
0
0
0
0
0
0
0
0
0
0
0
0
0
0
0
0
0
0
0
0
0
0
0
0
0
0
0
0
0
0
0
0
0
0
0
0
0
0
0
0
0
0
0
0
0
0
0
0
0
0
0
0
0
0
0
0
0
0
0
0
0
0
0
0
0
0
0
0
0
0
0
0
0
0
0
0
0
0
0
0
0
0
0
0
0
0
0
0
0
0
0
0
0
0
0
0
0
0
0
0
0
0
0
0
0
0
0
0
0
0
0
0
0
0
0
0
0
0
0
0
0
0
0
0
0
0
0
0
0
0
0
0
0
0
0
0
0
0
0
0
0
0
0
0
0
0
0
0
0
0
0
0
0
0
0
0
0
0
0
0
0
0
0
0
0
0
0
0
0
0
0
0
0
0
0
0
0
0
0
0
0
0
0
0
0
0
0
0
0
0
0
0
0
0
0
0
0
0
0
0
0
0
0
0
0
0
0
0
0
0
0
0
0
0
0
0
0
0
0
0
0
0
0
0
0
0
0
0
0
0
0
0
0
0
0
0
0
0
0
0
0
0
0
0
0
0
0
0
0
0
0
0
0
0
0
0
0
0
0
0
0
0
0
0
0
0
0
0
0
0
0
0
0
0
0
0
0
0
0
0
0
0
0
0
0
0
0
0
0
0
0
0
0
0
0
0
0
0
0
0
0
0
0
0
0
0
0
0
0
0
0
0
0
0
0
0
0
0
0
0
0
0
0
0
0
0
0
0
0
0
0
0
0
0
0
0
0
0
0
0
0
0
0
0
0
0
0
0
0
0
0
0
0
0
0
0
0
0
0
0
0
1.815831e+08
0
0
0
0
0
0
0
0
0
0
0
0
0
0
0
0
0
0
0
0
0
0
0
0
0
0
0
0
0
0
0
0
0
0
0
0
0
0
0
0
0
0
0
0
0
0
0
0
0
0
0
0
0
0
0
0
0
0
0
0
0
0
0
0
0
0
0
0
0
0
0
0
0
0
0
0
0
0
0
0
0
0
0
0
0
0
0
0
0
0
0
0
0
0
0
0
0
0
0
0
0
0
0
0
0
0
0
0
0
0
0
0
0
0
0
0
0
0
0
0
0
0
0
0
0
0
0
0
0
0
0
0
0
1.798663e+08
0
0
0
0
0
0
0
0
1.81703e+08
2.00145e+08
0
0
0
0
0
0
0
0
0
0
0
0
0
0
0
0
0
0
0
0
0
0
0
0
0
0
0
0
0
0
0
0
0
0
0
0
0
0
0
0
0
0
0
0
0
0
0
0
0
0
0
0
0
0
0
0
0
0
0
0
0
0
0
0
0
0
0
0
0
0
0
0
0
0
0
0
0
0
0
0
0
0
0
0
0
0
0
0
0
0
0
0
0
0
0
0
0
0
0
0
0
0
0
0
0
0
0
0
0
0
0
0
0
0
0
0
0
0
0
0
0
0
0
0
0
0
0
1.762483e+08
0
0
0
0
0
0
0
0
1.799867e+08
1.98303e+08
0
0
0
0
0
0
0
1.818138e+08
2.002655e+08
2.505154e+08
0
0
0
0
0
0
0
0
0
0
0
0
0
0
0
0
0
0
0
0
0
0
0
0
0
0
0
0
0
0
0
0
0
0
0
0
0
0
0
0
0
0
0
0
0
0
0
0
0
0
0
0
0
0
0
0
0
0
0
0
0
0
0
0
0
0
0
0
0
0
0
0
0
0
0
0
0
0
0
0
0
0
0
0
0
0
0
0
0
0
0
0
0
0
0
0
0
0
0
0
0
0
0
0
0
0
0
0
0
0
0
0
0
0
0
0
0
0
0
1.704563e+08
0
0
0
0
0
0
0
0
1.763696e+08
1.944174e+08
0
0
0
0
0
0
0
1.800977e+08
1.984241e+08
2.483441e+08
0
0
0
0
0
0
1.819354e+08
2.003771e+08
2.506314e+08
3.677854e+08
0
0
0
0
0
0
0
0
0
0
0
0
0
0
0
0
0
0
0
0
0
0
0
0
0
0
0
0
0
0
0
0
0
0
0
0
0
0
0
0
0
0
0
0
0
0
0
0
0
0
0
0
0
0
0
0
0
0
0
0
0
0
0
0
0
0
0
0
0
0
0
0
0
0
0
0
0
0
0
0
0
0
0
0
0
0
0
0
0
0
0
0
0
0
0
0
0
0
0
0
0
0
0
0
0
0
0
0
0
1.624595e+08
0
0
0
0
0
0
0
0
1.705788e+08
1.881901e+08
0
0
0
0
0
0
0
1.764808e+08
1.945396e+08
2.437521e+08
0
0
0
0
0
0
1.802195e+08
1.985358e+08
2.48461e+08
3.649382e+08
0
0
0
0
0
1.820467e+08
2.004996e+08
2.507393e+08
3.678623e+08
6.859551e+08
0
0
0
0
0
0
0
0
0
0
0
0
0
0
0
0
0
0
0
0
0
0
0
0
0
0
0
0
0
0
0
0
0
0
0
0
0
0
0
0
0
0
0
0
0
0
0
0
0
0
0
0
0
0
0
0
0
0
0
0
0
0
0
0
0
0
0
0
0
0
0
0
0
0
0
0
0
0
0
0
0
0
0
0
0
0
0
0
0
0
0
0
0
0
0
0
0
0
0
0
1.531389e+08
0
0
0
0
0
0
0
0
1.625824e+08
1.795826e+08
0
0
0
0
0
0
0
1.706891e+08
1.883137e+08
2.363659e+08
0
0
0
0
0
0
1.766026e+08
1.946516e+08
2.438703e+08
3.588845e+08
0
0
0
0
0
1.803309e+08
1.986586e+08
2.485692e+08
3.650163e+08
6.818075e+08
0
0
0
0
1.821667e+08
2.006118e+08
2.508584e+08
3.679356e+08
6.857689e+08
0
0
0
0
0
0
0
0
0
0
0
0
0
0
0
0
0
0
0
0
0
0
0
0
0
0
0
0
0
0
0
0
0
0
0
0
0
0
0
0
0
0
0
0
0
0
0
0
0
0
0
0
0
0
0
0
0
0
0
0
0
0
0
0
0
0
0
0
0
0
0
0
0
0
0
0
0
0
0
0
0
0
0
0
0
0
0
0
0
0
0
0
1.446575e+08
0
0
0
0
0
0
0
0
1.532597e+08
1.695387e+08
0
0
0
0
0
0
0
1.626911e+08
1.797067e+08
2.261141e+08
0
0
0
0
0
0
1.708113e+08
1.88425e+08
2.364859e+08
3.490744e+08
0
0
0
0
0
1.767141e+08
1.947746e+08
2.439791e+08
3.589645e+08
6.728768e+08
0
0
0
0
1.804515e+08
1.987711e+08
2.486887e+08
3.650903e+08
6.816221e+08
0
0
0
1.822757e+08
2.007329e+08
2.509679e+08
3.680184e+08
6.856045e+08
0
0
0
0
0
0
0
0
0
0
0
0
0
0
0
0
0
0
0
0
0
0
0
0
0
0
0
0
0
0
0
0
0
0
0
0
0
0
0
0
0
0
0
0
0
0
0
0
0
0
0
0
0
0
0
0
0
0
0
0
0
0
0
0
0
0
0
0
0
0
0
0
0
0
0
0
0
0
0
0
0
0
0
0
0
1.381814e+08
0
0
0
0
0
0
0
0
1.447746e+08
1.603785e+08
0
0
0
0
0
0
0
1.533652e+08
1.696608e+08
2.140964e+08
0
0
0
0
0
0
1.628124e+08
1.798166e+08
2.262349e+08
3.353393e+08
0
0
0
0
0
1.709206e+08
1.885483e+08
2.365943e+08
3.491567e+08
6.58153e+08
0
0
0
0
1.768357e+08
1.948872e+08
2.44099e+08
3.590397e+08
6.726924e+08
0
0
0
1.805612e+08
1.988928e+08
2.487985e+08
3.651737e+08
6.814588e+08
0
0
1.823923e+08
2.008429e+08
2.51086e+08
3.680958e+08
6.854339e+08
0
0
0
0
0
0
0
0
0
0
0
0
0
0
0
0
0
0
0
0
0
0
0
0
0
0
0
0
0
0
0
0
0
0
0
0
0
0
0
0
0
0
0
0
0
0
0
0
0
0
0
0
0
0
0
0
0
0
0
0
0
0
0
0
0
0
0
0
0
0
0
0
0
0
0
0
0
0
0
1.339587e+08
0
0
0
0
0
0
0
0
1.382938e+08
1.533676e+08
0
0
0
0
0
0
0
1.448757e+08
1.604968e+08
2.030697e+08
0
0
0
0
0
0
1.534836e+08
1.697675e+08
2.142154e+08
3.190788e+08
0
0
0
0
0
1.629188e+08
1.799392e+08
2.263422e+08
3.35423e+08
6.371301e+08
0
0
0
0
1.71042e+08
1.886589e+08
2.367148e+08
3.492323e+08
6.579692e+08
0
0
0
1.769455e+08
1.9501e+08
2.442092e+08
3.591239e+08
6.72531e+08
0
0
1.806786e+08
1.990035e+08
2.489175e+08
3.652518e+08
6.812887e+08
0
1.824961e+08
2.009605e+08
2.511937e+08
3.681797e+08
6.852839e+08
0
0
0
0
0
0
0
0
0
0
0
0
0
0
0
0
0
0
0
0
0
0
0
0
0
0
0
0
0
0
0
0
0
0
0
0
0
0
0
0
0
0
0
0
0
0
0
0
0
0
0
0
0
0
0
0
0
0
0
0
0
0
0
0
0
0
0
0
0
0
0
0
0
0
1.318984e+08
0
0
0
0
0
0
0
0
1.340673e+08
1.487892e+08
0
0
0
0
0
0
0
1.383909e+08
1.53481e+08
1.945823e+08
0
0
0
0
0
0
1.449898e+08
1.60599e+08
2.031846e+08
3.039795e+08
0
0
0
0
0
1.535853e+08
1.698873e+08
2.143195e+08
3.191609e+08
6.116795e+08
0
0
0
0
1.630392e+08
1.800468e+08
2.264622e+08
3.354982e+08
6.369449e+08
0
0
0
1.711492e+08
1.887816e+08
2.368232e+08
3.493176e+08
6.57809e+08
0
0
1.770639e+08
1.95121e+08
2.443296e+08
3.59203e+08
6.723611e+08
0
1.807833e+08
1.99122e+08
2.490261e+08
3.653366e+08
6.811396e+08
1.826105e+08
2.010653e+08
2.513086e+08
3.682571e+08
6.851239e+08
0
0
0
0
0
0
0
0
0
0
0
0
0
0
0
0
0
0
0
0
0
0
0
0
0
0
0
0
0
0
0
0
0
0
0
0
0
0
0
0
0
0
0
0
0
0
0
0
0
0
0
0
0
0
0
0
0
0
0
0
0
0
0
0
0
0
0
0
0
1.318984e+08
0
0
0
0
0
0
0
0
1.320049e+08
1.465545e+08
0
0
0
0
0
0
0
1.341611e+08
1.488984e+08
1.89015e+08
0
0
0
0
0
0
1.385008e+08
1.53579e+08
1.946918e+08
2.922266e+08
0
0
0
0
0
1.450861e+08
1.607144e+08
2.032842e+08
3.040574e+08
5.874066e+08
0
0
0
0
1.537021e+08
1.699902e+08
2.144367e+08
3.192334e+08
6.114902e+08
0
0
0
1.631446e+08
1.801688e+08
2.265678e+08
3.355834e+08
6.367846e+08
0
0
1.712677e+08
1.888902e+08
2.369437e+08
3.493954e+08
6.576387e+08
0
1.77167e+08
1.952407e+08
2.444387e+08
3.592897e+08
6.722135e+08
1.808981e+08
1.992278e+08
2.491421e+08
3.654154e+08
6.809802e+08
2.011807e+08
2.514112e+08
3.683392e+08
6.84984e+08
0
0
0
0
0
0
0
0
0
0
0
0
0
0
0
0
0
0
0
0
0
0
0
0
0
0
0
0
0
0
0
0
0
0
0
0
0
0
0
0
0
0
0
0
0
0
0
0
0
0
0
0
0
0
0
0
0
0
0
0
0
0
0
0
1.339587e+08
0
0
0
0
0
0
0
0
1.320049e+08
1.465545e+08
0
0
0
0
0
0
0
1.320967e+08
1.466612e+08
1.862902e+08
0
0
0
0
0
0
1.342682e+08
1.489928e+08
1.891199e+08
2.84446e+08
0
0
0
0
0
1.385922e+08
1.536899e+08
1.947869e+08
2.922989e+08
5.680325e+08
0
0
0
0
1.451976e+08
1.608117e+08
2.033966e+08
3.041255e+08
5.872118e+08
0
0
0
1.53803e+08
1.701084e+08
2.145374e+08
3.193158e+08
6.113277e+08
0
0
1.632626e+08
1.802755e+08
2.266877e+08
3.356589e+08
6.36612e+08
0
1.713698e+08
1.890101e+08
2.370506e+08
3.494827e+08
6.574912e+08
1.772813e+08
1.953449e+08
2.445562e+08
3.593696e+08
6.720548e+08
1.993437e+08
2.492458e+08
3.654988e+08
6.808416e+08
2.515241e+08
3.684129e+08
6.848317e+08
0
0
0
0
0
0
0
0
0
0
0
0
0
0
0
0
0
0
0
0
0
0
0
0
0
0
0
0
0
0
0
0
0
0
0
0
0
0
0
0
0
0
0
0
0
0
0
0
0
0
0
0
0
0
0
0
0
0
0
1.381814e+08
0
0
0
0
0
0
0
0
1.340673e+08
1.487892e+08
0
0
0
0
0
0
0
1.320967e+08
1.466612e+08
1.862902e+08
0
0
0
0
0
0
1.322025e+08
1.467534e+08
1.863923e+08
2.806143e+08
0
0
0
0
0
1.34356e+08
1.491007e+08
1.89211e+08
2.845134e+08
5.549349e+08
0
0
0
0
1.386989e+08
1.537821e+08
1.948945e+08
2.923625e+08
5.678327e+08
0
0
0
1.45292e+08
1.609246e+08
2.034915e+08
3.04203e+08
5.870458e+08
0
0
1.539181e+08
1.702107e+08
2.146535e+08
3.193869e+08
6.111503e+08
0
1.633646e+08
1.803951e+08
2.267929e+08
3.357458e+08
6.364633e+08
1.71484e+08
1.891134e+08
2.371685e+08
3.495607e+08
6.573315e+08
1.954603e+08
2.446585e+08
3.594548e+08
6.719176e+08
2.493594e+08
3.655741e+08
6.806899e+08
3.684943e+08
6.846986e+08
0
0
0
0
0
0
0
0
0
0
0
0
0
0
0
0
0
0
0
0
0
0
0
0
0
0
0
0
0
0
0
0
0
0
0
0
0
0
0
0
0
0
0
0
0
0
0
0
0
0
0
0
0
0
1.446575e+08
0
0
0
0
0
0
0
0
1.382938e+08
1.533676e+08
0
0
0
0
0
0
0
1.341609e+08
1.488984e+08
1.89015e+08
0
0
0
0
0
0
1.322025e+08
1.467533e+08
1.863923e+08
2.806143e+08
0
0
0
0
0
1.322887e+08
1.468597e+08
1.86481e+08
2.806789e+08
5.483936e+08
0
0
0
0
1.344592e+08
1.491891e+08
1.893153e+08
2.845731e+08
5.547317e+08
0
0
0
1.387872e+08
1.538899e+08
1.949839e+08
2.92435e+08
5.676636e+08
0
0
1.454023e+08
1.610202e+08
2.036017e+08
3.042682e+08
5.868625e+08
0
1.54017e+08
1.703273e+08
2.147542e+08
3.194699e+08
6.109984e+08
1.634781e+08
1.804984e+08
2.269107e+08
3.358228e+08
6.363008e+08
1.892288e+08
2.372701e+08
3.496468e+08
6.571939e+08
2.447717e+08
3.59529e+08
6.717665e+08
3.656563e+08
6.805583e+08
6.845532e+08
0
0
0
0
0
0
0
0
0
0
0
0
0
0
0
0
0
0
0
0
0
0
0
0
0
0
0
0
0
0
0
0
0
0
0
0
0
0
0
0
0
0
0
0
0
0
0
0
0
1.531389e+08
0
0
0
0
0
0
0
0
1.447746e+08
1.603785e+08
0
0
0
0
0
0
0
1.383907e+08
1.534809e+08
1.945822e+08
0
0
0
0
0
0
1.342682e+08
1.489926e+08
1.891199e+08
2.84446e+08
0
0
0
0
0
1.322886e+08
1.468596e+08
1.86481e+08
2.806789e+08
5.483936e+08
0
0
0
0
1.3239e+08
1.469462e+08
1.865835e+08
2.80736e+08
5.481887e+08
0
0
0
1.345434e+08
1.49293e+08
1.894006e+08
2.84642e+08
5.545606e+08
0
0
1.388924e+08
1.539791e+08
1.950886e+08
2.924947e+08
5.674755e+08
0
1.454958e+08
1.611318e+08
2.036954e+08
3.043451e+08
5.867064e+08
1.541286e+08
1.704276e+08
2.14869e+08
3.195426e+08
6.108302e+08
1.806132e+08
2.270127e+08
3.359089e+08
6.361622e+08
2.373835e+08
3.49721e+08
6.570417e+08
3.596112e+08
6.71635e+08
6.804132e+08
0
0
0
0
0
0
0
0
0
0
0
0
0
0
0
0
0
0
0
0
0
0
0
0
0
0
0
0
0
0
0
0
0
0
0
0
0
0
0
0
0
0
0
1.624595e+08
0
0
0
0
0
0
0
0
1.532597e+08
1.695387e+08
0
0
0
0
0
0
0
1.448755e+08
1.604967e+08
2.030696e+08
0
0
0
0
0
0
1.385007e+08
1.535787e+08
1.946918e+08
2.922266e+08
0
0
0
0
0
1.343559e+08
1.491006e+08
1.892108e+08
2.845134e+08
5.549349e+08
0
0
0
0
1.3239e+08
1.469462e+08
1.865835e+08
2.80736e+08
5.481887e+08
0
0
0
1.324724e+08
1.47048e+08
1.866667e+08
2.808031e+08
5.480165e+08
0
0
1.346448e+08
1.493778e+08
1.89501e+08
2.846975e+08
5.543694e+08
0
1.389807e+08
1.540855e+08
1.951754e+08
2.925656e+08
5.673159e+08
1.456039e+08
1.612267e+08
2.038048e+08
3.044107e+08
5.865315e+08
1.705406e+08
2.14968e+08
3.196257e+08
6.106882e+08
2.271257e+08
3.359842e+08
6.360072e+08
3.498035e+08
6.569106e+08
6.714892e+08
0
0
0
0
0
0
0
0
0
0
0
0
0
0
0
0
0
0
0
0
0
0
0
0
0
0
0
0
0
0
0
0
0
0
0
0
1.704563e+08
0
0
0
0
0
0
0
0
1.625823e+08
1.795826e+08
0
0
0
0
0
0
0
1.53365e+08
1.696608e+08
2.140964e+08
0
0
0
0
0
0
1.449897e+08
1.605988e+08
2.031845e+08
3.039795e+08
0
0
0
0
0
1.385919e+08
1.536898e+08
1.947866e+08
2.922989e+08
5.680325e+08
0
0
0
0
1.344592e+08
1.491889e+08
1.893152e+08
2.845729e+08
5.547317e+08
0
0
0
1.324724e+08
1.47048e+08
1.866666e+08
2.808031e+08
5.480165e+08
0
0
1.325719e+08
1.471308e+08
1.867648e+08
2.808565e+08
5.478239e+08
0
1.34729e+08
1.494801e+08
1.89583e+08
2.847639e+08
5.542077e+08
1.390844e+08
1.541749e+08
1.952791e+08
2.926241e+08
5.671358e+08
1.613361e+08
2.038982e+08
3.04488e+08
5.863846e+08
2.150792e+08
3.196983e+08
6.105275e+08
3.360664e+08
6.358762e+08
6.567634e+08
0
0
0
0
0
0
0
0
0
0
0
0
0
0
0
0
0
0
0
0
0
0
0
0
0
0
0
0
1.762483e+08
0
0
0
0
0
0
0
0
1.705788e+08
1.881901e+08
0
0
0
0
0
0
0
1.626909e+08
1.797066e+08
2.261141e+08
0
0
0
0
0
0
1.534834e+08
1.697673e+08
2.142153e+08
3.190788e+08
0
0
0
0
0
1.450857e+08
1.607142e+08
2.032839e+08
3.040574e+08
5.874067e+08
0
0
0
0
1.386988e+08
1.537818e+08
1.948944e+08
2.923623e+08
5.678326e+08
0
0
0
1.345435e+08
1.492929e+08
1.894004e+08
2.846419e+08
5.545605e+08
0
0
1.325719e+08
1.471309e+08
1.867648e+08
2.808564e+08
5.478239e+08
0
1.326537e+08
1.47231e+08
1.868446e+08
2.809205e+08
5.476612e+08
1.348294e+08
1.495652e+08
1.896822e+08
2.848175e+08
5.540241e+08
1.542798e+08
1.953666e+08
2.926953e+08
5.669847e+08
2.040056e+08
3.045548e+08
5.862171e+08
3.197786e+08
6.103937e+08
6.357257e+08
0
0
0
0
0
0
0
0
0
0
0
0
0
0
0
0
0
0
0
1.798663e+08
0
0
0
0
0
0
0
0
1.763696e+08
1.944174e+08
0
0
0
0
0
0
0
1.706889e+08
1.883136e+08
2.363659e+08
0
0
0
0
0
0
1.628121e+08
1.798163e+08
2.262348e+08
3.353392e+08
0
0
0
0
0
1.535848e+08
1.698871e+08
2.143193e+08
3.191609e+08
6.116795e+08
0
0
0
0
1.451975e+08
1.608113e+08
2.033964e+08
3.041253e+08
5.872118e+08
0
0
0
1.387876e+08
1.538898e+08
1.949836e+08
2.924349e+08
5.676636e+08
0
0
1.346447e+08
1.493779e+08
1.89501e+08
2.846973e+08
5.543694e+08
0
1.326535e+08
1.47231e+08
1.868446e+08
2.809205e+08
5.476612e+08
1.327525e+08
1.473135e+08
1.869414e+08
2.809719e+08
5.474759e+08
1.496665e+08
1.897651e+08
2.84884e+08
5.538706e+08
1.954691e+08
2.927562e+08
5.668116e+08
3.046309e+08
5.860788e+08
6.102378e+08
0
0
0
0
0
0
0
0
0
1.815832e+08
0
0
0
0
0
0
0
0
1.799866e+08
1.98303e+08
0
0
0
0
0
0
0
1.764805e+08
1.945395e+08
2.437522e+08
0
0
0
0
0
0
1.708109e+08
1.884247e+08
2.364858e+08
3.490744e+08
0
0
0
0
0
1.629183e+08
1.799389e+08
2.263419e+08
3.354229e+08
6.371301e+08
0
0
0
0
1.53702e+08
1.699897e+08
2.144365e+08
3.192332e+08
6.114901e+08
0
0
0
1.452926e+08
1.609245e+08
2.03491e+08
3.042029e+08
5.870458e+08
0
0
1.388923e+08
1.539795e+08
1.950886e+08
2.924944e+08
5.674755e+08
0
1.347282e+08
1.4948e+08
1.895831e+08
2.847639e+08
5.542077e+08
1.327525e+08
1.473132e+08
1.869413e+08
2.809719e+08
5.47476e+08
1.474131e+08
1.870214e+08
2.810357e+08
5.473214e+08
1.898636e+08
2.849401e+08
5.536939e+08
2.92827e+08
5.666694e+08
5.859163e+08
0
0
0
0
0
0
0
0
1.817029e+08
2.00145e+08
0
0
0
0
0
0
0
1.800973e+08
1.98424e+08
2.483441e+08
0
0
0
0
0
0
1.766021e+08
1.946513e+08
2.438702e+08
3.588846e+08
0
0
0
0
0
1.709201e+08
1.885479e+08
2.36594e+08
3.491566e+08
6.581531e+08
0
0
0
0
1.630391e+08
1.800463e+08
2.264619e+08
3.354979e+08
6.369448e+08
0
0
0
1.538038e+08
1.701083e+08
2.145369e+08
3.193156e+08
6.113276e+08
0
0
1.45402e+08
1.610208e+08
2.036017e+08
3.042678e+08
5.868625e+08
0
1.389794e+08
1.540854e+08
1.951758e+08
2.925656e+08
5.673159e+08
1.348295e+08
1.495643e+08
1.896821e+08
2.848177e+08
5.540241e+08
1.474131e+08
1.870211e+08
2.810357e+08
5.473214e+08
1.871179e+08
2.810889e+08
5.471429e+08
2.850066e+08
5.535491e+08
5.665013e+08
0
0
0
0
0
0
0
1.818134e+08
2.002654e+08
2.505154e+08
0
0
0
0
0
0
1.802189e+08
1.985355e+08
2.484609e+08
3.649382e+08
0
0
0
0
0
1.767136e+08
1.947741e+08
2.439788e+08
3.589644e+08
6.728769e+08
0
0
0
0
1.710418e+08
1.886583e+08
2.367144e+08
3.49232e+08
6.579691e+08
0
0
0
1.631454e+08
1.801686e+08
2.265672e+08
3.35583e+08
6.367845e+08
0
0
1.539177e+08
1.702115e+08
2.146534e+08
3.193863e+08
6.111502e+08
0
1.454943e+08
1.611316e+08
2.036961e+08
3.04345e+08
5.867063e+08
1.390846e+08
1.541736e+08
1.952789e+08
2.926246e+08
5.671358e+08
1.496666e+08
1.897641e+08
2.848838e+08
5.538706e+08
1.87118e+08
2.810886e+08
5.471429e+08
2.811533e+08
5.469968e+08
5.533773e+08
0
0
0
0
0
0
1.819348e+08
2.003767e+08
2.506313e+08
3.677854e+08
0
0
0
0
0
1.803304e+08
1.986581e+08
2.485688e+08
3.650162e+08
6.818076e+08
0
0
0
0
1.768355e+08
1.948866e+08
2.440984e+08
3.590394e+08
6.726923e+08
0
0
0
1.711497e+08
1.887815e+08
2.368226e+08
3.493172e+08
6.578088e+08
0
0
1.632622e+08
1.802763e+08
2.266875e+08
3.356583e+08
6.366119e+08
0
1.540156e+08
1.70327e+08
2.147551e+08
3.194698e+08
6.109982e+08
1.456043e+08
1.612251e+08
2.038045e+08
3.044114e+08
5.865315e+08
1.5428e+08
1.953651e+08
2.926952e+08
5.669848e+08
1.898637e+08
2.84939e+08
5.536939e+08
2.811533e+08
5.469967e+08
5.468232e+08
0
0
0
0
0
1.820462e+08
2.00499e+08
2.507389e+08
3.678622e+08
6.859551e+08
0
0
0
0
1.804513e+08
1.987705e+08
2.486881e+08
3.650899e+08
6.81622e+08
0
0
0
1.769459e+08
1.950098e+08
2.442086e+08
3.591233e+08
6.725309e+08
0
0
1.712674e+08
1.888907e+08
2.369435e+08
3.493948e+08
6.576385e+08
0
1.633638e+08
1.803946e+08
2.267938e+08
3.357456e+08
6.364631e+08
1.541295e+08
1.704261e+08
2.148686e+08
3.195436e+08
6.108301e+08
1.613365e+08
2.038964e+08
3.044877e+08
5.863848e+08
1.954693e+08
2.927546e+08
5.668117e+08
2.850067e+08
5.535488e+08
5.468232e+08
0
0
0
0
1.821665e+08
2.006113e+08
2.508577e+08
3.679352e+08
6.857687e+08
0
0
0
1.805617e+08
1.988926e+08
2.487979e+08
3.65173e+08
6.814587e+08
0
0
1.770636e+08
1.951214e+08
2.443294e+08
3.592023e+08
6.723608e+08
0
1.713696e+08
1.890097e+08
2.370511e+08
3.494824e+08
6.574909e+08
1.634792e+08
1.804976e+08
2.269102e+08
3.358238e+08
6.363007e+08
1.705416e+08
2.149664e+08
3.196252e+08
6.106885e+08
2.04006e+08
3.045529e+08
5.862171e+08
2.928272e+08
5.666689e+08
5.533773e+08
0
0
0
1.822759e+08
2.007327e+08
2.509672e+08
3.680177e+08
6.856043e+08
0
0
1.806782e+08
1.990041e+08
2.489172e+08
3.652511e+08
6.812883e+08
0
1.77167e+08
1.952403e+08
2.444392e+08
3.592894e+08
6.722132e+08
1.714847e+08
1.891131e+08
2.371681e+08
3.495613e+08
6.573314e+08
1.806144e+08
2.270118e+08
3.359084e+08
6.361626e+08
2.150803e+08
3.196966e+08
6.105274e+08
3.046314e+08
5.860781e+08
5.665014e+08
0
0
1.823919e+08
2.008431e+08
2.510858e+08
3.680952e+08
6.854335e+08
0
1.807834e+08
1.991217e+08
2.490267e+08
3.653364e+08
6.811393e+08
1.77282e+08
1.953448e+08
2.445558e+08
3.593701e+08
6.720547e+08
1.892296e+08
2.372698e+08
3.496463e+08
6.571941e+08
2.27127e+08
3.359832e+08
6.36007e+08
3.197797e+08
6.10393e+08
5.859165e+08
0
1.824962e+08
2.009601e+08
2.511939e+08
3.681794e+08
6.852835e+08
1.808989e+08
1.992279e+08
2.491417e+08
3.654161e+08
6.809801e+08
1.954611e+08
2.446584e+08
3.594543e+08
6.719179e+08
2.373844e+08
3.497206e+08
6.570415e+08
3.360678e+08
6.358758e+08
6.102383e+08
1.82611e+08
2.010653e+08
2.513082e+08
3.682574e+08
6.851238e+08
1.993445e+08
2.492459e+08
3.654984e+08
6.80842e+08
2.447725e+08
3.59529e+08
6.717663e+08
3.498044e+08
6.569105e+08
6.357264e+08
2.011812e+08
2.514112e+08
3.683387e+08
6.849842e+08
2.493603e+08
3.655742e+08
6.806897e+08
3.59612e+08
6.71635e+08
6.567639e+08
2.515247e+08
3.68413e+08
6.848314e+08
3.656573e+08
6.805584e+08
6.714896e+08
3.684949e+08
6.846986e+08
6.804137e+08
6.845535e+08
)
;

boundaryField
{
    airInlet
    {
        type            calculated;
        value           nonuniform List<scalar> 0();
    }
    airOutlet
    {
        type            calculated;
        value           nonuniform List<scalar> 0();
    }
    cathodeSides
    {
        type            calculated;
        value           uniform 0;
    }
    air_to_interconnect
    {
        type            calculated;
        value           uniform 0;
    }
    air_to_electrolyte
    {
        type            calculated;
        value           uniform 0;
    }
    procBoundary2to1
    {
        type            processor;
        value           uniform 0;
    }
    procBoundary2to3
    {
        type            processor;
        value           uniform 0;
    }
}
)

// processor3

19628
(dimensions      [0 -3 0 0 0 1 0];

internalField   nonuniform List<scalar> 
4000
(
0
0
0
0
0
0
0
0
0
0
0
0
0
0
0
0
0
0
0
0
0
0
0
0
0
0
0
0
0
0
0
0
0
0
0
0
0
0
0
0
0
0
0
0
0
0
0
0
0
0
0
0
0
0
0
0
0
0
0
0
0
0
0
0
0
0
0
0
0
0
0
0
0
0
0
0
0
0
0
0
0
0
0
0
0
0
0
0
0
0
0
0
0
0
0
0
0
0
0
0
0
0
0
0
0
0
0
0
0
0
0
0
0
0
0
0
0
0
0
0
0
0
0
0
0
0
0
0
0
0
0
0
0
0
0
0
0
0
0
0
0
0
0
0
0
0
0
0
0
0
0
0
0
0
0
0
0
0
0
0
0
0
0
0
0
0
0
0
0
0
0
0
0
0
0
0
0
0
0
0
0
0
0
0
0
0
0
0
0
0
0
0
0
0
0
0
0
0
0
0
0
0
0
0
0
0
0
0
0
0
0
0
0
0
0
0
0
0
0
0
0
0
0
0
0
0
0
0
0
0
0
0
0
0
0
0
0
0
0
0
0
0
0
0
0
0
0
0
0
0
0
0
0
0
0
0
0
0
0
0
0
0
0
0
0
0
0
0
0
0
0
0
0
0
0
0
0
0
0
0
0
0
0
0
0
0
0
0
0
0
0
0
0
0
0
0
0
0
0
0
0
0
0
0
0
0
0
0
0
0
0
0
0
0
0
0
0
0
0
0
0
0
0
0
0
0
0
0
0
0
0
0
0
0
0
0
0
0
0
0
0
0
0
0
0
0
0
0
0
0
0
0
0
0
0
0
0
0
0
0
0
0
0
0
0
0
0
0
0
0
0
0
0
0
0
0
0
0
0
0
0
0
0
0
0
0
0
0
0
0
0
0
0
0
0
0
0
0
0
0
0
0
0
0
0
0
0
0
0
0
0
0
0
0
0
0
0
0
0
0
0
0
0
0
0
0
0
0
0
0
0
0
0
0
0
0
0
0
0
0
0
0
0
0
0
0
0
0
0
0
0
0
0
0
0
0
0
0
0
0
0
0
0
0
0
0
0
0
0
0
0
0
0
0
0
0
0
0
0
0
0
0
0
0
0
0
0
0
0
0
0
0
0
0
0
0
0
0
0
0
0
0
0
0
0
0
0
0
0
0
0
0
0
0
0
0
0
0
0
0
0
0
0
0
0
0
0
0
0
0
0
0
0
0
0
0
0
0
0
0
0
0
0
0
0
0
0
0
0
0
0
0
0
0
0
0
0
0
0
0
0
0
0
0
0
0
0
0
0
0
0
0
0
0
0
0
0
0
0
0
0
0
0
0
0
0
0
0
0
0
0
0
0
0
0
0
0
0
0
0
0
0
0
0
0
0
0
0
0
0
0
0
0
0
0
0
0
0
0
0
0
0
0
0
0
0
0
0
0
0
0
0
0
0
0
0
0
0
0
0
0
0
0
0
0
0
0
0
0
0
0
0
0
0
0
0
0
0
0
0
0
0
0
0
0
0
0
0
0
0
0
0
0
0
0
0
0
0
0
0
0
0
0
0
0
0
0
0
0
0
0
0
0
0
0
0
0
0
0
0
0
0
0
0
0
0
0
0
0
0
0
0
0
0
0
0
0
0
0
0
0
0
0
0
0
0
0
0
0
0
0
0
0
0
0
0
0
0
0
0
0
0
0
0
0
0
0
0
0
0
0
0
0
0
0
0
0
0
0
0
0
0
0
0
0
0
0
0
0
0
0
0
0
0
0
0
0
0
0
0
0
0
0
0
0
0
0
0
0
0
0
0
0
0
0
0
0
0
0
0
0
0
0
0
0
0
0
0
0
0
0
0
0
0
0
0
0
0
0
0
0
0
0
0
0
0
0
0
0
0
0
0
0
0
0
0
0
0
0
0
0
0
0
0
0
0
0
0
0
0
0
0
0
0
0
0
0
0
0
0
0
0
0
0
0
0
0
0
0
0
0
0
0
0
0
0
0
0
0
0
0
0
0
0
0
0
0
0
0
0
0
0
0
0
0
0
0
0
0
0
0
0
0
0
0
0
0
0
0
0
0
0
0
0
0
0
0
0
0
0
0
0
0
0
0
0
0
0
0
0
0
0
1.827106e+08
0
0
0
0
0
0
0
0
0
0
0
0
0
0
0
0
0
0
0
0
0
0
0
0
0
0
0
0
0
0
0
0
0
0
0
0
0
0
0
0
0
0
0
0
0
0
0
0
0
0
0
0
0
0
0
0
0
0
0
0
0
0
0
0
0
0
0
0
0
0
0
0
0
0
0
0
0
0
0
0
0
0
0
0
0
0
0
0
0
0
0
0
0
0
0
0
0
0
0
0
0
0
0
0
0
0
0
0
0
0
0
0
0
0
0
0
0
0
0
0
0
0
0
0
0
0
0
0
0
0
0
0
0
1.809989e+08
0
0
0
0
0
0
0
0
1.828243e+08
2.012817e+08
0
0
0
0
0
0
0
0
0
0
0
0
0
0
0
0
0
0
0
0
0
0
0
0
0
0
0
0
0
0
0
0
0
0
0
0
0
0
0
0
0
0
0
0
0
0
0
0
0
0
0
0
0
0
0
0
0
0
0
0
0
0
0
0
0
0
0
0
0
0
0
0
0
0
0
0
0
0
0
0
0
0
0
0
0
0
0
0
0
0
0
0
0
0
0
0
0
0
0
0
0
0
0
0
0
0
0
0
0
0
0
0
0
0
0
0
0
0
0
0
0
0
0
0
0
0
0
1.773797e+08
0
0
0
0
0
0
0
0
1.81114e+08
1.994454e+08
0
0
0
0
0
0
0
1.829224e+08
2.013966e+08
2.516231e+08
0
0
0
0
0
0
0
0
0
0
0
0
0
0
0
0
0
0
0
0
0
0
0
0
0
0
0
0
0
0
0
0
0
0
0
0
0
0
0
0
0
0
0
0
0
0
0
0
0
0
0
0
0
0
0
0
0
0
0
0
0
0
0
0
0
0
0
0
0
0
0
0
0
0
0
0
0
0
0
0
0
0
0
0
0
0
0
0
0
0
0
0
0
0
0
0
0
0
0
0
0
0
0
0
0
0
0
0
0
0
0
0
0
0
0
0
0
0
0
1.715798e+08
0
0
0
0
0
0
0
0
1.77494e+08
1.955597e+08
0
0
0
0
0
0
0
1.812137e+08
1.995617e+08
2.494593e+08
0
0
0
0
0
0
1.83035e+08
2.014955e+08
2.517358e+08
3.685659e+08
0
0
0
0
0
0
0
0
0
0
0
0
0
0
0
0
0
0
0
0
0
0
0
0
0
0
0
0
0
0
0
0
0
0
0
0
0
0
0
0
0
0
0
0
0
0
0
0
0
0
0
0
0
0
0
0
0
0
0
0
0
0
0
0
0
0
0
0
0
0
0
0
0
0
0
0
0
0
0
0
0
0
0
0
0
0
0
0
0
0
0
0
0
0
0
0
0
0
0
0
0
0
0
0
0
0
0
0
0
1.63571e+08
0
0
0
0
0
0
0
0
1.716939e+08
1.893256e+08
0
0
0
0
0
0
0
1.775903e+08
1.956753e+08
2.448692e+08
0
0
0
0
0
0
1.813267e+08
1.996624e+08
2.495737e+08
3.657291e+08
0
0
0
0
0
1.831322e+08
2.016093e+08
2.51833e+08
3.686483e+08
6.844268e+08
0
0
0
0
0
0
0
0
0
0
0
0
0
0
0
0
0
0
0
0
0
0
0
0
0
0
0
0
0
0
0
0
0
0
0
0
0
0
0
0
0
0
0
0
0
0
0
0
0
0
0
0
0
0
0
0
0
0
0
0
0
0
0
0
0
0
0
0
0
0
0
0
0
0
0
0
0
0
0
0
0
0
0
0
0
0
0
0
0
0
0
0
0
0
0
0
0
0
0
0
1.542168e+08
0
0
0
0
0
0
0
0
1.636845e+08
1.807072e+08
0
0
0
0
0
0
0
1.717877e+08
1.894412e+08
2.374785e+08
0
0
0
0
0
0
1.777029e+08
1.957726e+08
2.449831e+08
3.596818e+08
0
0
0
0
0
1.81422e+08
1.997766e+08
2.496729e+08
3.658135e+08
6.80288e+08
0
0
0
0
1.832432e+08
2.017074e+08
2.519449e+08
3.687194e+08
6.842885e+08
0
0
0
0
0
0
0
0
0
0
0
0
0
0
0
0
0
0
0
0
0
0
0
0
0
0
0
0
0
0
0
0
0
0
0
0
0
0
0
0
0
0
0
0
0
0
0
0
0
0
0
0
0
0
0
0
0
0
0
0
0
0
0
0
0
0
0
0
0
0
0
0
0
0
0
0
0
0
0
0
0
0
0
0
0
0
0
0
0
0
0
0
1.456867e+08
0
0
0
0
0
0
0
0
1.543268e+08
1.706299e+08
0
0
0
0
0
0
0
1.637758e+08
1.808222e+08
2.27218e+08
0
0
0
0
0
0
1.719001e+08
1.89536e+08
2.375925e+08
3.498721e+08
0
0
0
0
0
1.777957e+08
1.958866e+08
2.450788e+08
3.597659e+08
6.713635e+08
0
0
0
0
1.815327e+08
1.998729e+08
2.497854e+08
3.65887e+08
6.801506e+08
0
0
0
1.833376e+08
2.018196e+08
2.520416e+08
3.68802e+08
6.841692e+08
0
0
0
0
0
0
0
0
0
0
0
0
0
0
0
0
0
0
0
0
0
0
0
0
0
0
0
0
0
0
0
0
0
0
0
0
0
0
0
0
0
0
0
0
0
0
0
0
0
0
0
0
0
0
0
0
0
0
0
0
0
0
0
0
0
0
0
0
0
0
0
0
0
0
0
0
0
0
0
0
0
0
0
0
0
1.391623e+08
0
0
0
0
0
0
0
0
1.457918e+08
1.614198e+08
0
0
0
0
0
0
0
1.544144e+08
1.707414e+08
2.151666e+08
0
0
0
0
0
0
1.638875e+08
1.809146e+08
2.273315e+08
3.361327e+08
0
0
0
0
0
1.719903e+08
1.896499e+08
2.376859e+08
3.499565e+08
6.566371e+08
0
0
0
0
1.779064e+08
1.959803e+08
2.451912e+08
3.598362e+08
6.712253e+08
0
0
0
1.816246e+08
1.999848e+08
2.498801e+08
3.659703e+08
6.800334e+08
0
0
1.834529e+08
2.019148e+08
2.521519e+08
3.688738e+08
6.840362e+08
0
0
0
0
0
0
0
0
0
0
0
0
0
0
0
0
0
0
0
0
0
0
0
0
0
0
0
0
0
0
0
0
0
0
0
0
0
0
0
0
0
0
0
0
0
0
0
0
0
0
0
0
0
0
0
0
0
0
0
0
0
0
0
0
0
0
0
0
0
0
0
0
0
0
0
0
0
0
0
1.349036e+08
0
0
0
0
0
0
0
0
1.392636e+08
1.543584e+08
0
0
0
0
0
0
0
1.45874e+08
1.615264e+08
2.040871e+08
0
0
0
0
0
0
1.545244e+08
1.708302e+08
2.152765e+08
3.198401e+08
0
0
0
0
0
1.639748e+08
1.810279e+08
2.274226e+08
3.362168e+08
6.355978e+08
0
0
0
0
1.721009e+08
1.897411e+08
2.377983e+08
3.500249e+08
6.564975e+08
0
0
0
1.779957e+08
1.960922e+08
2.452834e+08
3.599196e+08
6.711071e+08
0
0
1.817387e+08
2.000775e+08
2.499903e+08
3.660404e+08
6.799005e+08
0
1.835336e+08
2.020313e+08
2.522457e+08
3.689554e+08
6.839237e+08
0
0
0
0
0
0
0
0
0
0
0
0
0
0
0
0
0
0
0
0
0
0
0
0
0
0
0
0
0
0
0
0
0
0
0
0
0
0
0
0
0
0
0
0
0
0
0
0
0
0
0
0
0
0
0
0
0
0
0
0
0
0
0
0
0
0
0
0
0
0
0
0
0
0
1.328249e+08
0
0
0
0
0
0
0
0
1.350024e+08
1.497413e+08
0
0
0
0
0
0
0
1.393406e+08
1.54461e+08
1.955452e+08
0
0
0
0
0
0
1.459797e+08
1.616096e+08
2.041917e+08
3.046865e+08
0
0
0
0
0
1.546086e+08
1.709417e+08
2.15364e+08
3.199204e+08
6.101061e+08
0
0
0
0
1.640845e+08
1.811163e+08
2.275346e+08
3.362835e+08
6.35455e+08
0
0
0
1.721874e+08
1.89853e+08
2.378881e+08
3.501086e+08
6.563789e+08
0
0
1.781099e+08
1.961825e+08
2.453938e+08
3.599874e+08
6.709735e+08
0
1.818207e+08
2.001929e+08
2.500814e+08
3.661219e+08
6.797875e+08
1.836371e+08
2.021119e+08
2.523605e+08
3.690247e+08
6.837938e+08
0
0
0
0
0
0
0
0
0
0
0
0
0
0
0
0
0
0
0
0
0
0
0
0
0
0
0
0
0
0
0
0
0
0
0
0
0
0
0
0
0
0
0
0
0
0
0
0
0
0
0
0
0
0
0
0
0
0
0
0
0
0
0
0
0
0
0
0
0
1.328251e+08
0
0
0
0
0
0
0
0
1.329224e+08
1.474859e+08
0
0
0
0
0
0
0
1.350757e+08
1.498411e+08
1.899355e+08
0
0
0
0
0
0
1.394413e+08
1.545389e+08
1.956454e+08
2.928769e+08
0
0
0
0
0
1.46059e+08
1.617168e+08
2.042734e+08
3.047611e+08
5.8578e+08
0
0
0
0
1.547163e+08
1.71027e+08
2.154742e+08
3.199837e+08
6.099572e+08
0
0
0
1.641672e+08
1.812273e+08
2.276216e+08
3.363668e+08
6.353356e+08
0
0
1.723017e+08
1.899405e+08
2.379986e+08
3.501744e+08
6.562438e+08
0
1.781906e+08
1.96298e+08
2.454824e+08
3.600693e+08
6.708601e+08
1.819391e+08
2.002749e+08
2.501952e+08
3.661887e+08
6.796573e+08
2.022158e+08
2.524368e+08
3.691107e+08
6.836837e+08
0
0
0
0
0
0
0
0
0
0
0
0
0
0
0
0
0
0
0
0
0
0
0
0
0
0
0
0
0
0
0
0
0
0
0
0
0
0
0
0
0
0
0
0
0
0
0
0
0
0
0
0
0
0
0
0
0
0
0
0
0
0
0
0
1.349041e+08
0
0
0
0
0
0
0
0
1.329225e+08
1.474861e+08
0
0
0
0
0
0
0
1.329939e+08
1.475842e+08
1.871877e+08
0
0
0
0
0
0
1.351727e+08
1.499151e+08
1.900327e+08
2.850521e+08
0
0
0
0
0
1.395156e+08
1.546409e+08
1.957213e+08
2.929467e+08
5.663611e+08
0
0
0
0
1.461627e+08
1.617971e+08
2.043789e+08
3.048185e+08
5.856243e+08
0
0
0
1.547945e+08
1.711362e+08
2.155583e+08
3.200651e+08
6.098353e+08
0
0
1.642803e+08
1.813111e+08
2.277314e+08
3.364303e+08
6.35197e+08
0
1.72379e+08
1.900563e+08
2.380845e+08
3.502567e+08
6.561301e+08
1.783223e+08
1.963788e+08
2.455966e+08
3.60134e+08
6.707294e+08
2.00394e+08
2.502731e+08
3.662736e+08
6.795462e+08
2.525363e+08
3.69157e+08
6.835542e+08
0
0
0
0
0
0
0
0
0
0
0
0
0
0
0
0
0
0
0
0
0
0
0
0
0
0
0
0
0
0
0
0
0
0
0
0
0
0
0
0
0
0
0
0
0
0
0
0
0
0
0
0
0
0
0
0
0
0
0
1.391629e+08
0
0
0
0
0
0
0
0
1.350028e+08
1.497417e+08
0
0
0
0
0
0
0
1.329939e+08
1.475844e+08
1.871879e+08
0
0
0
0
0
0
1.330889e+08
1.476563e+08
1.872834e+08
2.811967e+08
0
0
0
0
0
1.352432e+08
1.500131e+08
1.901045e+08
2.851188e+08
5.532346e+08
0
0
0
0
1.396149e+08
1.547161e+08
1.958213e+08
2.929984e+08
5.662002e+08
0
0
0
1.462371e+08
1.619023e+08
2.044578e+08
3.048948e+08
5.854984e+08
0
0
1.549046e+08
1.712154e+08
2.156662e+08
3.20126e+08
6.096912e+08
0
1.643521e+08
1.814258e+08
2.278137e+08
3.365119e+08
6.350823e+08
1.7252e+08
1.901337e+08
2.381992e+08
3.503192e+08
6.559978e+08
1.965118e+08
2.456733e+08
3.602197e+08
6.706181e+08
2.503891e+08
3.663218e+08
6.794161e+08
3.692218e+08
6.8341e+08
0
0
0
0
0
0
0
0
0
0
0
0
0
0
0
0
0
0
0
0
0
0
0
0
0
0
0
0
0
0
0
0
0
0
0
0
0
0
0
0
0
0
0
0
0
0
0
0
0
0
0
0
0
0
1.456873e+08
0
0
0
0
0
0
0
0
1.392643e+08
1.543591e+08
0
0
0
0
0
0
0
1.350758e+08
1.498415e+08
1.89936e+08
0
0
0
0
0
0
1.33089e+08
1.476564e+08
1.872836e+08
2.811969e+08
0
0
0
0
0
1.331575e+08
1.477523e+08
1.87353e+08
2.812616e+08
5.466793e+08
0
0
0
0
1.353392e+08
1.500844e+08
1.902001e+08
2.851662e+08
5.530706e+08
0
0
0
1.396851e+08
1.548167e+08
1.958947e+08
2.930686e+08
5.660709e+08
0
0
1.463431e+08
1.619776e+08
2.045614e+08
3.049505e+08
5.853473e+08
0
1.549695e+08
1.713272e+08
2.157438e+08
3.202056e+08
6.095744e+08
1.644984e+08
1.814977e+08
2.279274e+08
3.365711e+08
6.349465e+08
1.902766e+08
2.382725e+08
3.504058e+08
6.558862e+08
2.458049e+08
3.602668e+08
6.704882e+08
3.664048e+08
6.79273e+08
6.83247e+08
0
0
0
0
0
0
0
0
0
0
0
0
0
0
0
0
0
0
0
0
0
0
0
0
0
0
0
0
0
0
0
0
0
0
0
0
0
0
0
0
0
0
0
0
0
0
0
0
0
1.542175e+08
0
0
0
0
0
0
0
0
1.457927e+08
1.614205e+08
0
0
0
0
0
0
0
1.393407e+08
1.544617e+08
1.955459e+08
0
0
0
0
0
0
1.351727e+08
1.499152e+08
1.900333e+08
2.850526e+08
0
0
0
0
0
1.331573e+08
1.477523e+08
1.873531e+08
2.812619e+08
5.466793e+08
0
0
0
0
1.332519e+08
1.478214e+08
1.874463e+08
2.813069e+08
5.465138e+08
0
0
0
1.354062e+08
1.501815e+08
1.902693e+08
2.852318e+08
5.529392e+08
0
0
1.397872e+08
1.548877e+08
1.959933e+08
2.931188e+08
5.659141e+08
0
1.464007e+08
1.620853e+08
2.04635e+08
3.050254e+08
5.852269e+08
1.551185e+08
1.713921e+08
2.158547e+08
3.202605e+08
6.09433e+08
1.816466e+08
2.27995e+08
3.366573e+08
6.348338e+08
2.384156e+08
3.504496e+08
6.557562e+08
3.603674e+08
6.703444e+08
6.791219e+08
0
0
0
0
0
0
0
0
0
0
0
0
0
0
0
0
0
0
0
0
0
0
0
0
0
0
0
0
0
0
0
0
0
0
0
0
0
0
0
0
0
0
0
1.635718e+08
0
0
0
0
0
0
0
0
1.543278e+08
1.706306e+08
0
0
0
0
0
0
0
1.458742e+08
1.615273e+08
2.040879e+08
0
0
0
0
0
0
1.394413e+08
1.54539e+08
1.956462e+08
2.928775e+08
0
0
0
0
0
1.352426e+08
1.500132e+08
1.901046e+08
2.851194e+08
5.532346e+08
0
0
0
0
1.332518e+08
1.478213e+08
1.874464e+08
2.813069e+08
5.465139e+08
0
0
0
1.33317e+08
1.479168e+08
1.875132e+08
2.8137e+08
5.463814e+08
0
0
1.355045e+08
1.502492e+08
1.90364e+08
2.852777e+08
5.527786e+08
0
1.398386e+08
1.549913e+08
1.960625e+08
2.931882e+08
5.657904e+08
1.465472e+08
1.621426e+08
2.047417e+08
3.050764e+08
5.850789e+08
1.715445e+08
2.15915e+08
3.203438e+08
6.093178e+08
2.281453e+08
3.366952e+08
6.347017e+08
3.505637e+08
6.556099e+08
6.702054e+08
0
0
0
0
0
0
0
0
0
0
0
0
0
0
0
0
0
0
0
0
0
0
0
0
0
0
0
0
0
0
0
0
0
0
0
0
1.715803e+08
0
0
0
0
0
0
0
0
1.636855e+08
1.80708e+08
0
0
0
0
0
0
0
1.544147e+08
1.707425e+08
2.151674e+08
0
0
0
0
0
0
1.459798e+08
1.616098e+08
2.041928e+08
3.046872e+08
0
0
0
0
0
1.395144e+08
1.546409e+08
1.957215e+08
2.929476e+08
5.663612e+08
0
0
0
0
1.353389e+08
1.500838e+08
1.902001e+08
2.851663e+08
5.530708e+08
0
0
0
1.333168e+08
1.479168e+08
1.87513e+08
2.813701e+08
5.463814e+08
0
0
1.334131e+08
1.479826e+08
1.876061e+08
2.814135e+08
5.46219e+08
0
1.355516e+08
1.503489e+08
1.904296e+08
2.85343e+08
5.526527e+08
1.399814e+08
1.550424e+08
1.961648e+08
2.932347e+08
5.656368e+08
1.622925e+08
2.047938e+08
3.051554e+08
5.849609e+08
2.160703e+08
3.203743e+08
6.091817e+08
3.368189e+08
6.345508e+08
6.554812e+08
0
0
0
0
0
0
0
0
0
0
0
0
0
0
0
0
0
0
0
0
0
0
0
0
0
0
0
0
1.773804e+08
0
0
0
0
0
0
0
0
1.716949e+08
1.893262e+08
0
0
0
0
0
0
0
1.637761e+08
1.808233e+08
2.272188e+08
0
0
0
0
0
0
1.545246e+08
1.708305e+08
2.152777e+08
3.198409e+08
0
0
0
0
0
1.460575e+08
1.617169e+08
2.042736e+08
3.047622e+08
5.857801e+08
0
0
0
0
1.396143e+08
1.547149e+08
1.958214e+08
2.929985e+08
5.662006e+08
0
0
0
1.354058e+08
1.501813e+08
1.902685e+08
2.852319e+08
5.52939e+08
0
0
1.334133e+08
1.479825e+08
1.876061e+08
2.814133e+08
5.462191e+08
0
1.334577e+08
1.4808e+08
1.876697e+08
2.814769e+08
5.460921e+08
1.356905e+08
1.503957e+08
1.905277e+08
2.853859e+08
5.524954e+08
1.551885e+08
1.962102e+08
2.933092e+08
5.655161e+08
2.049469e+08
3.051774e+08
5.848197e+08
3.205052e+08
6.090251e+08
6.344311e+08
0
0
0
0
0
0
0
0
0
0
0
0
0
0
0
0
0
0
0
1.81e+08
0
0
0
0
0
0
0
0
1.774953e+08
1.955604e+08
0
0
0
0
0
0
0
1.71788e+08
1.894422e+08
2.374792e+08
0
0
0
0
0
0
1.638879e+08
1.809149e+08
2.273327e+08
3.361336e+08
0
0
0
0
0
1.546072e+08
1.70942e+08
2.153643e+08
3.199217e+08
6.101062e+08
0
0
0
0
1.46162e+08
1.617956e+08
2.043791e+08
3.048187e+08
5.856248e+08
0
0
0
1.396845e+08
1.548162e+08
1.958934e+08
2.930687e+08
5.660708e+08
0
0
1.355046e+08
1.502489e+08
1.903639e+08
2.852769e+08
5.527787e+08
0
1.334587e+08
1.480802e+08
1.876695e+08
2.814769e+08
5.46092e+08
1.335932e+08
1.481244e+08
1.877653e+08
2.815177e+08
5.459333e+08
1.505379e+08
1.905686e+08
2.85456e+08
5.52373e+08
1.963596e+08
2.933244e+08
5.653706e+08
3.053075e+08
5.846578e+08
6.089134e+08
0
0
0
0
0
0
0
0
0
1.827116e+08
0
0
0
0
0
0
0
0
1.811159e+08
1.994466e+08
0
0
0
0
0
0
0
1.775907e+08
1.956767e+08
2.4487e+08
0
0
0
0
0
0
1.719004e+08
1.895364e+08
2.375937e+08
3.498728e+08
0
0
0
0
0
1.639739e+08
1.810283e+08
2.27423e+08
3.362181e+08
6.35598e+08
0
0
0
0
1.547157e+08
1.710256e+08
2.154746e+08
3.19984e+08
6.099578e+08
0
0
0
1.462365e+08
1.619016e+08
2.044562e+08
3.048951e+08
5.854982e+08
0
0
1.397873e+08
1.548872e+08
1.959929e+08
2.931174e+08
5.659144e+08
0
1.355514e+08
1.50349e+08
1.904293e+08
2.853429e+08
5.526524e+08
1.335953e+08
1.481247e+08
1.877653e+08
2.815176e+08
5.459334e+08
1.482637e+08
1.878039e+08
2.815853e+08
5.458098e+08
1.907141e+08
2.854668e+08
5.522246e+08
2.934517e+08
5.652054e+08
5.84549e+08
0
0
0
0
0
0
0
0
1.828259e+08
2.012827e+08
0
0
0
0
0
0
0
1.812143e+08
1.995638e+08
2.494606e+08
0
0
0
0
0
0
1.777032e+08
1.957731e+08
2.449846e+08
3.596827e+08
0
0
0
0
0
1.719893e+08
1.896502e+08
2.376862e+08
3.499578e+08
6.566373e+08
0
0
0
0
1.640841e+08
1.811153e+08
2.27535e+08
3.362838e+08
6.354556e+08
0
0
0
1.547942e+08
1.711356e+08
2.155567e+08
3.200656e+08
6.098352e+08
0
0
1.463434e+08
1.619771e+08
2.045608e+08
3.049488e+08
5.853478e+08
0
1.398378e+08
1.549916e+08
1.960619e+08
2.931879e+08
5.657899e+08
1.3569e+08
1.503951e+08
1.905278e+08
2.853856e+08
5.524958e+08
1.482643e+08
1.878037e+08
2.815853e+08
5.458098e+08
1.879464e+08
2.815941e+08
5.4566e+08
2.855907e+08
5.520578e+08
5.650976e+08
0
0
0
0
0
0
0
1.829232e+08
2.013982e+08
2.516242e+08
0
0
0
0
0
0
1.813269e+08
1.996631e+08
2.495759e+08
3.657305e+08
0
0
0
0
0
1.777944e+08
1.958868e+08
2.450793e+08
3.597675e+08
6.713639e+08
0
0
0
0
1.721005e+08
1.897401e+08
2.377986e+08
3.500253e+08
6.564981e+08
0
0
0
1.641671e+08
1.81227e+08
2.276205e+08
3.363673e+08
6.353355e+08
0
0
1.549051e+08
1.712151e+08
2.156656e+08
3.201244e+08
6.096917e+08
0
1.463996e+08
1.620857e+08
2.046345e+08
3.050249e+08
5.852263e+08
1.399799e+08
1.550414e+08
1.96165e+08
2.932341e+08
5.656372e+08
1.505369e+08
1.905677e+08
2.854561e+08
5.523727e+08
1.879461e+08
2.815933e+08
5.456599e+08
2.817154e+08
5.454932e+08
5.519503e+08
0
0
0
0
0
0
1.830354e+08
2.014963e+08
2.517376e+08
3.68567e+08
0
0
0
0
0
1.814201e+08
1.997768e+08
2.496736e+08
3.658159e+08
6.802887e+08
0
0
0
0
1.779056e+08
1.959789e+08
2.451915e+08
3.598367e+08
6.712262e+08
0
0
0
1.721872e+08
1.898526e+08
2.378869e+08
3.50109e+08
6.563789e+08
0
0
1.642809e+08
1.81311e+08
2.277311e+08
3.364291e+08
6.351975e+08
0
1.549686e+08
1.713278e+08
2.157435e+08
3.202051e+08
6.095736e+08
1.465453e+08
1.621414e+08
2.047422e+08
3.050758e+08
5.850793e+08
1.551868e+08
1.96209e+08
2.933095e+08
5.655157e+08
1.907124e+08
2.854654e+08
5.522246e+08
2.817141e+08
5.454915e+08
5.45386e+08
0
0
0
0
0
1.831298e+08
2.016097e+08
2.518339e+08
3.686503e+08
6.844274e+08
0
0
0
0
1.815313e+08
1.998709e+08
2.497856e+08
3.658878e+08
6.80152e+08
0
0
0
1.779952e+08
1.960914e+08
2.452819e+08
3.599199e+08
6.711072e+08
0
0
1.723022e+08
1.899402e+08
2.379981e+08
3.501731e+08
6.562441e+08
0
1.643514e+08
1.814264e+08
2.278135e+08
3.365117e+08
6.350816e+08
1.551168e+08
1.713912e+08
2.158555e+08
3.202601e+08
6.094334e+08
1.622906e+08
2.047925e+08
3.05156e+08
5.849605e+08
1.963574e+08
2.933229e+08
5.65371e+08
2.855882e+08
5.520561e+08
5.453827e+08
0
0
0
0
1.83241e+08
2.017049e+08
2.519454e+08
3.687203e+08
6.842896e+08
0
0
0
1.816236e+08
1.999833e+08
2.498779e+08
3.659706e+08
6.800336e+08
0
0
1.781102e+08
1.961819e+08
2.453929e+08
3.599857e+08
6.709738e+08
0
1.723784e+08
1.900568e+08
2.380842e+08
3.502563e+08
6.561293e+08
1.644969e+08
1.81497e+08
2.279282e+08
3.365709e+08
6.349468e+08
1.715428e+08
2.15914e+08
3.203447e+08
6.093174e+08
2.049447e+08
3.051759e+08
5.848203e+08
2.93449e+08
5.652041e+08
5.519474e+08
0
0
0
1.833358e+08
2.018172e+08
2.520388e+08
3.688025e+08
6.841696e+08
0
0
1.817389e+08
2.000765e+08
2.499887e+08
3.66038e+08
6.799007e+08
0
1.7819e+08
1.962984e+08
2.454818e+08
3.600684e+08
6.70859e+08
1.725186e+08
1.90133e+08
2.381998e+08
3.503187e+08
6.559979e+08
1.816451e+08
2.279942e+08
3.366582e+08
6.348333e+08
2.160684e+08
3.203731e+08
6.091825e+08
3.05305e+08
5.846568e+08
5.650953e+08
0
0
1.834528e+08
2.019129e+08
2.521494e+08
3.688708e+08
6.840365e+08
0
1.8182e+08
2.001931e+08
2.500803e+08
3.661202e+08
6.79786e+08
1.783212e+08
1.963781e+08
2.455969e+08
3.601332e+08
6.707291e+08
1.902752e+08
2.382717e+08
3.504065e+08
6.558857e+08
2.281436e+08
3.366943e+08
6.347025e+08
3.20503e+08
6.090242e+08
5.845472e+08
0
1.835329e+08
2.020312e+08
2.522436e+08
3.689527e+08
6.839218e+08
1.819385e+08
2.002742e+08
2.501954e+08
3.661874e+08
6.796565e+08
1.965106e+08
2.456725e+08
3.602201e+08
6.706173e+08
2.384139e+08
3.504487e+08
6.557569e+08
3.368169e+08
6.3455e+08
6.089118e+08
1.836359e+08
2.021111e+08
2.523604e+08
3.690224e+08
6.837924e+08
2.003933e+08
2.502722e+08
3.662739e+08
6.795451e+08
2.458034e+08
3.602658e+08
6.704888e+08
3.505617e+08
6.55609e+08
6.344295e+08
2.022145e+08
2.524359e+08
3.691106e+08
6.83682e+08
2.503883e+08
3.663207e+08
6.794166e+08
3.603657e+08
6.703435e+08
6.554795e+08
2.525348e+08
3.691559e+08
6.835545e+08
3.664038e+08
6.792721e+08
6.702039e+08
3.6922e+08
6.83409e+08
6.791209e+08
6.832455e+08
)
;

boundaryField
{
    airInlet
    {
        type            calculated;
        value           nonuniform List<scalar> 0();
    }
    airOutlet
    {
        type            calculated;
        value           uniform 0;
    }
    cathodeSides
    {
        type            calculated;
        value           uniform 0;
    }
    air_to_interconnect
    {
        type            calculated;
        value           uniform 0;
    }
    air_to_electrolyte
    {
        type            calculated;
        value           uniform 0;
    }
    procBoundary3to2
    {
        type            processor;
        value           uniform 0;
    }
}
)

// processor4

695
(dimensions      [0 -3 0 0 0 1 0];

internalField   nonuniform List<scalar> 0();

boundaryField
{
    airInlet
    {
        type            calculated;
        value           nonuniform List<scalar> 0();
    }
    airOutlet
    {
        type            calculated;
        value           nonuniform List<scalar> 0();
    }
    cathodeSides
    {
        type            calculated;
        value           nonuniform List<scalar> 0();
    }
    air_to_interconnect
    {
        type            calculated;
        value           nonuniform List<scalar> 0();
    }
    air_to_electrolyte
    {
        type            calculated;
        value           nonuniform List<scalar> 0();
    }
}
)

// processor5

695
(dimensions      [0 -3 0 0 0 1 0];

internalField   nonuniform List<scalar> 0();

boundaryField
{
    airInlet
    {
        type            calculated;
        value           nonuniform List<scalar> 0();
    }
    airOutlet
    {
        type            calculated;
        value           nonuniform List<scalar> 0();
    }
    cathodeSides
    {
        type            calculated;
        value           nonuniform List<scalar> 0();
    }
    air_to_interconnect
    {
        type            calculated;
        value           nonuniform List<scalar> 0();
    }
    air_to_electrolyte
    {
        type            calculated;
        value           nonuniform List<scalar> 0();
    }
}
)

// processor6

695
(dimensions      [0 -3 0 0 0 1 0];

internalField   nonuniform List<scalar> 0();

boundaryField
{
    airInlet
    {
        type            calculated;
        value           nonuniform List<scalar> 0();
    }
    airOutlet
    {
        type            calculated;
        value           nonuniform List<scalar> 0();
    }
    cathodeSides
    {
        type            calculated;
        value           nonuniform List<scalar> 0();
    }
    air_to_interconnect
    {
        type            calculated;
        value           nonuniform List<scalar> 0();
    }
    air_to_electrolyte
    {
        type            calculated;
        value           nonuniform List<scalar> 0();
    }
}
)

// processor7

695
(dimensions      [0 -3 0 0 0 1 0];

internalField   nonuniform List<scalar> 0();

boundaryField
{
    airInlet
    {
        type            calculated;
        value           nonuniform List<scalar> 0();
    }
    airOutlet
    {
        type            calculated;
        value           nonuniform List<scalar> 0();
    }
    cathodeSides
    {
        type            calculated;
        value           nonuniform List<scalar> 0();
    }
    air_to_interconnect
    {
        type            calculated;
        value           nonuniform List<scalar> 0();
    }
    air_to_electrolyte
    {
        type            calculated;
        value           nonuniform List<scalar> 0();
    }
}
)
