/*--------------------------------*- C++ -*----------------------------------*\
| =========                 |                                                 |
| \\      /  F ield         | OpenFOAM: The Open Source CFD Toolbox           |
|  \\    /   O peration     | Version:  2306                                  |
|   \\  /    A nd           | Website:  www.openfoam.com                      |
|    \\/     M anipulation  |                                                 |
\*---------------------------------------------------------------------------*/
FoamFile
{
    version     2.0;
    format      binary;
    arch        "LSB;label=32;scalar=64";
    class       decomposedBlockData;
    object      ampl;
    data.format     ascii;
    data.class      cellSet;
}
// * * * * * * * * * * * * * * * * * * * * * * * * * * * * * * * * * * * * * //


// processor0

4880
(FoamFile
{
    version     2.0;
    format      ascii;
    arch        "LSB;label=32;scalar=64";
    class       cellSet;
    location    "constant/phiEA/polyMesh/sets";
    object      ampl;
}

1000
(
2048
2053
2054
2055
2056
2057
2062
2063
2064
2065
2066
2071
2072
2073
2074
2075
2080
2081
2082
2083
2084
2090
2091
2092
2093
2099
2100
2101
55
2107
2108
2114
76
82
83
104
110
111
117
118
119
2180
2181
2187
2188
140
2189
146
2195
147
2196
2197
2198
153
154
155
2204
2205
2206
2207
2208
161
162
163
164
2213
2214
2215
2216
2217
2222
2223
2224
2225
2226
2231
2232
2233
185
2234
2235
191
2240
192
2241
2242
2243
2244
198
199
200
2249
2250
2251
2252
2253
206
207
208
209
2259
2260
2261
2262
215
216
217
218
219
2268
2269
2270
2276
2277
2283
240
246
247
253
254
255
261
262
263
264
270
271
272
273
274
279
280
281
282
283
2353
305
2354
2355
311
312
2361
2362
2363
2364
318
319
320
2370
2371
2372
2373
2374
326
327
328
329
2379
2380
2381
2382
2383
335
336
337
338
339
2388
2389
2390
2391
2392
344
345
346
347
348
2397
2398
2399
2400
2401
353
354
355
356
357
2406
2407
2408
2409
2410
2415
2416
2417
2418
2419
2425
2426
2427
2428
380
2434
386
2435
387
2436
393
2442
394
2443
395
2449
401
402
403
404
410
411
412
413
414
419
420
421
422
423
428
429
430
431
432
437
438
439
440
441
465
471
472
2522
2523
2524
2525
478
479
480
2531
2532
2533
2534
486
2535
487
488
489
2540
2541
2542
2543
495
2544
496
497
498
499
2549
2550
2551
2552
504
2553
505
506
507
508
2558
2559
2560
2561
513
2562
514
515
516
517
2567
2568
2569
2570
522
2571
523
524
525
526
2576
2577
2578
2579
531
2580
532
533
534
535
2586
2587
2588
2589
2595
2596
2597
2603
2604
560
2610
566
567
573
574
575
581
582
583
584
590
591
592
593
594
599
600
601
602
603
608
609
610
611
612
617
618
619
620
621
626
627
628
629
630
635
636
2685
637
2686
638
2687
639
2688
2689
2694
2695
2696
2697
2698
2703
2704
2705
2706
2707
2712
2713
665
2714
2715
2716
671
672
2721
2722
2723
2724
2725
678
679
680
2730
2731
2732
2733
2734
686
687
688
689
2740
2741
2742
2743
695
696
697
698
699
2749
2750
2751
704
705
706
707
708
2757
2758
713
714
715
2764
716
717
722
723
724
725
726
731
732
733
734
735
740
741
742
743
744
750
751
752
753
780
786
787
2839
2840
2841
793
2842
794
2843
795
2848
2849
801
2850
802
2851
803
2852
804
2857
2858
810
2859
811
2860
812
2861
813
814
2866
2867
819
2868
820
2869
821
2870
822
823
2875
2876
828
2877
829
2878
830
2879
831
832
2885
837
2886
838
2887
839
2888
840
841
2894
846
2895
847
2896
848
849
850
2902
2903
855
856
857
858
859
2909
865
866
867
868
875
876
877
905
911
912
918
919
920
926
927
928
929
2983
935
2984
936
2985
937
2986
938
2987
939
2992
944
2993
945
2994
946
2995
947
2996
948
3001
953
3002
954
3003
955
3004
956
3005
957
3010
962
3011
963
3012
964
3013
965
3014
966
971
3020
972
3021
973
3022
974
3023
975
980
981
3030
982
3031
983
3032
984
3038
990
3039
991
992
993
3045
1000
1001
1002
1010
1011
1040
1046
1047
1053
1054
1055
1061
1062
1063
1064
3118
1070
3119
1071
3120
1072
3121
1073
3122
1074
3127
1079
3128
1080
3129
1081
3130
1082
3131
1083
3136
1088
3137
1089
3138
1090
3139
1091
3140
1092
1097
3146
1098
3147
1099
3148
1100
3149
1101
1106
1107
3156
1108
3157
1109
3158
1110
1115
1116
1117
3166
1118
3167
1119
3173
1125
1126
1127
1128
1135
1136
1137
1145
1146
1155
1185
1191
1192
3245
3246
1198
3247
1199
3248
1200
3249
3254
1206
3255
1207
3256
1208
3257
1209
3258
1215
3264
1216
3265
1217
3266
1218
3267
1219
1224
1225
3274
1226
3275
1227
3276
1228
1233
1234
1235
3284
1236
3285
1237
1242
1243
1244
1245
3294
1246
1251
1252
1253
1254
1255
1260
1261
1262
1263
1264
1270
1271
1272
1273
1280
1281
1282
1290
1291
1300
3365
3366
3367
3368
3369
3375
3376
3377
3378
3385
3386
3387
1339
1345
1346
3395
3396
1352
1353
1354
3405
1360
1361
1362
1363
1369
1370
1371
1372
1373
1378
1379
1380
1381
1382
1387
1388
1389
1390
1391
1396
1397
1398
1399
1400
1405
1406
1407
1408
1409
1414
1415
1416
1417
1418
1424
1425
1426
1427
3480
3481
1433
3482
1434
3483
1435
3490
3491
1443
3492
1444
3500
3501
1453
3510
1500
1506
1507
1513
1514
1515
1521
1522
1523
1524
1530
1531
1532
1533
1534
1539
1540
1541
3590
1542
3591
1543
3592
1548
1549
1550
1551
3600
1552
3601
1557
1558
1559
1560
1561
3610
1566
1567
1568
1569
1570
1575
1576
1577
1578
1579
1585
1586
1587
1588
1594
1595
1596
1602
1603
1612
3696
3697
3706
1666
1672
1673
1679
1680
1681
1687
1688
1689
1690
1696
1697
1698
1699
1700
1705
1706
1707
1708
1709
1714
1715
1716
1717
1718
1723
1724
1725
1726
1727
1732
1733
1734
1735
1736
1741
1742
1743
1744
1745
3799
1751
1752
1753
1754
1760
1761
1762
1768
1769
1775
1835
1841
1842
1848
1849
1850
1856
1857
1858
1859
1865
1866
1867
1868
1869
1874
1875
1876
1877
1878
1883
1884
1885
1886
1887
1892
1893
1894
1895
1896
1901
1902
1903
1904
1905
1910
1911
1912
1913
1914
1920
1921
1922
1923
1929
1930
1931
1937
1938
1944
2005
2011
2012
2018
2019
2020
2026
2027
2028
2029
2035
2036
2037
2038
2039
2044
2045
2046
2047
)
)

// processor1

4686
(
1000
(
2048
2053
2054
2055
2056
2057
2062
2063
2064
2065
2066
2071
2072
2073
2074
2075
2080
2081
2082
2083
2084
2090
2091
2092
2093
2099
2100
2101
55
2107
2108
2114
76
82
83
104
110
111
117
118
119
2180
2181
2187
2188
140
2189
146
2195
147
2196
2197
2198
153
154
155
2204
2205
2206
2207
2208
161
162
163
164
2213
2214
2215
2216
2217
2222
2223
2224
2225
2226
2231
2232
2233
185
2234
2235
191
2240
192
2241
2242
2243
2244
198
199
200
2249
2250
2251
2252
2253
206
207
208
209
2259
2260
2261
2262
215
216
217
218
219
2268
2269
2270
2276
2277
2283
240
246
247
253
254
255
261
262
263
264
270
271
272
273
274
279
280
281
282
283
2353
305
2354
2355
311
312
2361
2362
2363
2364
318
319
320
2370
2371
2372
2373
2374
326
327
328
329
2379
2380
2381
2382
2383
335
336
337
338
339
2388
2389
2390
2391
2392
344
345
346
347
348
2397
2398
2399
2400
2401
353
354
355
356
357
2406
2407
2408
2409
2410
2415
2416
2417
2418
2419
2425
2426
2427
2428
380
2434
386
2435
387
2436
393
2442
394
2443
395
2449
401
402
403
404
410
411
412
413
414
419
420
421
422
423
428
429
430
431
432
437
438
439
440
441
465
471
472
2522
2523
2524
2525
478
479
480
2531
2532
2533
2534
486
2535
487
488
489
2540
2541
2542
2543
495
2544
496
497
498
499
2549
2550
2551
2552
504
2553
505
506
507
508
2558
2559
2560
2561
513
2562
514
515
516
517
2567
2568
2569
2570
522
2571
523
524
525
526
2576
2577
2578
2579
531
2580
532
533
534
535
2586
2587
2588
2589
2595
2596
2597
2603
2604
560
2610
566
567
573
574
575
581
582
583
584
590
591
592
593
594
599
600
601
602
603
608
609
610
611
612
617
618
619
620
621
626
627
628
629
630
635
636
2685
637
2686
638
2687
639
2688
2689
2694
2695
2696
2697
2698
2703
2704
2705
2706
2707
2712
2713
665
2714
2715
2716
671
672
2721
2722
2723
2724
2725
678
679
680
2730
2731
2732
2733
2734
686
687
688
689
2740
2741
2742
2743
695
696
697
698
699
2749
2750
2751
704
705
706
707
708
2757
2758
713
714
715
2764
716
717
722
723
724
725
726
731
732
733
734
735
740
741
742
743
744
750
751
752
753
780
786
787
2839
2840
2841
793
2842
794
2843
795
2848
2849
801
2850
802
2851
803
2852
804
2857
2858
810
2859
811
2860
812
2861
813
814
2866
2867
819
2868
820
2869
821
2870
822
823
2875
2876
828
2877
829
2878
830
2879
831
832
2885
837
2886
838
2887
839
2888
840
841
2894
846
2895
847
2896
848
849
850
2902
2903
855
856
857
858
859
2909
865
866
867
868
875
876
877
905
911
912
918
919
920
926
927
928
929
2983
935
2984
936
2985
937
2986
938
2987
939
2992
944
2993
945
2994
946
2995
947
2996
948
3001
953
3002
954
3003
955
3004
956
3005
957
3010
962
3011
963
3012
964
3013
965
3014
966
971
3020
972
3021
973
3022
974
3023
975
980
981
3030
982
3031
983
3032
984
3038
990
3039
991
992
993
3045
1000
1001
1002
1010
1011
1040
1046
1047
1053
1054
1055
1061
1062
1063
1064
3118
1070
3119
1071
3120
1072
3121
1073
3122
1074
3127
1079
3128
1080
3129
1081
3130
1082
3131
1083
3136
1088
3137
1089
3138
1090
3139
1091
3140
1092
1097
3146
1098
3147
1099
3148
1100
3149
1101
1106
1107
3156
1108
3157
1109
3158
1110
1115
1116
1117
3166
1118
3167
1119
3173
1125
1126
1127
1128
1135
1136
1137
1145
1146
1155
1185
1191
1192
3245
3246
1198
3247
1199
3248
1200
3249
3254
1206
3255
1207
3256
1208
3257
1209
3258
1215
3264
1216
3265
1217
3266
1218
3267
1219
1224
1225
3274
1226
3275
1227
3276
1228
1233
1234
1235
3284
1236
3285
1237
1242
1243
1244
1245
3294
1246
1251
1252
1253
1254
1255
1260
1261
1262
1263
1264
1270
1271
1272
1273
1280
1281
1282
1290
1291
1300
3365
3366
3367
3368
3369
3375
3376
3377
3378
3385
3386
3387
1339
1345
1346
3395
3396
1352
1353
1354
3405
1360
1361
1362
1363
1369
1370
1371
1372
1373
1378
1379
1380
1381
1382
1387
1388
1389
1390
1391
1396
1397
1398
1399
1400
1405
1406
1407
1408
1409
1414
1415
1416
1417
1418
1424
1425
1426
1427
3480
3481
1433
3482
1434
3483
1435
3490
3491
1443
3492
1444
3500
3501
1453
3510
1500
1506
1507
1513
1514
1515
1521
1522
1523
1524
1530
1531
1532
1533
1534
1539
1540
1541
3590
1542
3591
1543
3592
1548
1549
1550
1551
3600
1552
3601
1557
1558
1559
1560
1561
3610
1566
1567
1568
1569
1570
1575
1576
1577
1578
1579
1585
1586
1587
1588
1594
1595
1596
1602
1603
1612
3696
3697
3706
1666
1672
1673
1679
1680
1681
1687
1688
1689
1690
1696
1697
1698
1699
1700
1705
1706
1707
1708
1709
1714
1715
1716
1717
1718
1723
1724
1725
1726
1727
1732
1733
1734
1735
1736
1741
1742
1743
1744
1745
3799
1751
1752
1753
1754
1760
1761
1762
1768
1769
1775
1835
1841
1842
1848
1849
1850
1856
1857
1858
1859
1865
1866
1867
1868
1869
1874
1875
1876
1877
1878
1883
1884
1885
1886
1887
1892
1893
1894
1895
1896
1901
1902
1903
1904
1905
1910
1911
1912
1913
1914
1920
1921
1922
1923
1929
1930
1931
1937
1938
1944
2005
2011
2012
2018
2019
2020
2026
2027
2028
2029
2035
2036
2037
2038
2039
2044
2045
2046
2047
)
)

// processor2

4686
(
1000
(
2048
2053
2054
2055
2056
2057
2062
2063
2064
2065
2066
2071
2072
2073
2074
2075
2080
2081
2082
2083
2084
2090
2091
2092
2093
2099
2100
2101
55
2107
2108
2114
76
82
83
104
110
111
117
118
119
2180
2181
2187
2188
140
2189
146
2195
147
2196
2197
2198
153
154
155
2204
2205
2206
2207
2208
161
162
163
164
2213
2214
2215
2216
2217
2222
2223
2224
2225
2226
2231
2232
2233
185
2234
2235
191
2240
192
2241
2242
2243
2244
198
199
200
2249
2250
2251
2252
2253
206
207
208
209
2259
2260
2261
2262
215
216
217
218
219
2268
2269
2270
2276
2277
2283
240
246
247
253
254
255
261
262
263
264
270
271
272
273
274
279
280
281
282
283
2353
305
2354
2355
311
312
2361
2362
2363
2364
318
319
320
2370
2371
2372
2373
2374
326
327
328
329
2379
2380
2381
2382
2383
335
336
337
338
339
2388
2389
2390
2391
2392
344
345
346
347
348
2397
2398
2399
2400
2401
353
354
355
356
357
2406
2407
2408
2409
2410
2415
2416
2417
2418
2419
2425
2426
2427
2428
380
2434
386
2435
387
2436
393
2442
394
2443
395
2449
401
402
403
404
410
411
412
413
414
419
420
421
422
423
428
429
430
431
432
437
438
439
440
441
465
471
472
2522
2523
2524
2525
478
479
480
2531
2532
2533
2534
486
2535
487
488
489
2540
2541
2542
2543
495
2544
496
497
498
499
2549
2550
2551
2552
504
2553
505
506
507
508
2558
2559
2560
2561
513
2562
514
515
516
517
2567
2568
2569
2570
522
2571
523
524
525
526
2576
2577
2578
2579
531
2580
532
533
534
535
2586
2587
2588
2589
2595
2596
2597
2603
2604
560
2610
566
567
573
574
575
581
582
583
584
590
591
592
593
594
599
600
601
602
603
608
609
610
611
612
617
618
619
620
621
626
627
628
629
630
635
636
2685
637
2686
638
2687
639
2688
2689
2694
2695
2696
2697
2698
2703
2704
2705
2706
2707
2712
2713
665
2714
2715
2716
671
672
2721
2722
2723
2724
2725
678
679
680
2730
2731
2732
2733
2734
686
687
688
689
2740
2741
2742
2743
695
696
697
698
699
2749
2750
2751
704
705
706
707
708
2757
2758
713
714
715
2764
716
717
722
723
724
725
726
731
732
733
734
735
740
741
742
743
744
750
751
752
753
780
786
787
2839
2840
2841
793
2842
794
2843
795
2848
2849
801
2850
802
2851
803
2852
804
2857
2858
810
2859
811
2860
812
2861
813
814
2866
2867
819
2868
820
2869
821
2870
822
823
2875
2876
828
2877
829
2878
830
2879
831
832
2885
837
2886
838
2887
839
2888
840
841
2894
846
2895
847
2896
848
849
850
2902
2903
855
856
857
858
859
2909
865
866
867
868
875
876
877
905
911
912
918
919
920
926
927
928
929
2983
935
2984
936
2985
937
2986
938
2987
939
2992
944
2993
945
2994
946
2995
947
2996
948
3001
953
3002
954
3003
955
3004
956
3005
957
3010
962
3011
963
3012
964
3013
965
3014
966
971
3020
972
3021
973
3022
974
3023
975
980
981
3030
982
3031
983
3032
984
3038
990
3039
991
992
993
3045
1000
1001
1002
1010
1011
1040
1046
1047
1053
1054
1055
1061
1062
1063
1064
3118
1070
3119
1071
3120
1072
3121
1073
3122
1074
3127
1079
3128
1080
3129
1081
3130
1082
3131
1083
3136
1088
3137
1089
3138
1090
3139
1091
3140
1092
1097
3146
1098
3147
1099
3148
1100
3149
1101
1106
1107
3156
1108
3157
1109
3158
1110
1115
1116
1117
3166
1118
3167
1119
3173
1125
1126
1127
1128
1135
1136
1137
1145
1146
1155
1185
1191
1192
3245
3246
1198
3247
1199
3248
1200
3249
3254
1206
3255
1207
3256
1208
3257
1209
3258
1215
3264
1216
3265
1217
3266
1218
3267
1219
1224
1225
3274
1226
3275
1227
3276
1228
1233
1234
1235
3284
1236
3285
1237
1242
1243
1244
1245
3294
1246
1251
1252
1253
1254
1255
1260
1261
1262
1263
1264
1270
1271
1272
1273
1280
1281
1282
1290
1291
1300
3365
3366
3367
3368
3369
3375
3376
3377
3378
3385
3386
3387
1339
1345
1346
3395
3396
1352
1353
1354
3405
1360
1361
1362
1363
1369
1370
1371
1372
1373
1378
1379
1380
1381
1382
1387
1388
1389
1390
1391
1396
1397
1398
1399
1400
1405
1406
1407
1408
1409
1414
1415
1416
1417
1418
1424
1425
1426
1427
3480
3481
1433
3482
1434
3483
1435
3490
3491
1443
3492
1444
3500
3501
1453
3510
1500
1506
1507
1513
1514
1515
1521
1522
1523
1524
1530
1531
1532
1533
1534
1539
1540
1541
3590
1542
3591
1543
3592
1548
1549
1550
1551
3600
1552
3601
1557
1558
1559
1560
1561
3610
1566
1567
1568
1569
1570
1575
1576
1577
1578
1579
1585
1586
1587
1588
1594
1595
1596
1602
1603
1612
3696
3697
3706
1666
1672
1673
1679
1680
1681
1687
1688
1689
1690
1696
1697
1698
1699
1700
1705
1706
1707
1708
1709
1714
1715
1716
1717
1718
1723
1724
1725
1726
1727
1732
1733
1734
1735
1736
1741
1742
1743
1744
1745
3799
1751
1752
1753
1754
1760
1761
1762
1768
1769
1775
1835
1841
1842
1848
1849
1850
1856
1857
1858
1859
1865
1866
1867
1868
1869
1874
1875
1876
1877
1878
1883
1884
1885
1886
1887
1892
1893
1894
1895
1896
1901
1902
1903
1904
1905
1910
1911
1912
1913
1914
1920
1921
1922
1923
1929
1930
1931
1937
1938
1944
2005
2011
2012
2018
2019
2020
2026
2027
2028
2029
2035
2036
2037
2038
2039
2044
2045
2046
2047
)
)

// processor3

4686
(
1000
(
2048
2053
2054
2055
2056
2057
2062
2063
2064
2065
2066
2071
2072
2073
2074
2075
2080
2081
2082
2083
2084
2090
2091
2092
2093
2099
2100
2101
55
2107
2108
2114
76
82
83
104
110
111
117
118
119
2180
2181
2187
2188
140
2189
146
2195
147
2196
2197
2198
153
154
155
2204
2205
2206
2207
2208
161
162
163
164
2213
2214
2215
2216
2217
2222
2223
2224
2225
2226
2231
2232
2233
185
2234
2235
191
2240
192
2241
2242
2243
2244
198
199
200
2249
2250
2251
2252
2253
206
207
208
209
2259
2260
2261
2262
215
216
217
218
219
2268
2269
2270
2276
2277
2283
240
246
247
253
254
255
261
262
263
264
270
271
272
273
274
279
280
281
282
283
2353
305
2354
2355
311
312
2361
2362
2363
2364
318
319
320
2370
2371
2372
2373
2374
326
327
328
329
2379
2380
2381
2382
2383
335
336
337
338
339
2388
2389
2390
2391
2392
344
345
346
347
348
2397
2398
2399
2400
2401
353
354
355
356
357
2406
2407
2408
2409
2410
2415
2416
2417
2418
2419
2425
2426
2427
2428
380
2434
386
2435
387
2436
393
2442
394
2443
395
2449
401
402
403
404
410
411
412
413
414
419
420
421
422
423
428
429
430
431
432
437
438
439
440
441
465
471
472
2522
2523
2524
2525
478
479
480
2531
2532
2533
2534
486
2535
487
488
489
2540
2541
2542
2543
495
2544
496
497
498
499
2549
2550
2551
2552
504
2553
505
506
507
508
2558
2559
2560
2561
513
2562
514
515
516
517
2567
2568
2569
2570
522
2571
523
524
525
526
2576
2577
2578
2579
531
2580
532
533
534
535
2586
2587
2588
2589
2595
2596
2597
2603
2604
560
2610
566
567
573
574
575
581
582
583
584
590
591
592
593
594
599
600
601
602
603
608
609
610
611
612
617
618
619
620
621
626
627
628
629
630
635
636
2685
637
2686
638
2687
639
2688
2689
2694
2695
2696
2697
2698
2703
2704
2705
2706
2707
2712
2713
665
2714
2715
2716
671
672
2721
2722
2723
2724
2725
678
679
680
2730
2731
2732
2733
2734
686
687
688
689
2740
2741
2742
2743
695
696
697
698
699
2749
2750
2751
704
705
706
707
708
2757
2758
713
714
715
2764
716
717
722
723
724
725
726
731
732
733
734
735
740
741
742
743
744
750
751
752
753
780
786
787
2839
2840
2841
793
2842
794
2843
795
2848
2849
801
2850
802
2851
803
2852
804
2857
2858
810
2859
811
2860
812
2861
813
814
2866
2867
819
2868
820
2869
821
2870
822
823
2875
2876
828
2877
829
2878
830
2879
831
832
2885
837
2886
838
2887
839
2888
840
841
2894
846
2895
847
2896
848
849
850
2902
2903
855
856
857
858
859
2909
865
866
867
868
875
876
877
905
911
912
918
919
920
926
927
928
929
2983
935
2984
936
2985
937
2986
938
2987
939
2992
944
2993
945
2994
946
2995
947
2996
948
3001
953
3002
954
3003
955
3004
956
3005
957
3010
962
3011
963
3012
964
3013
965
3014
966
971
3020
972
3021
973
3022
974
3023
975
980
981
3030
982
3031
983
3032
984
3038
990
3039
991
992
993
3045
1000
1001
1002
1010
1011
1040
1046
1047
1053
1054
1055
1061
1062
1063
1064
3118
1070
3119
1071
3120
1072
3121
1073
3122
1074
3127
1079
3128
1080
3129
1081
3130
1082
3131
1083
3136
1088
3137
1089
3138
1090
3139
1091
3140
1092
1097
3146
1098
3147
1099
3148
1100
3149
1101
1106
1107
3156
1108
3157
1109
3158
1110
1115
1116
1117
3166
1118
3167
1119
3173
1125
1126
1127
1128
1135
1136
1137
1145
1146
1155
1185
1191
1192
3245
3246
1198
3247
1199
3248
1200
3249
3254
1206
3255
1207
3256
1208
3257
1209
3258
1215
3264
1216
3265
1217
3266
1218
3267
1219
1224
1225
3274
1226
3275
1227
3276
1228
1233
1234
1235
3284
1236
3285
1237
1242
1243
1244
1245
3294
1246
1251
1252
1253
1254
1255
1260
1261
1262
1263
1264
1270
1271
1272
1273
1280
1281
1282
1290
1291
1300
3365
3366
3367
3368
3369
3375
3376
3377
3378
3385
3386
3387
1339
1345
1346
3395
3396
1352
1353
1354
3405
1360
1361
1362
1363
1369
1370
1371
1372
1373
1378
1379
1380
1381
1382
1387
1388
1389
1390
1391
1396
1397
1398
1399
1400
1405
1406
1407
1408
1409
1414
1415
1416
1417
1418
1424
1425
1426
1427
3480
3481
1433
3482
1434
3483
1435
3490
3491
1443
3492
1444
3500
3501
1453
3510
1500
1506
1507
1513
1514
1515
1521
1522
1523
1524
1530
1531
1532
1533
1534
1539
1540
1541
3590
1542
3591
1543
3592
1548
1549
1550
1551
3600
1552
3601
1557
1558
1559
1560
1561
3610
1566
1567
1568
1569
1570
1575
1576
1577
1578
1579
1585
1586
1587
1588
1594
1595
1596
1602
1603
1612
3696
3697
3706
1666
1672
1673
1679
1680
1681
1687
1688
1689
1690
1696
1697
1698
1699
1700
1705
1706
1707
1708
1709
1714
1715
1716
1717
1718
1723
1724
1725
1726
1727
1732
1733
1734
1735
1736
1741
1742
1743
1744
1745
3799
1751
1752
1753
1754
1760
1761
1762
1768
1769
1775
1835
1841
1842
1848
1849
1850
1856
1857
1858
1859
1865
1866
1867
1868
1869
1874
1875
1876
1877
1878
1883
1884
1885
1886
1887
1892
1893
1894
1895
1896
1901
1902
1903
1904
1905
1910
1911
1912
1913
1914
1920
1921
1922
1923
1929
1930
1931
1937
1938
1944
2005
2011
2012
2018
2019
2020
2026
2027
2028
2029
2035
2036
2037
2038
2039
2044
2045
2046
2047
)
)

// processor4

3
(0())

// processor5

3
(0())

// processor6

3
(0())

// processor7

3
(0())
