/*--------------------------------*- C++ -*----------------------------------*\
| =========                 |                                                 |
| \\      /  F ield         | OpenFOAM: The Open Source CFD Toolbox           |
|  \\    /   O peration     | Version:  2306                                  |
|   \\  /    A nd           | Website:  www.openfoam.com                      |
|    \\/     M anipulation  |                                                 |
\*---------------------------------------------------------------------------*/
FoamFile
{
    version     2.0;
    format      binary;
    arch        "LSB;label=32;scalar=64";
    class       decomposedBlockData;
    object      anode;
    data.format     ascii;
    data.class      cellSet;
}
// * * * * * * * * * * * * * * * * * * * * * * * * * * * * * * * * * * * * * //


// processor0

5105
(FoamFile
{
    version     2.0;
    format      ascii;
    arch        "LSB;label=32;scalar=64";
    class       cellSet;
    location    "constant/phiEA/polyMesh/sets";
    object      anode;
}

1000
(
2049
4100
4101
4102
2058
2059
4110
4111
2067
2068
2069
4120
2076
2077
2078
2079
2085
2086
2087
2088
2089
2094
2095
2096
2097
2098
2102
2103
2104
2105
2106
2109
2110
2111
2112
2113
2115
2116
2117
2118
2119
2120
2121
2122
2123
2124
2125
2126
2127
2128
2135
2136
2137
2145
2146
4199
4200
2155
4209
2218
2227
2228
2236
2237
2238
2245
2246
2247
4296
2248
2254
2255
2256
2257
2258
2263
2264
2265
2266
2267
2271
2272
2273
2274
2275
2278
2279
2280
2281
2282
2284
2285
2286
2287
2288
2289
2290
2291
2292
2293
2294
2295
2296
2297
2298
2299
2300
2308
2309
2318
284
2384
2393
2394
349
2402
2403
2404
358
359
2411
2412
2413
2414
2420
2421
2422
2423
2424
2429
2430
2431
2432
2433
2437
2438
2439
2440
2441
2444
2445
2446
2447
2448
2450
2451
2452
2453
2454
2455
2456
2457
2458
2459
2460
2461
2462
2463
2464
2465
2466
2467
2468
424
2477
433
434
442
443
444
2545
2554
2555
509
2563
2564
2565
518
519
2572
2573
2574
2575
527
528
529
2581
2582
2583
2584
536
2585
537
538
539
2590
2591
2592
2593
2594
2598
2599
2600
2601
2602
2605
2606
2607
2608
2609
2611
2612
2613
2614
2615
2616
2617
2618
2619
2620
2621
2622
2623
2624
2625
2626
2627
2628
2629
2630
604
613
614
622
623
624
631
632
633
634
640
641
642
643
644
2699
2708
2709
2717
2718
2719
2726
2727
2728
2729
2735
2736
2737
2738
2739
2744
2745
2746
2747
2748
2752
2753
2754
2755
2756
709
2759
2760
2761
2762
2763
2765
2766
718
2767
719
2768
2769
2770
2771
2772
2773
2774
2775
727
2776
728
2777
729
2778
2779
2780
2781
2782
2783
2784
736
737
738
739
745
746
747
748
749
754
755
756
757
758
2844
2853
2854
2862
2863
2864
2871
2872
824
2873
2874
2880
2881
833
2882
834
2883
2884
2889
2890
842
2891
843
2892
844
2893
2897
2898
2899
851
2900
852
2901
853
854
2904
2905
2906
2907
2908
860
861
2910
862
2911
863
2912
864
2913
2914
2915
2916
2917
869
2918
870
2919
871
2920
872
2921
873
2922
2923
2924
2925
2926
878
2927
879
2928
880
2929
881
882
2988
2989
2997
949
2998
2999
3006
958
3007
959
3008
3009
3015
967
3016
968
3017
969
3018
3019
3024
976
3025
977
3026
978
3027
979
3028
3033
985
3034
986
3035
987
3036
988
3037
989
3040
3041
3042
994
3043
995
3044
996
997
3046
998
3047
3048
3049
3050
3051
1003
3052
1004
3053
1005
3054
1006
3055
1007
3056
3057
3058
3059
3060
1012
3061
1013
3062
1014
3063
1015
3064
1016
3065
3123
3124
3125
3132
1084
3133
3134
3135
3141
1093
3142
1094
3143
3144
3145
3150
1102
3151
1103
3152
1104
3153
3154
3159
1111
3160
1112
3161
1113
3162
1114
3163
3168
1120
3169
1121
3170
1122
3171
1123
3172
1124
3174
3175
3176
3177
1129
3178
1130
3179
1131
3180
1132
3181
1133
3182
3183
3184
3185
3186
1138
3187
1139
3188
1140
3189
1141
3190
1142
3191
3192
3193
1147
1148
1149
1150
1151
1156
1157
1158
1159
1160
3250
3251
3252
3253
3259
3260
3261
3262
3263
3268
3269
3270
3271
3272
3277
1229
3278
3279
3280
3281
3286
1238
3287
1239
3288
3289
3290
3295
1247
3296
1248
3297
1249
3298
3299
3300
3301
3302
3303
3304
1256
3305
1257
3306
1258
3307
1259
3308
3309
3310
3311
3312
3313
1265
3314
1266
1267
1268
1269
1274
1275
1276
1277
1278
1283
1284
1285
1286
1287
1292
1293
1294
1295
1296
1301
1302
1303
1304
1305
1310
1311
1312
1313
1314
3370
3371
3372
3373
3374
3379
3380
3381
3382
3383
3388
3389
3390
3391
3392
3397
3398
3399
3400
3401
3406
3407
3408
3409
3410
3415
3416
3417
3418
3419
3420
3421
3422
3423
3424
3425
3426
3427
3428
3429
1383
1392
1393
1401
1402
1403
1410
1411
1412
1413
1419
1420
1421
1422
1423
1428
1429
1430
1431
1432
3484
1436
3485
1437
3486
1438
3487
1439
3488
1440
3493
1445
3494
1446
3495
1447
3496
1448
3497
1449
3502
1454
3503
1455
3504
1456
3505
1457
3506
1458
3511
1463
3512
1464
3513
1465
3514
1466
3515
1467
3520
3521
1473
3522
1474
3523
1475
3524
1476
3530
3531
3532
3533
3534
3535
3536
3537
3538
3539
1544
3593
3594
3595
3596
3597
1553
3602
1554
3603
3604
3605
3606
1562
3611
1563
3612
1564
3613
3614
3615
1571
3620
1572
3621
1573
3622
1574
3623
3624
1580
1581
3630
1582
3631
1583
3632
1584
3633
1589
1590
1591
3640
1592
3641
1593
3642
3643
3644
3645
1597
1598
1599
1600
1601
1604
1605
1606
1607
1608
1613
1614
1615
1616
1617
1622
1623
1624
1625
1626
1632
1633
1634
1635
1642
1643
1644
3698
3699
3700
3701
3702
3707
3708
3709
3710
3711
3716
3717
3718
3719
3720
3726
3727
3728
3729
3736
3737
3738
3746
3747
3748
1710
1719
1720
1728
1729
1730
1737
1738
1739
1740
1746
1747
1748
1749
1750
3800
3801
3802
3803
1755
3804
1756
1757
1758
1759
3809
3810
3811
1763
3812
1764
3813
1765
1766
1767
1770
3819
1771
3820
1772
3821
1773
3822
1774
1776
1777
1778
1779
1780
3829
3830
3831
1785
1786
1787
1788
1789
3839
3840
1795
1796
1797
1798
3849
1805
1806
1807
1815
1816
3900
3901
3902
3903
3904
3910
3911
3912
3913
3920
3921
3922
1879
3930
3931
1888
1889
3940
1897
1898
1899
1906
1907
1908
1909
1915
1916
1917
1918
1919
1924
1925
1926
1927
1928
1932
1933
1934
1935
1936
1939
1940
1941
1942
1943
1945
1946
1947
1948
1949
1950
1951
4000
1952
4001
1953
4002
1954
4003
1960
1961
4010
1962
4011
1963
4012
1970
1971
4020
1972
4021
1980
1981
4030
1990
)
)

// processor1

4910
(
1000
(
2049
4100
4101
4102
2058
2059
4110
4111
2067
2068
2069
4120
2076
2077
2078
2079
2085
2086
2087
2088
2089
2094
2095
2096
2097
2098
2102
2103
2104
2105
2106
2109
2110
2111
2112
2113
2115
2116
2117
2118
2119
2120
2121
2122
2123
2124
2125
2126
2127
2128
2135
2136
2137
2145
2146
4199
4200
2155
4209
2218
2227
2228
2236
2237
2238
2245
2246
2247
4296
2248
2254
2255
2256
2257
2258
2263
2264
2265
2266
2267
2271
2272
2273
2274
2275
2278
2279
2280
2281
2282
2284
2285
2286
2287
2288
2289
2290
2291
2292
2293
2294
2295
2296
2297
2298
2299
2300
2308
2309
2318
284
2384
2393
2394
349
2402
2403
2404
358
359
2411
2412
2413
2414
2420
2421
2422
2423
2424
2429
2430
2431
2432
2433
2437
2438
2439
2440
2441
2444
2445
2446
2447
2448
2450
2451
2452
2453
2454
2455
2456
2457
2458
2459
2460
2461
2462
2463
2464
2465
2466
2467
2468
424
2477
433
434
442
443
444
2545
2554
2555
509
2563
2564
2565
518
519
2572
2573
2574
2575
527
528
529
2581
2582
2583
2584
536
2585
537
538
539
2590
2591
2592
2593
2594
2598
2599
2600
2601
2602
2605
2606
2607
2608
2609
2611
2612
2613
2614
2615
2616
2617
2618
2619
2620
2621
2622
2623
2624
2625
2626
2627
2628
2629
2630
604
613
614
622
623
624
631
632
633
634
640
641
642
643
644
2699
2708
2709
2717
2718
2719
2726
2727
2728
2729
2735
2736
2737
2738
2739
2744
2745
2746
2747
2748
2752
2753
2754
2755
2756
709
2759
2760
2761
2762
2763
2765
2766
718
2767
719
2768
2769
2770
2771
2772
2773
2774
2775
727
2776
728
2777
729
2778
2779
2780
2781
2782
2783
2784
736
737
738
739
745
746
747
748
749
754
755
756
757
758
2844
2853
2854
2862
2863
2864
2871
2872
824
2873
2874
2880
2881
833
2882
834
2883
2884
2889
2890
842
2891
843
2892
844
2893
2897
2898
2899
851
2900
852
2901
853
854
2904
2905
2906
2907
2908
860
861
2910
862
2911
863
2912
864
2913
2914
2915
2916
2917
869
2918
870
2919
871
2920
872
2921
873
2922
2923
2924
2925
2926
878
2927
879
2928
880
2929
881
882
2988
2989
2997
949
2998
2999
3006
958
3007
959
3008
3009
3015
967
3016
968
3017
969
3018
3019
3024
976
3025
977
3026
978
3027
979
3028
3033
985
3034
986
3035
987
3036
988
3037
989
3040
3041
3042
994
3043
995
3044
996
997
3046
998
3047
3048
3049
3050
3051
1003
3052
1004
3053
1005
3054
1006
3055
1007
3056
3057
3058
3059
3060
1012
3061
1013
3062
1014
3063
1015
3064
1016
3065
3123
3124
3125
3132
1084
3133
3134
3135
3141
1093
3142
1094
3143
3144
3145
3150
1102
3151
1103
3152
1104
3153
3154
3159
1111
3160
1112
3161
1113
3162
1114
3163
3168
1120
3169
1121
3170
1122
3171
1123
3172
1124
3174
3175
3176
3177
1129
3178
1130
3179
1131
3180
1132
3181
1133
3182
3183
3184
3185
3186
1138
3187
1139
3188
1140
3189
1141
3190
1142
3191
3192
3193
1147
1148
1149
1150
1151
1156
1157
1158
1159
1160
3250
3251
3252
3253
3259
3260
3261
3262
3263
3268
3269
3270
3271
3272
3277
1229
3278
3279
3280
3281
3286
1238
3287
1239
3288
3289
3290
3295
1247
3296
1248
3297
1249
3298
3299
3300
3301
3302
3303
3304
1256
3305
1257
3306
1258
3307
1259
3308
3309
3310
3311
3312
3313
1265
3314
1266
1267
1268
1269
1274
1275
1276
1277
1278
1283
1284
1285
1286
1287
1292
1293
1294
1295
1296
1301
1302
1303
1304
1305
1310
1311
1312
1313
1314
3370
3371
3372
3373
3374
3379
3380
3381
3382
3383
3388
3389
3390
3391
3392
3397
3398
3399
3400
3401
3406
3407
3408
3409
3410
3415
3416
3417
3418
3419
3420
3421
3422
3423
3424
3425
3426
3427
3428
3429
1383
1392
1393
1401
1402
1403
1410
1411
1412
1413
1419
1420
1421
1422
1423
1428
1429
1430
1431
1432
3484
1436
3485
1437
3486
1438
3487
1439
3488
1440
3493
1445
3494
1446
3495
1447
3496
1448
3497
1449
3502
1454
3503
1455
3504
1456
3505
1457
3506
1458
3511
1463
3512
1464
3513
1465
3514
1466
3515
1467
3520
3521
1473
3522
1474
3523
1475
3524
1476
3530
3531
3532
3533
3534
3535
3536
3537
3538
3539
1544
3593
3594
3595
3596
3597
1553
3602
1554
3603
3604
3605
3606
1562
3611
1563
3612
1564
3613
3614
3615
1571
3620
1572
3621
1573
3622
1574
3623
3624
1580
1581
3630
1582
3631
1583
3632
1584
3633
1589
1590
1591
3640
1592
3641
1593
3642
3643
3644
3645
1597
1598
1599
1600
1601
1604
1605
1606
1607
1608
1613
1614
1615
1616
1617
1622
1623
1624
1625
1626
1632
1633
1634
1635
1642
1643
1644
3698
3699
3700
3701
3702
3707
3708
3709
3710
3711
3716
3717
3718
3719
3720
3726
3727
3728
3729
3736
3737
3738
3746
3747
3748
1710
1719
1720
1728
1729
1730
1737
1738
1739
1740
1746
1747
1748
1749
1750
3800
3801
3802
3803
1755
3804
1756
1757
1758
1759
3809
3810
3811
1763
3812
1764
3813
1765
1766
1767
1770
3819
1771
3820
1772
3821
1773
3822
1774
1776
1777
1778
1779
1780
3829
3830
3831
1785
1786
1787
1788
1789
3839
3840
1795
1796
1797
1798
3849
1805
1806
1807
1815
1816
3900
3901
3902
3903
3904
3910
3911
3912
3913
3920
3921
3922
1879
3930
3931
1888
1889
3940
1897
1898
1899
1906
1907
1908
1909
1915
1916
1917
1918
1919
1924
1925
1926
1927
1928
1932
1933
1934
1935
1936
1939
1940
1941
1942
1943
1945
1946
1947
1948
1949
1950
1951
4000
1952
4001
1953
4002
1954
4003
1960
1961
4010
1962
4011
1963
4012
1970
1971
4020
1972
4021
1980
1981
4030
1990
)
)

// processor2

4910
(
1000
(
2049
4100
4101
4102
2058
2059
4110
4111
2067
2068
2069
4120
2076
2077
2078
2079
2085
2086
2087
2088
2089
2094
2095
2096
2097
2098
2102
2103
2104
2105
2106
2109
2110
2111
2112
2113
2115
2116
2117
2118
2119
2120
2121
2122
2123
2124
2125
2126
2127
2128
2135
2136
2137
2145
2146
4199
4200
2155
4209
2218
2227
2228
2236
2237
2238
2245
2246
2247
4296
2248
2254
2255
2256
2257
2258
2263
2264
2265
2266
2267
2271
2272
2273
2274
2275
2278
2279
2280
2281
2282
2284
2285
2286
2287
2288
2289
2290
2291
2292
2293
2294
2295
2296
2297
2298
2299
2300
2308
2309
2318
284
2384
2393
2394
349
2402
2403
2404
358
359
2411
2412
2413
2414
2420
2421
2422
2423
2424
2429
2430
2431
2432
2433
2437
2438
2439
2440
2441
2444
2445
2446
2447
2448
2450
2451
2452
2453
2454
2455
2456
2457
2458
2459
2460
2461
2462
2463
2464
2465
2466
2467
2468
424
2477
433
434
442
443
444
2545
2554
2555
509
2563
2564
2565
518
519
2572
2573
2574
2575
527
528
529
2581
2582
2583
2584
536
2585
537
538
539
2590
2591
2592
2593
2594
2598
2599
2600
2601
2602
2605
2606
2607
2608
2609
2611
2612
2613
2614
2615
2616
2617
2618
2619
2620
2621
2622
2623
2624
2625
2626
2627
2628
2629
2630
604
613
614
622
623
624
631
632
633
634
640
641
642
643
644
2699
2708
2709
2717
2718
2719
2726
2727
2728
2729
2735
2736
2737
2738
2739
2744
2745
2746
2747
2748
2752
2753
2754
2755
2756
709
2759
2760
2761
2762
2763
2765
2766
718
2767
719
2768
2769
2770
2771
2772
2773
2774
2775
727
2776
728
2777
729
2778
2779
2780
2781
2782
2783
2784
736
737
738
739
745
746
747
748
749
754
755
756
757
758
2844
2853
2854
2862
2863
2864
2871
2872
824
2873
2874
2880
2881
833
2882
834
2883
2884
2889
2890
842
2891
843
2892
844
2893
2897
2898
2899
851
2900
852
2901
853
854
2904
2905
2906
2907
2908
860
861
2910
862
2911
863
2912
864
2913
2914
2915
2916
2917
869
2918
870
2919
871
2920
872
2921
873
2922
2923
2924
2925
2926
878
2927
879
2928
880
2929
881
882
2988
2989
2997
949
2998
2999
3006
958
3007
959
3008
3009
3015
967
3016
968
3017
969
3018
3019
3024
976
3025
977
3026
978
3027
979
3028
3033
985
3034
986
3035
987
3036
988
3037
989
3040
3041
3042
994
3043
995
3044
996
997
3046
998
3047
3048
3049
3050
3051
1003
3052
1004
3053
1005
3054
1006
3055
1007
3056
3057
3058
3059
3060
1012
3061
1013
3062
1014
3063
1015
3064
1016
3065
3123
3124
3125
3132
1084
3133
3134
3135
3141
1093
3142
1094
3143
3144
3145
3150
1102
3151
1103
3152
1104
3153
3154
3159
1111
3160
1112
3161
1113
3162
1114
3163
3168
1120
3169
1121
3170
1122
3171
1123
3172
1124
3174
3175
3176
3177
1129
3178
1130
3179
1131
3180
1132
3181
1133
3182
3183
3184
3185
3186
1138
3187
1139
3188
1140
3189
1141
3190
1142
3191
3192
3193
1147
1148
1149
1150
1151
1156
1157
1158
1159
1160
3250
3251
3252
3253
3259
3260
3261
3262
3263
3268
3269
3270
3271
3272
3277
1229
3278
3279
3280
3281
3286
1238
3287
1239
3288
3289
3290
3295
1247
3296
1248
3297
1249
3298
3299
3300
3301
3302
3303
3304
1256
3305
1257
3306
1258
3307
1259
3308
3309
3310
3311
3312
3313
1265
3314
1266
1267
1268
1269
1274
1275
1276
1277
1278
1283
1284
1285
1286
1287
1292
1293
1294
1295
1296
1301
1302
1303
1304
1305
1310
1311
1312
1313
1314
3370
3371
3372
3373
3374
3379
3380
3381
3382
3383
3388
3389
3390
3391
3392
3397
3398
3399
3400
3401
3406
3407
3408
3409
3410
3415
3416
3417
3418
3419
3420
3421
3422
3423
3424
3425
3426
3427
3428
3429
1383
1392
1393
1401
1402
1403
1410
1411
1412
1413
1419
1420
1421
1422
1423
1428
1429
1430
1431
1432
3484
1436
3485
1437
3486
1438
3487
1439
3488
1440
3493
1445
3494
1446
3495
1447
3496
1448
3497
1449
3502
1454
3503
1455
3504
1456
3505
1457
3506
1458
3511
1463
3512
1464
3513
1465
3514
1466
3515
1467
3520
3521
1473
3522
1474
3523
1475
3524
1476
3530
3531
3532
3533
3534
3535
3536
3537
3538
3539
1544
3593
3594
3595
3596
3597
1553
3602
1554
3603
3604
3605
3606
1562
3611
1563
3612
1564
3613
3614
3615
1571
3620
1572
3621
1573
3622
1574
3623
3624
1580
1581
3630
1582
3631
1583
3632
1584
3633
1589
1590
1591
3640
1592
3641
1593
3642
3643
3644
3645
1597
1598
1599
1600
1601
1604
1605
1606
1607
1608
1613
1614
1615
1616
1617
1622
1623
1624
1625
1626
1632
1633
1634
1635
1642
1643
1644
3698
3699
3700
3701
3702
3707
3708
3709
3710
3711
3716
3717
3718
3719
3720
3726
3727
3728
3729
3736
3737
3738
3746
3747
3748
1710
1719
1720
1728
1729
1730
1737
1738
1739
1740
1746
1747
1748
1749
1750
3800
3801
3802
3803
1755
3804
1756
1757
1758
1759
3809
3810
3811
1763
3812
1764
3813
1765
1766
1767
1770
3819
1771
3820
1772
3821
1773
3822
1774
1776
1777
1778
1779
1780
3829
3830
3831
1785
1786
1787
1788
1789
3839
3840
1795
1796
1797
1798
3849
1805
1806
1807
1815
1816
3900
3901
3902
3903
3904
3910
3911
3912
3913
3920
3921
3922
1879
3930
3931
1888
1889
3940
1897
1898
1899
1906
1907
1908
1909
1915
1916
1917
1918
1919
1924
1925
1926
1927
1928
1932
1933
1934
1935
1936
1939
1940
1941
1942
1943
1945
1946
1947
1948
1949
1950
1951
4000
1952
4001
1953
4002
1954
4003
1960
1961
4010
1962
4011
1963
4012
1970
1971
4020
1972
4021
1980
1981
4030
1990
)
)

// processor3

4910
(
1000
(
2049
4100
4101
4102
2058
2059
4110
4111
2067
2068
2069
4120
2076
2077
2078
2079
2085
2086
2087
2088
2089
2094
2095
2096
2097
2098
2102
2103
2104
2105
2106
2109
2110
2111
2112
2113
2115
2116
2117
2118
2119
2120
2121
2122
2123
2124
2125
2126
2127
2128
2135
2136
2137
2145
2146
4199
4200
2155
4209
2218
2227
2228
2236
2237
2238
2245
2246
2247
4296
2248
2254
2255
2256
2257
2258
2263
2264
2265
2266
2267
2271
2272
2273
2274
2275
2278
2279
2280
2281
2282
2284
2285
2286
2287
2288
2289
2290
2291
2292
2293
2294
2295
2296
2297
2298
2299
2300
2308
2309
2318
284
2384
2393
2394
349
2402
2403
2404
358
359
2411
2412
2413
2414
2420
2421
2422
2423
2424
2429
2430
2431
2432
2433
2437
2438
2439
2440
2441
2444
2445
2446
2447
2448
2450
2451
2452
2453
2454
2455
2456
2457
2458
2459
2460
2461
2462
2463
2464
2465
2466
2467
2468
424
2477
433
434
442
443
444
2545
2554
2555
509
2563
2564
2565
518
519
2572
2573
2574
2575
527
528
529
2581
2582
2583
2584
536
2585
537
538
539
2590
2591
2592
2593
2594
2598
2599
2600
2601
2602
2605
2606
2607
2608
2609
2611
2612
2613
2614
2615
2616
2617
2618
2619
2620
2621
2622
2623
2624
2625
2626
2627
2628
2629
2630
604
613
614
622
623
624
631
632
633
634
640
641
642
643
644
2699
2708
2709
2717
2718
2719
2726
2727
2728
2729
2735
2736
2737
2738
2739
2744
2745
2746
2747
2748
2752
2753
2754
2755
2756
709
2759
2760
2761
2762
2763
2765
2766
718
2767
719
2768
2769
2770
2771
2772
2773
2774
2775
727
2776
728
2777
729
2778
2779
2780
2781
2782
2783
2784
736
737
738
739
745
746
747
748
749
754
755
756
757
758
2844
2853
2854
2862
2863
2864
2871
2872
824
2873
2874
2880
2881
833
2882
834
2883
2884
2889
2890
842
2891
843
2892
844
2893
2897
2898
2899
851
2900
852
2901
853
854
2904
2905
2906
2907
2908
860
861
2910
862
2911
863
2912
864
2913
2914
2915
2916
2917
869
2918
870
2919
871
2920
872
2921
873
2922
2923
2924
2925
2926
878
2927
879
2928
880
2929
881
882
2988
2989
2997
949
2998
2999
3006
958
3007
959
3008
3009
3015
967
3016
968
3017
969
3018
3019
3024
976
3025
977
3026
978
3027
979
3028
3033
985
3034
986
3035
987
3036
988
3037
989
3040
3041
3042
994
3043
995
3044
996
997
3046
998
3047
3048
3049
3050
3051
1003
3052
1004
3053
1005
3054
1006
3055
1007
3056
3057
3058
3059
3060
1012
3061
1013
3062
1014
3063
1015
3064
1016
3065
3123
3124
3125
3132
1084
3133
3134
3135
3141
1093
3142
1094
3143
3144
3145
3150
1102
3151
1103
3152
1104
3153
3154
3159
1111
3160
1112
3161
1113
3162
1114
3163
3168
1120
3169
1121
3170
1122
3171
1123
3172
1124
3174
3175
3176
3177
1129
3178
1130
3179
1131
3180
1132
3181
1133
3182
3183
3184
3185
3186
1138
3187
1139
3188
1140
3189
1141
3190
1142
3191
3192
3193
1147
1148
1149
1150
1151
1156
1157
1158
1159
1160
3250
3251
3252
3253
3259
3260
3261
3262
3263
3268
3269
3270
3271
3272
3277
1229
3278
3279
3280
3281
3286
1238
3287
1239
3288
3289
3290
3295
1247
3296
1248
3297
1249
3298
3299
3300
3301
3302
3303
3304
1256
3305
1257
3306
1258
3307
1259
3308
3309
3310
3311
3312
3313
1265
3314
1266
1267
1268
1269
1274
1275
1276
1277
1278
1283
1284
1285
1286
1287
1292
1293
1294
1295
1296
1301
1302
1303
1304
1305
1310
1311
1312
1313
1314
3370
3371
3372
3373
3374
3379
3380
3381
3382
3383
3388
3389
3390
3391
3392
3397
3398
3399
3400
3401
3406
3407
3408
3409
3410
3415
3416
3417
3418
3419
3420
3421
3422
3423
3424
3425
3426
3427
3428
3429
1383
1392
1393
1401
1402
1403
1410
1411
1412
1413
1419
1420
1421
1422
1423
1428
1429
1430
1431
1432
3484
1436
3485
1437
3486
1438
3487
1439
3488
1440
3493
1445
3494
1446
3495
1447
3496
1448
3497
1449
3502
1454
3503
1455
3504
1456
3505
1457
3506
1458
3511
1463
3512
1464
3513
1465
3514
1466
3515
1467
3520
3521
1473
3522
1474
3523
1475
3524
1476
3530
3531
3532
3533
3534
3535
3536
3537
3538
3539
1544
3593
3594
3595
3596
3597
1553
3602
1554
3603
3604
3605
3606
1562
3611
1563
3612
1564
3613
3614
3615
1571
3620
1572
3621
1573
3622
1574
3623
3624
1580
1581
3630
1582
3631
1583
3632
1584
3633
1589
1590
1591
3640
1592
3641
1593
3642
3643
3644
3645
1597
1598
1599
1600
1601
1604
1605
1606
1607
1608
1613
1614
1615
1616
1617
1622
1623
1624
1625
1626
1632
1633
1634
1635
1642
1643
1644
3698
3699
3700
3701
3702
3707
3708
3709
3710
3711
3716
3717
3718
3719
3720
3726
3727
3728
3729
3736
3737
3738
3746
3747
3748
1710
1719
1720
1728
1729
1730
1737
1738
1739
1740
1746
1747
1748
1749
1750
3800
3801
3802
3803
1755
3804
1756
1757
1758
1759
3809
3810
3811
1763
3812
1764
3813
1765
1766
1767
1770
3819
1771
3820
1772
3821
1773
3822
1774
1776
1777
1778
1779
1780
3829
3830
3831
1785
1786
1787
1788
1789
3839
3840
1795
1796
1797
1798
3849
1805
1806
1807
1815
1816
3900
3901
3902
3903
3904
3910
3911
3912
3913
3920
3921
3922
1879
3930
3931
1888
1889
3940
1897
1898
1899
1906
1907
1908
1909
1915
1916
1917
1918
1919
1924
1925
1926
1927
1928
1932
1933
1934
1935
1936
1939
1940
1941
1942
1943
1945
1946
1947
1948
1949
1950
1951
4000
1952
4001
1953
4002
1954
4003
1960
1961
4010
1962
4011
1963
4012
1970
1971
4020
1972
4021
1980
1981
4030
1990
)
)

// processor4

3
(0())

// processor5

3
(0())

// processor6

3
(0())

// processor7

3
(0())
