/*--------------------------------*- C++ -*----------------------------------*\
| =========                 |                                                 |
| \\      /  F ield         | OpenFOAM: The Open Source CFD Toolbox           |
|  \\    /   O peration     | Version:  2306                                  |
|   \\  /    A nd           | Website:  www.openfoam.com                      |
|    \\/     M anipulation  |                                                 |
\*---------------------------------------------------------------------------*/
FoamFile
{
    version     2.0;
    format      binary;
    arch        "LSB;label=32;scalar=64";
    class       decomposedBlockData;
    object      J;
    data.format     ascii;
    data.class      volScalarField;
}
// * * * * * * * * * * * * * * * * * * * * * * * * * * * * * * * * * * * * * //


// processor0

21562
(FoamFile
{
    version     2.0;
    format      ascii;
    arch        "LSB;label=32;scalar=64";
    class       volScalarField;
    location    "1.5/phiEC";
    object      J;
}
dimensions      [0 -3 0 0 0 1 0];

internalField   nonuniform List<scalar> 
5000
(
0
0
0
0
0
0
0
0
0
0
0
0
0
0
0
0
0
0
0
0
0
0
0
0
0
0
0
0
0
0
0
0
0
0
0
0
0
0
0
0
0
0
0
0
0
0
0
0
0
0
0
0
0
0
0
0
0
0
0
0
0
0
0
0
0
0
0
0
0
0
0
0
0
0
0
0
0
0
0
0
0
0
0
0
0
0
0
0
0
0
0
0
0
0
0
0
0
0
0
0
0
0
0
0
0
0
0
0
0
0
0
0
0
0
0
0
0
0
0
0
0
0
0
0
0
0
0
0
0
0
0
0
0
0
0
0
0
0
0
0
0
0
0
0
0
0
0
0
0
0
0
0
0
0
0
0
0
0
0
0
0
0
0
0
0
0
0
0
0
0
0
0
0
0
0
0
0
0
0
0
0
0
0
0
0
0
0
0
0
0
0
0
0
0
0
0
0
0
0
0
0
0
0
0
0
0
0
0
0
0
0
0
0
0
0
0
0
0
0
0
0
0
0
0
0
0
0
0
0
0
0
0
0
0
0
0
0
0
0
0
0
0
0
0
0
0
0
0
0
0
0
0
0
0
0
0
0
0
0
0
0
0
0
0
0
0
0
0
0
0
0
0
0
0
0
0
0
0
0
0
0
0
0
0
0
0
0
0
0
0
0
0
0
0
0
0
0
0
0
0
0
0
0
0
0
0
0
0
0
0
0
0
0
0
0
0
0
0
0
0
0
0
0
0
0
0
0
0
0
0
0
0
0
0
0
0
0
0
0
0
0
0
0
0
0
0
0
0
0
0
0
0
0
0
0
0
0
0
0
0
0
0
0
0
0
0
0
0
0
0
0
0
0
0
0
0
0
0
0
0
0
0
0
0
0
0
0
0
0
0
0
0
0
0
0
0
0
0
0
0
0
0
0
0
0
0
0
0
0
0
0
0
0
0
0
0
0
0
0
0
0
0
0
0
0
0
0
0
0
0
0
0
0
0
0
0
0
0
0
0
0
0
0
0
0
0
0
0
0
0
0
0
0
0
0
0
0
0
0
0
0
0
0
0
0
0
0
0
0
0
0
0
0
0
0
0
0
0
0
0
0
0
0
0
0
0
0
0
0
0
0
0
0
0
0
0
0
0
0
0
0
0
0
0
0
0
0
0
0
0
0
0
0
0
0
0
0
0
0
0
0
0
0
0
0
0
0
0
0
0
0
0
0
0
0
0
0
0
0
0
0
0
0
0
0
0
0
0
0
0
0
0
0
0
0
0
0
0
0
0
0
0
0
0
0
0
0
0
0
0
0
0
0
0
0
0
0
0
0
0
0
0
0
0
0
0
0
0
0
0
0
0
0
0
0
0
0
0
0
0
0
0
0
0
0
0
0
0
0
0
0
0
0
0
0
0
0
0
0
0
0
0
0
0
0
0
0
0
0
0
0
0
0
0
0
0
0
0
0
0
0
0
0
0
0
0
0
0
0
0
0
0
0
0
0
0
0
0
0
0
0
0
0
0
0
0
0
0
0
0
0
0
0
0
0
0
0
0
0
0
0
0
0
0
0
0
0
0
0
0
0
0
0
0
0
0
0
0
0
0
0
0
0
0
0
0
0
0
0
0
0
0
0
0
0
0
0
0
0
0
0
0
0
0
0
0
0
0
0
0
0
0
0
0
0
0
0
0
0
0
0
0
0
0
0
0
0
0
0
0
0
0
0
0
0
0
0
0
0
0
0
0
0
0
0
0
0
0
0
0
0
0
0
0
0
0
0
0
0
0
0
0
0
0
0
0
0
0
0
0
0
0
0
0
0
0
0
0
0
0
0
0
0
0
0
0
0
0
0
0
0
0
0
0
0
0
0
0
0
0
0
0
0
0
0
0
0
0
0
0
0
0
0
0
0
0
0
0
0
0
0
0
0
0
0
0
0
0
0
0
0
0
0
0
0
0
0
0
0
0
0
0
0
0
0
0
0
0
0
0
0
0
0
0
0
0
0
0
0
0
0
0
0
0
0
0
0
0
0
0
0
0
0
0
0
0
0
0
0
0
0
0
0
0
0
0
0
0
0
0
0
0
0
0
0
0
0
0
0
0
0
0
0
0
0
0
0
0
0
0
0
0
0
0
0
0
0
0
0
0
0
0
0
0
0
0
0
0
0
0
0
0
0
0
0
0
0
0
0
0
0
0
0
0
0
0
0
0
0
0
0
0
0
0
0
0
0
0
0
0
0
0
0
0
0
0
0
0
0
0
0
0
0
0
0
0
0
0
0
0
0
0
0
0
0
0
0
0
0
0
0
0
0
0
0
0
0
0
0
0
0
0
0
0
0
0
0
0
0
0
0
0
0
0
0
0
0
0
0
0
0
0
0
0
0
0
0
0
0
0
0
0
0
0
0
0
0
0
0
0
0
0
0
0
0
0
0
0
0
0
0
0
0
0
0
0
0
0
0
0
0
0
0
0
0
0
0
0
0
0
0
0
0
0
0
0
0
0
0
0
0
0
0
0
0
0
0
0
0
0
0
0
0
0
0
0
0
0
0
0
0
0
0
0
0
0
0
0
0
0
0
0
0
0
0
0
0
0
0
0
0
0
0
0
0
0
0
0
0
0
0
0
0
0
0
0
0
0
0
0
0
0
0
0
0
0
0
0
0
0
0
0
0
0
0
0
0
0
0
0
0
0
0
0
0
0
0
0
0
0
0
0
0
0
0
0
0
0
0
0
0
0
0
0
0
0
0
0
0
0
0
0
0
0
0
0
0
0
0
0
0
0
0
0
0
0
0
0
0
0
0
0
0
0
0
0
0
0
0
0
0
0
0
0
0
0
0
0
0
0
0
0
0
0
0
0
0
0
0
0
0
0
0
0
0
0
0
0
0
0
0
0
0
0
0
0
0
0
0
0
0
0
0
0
0
0
0
0
0
0
0
0
0
0
0
0
0
0
0
0
0
0
0
0
0
0
0
0
0
0
0
0
0
0
0
0
0
0
0
0
0
0
0
0
0
0
0
0
0
0
0
0
0
0
0
0
0
0
0
0
0
0
0
0
0
0
0
0
0
0
0
0
0
0
0
0
0
0
0
0
0
0
0
0
0
0
0
0
0
0
0
0
0
0
0
0
0
0
0
0
0
0
0
0
0
0
0
0
0
0
0
0
0
0
0
0
0
0
0
0
0
0
0
0
0
0
0
0
0
0
0
0
0
0
0
0
0
0
0
0
0
0
0
0
0
0
0
0
0
0
0
0
0
0
0
0
0
0
0
0
0
0
0
0
0
0
0
0
0
0
0
0
0
0
0
0
0
0
0
0
0
0
0
0
0
0
0
0
0
0
0
0
0
0
0
0
0
0
0
0
0
0
0
0
0
0
0
0
0
0
0
0
0
0
0
0
0
0
0
0
0
0
0
0
0
0
0
0
0
0
0
0
0
0
0
0
0
0
0
0
0
0
0
0
0
0
0
0
0
0
0
0
0
0
0
0
0
0
0
0
0
0
0
0
0
0
0
0
0
0
0
0
0
0
0
0
0
0
0
0
0
0
0
0
0
0
0
0
0
0
0
0
0
0
0
0
0
0
0
0
0
0
0
0
0
0
0
0
0
0
0
0
0
0
0
0
0
0
0
0
0
0
0
0
0
0
0
0
0
0
0
0
0
0
0
0
0
0
0
0
0
0
0
0
0
0
0
0
0
0
0
0
0
0
0
0
0
0
0
0
0
0
0
0
0
0
0
0
0
0
0
0
0
0
0
0
0
0
0
0
0
0
0
0
0
0
0
0
0
0
0
0
0
0
0
0
0
0
0
0
0
0
0
0
0
0
0
0
0
0
0
0
0
0
0
0
0
0
0
0
0
0
0
0
0
0
0
0
0
0
0
0
0
0
0
0
0
0
0
0
0
0
0
0
0
0
0
0
0
0
0
0
0
0
0
0
0
0
0
0
0
0
0
0
0
0
0
0
0
0
0
0
0
0
0
1.703064e+08
0
0
0
0
0
0
0
0
0
0
0
0
0
0
0
0
0
0
0
0
0
0
0
0
0
0
0
0
0
0
0
0
0
0
0
0
0
0
0
0
0
0
0
0
0
0
0
0
0
0
0
0
0
0
0
0
0
0
0
0
0
0
0
0
0
0
0
0
0
0
0
0
0
0
0
0
0
0
0
0
0
0
0
0
0
0
0
0
0
0
0
0
0
0
0
0
0
0
0
0
0
0
0
0
0
0
0
0
0
0
0
0
0
0
0
0
0
1.690791e+08
0
0
0
0
0
0
0
0
1.702394e+08
1.889654e+08
0
0
0
0
0
0
0
0
0
0
0
0
0
0
0
0
0
0
0
0
0
0
0
0
0
0
0
0
0
0
0
0
0
0
0
0
0
0
0
0
0
0
0
0
0
0
0
0
0
0
0
0
0
0
0
0
0
0
0
0
0
0
0
0
0
0
0
0
0
0
0
0
0
0
0
0
0
0
0
0
0
0
0
0
0
0
0
0
0
0
0
0
0
0
0
0
0
0
0
0
0
0
0
0
0
0
0
0
0
0
0
0
0
0
0
1.664697e+08
0
0
0
0
0
0
0
0
1.689696e+08
1.876397e+08
0
0
0
0
0
0
0
1.703949e+08
1.888751e+08
2.401327e+08
0
0
0
0
0
0
0
0
0
0
0
0
0
0
0
0
0
0
0
0
0
0
0
0
0
0
0
0
0
0
0
0
0
0
0
0
0
0
0
0
0
0
0
0
0
0
0
0
0
0
0
0
0
0
0
0
0
0
0
0
0
0
0
0
0
0
0
0
0
0
0
0
0
0
0
0
0
0
0
0
0
0
0
0
0
0
0
0
0
0
0
0
0
0
0
0
0
0
0
0
0
0
0
0
0
0
0
0
0
0
0
0
0
0
1.623979e+08
0
0
0
0
0
0
0
0
1.662229e+08
1.848236e+08
0
0
0
0
0
0
0
1.690054e+08
1.874953e+08
2.385555e+08
0
0
0
0
0
0
1.705927e+08
1.890149e+08
2.39936e+08
3.627086e+08
0
0
0
0
0
0
0
0
0
0
0
0
0
0
0
0
0
0
0
0
0
0
0
0
0
0
0
0
0
0
0
0
0
0
0
0
0
0
0
0
0
0
0
0
0
0
0
0
0
0
0
0
0
0
0
0
0
0
0
0
0
0
0
0
0
0
0
0
0
0
0
0
0
0
0
0
0
0
0
0
0
0
0
0
0
0
0
0
0
0
0
0
0
0
0
0
0
0
0
0
0
0
0
0
0
0
0
0
0
0
0
0
0
0
1.569486e+08
0
0
0
0
0
0
0
0
1.617574e+08
1.804164e+08
0
0
0
0
0
0
0
1.660884e+08
1.845185e+08
2.351901e+08
0
0
0
0
0
0
1.691673e+08
1.875131e+08
2.382734e+08
3.606036e+08
0
0
0
0
0
1.708169e+08
1.892037e+08
2.399995e+08
3.621608e+08
7.145605e+08
0
0
0
0
0
0
0
0
0
0
0
0
0
0
0
0
0
0
0
0
0
0
0
0
0
0
0
0
0
0
0
0
0
0
0
0
0
0
0
0
0
0
0
0
0
0
0
0
0
0
0
0
0
0
0
0
0
0
0
0
0
0
0
0
0
0
0
0
0
0
0
0
0
0
0
0
0
0
0
0
0
0
0
0
0
0
0
0
0
0
0
0
0
0
0
0
0
0
0
0
0
0
0
0
0
0
0
0
0
0
0
0
0
1.508031e+08
0
0
0
0
0
0
0
0
1.556488e+08
1.744976e+08
0
0
0
0
0
0
0
1.614457e+08
1.79683e+08
2.298837e+08
0
0
0
0
0
0
1.661699e+08
1.843574e+08
2.346958e+08
3.56065e+08
0
0
0
0
0
1.693706e+08
1.87664e+08
2.382042e+08
3.59895e+08
7.11358e+08
0
0
0
0
1.710331e+08
1.894233e+08
2.401362e+08
3.619415e+08
7.12506e+08
0
0
0
0
0
0
0
0
0
0
0
0
0
0
0
0
0
0
0
0
0
0
0
0
0
0
0
0
0
0
0
0
0
0
0
0
0
0
0
0
0
0
0
0
0
0
0
0
0
0
0
0
0
0
0
0
0
0
0
0
0
0
0
0
0
0
0
0
0
0
0
0
0
0
0
0
0
0
0
0
0
0
0
0
0
0
0
0
0
0
0
0
0
0
0
0
0
0
0
0
0
0
0
0
0
0
0
0
0
0
0
1.45403e+08
0
0
0
0
0
0
0
0
1.48618e+08
1.677975e+08
0
0
0
0
0
0
0
1.550355e+08
1.730567e+08
2.22693e+08
0
0
0
0
0
0
1.613851e+08
1.793277e+08
2.288705e+08
3.488e+08
0
0
0
0
0
1.663274e+08
1.84423e+08
2.344196e+08
3.550298e+08
7.043207e+08
0
0
0
0
1.695722e+08
1.878614e+08
2.38297e+08
3.595271e+08
7.089421e+08
0
0
0
1.7122e+08
1.896365e+08
2.403216e+08
3.618606e+08
7.109092e+08
0
0
0
0
0
0
0
0
0
0
0
0
0
0
0
0
0
0
0
0
0
0
0
0
0
0
0
0
0
0
0
0
0
0
0
0
0
0
0
0
0
0
0
0
0
0
0
0
0
0
0
0
0
0
0
0
0
0
0
0
0
0
0
0
0
0
0
0
0
0
0
0
0
0
0
0
0
0
0
0
0
0
0
0
0
0
0
0
0
0
0
0
0
0
0
0
0
0
0
0
0
0
0
0
0
0
0
0
1.413227e+08
0
0
0
0
0
0
0
0
1.42347e+08
1.618808e+08
0
0
0
0
0
0
0
1.47613e+08
1.654139e+08
2.144655e+08
0
0
0
0
0
0
1.548047e+08
1.723766e+08
2.208395e+08
3.387707e+08
0
0
0
0
0
1.614661e+08
1.792434e+08
2.283594e+08
3.470568e+08
6.926456e+08
0
0
0
0
1.664978e+08
1.84572e+08
2.344137e+08
3.544018e+08
7.012813e+08
0
0
0
1.69751e+08
1.880592e+08
2.384569e+08
3.593913e+08
7.072188e+08
0
0
1.7138e+08
1.898216e+08
2.405087e+08
3.618807e+08
7.096842e+08
0
0
0
0
0
0
0
0
0
0
0
0
0
0
0
0
0
0
0
0
0
0
0
0
0
0
0
0
0
0
0
0
0
0
0
0
0
0
0
0
0
0
0
0
0
0
0
0
0
0
0
0
0
0
0
0
0
0
0
0
0
0
0
0
0
0
0
0
0
0
0
0
0
0
0
0
0
0
0
0
0
0
0
0
0
0
0
0
0
0
0
0
0
0
0
0
0
0
0
0
0
0
0
0
1.386902e+08
0
0
0
0
0
0
0
0
1.376328e+08
1.573968e+08
0
0
0
0
0
0
0
1.409521e+08
1.585717e+08
2.071087e+08
0
0
0
0
0
0
1.471695e+08
1.643144e+08
2.115082e+08
3.270383e+08
0
0
0
0
0
1.547745e+08
1.721099e+08
2.199428e+08
3.359212e+08
6.75811e+08
0
0
0
0
1.615863e+08
1.793111e+08
2.281803e+08
3.461124e+08
6.885317e+08
0
0
0
1.666593e+08
1.847367e+08
2.345178e+08
3.54143e+08
6.992486e+08
0
0
1.699031e+08
1.882357e+08
2.386263e+08
3.5938e+08
7.059281e+08
0
1.715268e+08
1.899795e+08
2.406729e+08
3.619306e+08
7.087585e+08
0
0
0
0
0
0
0
0
0
0
0
0
0
0
0
0
0
0
0
0
0
0
0
0
0
0
0
0
0
0
0
0
0
0
0
0
0
0
0
0
0
0
0
0
0
0
0
0
0
0
0
0
0
0
0
0
0
0
0
0
0
0
0
0
0
0
0
0
0
0
0
0
0
0
0
0
0
0
0
0
0
0
0
0
0
0
0
0
0
0
0
0
0
0
0
0
0
0
0
1.374158e+08
0
0
0
0
0
0
0
0
1.345839e+08
1.544946e+08
0
0
0
0
0
0
0
1.359223e+08
1.534083e+08
2.014809e+08
0
0
0
0
0
0
1.402922e+08
1.570551e+08
2.030709e+08
3.1628e+08
0
0
0
0
0
1.470065e+08
1.638203e+08
2.101175e+08
3.227753e+08
6.550961e+08
0
0
0
0
1.548119e+08
1.720598e+08
2.195496e+08
3.344724e+08
6.701585e+08
0
0
0
1.617206e+08
1.794224e+08
2.281905e+08
3.456381e+08
6.860365e+08
0
0
1.667944e+08
1.848949e+08
2.34649e+08
3.540626e+08
6.978113e+08
0
1.700459e+08
1.883854e+08
2.387808e+08
3.594082e+08
7.049659e+08
1.716371e+08
1.90125e+08
2.408109e+08
3.619818e+08
7.079923e+08
0
0
0
0
0
0
0
0
0
0
0
0
0
0
0
0
0
0
0
0
0
0
0
0
0
0
0
0
0
0
0
0
0
0
0
0
0
0
0
0
0
0
0
0
0
0
0
0
0
0
0
0
0
0
0
0
0
0
0
0
0
0
0
0
0
0
0
0
0
0
0
0
0
0
0
0
0
0
0
0
0
0
0
0
0
0
0
0
0
0
0
0
0
1.374158e+08
0
0
0
0
0
0
0
0
1.33104e+08
1.530864e+08
0
0
0
0
0
0
0
1.32664e+08
1.500592e+08
1.978076e+08
0
0
0
0
0
0
1.350831e+08
1.515541e+08
1.966436e+08
3.078933e+08
0
0
0
0
0
1.400011e+08
1.5633e+08
2.011915e+08
3.106446e+08
6.350115e+08
0
0
0
0
1.469468e+08
1.636289e+08
2.094579e+08
3.206897e+08
6.476304e+08
0
0
0
1.548929e+08
1.720836e+08
2.194232e+08
3.337244e+08
6.669851e+08
0
0
1.618284e+08
1.795514e+08
2.282597e+08
3.454411e+08
6.843482e+08
0
1.669277e+08
1.850265e+08
2.347825e+08
3.540435e+08
6.967681e+08
1.701476e+08
1.885266e+08
2.389093e+08
3.594474e+08
7.041739e+08
1.902322e+08
2.409403e+08
3.620162e+08
7.073624e+08
0
0
0
0
0
0
0
0
0
0
0
0
0
0
0
0
0
0
0
0
0
0
0
0
0
0
0
0
0
0
0
0
0
0
0
0
0
0
0
0
0
0
0
0
0
0
0
0
0
0
0
0
0
0
0
0
0
0
0
0
0
0
0
0
0
0
0
0
0
0
0
0
0
0
0
0
0
0
0
0
0
0
0
0
0
0
1.386902e+08
0
0
0
0
0
0
0
0
1.33104e+08
1.530864e+08
0
0
0
0
0
0
0
1.310801e+08
1.484306e+08
1.96015e+08
0
0
0
0
0
0
1.317037e+08
1.479806e+08
1.924449e+08
3.0233e+08
0
0
0
0
0
1.346875e+08
1.506376e+08
1.943701e+08
3.012316e+08
6.187126e+08
0
0
0
0
1.398502e+08
1.560021e+08
2.002625e+08
3.079387e+08
6.258564e+08
0
0
0
1.469655e+08
1.635498e+08
2.091676e+08
3.196026e+08
6.436435e+08
0
0
1.549587e+08
1.721565e+08
2.193916e+08
3.333571e+08
6.649492e+08
0
1.619445e+08
1.79654e+08
2.283592e+08
3.453441e+08
6.831669e+08
1.670103e+08
1.851578e+08
2.348902e+08
3.540568e+08
6.95919e+08
1.886247e+08
2.390339e+08
3.594702e+08
7.035298e+08
2.410279e+08
3.620575e+08
7.067852e+08
0
0
0
0
0
0
0
0
0
0
0
0
0
0
0
0
0
0
0
0
0
0
0
0
0
0
0
0
0
0
0
0
0
0
0
0
0
0
0
0
0
0
0
0
0
0
0
0
0
0
0
0
0
0
0
0
0
0
0
0
0
0
0
0
0
0
0
0
0
0
0
0
0
0
0
0
0
0
1.413227e+08
0
0
0
0
0
0
0
0
1.345839e+08
1.544946e+08
0
0
0
0
0
0
0
1.310801e+08
1.484306e+08
1.96015e+08
0
0
0
0
0
0
1.300594e+08
1.462405e+08
1.903936e+08
2.995861e+08
0
0
0
0
0
1.312355e+08
1.469346e+08
1.899097e+08
2.949963e+08
6.075501e+08
0
0
0
0
1.344618e+08
1.501979e+08
1.932185e+08
2.980306e+08
6.082685e+08
0
0
0
1.398099e+08
1.558255e+08
1.998134e+08
3.06513e+08
6.211249e+08
0
0
1.469783e+08
1.635568e+08
2.090166e+08
3.190303e+08
6.411884e+08
0
1.550535e+08
1.722144e+08
2.194271e+08
3.331352e+08
6.635671e+08
1.619935e+08
1.797674e+08
2.284334e+08
3.453149e+08
6.822209e+08
1.852358e+08
2.350038e+08
3.54054e+08
6.952432e+08
2.391111e+08
3.595061e+08
7.029384e+08
3.620551e+08
7.06296e+08
0
0
0
0
0
0
0
0
0
0
0
0
0
0
0
0
0
0
0
0
0
0
0
0
0
0
0
0
0
0
0
0
0
0
0
0
0
0
0
0
0
0
0
0
0
0
0
0
0
0
0
0
0
0
0
0
0
0
0
0
0
0
0
0
0
0
0
0
0
1.45403e+08
0
0
0
0
0
0
0
0
1.376328e+08
1.573967e+08
0
0
0
0
0
0
0
1.32664e+08
1.500592e+08
1.978076e+08
0
0
0
0
0
0
1.300594e+08
1.462405e+08
1.903936e+08
2.995861e+08
0
0
0
0
0
1.295542e+08
1.451296e+08
1.877286e+08
2.919226e+08
6.019326e+08
0
0
0
0
1.309576e+08
1.464173e+08
1.886077e+08
2.914674e+08
5.962721e+08
0
0
0
1.343737e+08
1.499414e+08
1.926399e+08
2.963276e+08
6.029664e+08
0
0
1.397708e+08
1.557699e+08
1.995492e+08
3.057427e+08
6.182747e+08
0
1.470434e+08
1.635585e+08
2.089763e+08
3.186596e+08
6.395654e+08
1.550616e+08
1.723054e+08
2.194496e+08
3.330281e+08
6.624752e+08
1.798099e+08
2.28527e+08
3.4527e+08
6.814904e+08
2.350579e+08
3.540773e+08
6.946203e+08
3.594909e+08
7.024441e+08
7.057934e+08
0
0
0
0
0
0
0
0
0
0
0
0
0
0
0
0
0
0
0
0
0
0
0
0
0
0
0
0
0
0
0
0
0
0
0
0
0
0
0
0
0
0
0
0
0
0
0
0
0
0
0
0
0
0
0
0
0
0
0
1.50803e+08
0
0
0
0
0
0
0
0
1.423471e+08
1.618807e+08
0
0
0
0
0
0
0
1.359223e+08
1.534083e+08
2.014809e+08
0
0
0
0
0
0
1.317038e+08
1.479806e+08
1.924449e+08
3.0233e+08
0
0
0
0
0
1.295543e+08
1.451296e+08
1.877286e+08
2.919226e+08
6.019326e+08
0
0
0
0
1.292493e+08
1.445729e+08
1.863514e+08
2.882314e+08
5.902488e+08
0
0
0
1.308352e+08
1.461049e+08
1.879392e+08
2.895778e+08
5.905965e+08
0
0
1.342923e+08
1.498347e+08
1.922827e+08
2.953967e+08
5.998066e+08
0
1.398059e+08
1.557163e+08
1.994365e+08
3.052302e+08
6.164253e+08
1.469989e+08
1.636182e+08
2.089337e+08
3.184596e+08
6.382984e+08
1.723042e+08
2.195176e+08
3.329184e+08
6.616584e+08
2.285402e+08
3.4527e+08
6.808138e+08
3.540334e+08
6.941137e+08
7.01926e+08
0
0
0
0
0
0
0
0
0
0
0
0
0
0
0
0
0
0
0
0
0
0
0
0
0
0
0
0
0
0
0
0
0
0
0
0
0
0
0
0
0
0
0
0
0
0
0
0
0
1.569485e+08
0
0
0
0
0
0
0
0
1.48618e+08
1.677974e+08
0
0
0
0
0
0
0
1.409521e+08
1.585718e+08
2.071087e+08
0
0
0
0
0
0
1.350832e+08
1.515541e+08
1.966436e+08
3.078933e+08
0
0
0
0
0
1.312357e+08
1.469346e+08
1.899097e+08
2.949963e+08
6.075501e+08
0
0
0
0
1.292494e+08
1.445729e+08
1.863514e+08
2.882314e+08
5.902488e+08
0
0
0
1.291095e+08
1.442317e+08
1.856373e+08
2.862487e+08
5.843899e+08
0
0
1.307224e+08
1.459616e+08
1.875172e+08
2.885363e+08
5.872321e+08
0
1.343025e+08
1.497358e+08
1.92111e+08
2.947684e+08
5.977802e+08
1.397099e+08
1.557443e+08
1.993296e+08
3.049412e+08
6.149921e+08
1.635609e+08
2.089663e+08
3.182684e+08
6.373775e+08
2.194799e+08
3.328882e+08
6.60901e+08
3.451759e+08
6.802845e+08
6.935613e+08
0
0
0
0
0
0
0
0
0
0
0
0
0
0
0
0
0
0
0
0
0
0
0
0
0
0
0
0
0
0
0
0
0
0
0
0
0
0
0
1.623979e+08
0
0
0
0
0
0
0
0
1.556488e+08
1.744976e+08
0
0
0
0
0
0
0
1.47613e+08
1.654139e+08
2.144655e+08
0
0
0
0
0
0
1.402923e+08
1.570552e+08
2.030709e+08
3.1628e+08
0
0
0
0
0
1.346877e+08
1.506377e+08
1.943701e+08
3.012316e+08
6.187126e+08
0
0
0
0
1.309578e+08
1.464175e+08
1.886078e+08
2.914674e+08
5.962721e+08
0
0
0
1.291095e+08
1.442317e+08
1.856373e+08
2.862487e+08
5.843899e+08
0
0
1.289797e+08
1.440698e+08
1.851819e+08
2.851513e+08
5.809248e+08
0
1.307165e+08
1.458291e+08
1.873033e+08
2.878277e+08
5.850884e+08
1.341635e+08
1.497374e+08
1.919512e+08
2.944067e+08
5.962149e+08
1.556321e+08
1.993263e+08
3.046692e+08
6.139719e+08
2.088633e+08
3.181963e+08
6.365201e+08
3.327293e+08
6.603391e+08
6.796731e+08
0
0
0
0
0
0
0
0
0
0
0
0
0
0
0
0
0
0
0
0
0
0
0
0
0
0
0
0
0
1.664697e+08
0
0
0
0
0
0
0
0
1.617574e+08
1.804163e+08
0
0
0
0
0
0
0
1.550355e+08
1.730567e+08
2.226929e+08
0
0
0
0
0
0
1.471696e+08
1.643144e+08
2.115082e+08
3.270383e+08
0
0
0
0
0
1.400014e+08
1.563302e+08
2.011915e+08
3.106446e+08
6.350115e+08
0
0
0
0
1.344621e+08
1.501982e+08
1.932186e+08
2.980305e+08
6.082685e+08
0
0
0
1.308352e+08
1.461051e+08
1.879394e+08
2.895778e+08
5.905965e+08
0
0
1.289797e+08
1.440698e+08
1.85182e+08
2.851514e+08
5.809248e+08
0
1.289663e+08
1.439192e+08
1.849466e+08
2.844017e+08
5.787232e+08
1.30549e+08
1.458136e+08
1.871045e+08
2.874147e+08
5.834345e+08
1.495794e+08
1.919178e+08
2.940683e+08
5.951159e+08
1.99159e+08
3.045546e+08
6.130167e+08
3.179551e+08
6.359163e+08
6.596453e+08
0
0
0
0
0
0
0
0
0
0
0
0
0
0
0
0
0
0
0
1.690791e+08
0
0
0
0
0
0
0
0
1.66223e+08
1.848236e+08
0
0
0
0
0
0
0
1.614456e+08
1.79683e+08
2.298837e+08
0
0
0
0
0
0
1.548049e+08
1.723766e+08
2.208395e+08
3.387707e+08
0
0
0
0
0
1.470068e+08
1.638205e+08
2.101175e+08
3.227753e+08
6.550961e+08
0
0
0
0
1.398505e+08
1.560025e+08
2.002626e+08
3.079387e+08
6.258564e+08
0
0
0
1.343737e+08
1.499417e+08
1.926401e+08
2.963278e+08
6.029664e+08
0
0
1.307222e+08
1.459616e+08
1.875174e+08
2.885365e+08
5.872321e+08
0
1.289663e+08
1.439191e+08
1.849466e+08
2.844018e+08
5.787232e+08
1.287852e+08
1.438957e+08
1.847268e+08
2.839628e+08
5.770257e+08
1.45625e+08
1.870516e+08
2.870277e+08
5.822826e+08
1.916971e+08
2.939182e+08
5.940809e+08
3.042322e+08
6.123717e+08
6.351209e+08
0
0
0
0
0
0
0
0
0
1.703064e+08
0
0
0
0
0
0
0
0
1.689696e+08
1.876396e+08
0
0
0
0
0
0
0
1.660884e+08
1.845185e+08
2.351901e+08
0
0
0
0
0
0
1.613854e+08
1.793276e+08
2.288705e+08
3.488e+08
0
0
0
0
0
1.547751e+08
1.721101e+08
2.199427e+08
3.359212e+08
6.75811e+08
0
0
0
0
1.469473e+08
1.636293e+08
2.094581e+08
3.206897e+08
6.476304e+08
0
0
0
1.398098e+08
1.558259e+08
1.998138e+08
3.065131e+08
6.211249e+08
0
0
1.342921e+08
1.498347e+08
1.92283e+08
2.95397e+08
5.998066e+08
0
1.307163e+08
1.45829e+08
1.873033e+08
2.878279e+08
5.850884e+08
1.287852e+08
1.438956e+08
1.847268e+08
2.839628e+08
5.770257e+08
1.436924e+08
1.846648e+08
2.835499e+08
5.758476e+08
1.867951e+08
2.868545e+08
5.811923e+08
2.935282e+08
5.934031e+08
6.114767e+08
0
0
0
0
0
0
0
0
1.702394e+08
1.889654e+08
0
0
0
0
0
0
0
1.690054e+08
1.874953e+08
2.385555e+08
0
0
0
0
0
0
1.661701e+08
1.843574e+08
2.346958e+08
3.560649e+08
0
0
0
0
0
1.614666e+08
1.792436e+08
2.283593e+08
3.470568e+08
6.926456e+08
0
0
0
0
1.548126e+08
1.720603e+08
2.195498e+08
3.344724e+08
6.701585e+08
0
0
0
1.469655e+08
1.635502e+08
2.09168e+08
3.196028e+08
6.436435e+08
0
0
1.397706e+08
1.557699e+08
1.995496e+08
3.057431e+08
6.182747e+08
0
1.343022e+08
1.497356e+08
1.921109e+08
2.947687e+08
5.977803e+08
1.30549e+08
1.458135e+08
1.871043e+08
2.874147e+08
5.834346e+08
1.436924e+08
1.846648e+08
2.835499e+08
5.758476e+08
1.843909e+08
2.833659e+08
5.747292e+08
2.864189e+08
5.804933e+08
5.924259e+08
0
0
0
0
0
0
0
1.703949e+08
1.888751e+08
2.401327e+08
0
0
0
0
0
0
1.691676e+08
1.875131e+08
2.382734e+08
3.606036e+08
0
0
0
0
0
1.66328e+08
1.844232e+08
2.344196e+08
3.550298e+08
7.043207e+08
0
0
0
0
1.615871e+08
1.793117e+08
2.281806e+08
3.461123e+08
6.885317e+08
0
0
0
1.548929e+08
1.720842e+08
2.194238e+08
3.337246e+08
6.66985e+08
0
0
1.469781e+08
1.635568e+08
2.090171e+08
3.190307e+08
6.411885e+08
0
1.398057e+08
1.557161e+08
1.994365e+08
3.052306e+08
6.164254e+08
1.341635e+08
1.497372e+08
1.919509e+08
2.944067e+08
5.962149e+08
1.456251e+08
1.870515e+08
2.870275e+08
5.822826e+08
1.843909e+08
2.833658e+08
5.747292e+08
2.829079e+08
5.740201e+08
5.794594e+08
0
0
0
0
0
0
1.705929e+08
1.890149e+08
2.39936e+08
3.627085e+08
0
0
0
0
0
1.693712e+08
1.876643e+08
2.382042e+08
3.59895e+08
7.11358e+08
0
0
0
0
1.664985e+08
1.845726e+08
2.34414e+08
3.544018e+08
7.012813e+08
0
0
0
1.617204e+08
1.794233e+08
2.281912e+08
3.456384e+08
6.860365e+08
0
0
1.549584e+08
1.721565e+08
2.193923e+08
3.333577e+08
6.649493e+08
0
1.470432e+08
1.635583e+08
2.089763e+08
3.186601e+08
6.395655e+08
1.397099e+08
1.557441e+08
1.993293e+08
3.049412e+08
6.149922e+08
1.495794e+08
1.919176e+08
2.94068e+08
5.951159e+08
1.867951e+08
2.868543e+08
5.811922e+08
2.829079e+08
5.740201e+08
5.729575e+08
0
0
0
0
0
1.708175e+08
1.89204e+08
2.399995e+08
3.621608e+08
7.145605e+08
0
0
0
0
1.695729e+08
1.87862e+08
2.382973e+08
3.595271e+08
7.089421e+08
0
0
0
1.666592e+08
1.847375e+08
2.345185e+08
3.541432e+08
6.992486e+08
0
0
1.618277e+08
1.795512e+08
2.282607e+08
3.454418e+08
6.843483e+08
0
1.550531e+08
1.722142e+08
2.194271e+08
3.331359e+08
6.635673e+08
1.469989e+08
1.636179e+08
2.089334e+08
3.184596e+08
6.382985e+08
1.556321e+08
1.99326e+08
3.04669e+08
6.139719e+08
1.916971e+08
2.939179e+08
5.940808e+08
2.864189e+08
5.804932e+08
5.729575e+08
0
0
0
0
1.710338e+08
1.89424e+08
2.401365e+08
3.619415e+08
7.125061e+08
0
0
0
1.697509e+08
1.8806e+08
2.384576e+08
3.593916e+08
7.072188e+08
0
0
1.667939e+08
1.848948e+08
2.346499e+08
3.540634e+08
6.978114e+08
0
1.619437e+08
1.796533e+08
2.28359e+08
3.453451e+08
6.831671e+08
1.550617e+08
1.72305e+08
2.194492e+08
3.330281e+08
6.624755e+08
1.63561e+08
2.08966e+08
3.182682e+08
6.373775e+08
1.991591e+08
3.045543e+08
6.130166e+08
2.935282e+08
5.934031e+08
5.794594e+08
0
0
0
1.712199e+08
1.896373e+08
2.403223e+08
3.618609e+08
7.109092e+08
0
0
1.699027e+08
1.882356e+08
2.386272e+08
3.593807e+08
7.059282e+08
0
1.669271e+08
1.85026e+08
2.347823e+08
3.540444e+08
6.967683e+08
1.619935e+08
1.797666e+08
2.284327e+08
3.453147e+08
6.822212e+08
1.723043e+08
2.195172e+08
3.329181e+08
6.616584e+08
2.088633e+08
3.181959e+08
6.3652e+08
3.042322e+08
6.123717e+08
5.924259e+08
0
0
1.713795e+08
1.898215e+08
2.405096e+08
3.618815e+08
7.096843e+08
0
1.700453e+08
1.883849e+08
2.387807e+08
3.594091e+08
7.049661e+08
1.670103e+08
1.851573e+08
2.348897e+08
3.540567e+08
6.959193e+08
1.7981e+08
2.285261e+08
3.452692e+08
6.814904e+08
2.194799e+08
3.328877e+08
6.609009e+08
3.179551e+08
6.359162e+08
6.114767e+08
0
1.715263e+08
1.899791e+08
2.406728e+08
3.619315e+08
7.087588e+08
1.701476e+08
1.88526e+08
2.389088e+08
3.594473e+08
7.041743e+08
1.852359e+08
2.350032e+08
3.540534e+08
6.952431e+08
2.285403e+08
3.452691e+08
6.808135e+08
3.327294e+08
6.603389e+08
6.351208e+08
1.716371e+08
1.901244e+08
2.408104e+08
3.619817e+08
7.079927e+08
1.886247e+08
2.390332e+08
3.594697e+08
7.035298e+08
2.350579e+08
3.540766e+08
6.946201e+08
3.451759e+08
6.802841e+08
6.596452e+08
1.902322e+08
2.409396e+08
3.620157e+08
7.073624e+08
2.391111e+08
3.595054e+08
7.029382e+08
3.540334e+08
6.941134e+08
6.796731e+08
2.410279e+08
3.620568e+08
7.067849e+08
3.594909e+08
7.024438e+08
6.935612e+08
3.620551e+08
7.062957e+08
7.01926e+08
7.057933e+08
)
;

boundaryField
{
    interconnect0
    {
        type            zeroGradient;
    }
    interconnectSides
    {
        type            zeroGradient;
    }
    cathodeSides
    {
        type            zeroGradient;
    }
    phiEC_to_phiE0
    {
        type            zeroGradient;
    }
    procBoundary0to1
    {
        type            processor;
        value           uniform 0;
    }
}
)

// processor1

21489
(dimensions      [0 -3 0 0 0 1 0];

internalField   nonuniform List<scalar> 
5000
(
0
0
0
0
0
0
0
0
0
0
0
0
0
0
0
0
0
0
0
0
0
0
0
0
0
0
0
0
0
0
0
0
0
0
0
0
0
0
0
0
0
0
0
0
0
0
0
0
0
0
0
0
0
0
0
0
0
0
0
0
0
0
0
0
0
0
0
0
0
0
0
0
0
0
0
0
0
0
0
0
0
0
0
0
0
0
0
0
0
0
0
0
0
0
0
0
0
0
0
0
0
0
0
0
0
0
0
0
0
0
0
0
0
0
0
0
0
0
0
0
0
0
0
0
0
0
0
0
0
0
0
0
0
0
0
0
0
0
0
0
0
0
0
0
0
0
0
0
0
0
0
0
0
0
0
0
0
0
0
0
0
0
0
0
0
0
0
0
0
0
0
0
0
0
0
0
0
0
0
0
0
0
0
0
0
0
0
0
0
0
0
0
0
0
0
0
0
0
0
0
0
0
0
0
0
0
0
0
0
0
0
0
0
0
0
0
0
0
0
0
0
0
0
0
0
0
0
0
0
0
0
0
0
0
0
0
0
0
0
0
0
0
0
0
0
0
0
0
0
0
0
0
0
0
0
0
0
0
0
0
0
0
0
0
0
0
0
0
0
0
0
0
0
0
0
0
0
0
0
0
0
0
0
0
0
0
0
0
0
0
0
0
0
0
0
0
0
0
0
0
0
0
0
0
0
0
0
0
0
0
0
0
0
0
0
0
0
0
0
0
0
0
0
0
0
0
0
0
0
0
0
0
0
0
0
0
0
0
0
0
0
0
0
0
0
0
0
0
0
0
0
0
0
0
0
0
0
0
0
0
0
0
0
0
0
0
0
0
0
0
0
0
0
0
0
0
0
0
0
0
0
0
0
0
0
0
0
0
0
0
0
0
0
0
0
0
0
0
0
0
0
0
0
0
0
0
0
0
0
0
0
0
0
0
0
0
0
0
0
0
0
0
0
0
0
0
0
0
0
0
0
0
0
0
0
0
0
0
0
0
0
0
0
0
0
0
0
0
0
0
0
0
0
0
0
0
0
0
0
0
0
0
0
0
0
0
0
0
0
0
0
0
0
0
0
0
0
0
0
0
0
0
0
0
0
0
0
0
0
0
0
0
0
0
0
0
0
0
0
0
0
0
0
0
0
0
0
0
0
0
0
0
0
0
0
0
0
0
0
0
0
0
0
0
0
0
0
0
0
0
0
0
0
0
0
0
0
0
0
0
0
0
0
0
0
0
0
0
0
0
0
0
0
0
0
0
0
0
0
0
0
0
0
0
0
0
0
0
0
0
0
0
0
0
0
0
0
0
0
0
0
0
0
0
0
0
0
0
0
0
0
0
0
0
0
0
0
0
0
0
0
0
0
0
0
0
0
0
0
0
0
0
0
0
0
0
0
0
0
0
0
0
0
0
0
0
0
0
0
0
0
0
0
0
0
0
0
0
0
0
0
0
0
0
0
0
0
0
0
0
0
0
0
0
0
0
0
0
0
0
0
0
0
0
0
0
0
0
0
0
0
0
0
0
0
0
0
0
0
0
0
0
0
0
0
0
0
0
0
0
0
0
0
0
0
0
0
0
0
0
0
0
0
0
0
0
0
0
0
0
0
0
0
0
0
0
0
0
0
0
0
0
0
0
0
0
0
0
0
0
0
0
0
0
0
0
0
0
0
0
0
0
0
0
0
0
0
0
0
0
0
0
0
0
0
0
0
0
0
0
0
0
0
0
0
0
0
0
0
0
0
0
0
0
0
0
0
0
0
0
0
0
0
0
0
0
0
0
0
0
0
0
0
0
0
0
0
0
0
0
0
0
0
0
0
0
0
0
0
0
0
0
0
0
0
0
0
0
0
0
0
0
0
0
0
0
0
0
0
0
0
0
0
0
0
0
0
0
0
0
0
0
0
0
0
0
0
0
0
0
0
0
0
0
0
0
0
0
0
0
0
0
0
0
0
0
0
0
0
0
0
0
0
0
0
0
0
0
0
0
0
0
0
0
0
0
0
0
0
0
0
0
0
0
0
0
0
0
0
0
0
0
0
0
0
0
0
0
0
0
0
0
0
0
0
0
0
0
0
0
0
0
0
0
0
0
0
0
0
0
0
0
0
0
0
0
0
0
0
0
0
0
0
0
0
0
0
0
0
0
0
0
0
0
0
0
0
0
0
0
0
0
0
0
0
0
0
0
0
0
0
0
0
0
0
0
0
0
0
0
0
0
0
0
0
0
0
0
0
0
0
0
0
0
0
0
0
0
0
0
0
0
0
0
0
0
0
0
0
0
0
0
0
0
0
0
0
0
0
0
0
0
0
0
0
0
0
0
0
0
0
0
0
0
0
0
0
0
0
0
0
0
0
0
0
0
0
0
0
0
0
0
0
0
0
0
0
0
0
0
0
0
0
0
0
0
0
0
0
0
0
0
0
0
0
0
0
0
0
0
0
0
0
0
0
0
0
0
0
0
0
0
0
0
0
0
0
0
0
0
0
0
0
0
0
0
0
0
0
0
0
0
0
0
0
0
0
0
0
0
0
0
0
0
0
0
0
0
0
0
0
0
0
0
0
0
0
0
0
0
0
0
0
0
0
0
0
0
0
0
0
0
0
0
0
0
0
0
0
0
0
0
0
0
0
0
0
0
0
0
0
0
0
0
0
0
0
0
0
0
0
0
0
0
0
0
0
0
0
0
0
0
0
0
0
0
0
0
0
0
0
0
0
0
0
0
0
0
0
0
0
0
0
0
0
0
0
0
0
0
0
0
0
0
0
0
0
0
0
0
0
0
0
0
0
0
0
0
0
0
0
0
0
0
0
0
0
0
0
0
0
0
0
0
0
0
0
0
0
0
0
0
0
0
0
0
0
0
0
0
0
0
0
0
0
0
0
0
0
0
0
0
0
0
0
0
0
0
0
0
0
0
0
0
0
0
0
0
0
0
0
0
0
0
0
0
0
0
0
0
0
0
0
0
0
0
0
0
0
0
0
0
0
0
0
0
0
0
0
0
0
0
0
0
0
0
0
0
0
0
0
0
0
0
0
0
0
0
0
0
0
0
0
0
0
0
0
0
0
0
0
0
0
0
0
0
0
0
0
0
0
0
0
0
0
0
0
0
0
0
0
0
0
0
0
0
0
0
0
0
0
0
0
0
0
0
0
0
0
0
0
0
0
0
0
0
0
0
0
0
0
0
0
0
0
0
0
0
0
0
0
0
0
0
0
0
0
0
0
0
0
0
0
0
0
0
0
0
0
0
0
0
0
0
0
0
0
0
0
0
0
0
0
0
0
0
0
0
0
0
0
0
0
0
0
0
0
0
0
0
0
0
0
0
0
0
0
0
0
0
0
0
0
0
0
0
0
0
0
0
0
0
0
0
0
0
0
0
0
0
0
0
0
0
0
0
0
0
0
0
0
0
0
0
0
0
0
0
0
0
0
0
0
0
0
0
0
0
0
0
0
0
0
0
0
0
0
0
0
0
0
0
0
0
0
0
0
0
0
0
0
0
0
0
0
0
0
0
0
0
0
0
0
0
0
0
0
0
0
0
0
0
0
0
0
0
0
0
0
0
0
0
0
0
0
0
0
0
0
0
0
0
0
0
0
0
0
0
0
0
0
0
0
0
0
0
0
0
0
0
0
0
0
0
0
0
0
0
0
0
0
0
0
0
0
0
0
0
0
0
0
0
0
0
0
0
0
0
0
0
0
0
0
0
0
0
0
0
0
0
0
0
0
0
0
0
0
0
0
0
0
0
0
0
0
0
0
0
0
0
0
0
0
0
0
0
0
0
0
0
0
0
0
0
0
0
0
0
0
0
0
0
0
0
0
0
0
0
0
0
0
0
0
0
0
0
0
0
0
0
0
0
0
0
0
0
0
0
0
0
0
0
0
0
0
0
0
0
0
0
0
0
0
0
0
0
0
0
0
0
0
0
0
0
0
0
0
0
0
0
0
0
0
0
0
1.716847e+08
0
0
0
0
0
0
0
0
0
0
0
0
0
0
0
0
0
0
0
0
0
0
0
0
0
0
0
0
0
0
0
0
0
0
0
0
0
0
0
0
0
0
0
0
0
0
0
0
0
0
0
0
0
0
0
0
0
0
0
0
0
0
0
0
0
0
0
0
0
0
0
0
0
0
0
0
0
0
0
0
0
0
0
0
0
0
0
0
0
0
0
0
0
0
0
0
0
0
0
0
0
0
0
0
0
0
0
0
0
0
0
0
0
0
0
0
0
1.701724e+08
0
0
0
0
0
0
0
0
1.718179e+08
1.902736e+08
0
0
0
0
0
0
0
0
0
0
0
0
0
0
0
0
0
0
0
0
0
0
0
0
0
0
0
0
0
0
0
0
0
0
0
0
0
0
0
0
0
0
0
0
0
0
0
0
0
0
0
0
0
0
0
0
0
0
0
0
0
0
0
0
0
0
0
0
0
0
0
0
0
0
0
0
0
0
0
0
0
0
0
0
0
0
0
0
0
0
0
0
0
0
0
0
0
0
0
0
0
0
0
0
0
0
0
0
0
0
0
0
0
0
0
1.669856e+08
0
0
0
0
0
0
0
0
1.703044e+08
1.88642e+08
0
0
0
0
0
0
0
1.719529e+08
1.904062e+08
2.410432e+08
0
0
0
0
0
0
0
0
0
0
0
0
0
0
0
0
0
0
0
0
0
0
0
0
0
0
0
0
0
0
0
0
0
0
0
0
0
0
0
0
0
0
0
0
0
0
0
0
0
0
0
0
0
0
0
0
0
0
0
0
0
0
0
0
0
0
0
0
0
0
0
0
0
0
0
0
0
0
0
0
0
0
0
0
0
0
0
0
0
0
0
0
0
0
0
0
0
0
0
0
0
0
0
0
0
0
0
0
0
0
0
0
0
0
1.618867e+08
0
0
0
0
0
0
0
0
1.671139e+08
1.852005e+08
0
0
0
0
0
0
0
1.704389e+08
1.887733e+08
2.390983e+08
0
0
0
0
0
0
1.720905e+08
1.905415e+08
2.411643e+08
3.619747e+08
0
0
0
0
0
0
0
0
0
0
0
0
0
0
0
0
0
0
0
0
0
0
0
0
0
0
0
0
0
0
0
0
0
0
0
0
0
0
0
0
0
0
0
0
0
0
0
0
0
0
0
0
0
0
0
0
0
0
0
0
0
0
0
0
0
0
0
0
0
0
0
0
0
0
0
0
0
0
0
0
0
0
0
0
0
0
0
0
0
0
0
0
0
0
0
0
0
0
0
0
0
0
0
0
0
0
0
0
0
0
0
0
0
0
1.548477e+08
0
0
0
0
0
0
0
0
1.620039e+08
1.796874e+08
0
0
0
0
0
0
0
1.672477e+08
1.853279e+08
2.349839e+08
0
0
0
0
0
0
1.705764e+08
1.889082e+08
2.392181e+08
3.593752e+08
0
0
0
0
0
1.722196e+08
1.906796e+08
2.412914e+08
3.620265e+08
7.05255e+08
0
0
0
0
0
0
0
0
0
0
0
0
0
0
0
0
0
0
0
0
0
0
0
0
0
0
0
0
0
0
0
0
0
0
0
0
0
0
0
0
0
0
0
0
0
0
0
0
0
0
0
0
0
0
0
0
0
0
0
0
0
0
0
0
0
0
0
0
0
0
0
0
0
0
0
0
0
0
0
0
0
0
0
0
0
0
0
0
0
0
0
0
0
0
0
0
0
0
0
0
0
0
0
0
0
0
0
0
0
0
0
0
0
1.466554e+08
0
0
0
0
0
0
0
0
1.549492e+08
1.72067e+08
0
0
0
0
0
0
0
1.621379e+08
1.798034e+08
2.283646e+08
0
0
0
0
0
0
1.673847e+08
1.854622e+08
2.350994e+08
3.538404e+08
0
0
0
0
0
1.707053e+08
1.890462e+08
2.393449e+08
3.594255e+08
7.013439e+08
0
0
0
0
1.723507e+08
1.908093e+08
2.414219e+08
3.620946e+08
7.048719e+08
0
0
0
0
0
0
0
0
0
0
0
0
0
0
0
0
0
0
0
0
0
0
0
0
0
0
0
0
0
0
0
0
0
0
0
0
0
0
0
0
0
0
0
0
0
0
0
0
0
0
0
0
0
0
0
0
0
0
0
0
0
0
0
0
0
0
0
0
0
0
0
0
0
0
0
0
0
0
0
0
0
0
0
0
0
0
0
0
0
0
0
0
0
0
0
0
0
0
0
0
0
0
0
0
0
0
0
0
0
0
0
1.392413e+08
0
0
0
0
0
0
0
0
1.467396e+08
1.63185e+08
0
0
0
0
0
0
0
1.550781e+08
1.721667e+08
2.191692e+08
0
0
0
0
0
0
1.622732e+08
1.79938e+08
2.284677e+08
3.448538e+08
0
0
0
0
0
1.675128e+08
1.855999e+08
2.35226e+08
3.538861e+08
6.928828e+08
0
0
0
0
1.708364e+08
1.891759e+08
2.394756e+08
3.594938e+08
7.009591e+08
0
0
0
1.724765e+08
1.909411e+08
2.415454e+08
3.621673e+08
7.045476e+08
0
0
0
0
0
0
0
0
0
0
0
0
0
0
0
0
0
0
0
0
0
0
0
0
0
0
0
0
0
0
0
0
0
0
0
0
0
0
0
0
0
0
0
0
0
0
0
0
0
0
0
0
0
0
0
0
0
0
0
0
0
0
0
0
0
0
0
0
0
0
0
0
0
0
0
0
0
0
0
0
0
0
0
0
0
0
0
0
0
0
0
0
0
0
0
0
0
0
0
0
0
0
0
0
0
0
0
0
1.335947e+08
0
0
0
0
0
0
0
0
1.393088e+08
1.551221e+08
0
0
0
0
0
0
0
1.468588e+08
1.632668e+08
2.083889e+08
0
0
0
0
0
0
1.552112e+08
1.722963e+08
2.192544e+08
3.322326e+08
0
0
0
0
0
1.623989e+08
1.800741e+08
2.28595e+08
3.448859e+08
6.788323e+08
0
0
0
0
1.676434e+08
1.857288e+08
2.353566e+08
3.53955e+08
6.924934e+08
0
0
0
1.709609e+08
1.893076e+08
2.395991e+08
3.595671e+08
7.006363e+08
0
0
1.726113e+08
1.910676e+08
2.416709e+08
3.622398e+08
7.04231e+08
0
0
0
0
0
0
0
0
0
0
0
0
0
0
0
0
0
0
0
0
0
0
0
0
0
0
0
0
0
0
0
0
0
0
0
0
0
0
0
0
0
0
0
0
0
0
0
0
0
0
0
0
0
0
0
0
0
0
0
0
0
0
0
0
0
0
0
0
0
0
0
0
0
0
0
0
0
0
0
0
0
0
0
0
0
0
0
0
0
0
0
0
0
0
0
0
0
0
0
0
0
0
0
0
1.299129e+08
0
0
0
0
0
0
0
0
1.336482e+08
1.489615e+08
0
0
0
0
0
0
0
1.39416e+08
1.551863e+08
1.985258e+08
0
0
0
0
0
0
1.469882e+08
1.633864e+08
2.084542e+08
3.172455e+08
0
0
0
0
0
1.553334e+08
1.724303e+08
2.193768e+08
3.32245e+08
6.585731e+08
0
0
0
0
1.625274e+08
1.802008e+08
2.287243e+08
3.449568e+08
6.784323e+08
0
0
0
1.677657e+08
1.858603e+08
2.354797e+08
3.540289e+08
6.921733e+08
0
0
1.710955e+08
1.89433e+08
2.397248e+08
3.5964e+08
7.003208e+08
0
1.727323e+08
1.912033e+08
2.417926e+08
3.623136e+08
7.039518e+08
0
0
0
0
0
0
0
0
0
0
0
0
0
0
0
0
0
0
0
0
0
0
0
0
0
0
0
0
0
0
0
0
0
0
0
0
0
0
0
0
0
0
0
0
0
0
0
0
0
0
0
0
0
0
0
0
0
0
0
0
0
0
0
0
0
0
0
0
0
0
0
0
0
0
0
0
0
0
0
0
0
0
0
0
0
0
0
0
0
0
0
0
0
0
0
0
0
0
0
1.281128e+08
0
0
0
0
0
0
0
0
1.299575e+08
1.449346e+08
0
0
0
0
0
0
0
1.337465e+08
1.490112e+08
1.909354e+08
0
0
0
0
0
0
1.395388e+08
1.552938e+08
1.985717e+08
3.033146e+08
0
0
0
0
0
1.471052e+08
1.635168e+08
2.085664e+08
3.172359e+08
6.337645e+08
0
0
0
0
1.554596e+08
1.725536e+08
2.195044e+08
3.323121e+08
6.58158e+08
0
0
0
1.626473e+08
1.803303e+08
2.288455e+08
3.450304e+08
6.781161e+08
0
0
1.678989e+08
1.859835e+08
2.356054e+08
3.541023e+08
6.918596e+08
0
1.712172e+08
1.895685e+08
2.398454e+08
3.597144e+08
7.000432e+08
1.728503e+08
1.913251e+08
2.419237e+08
3.623897e+08
7.036698e+08
0
0
0
0
0
0
0
0
0
0
0
0
0
0
0
0
0
0
0
0
0
0
0
0
0
0
0
0
0
0
0
0
0
0
0
0
0
0
0
0
0
0
0
0
0
0
0
0
0
0
0
0
0
0
0
0
0
0
0
0
0
0
0
0
0
0
0
0
0
0
0
0
0
0
0
0
0
0
0
0
0
0
0
0
0
0
0
0
0
0
0
0
0
1.281128e+08
0
0
0
0
0
0
0
0
1.281531e+08
1.429629e+08
0
0
0
0
0
0
0
1.300499e+08
1.449748e+08
1.859465e+08
0
0
0
0
0
0
1.338595e+08
1.491094e+08
1.909651e+08
2.924407e+08
0
0
0
0
0
1.396494e+08
1.554173e+08
1.98671e+08
3.032834e+08
6.098377e+08
0
0
0
0
1.472271e+08
1.636348e+08
2.086904e+08
3.172936e+08
6.333325e+08
0
0
0
1.555753e+08
1.726808e+08
2.196224e+08
3.32385e+08
6.578434e+08
0
0
1.627756e+08
1.804512e+08
2.289695e+08
3.45103e+08
6.77804e+08
0
1.680219e+08
1.861176e+08
2.35724e+08
3.541773e+08
6.915849e+08
1.713352e+08
1.896911e+08
2.399764e+08
3.597897e+08
6.997622e+08
1.914437e+08
2.420415e+08
3.624738e+08
7.034216e+08
0
0
0
0
0
0
0
0
0
0
0
0
0
0
0
0
0
0
0
0
0
0
0
0
0
0
0
0
0
0
0
0
0
0
0
0
0
0
0
0
0
0
0
0
0
0
0
0
0
0
0
0
0
0
0
0
0
0
0
0
0
0
0
0
0
0
0
0
0
0
0
0
0
0
0
0
0
0
0
0
0
0
0
0
0
0
1.299129e+08
0
0
0
0
0
0
0
0
1.281531e+08
1.429629e+08
0
0
0
0
0
0
0
1.282434e+08
1.429986e+08
1.834958e+08
0
0
0
0
0
0
1.301554e+08
1.45067e+08
1.859656e+08
2.852149e+08
0
0
0
0
0
1.339661e+08
1.49223e+08
1.910547e+08
2.923915e+08
5.905486e+08
0
0
0
0
1.397638e+08
1.555289e+08
1.987879e+08
3.033285e+08
6.0939e+08
0
0
0
1.473377e+08
1.637577e+08
2.088034e+08
3.173638e+08
6.330175e+08
0
0
1.556981e+08
1.727976e+08
2.197444e+08
3.324557e+08
6.575326e+08
0
1.628954e+08
1.805806e+08
2.290861e+08
3.451771e+08
6.775323e+08
1.6814e+08
1.862417e+08
2.358538e+08
3.542514e+08
6.913056e+08
1.898097e+08
2.400952e+08
3.598741e+08
6.995151e+08
2.421549e+08
3.625497e+08
7.031676e+08
0
0
0
0
0
0
0
0
0
0
0
0
0
0
0
0
0
0
0
0
0
0
0
0
0
0
0
0
0
0
0
0
0
0
0
0
0
0
0
0
0
0
0
0
0
0
0
0
0
0
0
0
0
0
0
0
0
0
0
0
0
0
0
0
0
0
0
0
0
0
0
0
0
0
0
0
0
0
1.335947e+08
0
0
0
0
0
0
0
0
1.299574e+08
1.449346e+08
0
0
0
0
0
0
0
1.282435e+08
1.429985e+08
1.834958e+08
0
0
0
0
0
0
1.283462e+08
1.430886e+08
1.835099e+08
2.81642e+08
0
0
0
0
0
1.302584e+08
1.451729e+08
1.860487e+08
2.85154e+08
5.774124e+08
0
0
0
0
1.340743e+08
1.493304e+08
1.911609e+08
2.924271e+08
5.90089e+08
0
0
0
1.398675e+08
1.556442e+08
1.988943e+08
3.033921e+08
6.090733e+08
0
0
1.474549e+08
1.638694e+08
2.08921e+08
3.174305e+08
6.327068e+08
0
1.558116e+08
1.729215e+08
2.198571e+08
3.325288e+08
6.572639e+08
1.630148e+08
1.807016e+08
2.292111e+08
3.452503e+08
6.772544e+08
1.863605e+08
2.359744e+08
3.543351e+08
6.910606e+08
2.402088e+08
3.599515e+08
6.992619e+08
3.626186e+08
7.029412e+08
0
0
0
0
0
0
0
0
0
0
0
0
0
0
0
0
0
0
0
0
0
0
0
0
0
0
0
0
0
0
0
0
0
0
0
0
0
0
0
0
0
0
0
0
0
0
0
0
0
0
0
0
0
0
0
0
0
0
0
0
0
0
0
0
0
0
0
0
0
1.392413e+08
0
0
0
0
0
0
0
0
1.336482e+08
1.489615e+08
0
0
0
0
0
0
0
1.300499e+08
1.449747e+08
1.859465e+08
0
0
0
0
0
0
1.283462e+08
1.430886e+08
1.835099e+08
2.81642e+08
0
0
0
0
0
1.284455e+08
1.431916e+08
1.835907e+08
2.815756e+08
5.70822e+08
0
0
0
0
1.303632e+08
1.452765e+08
1.861467e+08
2.851833e+08
5.769454e+08
0
0
0
1.34172e+08
1.494394e+08
1.912631e+08
2.9248e+08
5.897716e+08
0
0
1.399779e+08
1.557489e+08
1.990041e+08
3.03453e+08
6.087613e+08
0
1.475603e+08
1.639876e+08
2.090287e+08
3.175002e+08
6.324402e+08
1.559288e+08
1.730362e+08
2.199766e+08
3.325992e+08
6.569872e+08
1.808218e+08
2.29329e+08
3.453298e+08
6.770126e+08
2.360885e+08
3.544154e+08
6.908082e+08
3.600208e+08
6.990376e+08
7.026993e+08
0
0
0
0
0
0
0
0
0
0
0
0
0
0
0
0
0
0
0
0
0
0
0
0
0
0
0
0
0
0
0
0
0
0
0
0
0
0
0
0
0
0
0
0
0
0
0
0
0
0
0
0
0
0
0
0
0
0
0
1.466554e+08
0
0
0
0
0
0
0
0
1.393087e+08
1.551221e+08
0
0
0
0
0
0
0
1.337466e+08
1.490112e+08
1.909354e+08
0
0
0
0
0
0
1.301553e+08
1.45067e+08
1.859656e+08
2.852149e+08
0
0
0
0
0
1.284455e+08
1.431915e+08
1.835907e+08
2.815756e+08
5.70822e+08
0
0
0
0
1.285489e+08
1.432914e+08
1.836856e+08
2.816028e+08
5.703516e+08
0
0
0
1.304568e+08
1.453819e+08
1.862449e+08
2.852281e+08
5.766283e+08
0
0
1.342765e+08
1.49538e+08
1.913662e+08
2.925373e+08
5.894575e+08
0
1.400759e+08
1.558602e+08
1.991046e+08
3.035152e+08
6.084953e+08
1.476717e+08
1.640941e+08
2.091425e+08
3.175668e+08
6.321637e+08
1.731543e+08
2.200881e+08
3.32674e+08
6.567483e+08
2.294449e+08
3.454083e+08
6.767598e+08
3.544857e+08
6.905876e+08
6.987963e+08
0
0
0
0
0
0
0
0
0
0
0
0
0
0
0
0
0
0
0
0
0
0
0
0
0
0
0
0
0
0
0
0
0
0
0
0
0
0
0
0
0
0
0
0
0
0
0
0
0
1.548478e+08
0
0
0
0
0
0
0
0
1.467395e+08
1.63185e+08
0
0
0
0
0
0
0
1.394161e+08
1.551863e+08
1.985258e+08
0
0
0
0
0
0
1.338593e+08
1.491095e+08
1.909651e+08
2.924406e+08
0
0
0
0
0
1.302583e+08
1.451727e+08
1.860487e+08
2.851539e+08
5.774124e+08
0
0
0
0
1.285489e+08
1.432914e+08
1.836855e+08
2.816028e+08
5.703516e+08
0
0
0
1.286408e+08
1.433954e+08
1.837797e+08
2.816445e+08
5.700351e+08
0
0
1.305571e+08
1.454762e+08
1.863442e+08
2.852816e+08
5.76313e+08
0
1.34369e+08
1.496433e+08
1.914603e+08
2.925929e+08
5.891925e+08
1.40178e+08
1.559592e+08
1.992112e+08
3.035753e+08
6.082173e+08
1.642064e+08
2.092457e+08
3.176364e+08
6.319271e+08
2.202023e+08
3.327472e+08
6.56495e+08
3.454812e+08
6.765418e+08
6.903477e+08
0
0
0
0
0
0
0
0
0
0
0
0
0
0
0
0
0
0
0
0
0
0
0
0
0
0
0
0
0
0
0
0
0
0
0
0
0
0
0
1.618868e+08
0
0
0
0
0
0
0
0
1.549491e+08
1.72067e+08
0
0
0
0
0
0
0
1.468588e+08
1.632667e+08
2.083889e+08
0
0
0
0
0
0
1.395385e+08
1.552939e+08
1.985716e+08
3.033146e+08
0
0
0
0
0
1.339659e+08
1.492228e+08
1.910548e+08
2.923915e+08
5.905486e+08
0
0
0
0
1.303631e+08
1.452763e+08
1.861466e+08
2.851834e+08
5.769453e+08
0
0
0
1.286408e+08
1.433954e+08
1.837797e+08
2.816444e+08
5.700351e+08
0
0
1.287391e+08
1.43488e+08
1.838776e+08
2.816941e+08
5.697197e+08
0
1.306457e+08
1.455772e+08
1.864339e+08
2.853338e+08
5.760486e+08
1.344636e+08
1.497366e+08
1.915606e+08
2.926472e+08
5.889134e+08
1.560621e+08
1.993066e+08
3.036381e+08
6.079816e+08
2.093538e+08
3.177022e+08
6.316732e+08
3.328191e+08
6.562787e+08
6.763037e+08
0
0
0
0
0
0
0
0
0
0
0
0
0
0
0
0
0
0
0
0
0
0
0
0
0
0
0
0
0
1.669856e+08
0
0
0
0
0
0
0
0
1.620037e+08
1.796874e+08
0
0
0
0
0
0
0
1.550781e+08
1.721666e+08
2.191692e+08
0
0
0
0
0
0
1.469881e+08
1.633864e+08
2.084541e+08
3.172456e+08
0
0
0
0
0
1.396492e+08
1.55417e+08
1.986711e+08
3.032833e+08
6.098377e+08
0
0
0
0
1.340742e+08
1.493302e+08
1.911607e+08
2.924271e+08
5.90089e+08
0
0
0
1.304568e+08
1.453818e+08
1.862447e+08
2.852279e+08
5.766283e+08
0
0
1.287391e+08
1.43488e+08
1.838776e+08
2.81694e+08
5.697197e+08
0
1.28826e+08
1.435868e+08
1.839654e+08
2.817449e+08
5.694553e+08
1.307361e+08
1.456666e+08
1.865296e+08
2.853838e+08
5.757695e+08
1.498318e+08
1.916501e+08
2.927039e+08
5.886783e+08
1.994048e+08
3.036968e+08
6.077263e+08
3.177685e+08
6.314583e+08
6.560407e+08
0
0
0
0
0
0
0
0
0
0
0
0
0
0
0
0
0
0
0
1.701723e+08
0
0
0
0
0
0
0
0
1.671137e+08
1.852004e+08
0
0
0
0
0
0
0
1.62138e+08
1.798032e+08
2.283646e+08
0
0
0
0
0
0
1.55211e+08
1.722963e+08
2.192542e+08
3.322326e+08
0
0
0
0
0
1.47105e+08
1.635166e+08
2.085664e+08
3.172358e+08
6.337645e+08
0
0
0
0
1.397637e+08
1.555287e+08
1.987876e+08
3.033286e+08
6.0939e+08
0
0
0
1.34172e+08
1.494393e+08
1.912629e+08
2.924798e+08
5.897716e+08
0
0
1.305571e+08
1.454762e+08
1.863442e+08
2.852814e+08
5.763129e+08
0
1.28826e+08
1.435868e+08
1.839654e+08
2.817449e+08
5.694553e+08
1.289149e+08
1.436745e+08
1.840588e+08
2.817932e+08
5.691764e+08
1.457574e+08
1.86615e+08
2.85436e+08
5.75535e+08
1.917401e+08
2.927572e+08
5.88422e+08
3.037532e+08
6.075122e+08
6.312187e+08
0
0
0
0
0
0
0
0
0
1.716846e+08
0
0
0
0
0
0
0
0
1.703043e+08
1.886419e+08
0
0
0
0
0
0
0
1.672478e+08
1.853277e+08
2.349839e+08
0
0
0
0
0
0
1.622728e+08
1.799381e+08
2.284675e+08
3.448538e+08
0
0
0
0
0
1.553331e+08
1.724301e+08
2.193769e+08
3.322448e+08
6.585731e+08
0
0
0
0
1.47227e+08
1.636345e+08
2.086902e+08
3.172936e+08
6.333324e+08
0
0
0
1.398675e+08
1.556441e+08
1.988941e+08
3.033918e+08
6.090733e+08
0
0
1.342765e+08
1.49538e+08
1.91366e+08
2.92537e+08
5.894574e+08
0
1.306457e+08
1.455772e+08
1.864339e+08
2.853337e+08
5.760486e+08
1.289149e+08
1.436745e+08
1.840588e+08
2.817932e+08
5.691764e+08
1.437637e+08
1.841424e+08
2.818432e+08
5.689424e+08
1.867002e+08
2.854855e+08
5.752782e+08
2.928054e+08
5.882089e+08
6.072695e+08
0
0
0
0
0
0
0
0
1.718178e+08
1.902735e+08
0
0
0
0
0
0
0
1.70439e+08
1.887732e+08
2.390982e+08
0
0
0
0
0
0
1.673844e+08
1.854623e+08
2.350993e+08
3.538403e+08
0
0
0
0
0
1.623983e+08
1.800738e+08
2.285952e+08
3.448856e+08
6.788323e+08
0
0
0
0
1.554594e+08
1.725532e+08
2.195041e+08
3.323122e+08
6.581579e+08
0
0
0
1.473377e+08
1.637576e+08
2.088031e+08
3.173636e+08
6.330175e+08
0
0
1.399779e+08
1.557489e+08
1.99004e+08
3.034527e+08
6.087612e+08
0
1.34369e+08
1.496433e+08
1.914603e+08
2.925928e+08
5.891924e+08
1.307361e+08
1.456666e+08
1.865295e+08
2.853838e+08
5.757694e+08
1.437637e+08
1.841424e+08
2.818432e+08
5.689424e+08
1.842259e+08
2.81891e+08
5.686855e+08
2.85529e+08
5.750658e+08
5.87964e+08
0
0
0
0
0
0
0
1.71953e+08
1.904061e+08
2.410431e+08
0
0
0
0
0
0
1.705761e+08
1.889083e+08
2.392179e+08
3.59375e+08
0
0
0
0
0
1.675123e+08
1.855996e+08
2.352261e+08
3.538859e+08
6.928827e+08
0
0
0
0
1.625271e+08
1.802002e+08
2.287239e+08
3.449569e+08
6.784322e+08
0
0
0
1.555752e+08
1.726806e+08
2.196221e+08
3.323847e+08
6.578434e+08
0
0
1.474549e+08
1.638693e+08
2.089209e+08
3.174302e+08
6.327068e+08
0
1.400759e+08
1.558602e+08
1.991046e+08
3.03515e+08
6.084952e+08
1.344637e+08
1.497367e+08
1.915606e+08
2.926471e+08
5.889134e+08
1.457575e+08
1.86615e+08
2.85436e+08
5.75535e+08
1.842259e+08
2.81891e+08
5.686855e+08
2.819329e+08
5.684737e+08
5.748201e+08
0
0
0
0
0
0
1.720902e+08
1.905416e+08
2.411641e+08
3.619746e+08
0
0
0
0
0
1.707049e+08
1.890459e+08
2.39345e+08
3.594253e+08
7.013438e+08
0
0
0
0
1.676432e+08
1.857283e+08
2.353562e+08
3.539551e+08
6.924933e+08
0
0
0
1.626472e+08
1.8033e+08
2.288449e+08
3.450299e+08
6.781161e+08
0
0
1.55698e+08
1.727975e+08
2.197442e+08
3.324553e+08
6.575325e+08
0
1.475603e+08
1.639876e+08
2.090286e+08
3.175e+08
6.324401e+08
1.401781e+08
1.559593e+08
1.992112e+08
3.035752e+08
6.082172e+08
1.498319e+08
1.916502e+08
2.927038e+08
5.886783e+08
1.867003e+08
2.854855e+08
5.752782e+08
2.819329e+08
5.684737e+08
5.682278e+08
0
0
0
0
0
1.722192e+08
1.906792e+08
2.412915e+08
3.620263e+08
7.052549e+08
0
0
0
0
1.708361e+08
1.891754e+08
2.394752e+08
3.594938e+08
7.00959e+08
0
0
0
1.677656e+08
1.8586e+08
2.354792e+08
3.540285e+08
6.921733e+08
0
0
1.627754e+08
1.804511e+08
2.289692e+08
3.451023e+08
6.778038e+08
0
1.558115e+08
1.729214e+08
2.19857e+08
3.325286e+08
6.572638e+08
1.476717e+08
1.640941e+08
2.091424e+08
3.175667e+08
6.321636e+08
1.560622e+08
1.993067e+08
3.036381e+08
6.079816e+08
1.917402e+08
2.927572e+08
5.88422e+08
2.855291e+08
5.750659e+08
5.682278e+08
0
0
0
0
1.723504e+08
1.908089e+08
2.414215e+08
3.620947e+08
7.048718e+08
0
0
0
1.709607e+08
1.893073e+08
2.395986e+08
3.595667e+08
7.006363e+08
0
0
1.678987e+08
1.859833e+08
2.356051e+08
3.541018e+08
6.918594e+08
0
1.628954e+08
1.805804e+08
2.290859e+08
3.451768e+08
6.775321e+08
1.559288e+08
1.730361e+08
2.199765e+08
3.325991e+08
6.569871e+08
1.642064e+08
2.092457e+08
3.176364e+08
6.319271e+08
1.994048e+08
3.036969e+08
6.077263e+08
2.928055e+08
5.882089e+08
5.748201e+08
0
0
0
1.724762e+08
1.909408e+08
2.415449e+08
3.621669e+08
7.045476e+08
0
0
1.710953e+08
1.894327e+08
2.397245e+08
3.596395e+08
7.003206e+08
0
1.680219e+08
1.861174e+08
2.357238e+08
3.54177e+08
6.915846e+08
1.630149e+08
1.807015e+08
2.292109e+08
3.452501e+08
6.772542e+08
1.731544e+08
2.200881e+08
3.326738e+08
6.567482e+08
2.093538e+08
3.177022e+08
6.316732e+08
3.037533e+08
6.075122e+08
5.87964e+08
0
0
1.726111e+08
1.910674e+08
2.416706e+08
3.622392e+08
7.042308e+08
0
1.712172e+08
1.895683e+08
2.398451e+08
3.597141e+08
7.000429e+08
1.681402e+08
1.862417e+08
2.358535e+08
3.542512e+08
6.913054e+08
1.808219e+08
2.293289e+08
3.453296e+08
6.770125e+08
2.202023e+08
3.327471e+08
6.564949e+08
3.177686e+08
6.314583e+08
6.072695e+08
0
1.727323e+08
1.912031e+08
2.417923e+08
3.623132e+08
7.039515e+08
1.713353e+08
1.896911e+08
2.399762e+08
3.597894e+08
6.997621e+08
1.863607e+08
2.359744e+08
3.543349e+08
6.910605e+08
2.29445e+08
3.454082e+08
6.767597e+08
3.328191e+08
6.562787e+08
6.312186e+08
1.728505e+08
1.913252e+08
2.419235e+08
3.623893e+08
7.036696e+08
1.898098e+08
2.400952e+08
3.598739e+08
6.99515e+08
2.360888e+08
3.544154e+08
6.908081e+08
3.454814e+08
6.765417e+08
6.560407e+08
1.914439e+08
2.420415e+08
3.624736e+08
7.034214e+08
2.402089e+08
3.599515e+08
6.992617e+08
3.54486e+08
6.905876e+08
6.763037e+08
2.421551e+08
3.625498e+08
7.031674e+08
3.60021e+08
6.990376e+08
6.903477e+08
3.626188e+08
7.029412e+08
6.987963e+08
7.026994e+08
)
;

boundaryField
{
    interconnect0
    {
        type            zeroGradient;
    }
    interconnectSides
    {
        type            zeroGradient;
    }
    cathodeSides
    {
        type            zeroGradient;
    }
    phiEC_to_phiE0
    {
        type            zeroGradient;
    }
    procBoundary1to0
    {
        type            processor;
        value           uniform 0;
    }
    procBoundary1to2
    {
        type            processor;
        value           uniform 0;
    }
}
)

// processor2

21471
(dimensions      [0 -3 0 0 0 1 0];

internalField   nonuniform List<scalar> 
5000
(
0
0
0
0
0
0
0
0
0
0
0
0
0
0
0
0
0
0
0
0
0
0
0
0
0
0
0
0
0
0
0
0
0
0
0
0
0
0
0
0
0
0
0
0
0
0
0
0
0
0
0
0
0
0
0
0
0
0
0
0
0
0
0
0
0
0
0
0
0
0
0
0
0
0
0
0
0
0
0
0
0
0
0
0
0
0
0
0
0
0
0
0
0
0
0
0
0
0
0
0
0
0
0
0
0
0
0
0
0
0
0
0
0
0
0
0
0
0
0
0
0
0
0
0
0
0
0
0
0
0
0
0
0
0
0
0
0
0
0
0
0
0
0
0
0
0
0
0
0
0
0
0
0
0
0
0
0
0
0
0
0
0
0
0
0
0
0
0
0
0
0
0
0
0
0
0
0
0
0
0
0
0
0
0
0
0
0
0
0
0
0
0
0
0
0
0
0
0
0
0
0
0
0
0
0
0
0
0
0
0
0
0
0
0
0
0
0
0
0
0
0
0
0
0
0
0
0
0
0
0
0
0
0
0
0
0
0
0
0
0
0
0
0
0
0
0
0
0
0
0
0
0
0
0
0
0
0
0
0
0
0
0
0
0
0
0
0
0
0
0
0
0
0
0
0
0
0
0
0
0
0
0
0
0
0
0
0
0
0
0
0
0
0
0
0
0
0
0
0
0
0
0
0
0
0
0
0
0
0
0
0
0
0
0
0
0
0
0
0
0
0
0
0
0
0
0
0
0
0
0
0
0
0
0
0
0
0
0
0
0
0
0
0
0
0
0
0
0
0
0
0
0
0
0
0
0
0
0
0
0
0
0
0
0
0
0
0
0
0
0
0
0
0
0
0
0
0
0
0
0
0
0
0
0
0
0
0
0
0
0
0
0
0
0
0
0
0
0
0
0
0
0
0
0
0
0
0
0
0
0
0
0
0
0
0
0
0
0
0
0
0
0
0
0
0
0
0
0
0
0
0
0
0
0
0
0
0
0
0
0
0
0
0
0
0
0
0
0
0
0
0
0
0
0
0
0
0
0
0
0
0
0
0
0
0
0
0
0
0
0
0
0
0
0
0
0
0
0
0
0
0
0
0
0
0
0
0
0
0
0
0
0
0
0
0
0
0
0
0
0
0
0
0
0
0
0
0
0
0
0
0
0
0
0
0
0
0
0
0
0
0
0
0
0
0
0
0
0
0
0
0
0
0
0
0
0
0
0
0
0
0
0
0
0
0
0
0
0
0
0
0
0
0
0
0
0
0
0
0
0
0
0
0
0
0
0
0
0
0
0
0
0
0
0
0
0
0
0
0
0
0
0
0
0
0
0
0
0
0
0
0
0
0
0
0
0
0
0
0
0
0
0
0
0
0
0
0
0
0
0
0
0
0
0
0
0
0
0
0
0
0
0
0
0
0
0
0
0
0
0
0
0
0
0
0
0
0
0
0
0
0
0
0
0
0
0
0
0
0
0
0
0
0
0
0
0
0
0
0
0
0
0
0
0
0
0
0
0
0
0
0
0
0
0
0
0
0
0
0
0
0
0
0
0
0
0
0
0
0
0
0
0
0
0
0
0
0
0
0
0
0
0
0
0
0
0
0
0
0
0
0
0
0
0
0
0
0
0
0
0
0
0
0
0
0
0
0
0
0
0
0
0
0
0
0
0
0
0
0
0
0
0
0
0
0
0
0
0
0
0
0
0
0
0
0
0
0
0
0
0
0
0
0
0
0
0
0
0
0
0
0
0
0
0
0
0
0
0
0
0
0
0
0
0
0
0
0
0
0
0
0
0
0
0
0
0
0
0
0
0
0
0
0
0
0
0
0
0
0
0
0
0
0
0
0
0
0
0
0
0
0
0
0
0
0
0
0
0
0
0
0
0
0
0
0
0
0
0
0
0
0
0
0
0
0
0
0
0
0
0
0
0
0
0
0
0
0
0
0
0
0
0
0
0
0
0
0
0
0
0
0
0
0
0
0
0
0
0
0
0
0
0
0
0
0
0
0
0
0
0
0
0
0
0
0
0
0
0
0
0
0
0
0
0
0
0
0
0
0
0
0
0
0
0
0
0
0
0
0
0
0
0
0
0
0
0
0
0
0
0
0
0
0
0
0
0
0
0
0
0
0
0
0
0
0
0
0
0
0
0
0
0
0
0
0
0
0
0
0
0
0
0
0
0
0
0
0
0
0
0
0
0
0
0
0
0
0
0
0
0
0
0
0
0
0
0
0
0
0
0
0
0
0
0
0
0
0
0
0
0
0
0
0
0
0
0
0
0
0
0
0
0
0
0
0
0
0
0
0
0
0
0
0
0
0
0
0
0
0
0
0
0
0
0
0
0
0
0
0
0
0
0
0
0
0
0
0
0
0
0
0
0
0
0
0
0
0
0
0
0
0
0
0
0
0
0
0
0
0
0
0
0
0
0
0
0
0
0
0
0
0
0
0
0
0
0
0
0
0
0
0
0
0
0
0
0
0
0
0
0
0
0
0
0
0
0
0
0
0
0
0
0
0
0
0
0
0
0
0
0
0
0
0
0
0
0
0
0
0
0
0
0
0
0
0
0
0
0
0
0
0
0
0
0
0
0
0
0
0
0
0
0
0
0
0
0
0
0
0
0
0
0
0
0
0
0
0
0
0
0
0
0
0
0
0
0
0
0
0
0
0
0
0
0
0
0
0
0
0
0
0
0
0
0
0
0
0
0
0
0
0
0
0
0
0
0
0
0
0
0
0
0
0
0
0
0
0
0
0
0
0
0
0
0
0
0
0
0
0
0
0
0
0
0
0
0
0
0
0
0
0
0
0
0
0
0
0
0
0
0
0
0
0
0
0
0
0
0
0
0
0
0
0
0
0
0
0
0
0
0
0
0
0
0
0
0
0
0
0
0
0
0
0
0
0
0
0
0
0
0
0
0
0
0
0
0
0
0
0
0
0
0
0
0
0
0
0
0
0
0
0
0
0
0
0
0
0
0
0
0
0
0
0
0
0
0
0
0
0
0
0
0
0
0
0
0
0
0
0
0
0
0
0
0
0
0
0
0
0
0
0
0
0
0
0
0
0
0
0
0
0
0
0
0
0
0
0
0
0
0
0
0
0
0
0
0
0
0
0
0
0
0
0
0
0
0
0
0
0
0
0
0
0
0
0
0
0
0
0
0
0
0
0
0
0
0
0
0
0
0
0
0
0
0
0
0
0
0
0
0
0
0
0
0
0
0
0
0
0
0
0
0
0
0
0
0
0
0
0
0
0
0
0
0
0
0
0
0
0
0
0
0
0
0
0
0
0
0
0
0
0
0
0
0
0
0
0
0
0
0
0
0
0
0
0
0
0
0
0
0
0
0
0
0
0
0
0
0
0
0
0
0
0
0
0
0
0
0
0
0
0
0
0
0
0
0
0
0
0
0
0
0
0
0
0
0
0
0
0
0
0
0
0
0
0
0
0
0
0
0
0
0
0
0
0
0
0
0
0
0
0
0
0
0
0
0
0
0
0
0
0
0
0
0
0
0
0
0
0
0
0
0
0
0
0
0
0
0
0
0
0
0
0
0
0
0
0
0
0
0
0
0
0
0
0
0
0
0
0
0
0
0
0
0
0
0
0
0
0
0
0
0
0
0
0
0
0
0
0
0
0
0
0
0
0
0
0
0
0
0
0
0
0
0
0
0
0
0
0
0
0
0
0
0
0
0
0
0
0
0
0
0
0
0
0
0
0
0
0
0
0
0
0
0
0
0
0
0
0
0
0
0
0
0
0
0
0
0
0
0
0
0
0
0
0
0
0
0
0
0
0
0
0
0
0
0
0
0
0
0
0
0
0
0
0
0
0
0
0
0
0
0
0
0
0
0
0
0
0
0
0
0
0
0
0
0
0
0
0
0
0
0
0
0
0
0
0
0
0
0
0
0
0
0
0
0
0
0
0
0
0
0
0
0
0
0
0
0
0
0
0
0
0
0
0
1.729586e+08
0
0
0
0
0
0
0
0
0
0
0
0
0
0
0
0
0
0
0
0
0
0
0
0
0
0
0
0
0
0
0
0
0
0
0
0
0
0
0
0
0
0
0
0
0
0
0
0
0
0
0
0
0
0
0
0
0
0
0
0
0
0
0
0
0
0
0
0
0
0
0
0
0
0
0
0
0
0
0
0
0
0
0
0
0
0
0
0
0
0
0
0
0
0
0
0
0
0
0
0
0
0
0
0
0
0
0
0
0
0
0
0
0
0
0
0
0
1.714424e+08
0
0
0
0
0
0
0
0
1.730774e+08
1.915525e+08
0
0
0
0
0
0
0
0
0
0
0
0
0
0
0
0
0
0
0
0
0
0
0
0
0
0
0
0
0
0
0
0
0
0
0
0
0
0
0
0
0
0
0
0
0
0
0
0
0
0
0
0
0
0
0
0
0
0
0
0
0
0
0
0
0
0
0
0
0
0
0
0
0
0
0
0
0
0
0
0
0
0
0
0
0
0
0
0
0
0
0
0
0
0
0
0
0
0
0
0
0
0
0
0
0
0
0
0
0
0
0
0
0
0
0
1.68245e+08
0
0
0
0
0
0
0
0
1.715611e+08
1.899175e+08
0
0
0
0
0
0
0
1.73192e+08
1.916721e+08
2.422593e+08
0
0
0
0
0
0
0
0
0
0
0
0
0
0
0
0
0
0
0
0
0
0
0
0
0
0
0
0
0
0
0
0
0
0
0
0
0
0
0
0
0
0
0
0
0
0
0
0
0
0
0
0
0
0
0
0
0
0
0
0
0
0
0
0
0
0
0
0
0
0
0
0
0
0
0
0
0
0
0
0
0
0
0
0
0
0
0
0
0
0
0
0
0
0
0
0
0
0
0
0
0
0
0
0
0
0
0
0
0
0
0
0
0
0
1.631165e+08
0
0
0
0
0
0
0
0
1.683625e+08
1.864661e+08
0
0
0
0
0
0
0
1.716749e+08
1.900369e+08
2.403122e+08
0
0
0
0
0
0
1.733182e+08
1.917875e+08
2.423747e+08
3.626832e+08
0
0
0
0
0
0
0
0
0
0
0
0
0
0
0
0
0
0
0
0
0
0
0
0
0
0
0
0
0
0
0
0
0
0
0
0
0
0
0
0
0
0
0
0
0
0
0
0
0
0
0
0
0
0
0
0
0
0
0
0
0
0
0
0
0
0
0
0
0
0
0
0
0
0
0
0
0
0
0
0
0
0
0
0
0
0
0
0
0
0
0
0
0
0
0
0
0
0
0
0
0
0
0
0
0
0
0
0
0
0
0
0
0
0
1.560255e+08
0
0
0
0
0
0
0
0
1.632334e+08
1.809239e+08
0
0
0
0
0
0
0
1.684756e+08
1.865844e+08
2.361897e+08
0
0
0
0
0
0
1.718003e+08
1.901516e+08
2.404276e+08
3.600846e+08
0
0
0
0
0
1.734386e+08
1.919147e+08
2.424874e+08
3.62757e+08
7.024839e+08
0
0
0
0
0
0
0
0
0
0
0
0
0
0
0
0
0
0
0
0
0
0
0
0
0
0
0
0
0
0
0
0
0
0
0
0
0
0
0
0
0
0
0
0
0
0
0
0
0
0
0
0
0
0
0
0
0
0
0
0
0
0
0
0
0
0
0
0
0
0
0
0
0
0
0
0
0
0
0
0
0
0
0
0
0
0
0
0
0
0
0
0
0
0
0
0
0
0
0
0
0
0
0
0
0
0
0
0
0
0
0
0
0
1.477614e+08
0
0
0
0
0
0
0
0
1.561411e+08
1.732514e+08
0
0
0
0
0
0
0
1.633426e+08
1.810418e+08
2.295426e+08
0
0
0
0
0
0
1.68598e+08
1.866985e+08
2.363042e+08
3.545476e+08
0
0
0
0
0
1.719201e+08
1.90278e+08
2.405397e+08
3.601587e+08
6.98581e+08
0
0
0
0
1.735655e+08
1.920362e+08
2.426118e+08
3.628338e+08
7.0226e+08
0
0
0
0
0
0
0
0
0
0
0
0
0
0
0
0
0
0
0
0
0
0
0
0
0
0
0
0
0
0
0
0
0
0
0
0
0
0
0
0
0
0
0
0
0
0
0
0
0
0
0
0
0
0
0
0
0
0
0
0
0
0
0
0
0
0
0
0
0
0
0
0
0
0
0
0
0
0
0
0
0
0
0
0
0
0
0
0
0
0
0
0
0
0
0
0
0
0
0
0
0
0
0
0
0
0
0
0
0
0
0
1.402583e+08
0
0
0
0
0
0
0
0
1.478728e+08
1.642962e+08
0
0
0
0
0
0
0
1.56247e+08
1.73368e+08
2.202947e+08
0
0
0
0
0
0
1.634628e+08
1.811521e+08
2.296569e+08
3.455399e+08
0
0
0
0
0
1.687175e+08
1.868219e+08
2.364158e+08
3.546212e+08
6.901321e+08
0
0
0
0
1.720466e+08
1.903989e+08
2.406633e+08
3.602352e+08
6.983576e+08
0
0
0
1.736856e+08
1.921642e+08
2.427318e+08
3.629196e+08
7.020676e+08
0
0
0
0
0
0
0
0
0
0
0
0
0
0
0
0
0
0
0
0
0
0
0
0
0
0
0
0
0
0
0
0
0
0
0
0
0
0
0
0
0
0
0
0
0
0
0
0
0
0
0
0
0
0
0
0
0
0
0
0
0
0
0
0
0
0
0
0
0
0
0
0
0
0
0
0
0
0
0
0
0
0
0
0
0
0
0
0
0
0
0
0
0
0
0
0
0
0
0
0
0
0
0
0
0
0
0
0
1.345347e+08
0
0
0
0
0
0
0
0
1.403656e+08
1.561422e+08
0
0
0
0
0
0
0
1.479738e+08
1.644087e+08
2.094385e+08
0
0
0
0
0
0
1.563632e+08
1.73475e+08
2.204079e+08
3.328726e+08
0
0
0
0
0
1.63575e+08
1.812734e+08
2.297648e+08
3.456141e+08
6.760869e+08
0
0
0
0
1.688441e+08
1.869426e+08
2.365365e+08
3.546979e+08
6.899093e+08
0
0
0
1.721673e+08
1.905267e+08
2.407828e+08
3.603204e+08
6.981663e+08
0
0
1.738092e+08
1.922855e+08
2.428576e+08
3.630065e+08
7.018616e+08
0
0
0
0
0
0
0
0
0
0
0
0
0
0
0
0
0
0
0
0
0
0
0
0
0
0
0
0
0
0
0
0
0
0
0
0
0
0
0
0
0
0
0
0
0
0
0
0
0
0
0
0
0
0
0
0
0
0
0
0
0
0
0
0
0
0
0
0
0
0
0
0
0
0
0
0
0
0
0
0
0
0
0
0
0
0
0
0
0
0
0
0
0
0
0
0
0
0
0
0
0
0
0
0
1.307999e+08
0
0
0
0
0
0
0
0
1.346368e+08
1.499024e+08
0
0
0
0
0
0
0
1.404618e+08
1.562504e+08
1.994789e+08
0
0
0
0
0
0
1.480842e+08
1.645107e+08
2.095477e+08
3.178141e+08
0
0
0
0
0
1.564702e+08
1.735923e+08
2.205129e+08
3.329465e+08
6.558209e+08
0
0
0
0
1.636973e+08
1.813869e+08
2.298835e+08
3.45688e+08
6.758652e+08
0
0
0
1.689666e+08
1.870703e+08
2.366558e+08
3.547805e+08
6.897201e+08
0
0
1.722924e+08
1.906486e+08
2.409084e+08
3.604071e+08
6.979603e+08
0
1.739235e+08
1.924102e+08
2.429779e+08
3.630957e+08
7.016863e+08
0
0
0
0
0
0
0
0
0
0
0
0
0
0
0
0
0
0
0
0
0
0
0
0
0
0
0
0
0
0
0
0
0
0
0
0
0
0
0
0
0
0
0
0
0
0
0
0
0
0
0
0
0
0
0
0
0
0
0
0
0
0
0
0
0
0
0
0
0
0
0
0
0
0
0
0
0
0
0
0
0
0
0
0
0
0
0
0
0
0
0
0
0
0
0
0
0
0
0
1.289754e+08
0
0
0
0
0
0
0
0
1.30898e+08
1.458204e+08
0
0
0
0
0
0
0
1.347294e+08
1.500054e+08
1.918038e+08
0
0
0
0
0
0
1.405664e+08
1.563476e+08
1.995839e+08
3.037875e+08
0
0
0
0
0
1.481835e+08
1.646222e+08
2.096477e+08
3.178846e+08
6.309936e+08
0
0
0
0
1.56589e+08
1.737005e+08
2.206274e+08
3.330183e+08
6.556e+08
0
0
0
1.638093e+08
1.815105e+08
2.299957e+08
3.45769e+08
6.756776e+08
0
0
1.690893e+08
1.871938e+08
2.367816e+08
3.548676e+08
6.895135e+08
0
1.724101e+08
1.907746e+08
2.410296e+08
3.604963e+08
6.977858e+08
1.740458e+08
1.925257e+08
2.431006e+08
3.631849e+08
7.01492e+08
0
0
0
0
0
0
0
0
0
0
0
0
0
0
0
0
0
0
0
0
0
0
0
0
0
0
0
0
0
0
0
0
0
0
0
0
0
0
0
0
0
0
0
0
0
0
0
0
0
0
0
0
0
0
0
0
0
0
0
0
0
0
0
0
0
0
0
0
0
0
0
0
0
0
0
0
0
0
0
0
0
0
0
0
0
0
0
0
0
0
0
0
0
1.289754e+08
0
0
0
0
0
0
0
0
1.29071e+08
1.438233e+08
0
0
0
0
0
0
0
1.309872e+08
1.459193e+08
1.867557e+08
0
0
0
0
0
0
1.348297e+08
1.500989e+08
1.919032e+08
2.928284e+08
0
0
0
0
0
1.40659e+08
1.564533e+08
1.99679e+08
3.038543e+08
6.070376e+08
0
0
0
0
1.48295e+08
1.647226e+08
2.097564e+08
3.179525e+08
6.307722e+08
0
0
0
1.566996e+08
1.738206e+08
2.207342e+08
3.330958e+08
6.554147e+08
0
0
1.639295e+08
1.816241e+08
2.301174e+08
3.458497e+08
6.754709e+08
0
1.692003e+08
1.873178e+08
2.369044e+08
3.549573e+08
6.893409e+08
1.72533e+08
1.908932e+08
2.411536e+08
3.605864e+08
6.975917e+08
1.926491e+08
2.432151e+08
3.632724e+08
7.013283e+08
0
0
0
0
0
0
0
0
0
0
0
0
0
0
0
0
0
0
0
0
0
0
0
0
0
0
0
0
0
0
0
0
0
0
0
0
0
0
0
0
0
0
0
0
0
0
0
0
0
0
0
0
0
0
0
0
0
0
0
0
0
0
0
0
0
0
0
0
0
0
0
0
0
0
0
0
0
0
0
0
0
0
0
0
0
0
1.307999e+08
0
0
0
0
0
0
0
0
1.29071e+08
1.438233e+08
0
0
0
0
0
0
0
1.291581e+08
1.439196e+08
1.842776e+08
0
0
0
0
0
0
1.310853e+08
1.460093e+08
1.868507e+08
2.855432e+08
0
0
0
0
0
1.349168e+08
1.502e+08
1.919946e+08
2.928898e+08
5.877258e+08
0
0
0
0
1.407628e+08
1.565468e+08
1.997816e+08
3.039179e+08
6.068155e+08
0
0
0
1.483985e+08
1.648352e+08
2.098552e+08
3.180246e+08
6.305885e+08
0
0
1.568172e+08
1.739324e+08
2.208524e+08
3.331718e+08
6.552069e+08
0
1.640362e+08
1.817456e+08
2.302304e+08
3.459357e+08
6.752981e+08
1.693186e+08
1.874301e+08
2.370267e+08
3.550502e+08
6.89147e+08
1.910171e+08
2.412713e+08
3.606757e+08
6.974275e+08
2.433368e+08
3.633572e+08
7.011424e+08
0
0
0
0
0
0
0
0
0
0
0
0
0
0
0
0
0
0
0
0
0
0
0
0
0
0
0
0
0
0
0
0
0
0
0
0
0
0
0
0
0
0
0
0
0
0
0
0
0
0
0
0
0
0
0
0
0
0
0
0
0
0
0
0
0
0
0
0
0
0
0
0
0
0
0
0
0
0
1.345347e+08
0
0
0
0
0
0
0
0
1.308979e+08
1.458205e+08
0
0
0
0
0
0
0
1.29158e+08
1.439196e+08
1.842776e+08
0
0
0
0
0
0
1.292551e+08
1.440074e+08
1.843699e+08
2.81943e+08
0
0
0
0
0
1.311687e+08
1.461082e+08
1.869384e+08
2.856002e+08
5.745772e+08
0
0
0
0
1.35015e+08
1.502879e+08
1.920925e+08
2.929503e+08
5.875027e+08
0
0
0
1.408572e+08
1.566516e+08
1.998732e+08
3.039842e+08
6.066328e+08
0
0
1.485102e+08
1.649398e+08
2.099655e+08
3.180932e+08
6.303791e+08
0
1.569262e+08
1.740513e+08
2.209637e+08
3.332546e+08
6.550348e+08
1.641517e+08
1.818538e+08
2.303503e+08
3.460192e+08
6.751027e+08
1.875496e+08
2.371382e+08
3.551375e+08
6.889892e+08
2.413934e+08
3.607639e+08
6.97244e+08
3.63445e+08
7.009867e+08
0
0
0
0
0
0
0
0
0
0
0
0
0
0
0
0
0
0
0
0
0
0
0
0
0
0
0
0
0
0
0
0
0
0
0
0
0
0
0
0
0
0
0
0
0
0
0
0
0
0
0
0
0
0
0
0
0
0
0
0
0
0
0
0
0
0
0
0
0
1.402583e+08
0
0
0
0
0
0
0
0
1.346367e+08
1.499024e+08
0
0
0
0
0
0
0
1.30987e+08
1.459192e+08
1.867557e+08
0
0
0
0
0
0
1.29255e+08
1.440073e+08
1.843698e+08
2.81943e+08
0
0
0
0
0
1.293369e+08
1.441052e+08
1.844552e+08
2.819973e+08
5.679827e+08
0
0
0
0
1.312631e+08
1.461923e+08
1.87034e+08
2.856573e+08
5.743536e+08
0
0
0
1.351014e+08
1.50387e+08
1.921783e+08
2.930121e+08
5.87321e+08
0
0
1.40962e+08
1.567469e+08
1.999754e+08
3.040462e+08
6.064218e+08
0
1.486147e+08
1.650527e+08
2.100693e+08
3.181684e+08
6.30207e+08
1.57038e+08
1.741615e+08
2.210809e+08
3.33337e+08
6.548378e+08
1.819704e+08
2.30458e+08
3.461047e+08
6.74941e+08
2.372559e+08
3.552201e+08
6.888006e+08
3.608521e+08
6.970901e+08
7.008083e+08
0
0
0
0
0
0
0
0
0
0
0
0
0
0
0
0
0
0
0
0
0
0
0
0
0
0
0
0
0
0
0
0
0
0
0
0
0
0
0
0
0
0
0
0
0
0
0
0
0
0
0
0
0
0
0
0
0
0
0
1.477614e+08
0
0
0
0
0
0
0
0
1.403654e+08
1.561422e+08
0
0
0
0
0
0
0
1.347291e+08
1.500052e+08
1.918038e+08
0
0
0
0
0
0
1.310852e+08
1.46009e+08
1.868506e+08
2.855432e+08
0
0
0
0
0
1.293369e+08
1.441051e+08
1.844551e+08
2.819973e+08
5.679827e+08
0
0
0
0
1.294292e+08
1.441876e+08
1.845497e+08
2.820521e+08
5.677587e+08
0
0
0
1.313446e+08
1.462874e+08
1.871158e+08
2.857169e+08
5.741724e+08
0
0
1.352002e+08
1.504742e+08
1.922744e+08
2.930685e+08
5.871091e+08
0
1.410595e+08
1.568528e+08
2.000695e+08
3.041133e+08
6.062497e+08
1.487231e+08
1.651583e+08
2.101803e+08
3.182439e+08
6.30007e+08
1.742745e+08
2.211908e+08
3.334202e+08
6.546773e+08
2.305727e+08
3.461841e+08
6.747536e+08
3.553042e+08
6.886465e+08
6.969116e+08
0
0
0
0
0
0
0
0
0
0
0
0
0
0
0
0
0
0
0
0
0
0
0
0
0
0
0
0
0
0
0
0
0
0
0
0
0
0
0
0
0
0
0
0
0
0
0
0
0
1.560255e+08
0
0
0
0
0
0
0
0
1.478727e+08
1.642962e+08
0
0
0
0
0
0
0
1.404615e+08
1.562503e+08
1.99479e+08
0
0
0
0
0
0
1.348294e+08
1.500985e+08
1.919031e+08
2.928285e+08
0
0
0
0
0
1.311685e+08
1.46108e+08
1.869381e+08
2.856002e+08
5.745772e+08
0
0
0
0
1.294292e+08
1.441876e+08
1.845496e+08
2.82052e+08
5.677587e+08
0
0
0
1.29509e+08
1.442806e+08
1.846298e+08
2.821107e+08
5.675778e+08
0
0
1.314389e+08
1.463695e+08
1.872077e+08
2.857696e+08
5.739604e+08
0
1.352913e+08
1.505738e+08
1.923598e+08
2.931297e+08
5.869372e+08
1.411638e+08
1.569512e+08
2.001731e+08
3.041793e+08
6.060469e+08
1.652678e+08
2.102856e+08
3.183211e+08
6.298459e+08
2.213019e+08
3.335027e+08
6.544881e+08
3.462653e+08
6.745992e+08
6.884661e+08
0
0
0
0
0
0
0
0
0
0
0
0
0
0
0
0
0
0
0
0
0
0
0
0
0
0
0
0
0
0
0
0
0
0
0
0
0
0
0
1.631165e+08
0
0
0
0
0
0
0
0
1.561408e+08
1.732514e+08
0
0
0
0
0
0
0
1.479735e+08
1.644085e+08
2.094385e+08
0
0
0
0
0
0
1.40566e+08
1.563474e+08
1.995837e+08
3.037876e+08
0
0
0
0
0
1.349164e+08
1.501997e+08
1.919942e+08
2.928897e+08
5.877258e+08
0
0
0
0
1.31263e+08
1.46192e+08
1.870339e+08
2.85657e+08
5.743535e+08
0
0
0
1.29509e+08
1.442805e+08
1.846297e+08
2.821106e+08
5.675777e+08
0
0
1.296011e+08
1.443609e+08
1.847194e+08
2.821618e+08
5.673659e+08
0
1.315253e+08
1.464646e+08
1.872877e+08
2.858266e+08
5.737888e+08
1.353907e+08
1.506657e+08
1.924568e+08
2.931872e+08
5.867328e+08
1.570565e+08
2.002709e+08
3.042491e+08
6.058844e+08
2.103932e+08
3.183995e+08
6.296536e+08
3.335804e+08
6.543362e+08
6.744168e+08
0
0
0
0
0
0
0
0
0
0
0
0
0
0
0
0
0
0
0
0
0
0
0
0
0
0
0
0
0
1.682452e+08
0
0
0
0
0
0
0
0
1.632332e+08
1.80924e+08
0
0
0
0
0
0
0
1.562466e+08
1.733677e+08
2.202947e+08
0
0
0
0
0
0
1.480837e+08
1.645104e+08
2.095475e+08
3.178141e+08
0
0
0
0
0
1.406584e+08
1.564529e+08
1.996787e+08
3.038541e+08
6.070376e+08
0
0
0
0
1.350147e+08
1.502875e+08
1.920922e+08
2.929499e+08
5.875027e+08
0
0
0
1.31345e+08
1.462873e+08
1.871155e+08
2.857168e+08
5.741723e+08
0
0
1.29601e+08
1.44361e+08
1.847193e+08
2.821617e+08
5.673659e+08
0
1.296842e+08
1.444537e+08
1.847975e+08
2.822165e+08
5.671945e+08
1.316212e+08
1.465517e+08
1.873799e+08
2.858788e+08
5.735836e+08
1.50766e+08
1.925478e+08
2.932503e+08
5.865693e+08
2.003741e+08
3.043204e+08
6.056889e+08
3.18474e+08
6.295015e+08
6.541511e+08
0
0
0
0
0
0
0
0
0
0
0
0
0
0
0
0
0
0
0
1.714425e+08
0
0
0
0
0
0
0
0
1.683623e+08
1.864662e+08
0
0
0
0
0
0
0
1.633422e+08
1.810416e+08
2.295427e+08
0
0
0
0
0
0
1.563626e+08
1.734746e+08
2.204077e+08
3.328726e+08
0
0
0
0
0
1.481828e+08
1.646217e+08
2.096473e+08
3.178844e+08
6.309936e+08
0
0
0
0
1.407625e+08
1.565461e+08
1.997812e+08
3.039176e+08
6.068154e+08
0
0
0
1.351023e+08
1.503867e+08
1.921779e+08
2.930118e+08
5.873209e+08
0
0
1.314387e+08
1.463699e+08
1.872076e+08
2.857693e+08
5.739604e+08
0
1.296837e+08
1.444536e+08
1.847976e+08
2.822164e+08
5.671945e+08
1.297784e+08
1.445375e+08
1.848872e+08
2.822669e+08
5.66989e+08
1.466483e+08
1.874658e+08
2.859371e+08
5.734198e+08
1.926457e+08
2.933149e+08
5.863716e+08
3.043906e+08
6.055356e+08
6.293136e+08
0
0
0
0
0
0
0
0
0
1.729587e+08
0
0
0
0
0
0
0
0
1.715609e+08
1.899176e+08
0
0
0
0
0
0
0
1.684752e+08
1.865842e+08
2.361899e+08
0
0
0
0
0
0
1.63462e+08
1.811517e+08
2.296566e+08
3.4554e+08
0
0
0
0
0
1.564694e+08
1.735917e+08
2.205124e+08
3.329462e+08
6.558208e+08
0
0
0
0
1.482946e+08
1.647218e+08
2.097559e+08
3.179521e+08
6.307721e+08
0
0
0
1.408586e+08
1.566513e+08
1.998726e+08
3.039838e+08
6.066328e+08
0
0
1.351998e+08
1.504751e+08
1.922741e+08
2.93068e+08
5.871091e+08
0
1.315238e+08
1.464644e+08
1.872881e+08
2.858265e+08
5.737887e+08
1.297785e+08
1.44537e+08
1.848871e+08
2.82267e+08
5.66989e+08
1.446324e+08
1.849696e+08
2.823228e+08
5.668254e+08
1.875598e+08
2.859968e+08
5.732209e+08
2.933798e+08
5.862174e+08
6.05345e+08
0
0
0
0
0
0
0
0
1.730772e+08
1.915526e+08
0
0
0
0
0
0
0
1.716744e+08
1.900366e+08
2.403123e+08
0
0
0
0
0
0
1.685969e+08
1.866981e+08
2.363039e+08
3.545478e+08
0
0
0
0
0
1.635742e+08
1.812726e+08
2.297644e+08
3.456138e+08
6.760869e+08
0
0
0
0
1.565885e+08
1.736997e+08
2.206268e+08
3.330179e+08
6.555999e+08
0
0
0
1.484002e+08
1.648348e+08
2.098543e+08
3.18024e+08
6.305885e+08
0
0
1.409614e+08
1.567483e+08
1.999751e+08
3.040455e+08
6.064218e+08
0
1.352889e+08
1.505734e+08
1.923608e+08
2.931294e+08
5.869371e+08
1.316213e+08
1.465501e+08
1.873796e+08
2.858792e+08
5.735835e+08
1.446324e+08
1.84969e+08
2.823227e+08
5.668254e+08
1.850618e+08
2.823789e+08
5.66626e+08
2.860577e+08
5.730664e+08
5.860246e+08
0
0
0
0
0
0
0
1.731914e+08
1.916718e+08
2.422594e+08
0
0
0
0
0
0
1.717991e+08
1.901511e+08
2.404273e+08
3.600847e+08
0
0
0
0
0
1.687165e+08
1.868208e+08
2.364153e+08
3.54621e+08
6.901321e+08
0
0
0
0
1.636967e+08
1.813861e+08
2.298825e+08
3.456875e+08
6.758651e+08
0
0
0
1.567014e+08
1.738201e+08
2.207333e+08
3.330951e+08
6.554146e+08
0
0
1.485093e+08
1.649416e+08
2.099651e+08
3.180923e+08
6.30379e+08
0
1.410566e+08
1.568521e+08
2.00071e+08
3.04113e+08
6.062496e+08
1.353908e+08
1.506633e+08
1.924564e+08
2.931882e+08
5.867327e+08
1.466484e+08
1.87464e+08
2.859368e+08
5.734199e+08
1.850618e+08
2.823783e+08
5.66626e+08
2.82438e+08
5.664712e+08
5.728721e+08
0
0
0
0
0
0
1.73317e+08
1.917869e+08
2.423744e+08
3.626833e+08
0
0
0
0
0
1.719191e+08
1.902768e+08
2.405391e+08
3.601584e+08
6.98581e+08
0
0
0
0
1.688436e+08
1.869416e+08
2.365353e+08
3.546975e+08
6.899092e+08
0
0
0
1.638101e+08
1.815099e+08
2.299947e+08
3.45768e+08
6.756775e+08
0
0
1.568162e+08
1.739343e+08
2.208519e+08
3.331708e+08
6.552067e+08
0
1.486119e+08
1.650518e+08
2.100712e+08
3.18168e+08
6.302068e+08
1.411643e+08
1.569482e+08
2.001724e+08
3.041809e+08
6.060468e+08
1.507661e+08
1.925452e+08
2.932499e+08
5.865694e+08
1.875599e+08
2.85995e+08
5.732208e+08
2.824381e+08
5.66471e+08
5.662764e+08
0
0
0
0
0
1.734376e+08
1.919135e+08
2.424867e+08
3.627567e+08
7.024839e+08
0
0
0
0
1.720461e+08
1.90398e+08
2.40662e+08
3.602346e+08
6.983575e+08
0
0
0
1.689678e+08
1.870698e+08
2.366547e+08
3.547792e+08
6.8972e+08
0
0
1.639286e+08
1.81625e+08
2.301168e+08
3.458487e+08
6.754705e+08
0
1.569248e+08
1.740503e+08
2.209657e+08
3.33254e+08
6.550345e+08
1.487249e+08
1.651554e+08
2.101794e+08
3.182459e+08
6.300068e+08
1.57057e+08
2.002677e+08
3.042484e+08
6.058847e+08
1.926459e+08
2.933122e+08
5.863715e+08
2.860577e+08
5.730659e+08
5.662763e+08
0
0
0
0
1.735649e+08
1.920352e+08
2.426105e+08
3.628331e+08
7.022598e+08
0
0
0
1.721688e+08
1.905261e+08
2.407817e+08
3.60319e+08
6.98166e+08
0
0
1.690884e+08
1.871949e+08
2.36781e+08
3.548665e+08
6.89513e+08
0
1.640358e+08
1.817447e+08
2.302315e+08
3.45935e+08
6.752977e+08
1.570402e+08
1.741601e+08
2.210798e+08
3.333391e+08
6.548375e+08
1.652696e+08
2.102825e+08
3.1832e+08
6.298464e+08
2.003748e+08
3.043171e+08
6.056887e+08
2.9338e+08
5.862168e+08
5.72872e+08
0
0
0
1.736862e+08
1.921637e+08
2.427307e+08
3.629182e+08
7.020673e+08
0
0
1.722915e+08
1.906501e+08
2.409078e+08
3.60406e+08
6.979597e+08
0
1.692002e+08
1.873169e+08
2.369056e+08
3.549567e+08
6.893405e+08
1.641526e+08
1.818534e+08
2.303493e+08
3.460203e+08
6.751024e+08
1.742767e+08
2.211892e+08
3.33419e+08
6.546778e+08
2.103952e+08
3.183963e+08
6.296532e+08
3.043913e+08
6.055347e+08
5.860245e+08
0
0
1.738083e+08
1.922861e+08
2.42857e+08
3.630053e+08
7.01861e+08
0
1.724106e+08
1.907738e+08
2.41031e+08
3.604957e+08
6.977854e+08
1.693196e+08
1.8743e+08
2.370257e+08
3.550516e+08
6.891467e+08
1.819715e+08
2.304575e+08
3.461036e+08
6.749413e+08
2.213043e+08
3.33501e+08
6.544876e+08
3.184761e+08
6.295005e+08
6.053451e+08
0
1.739237e+08
1.924093e+08
2.429785e+08
3.63095e+08
7.016857e+08
1.725348e+08
1.908937e+08
2.411527e+08
3.605878e+08
6.975913e+08
1.875506e+08
2.371381e+08
3.551364e+08
6.889902e+08
2.305739e+08
3.461836e+08
6.747531e+08
3.335829e+08
6.543356e+08
6.293142e+08
1.740465e+08
1.925259e+08
2.430997e+08
3.631855e+08
7.014916e+08
1.910188e+08
2.412717e+08
3.606747e+08
6.974274e+08
2.372571e+08
3.552201e+08
6.887999e+08
3.462666e+08
6.74599e+08
6.541518e+08
1.926498e+08
2.432153e+08
3.632714e+08
7.013284e+08
2.413952e+08
3.607644e+08
6.972434e+08
3.553055e+08
6.886463e+08
6.744171e+08
2.433376e+08
3.633574e+08
7.011418e+08
3.60854e+08
6.970901e+08
6.884665e+08
3.634458e+08
7.009866e+08
6.969122e+08
7.008085e+08
)
;

boundaryField
{
    interconnect0
    {
        type            zeroGradient;
    }
    interconnectSides
    {
        type            zeroGradient;
    }
    cathodeSides
    {
        type            zeroGradient;
    }
    phiEC_to_phiE0
    {
        type            zeroGradient;
    }
    procBoundary2to1
    {
        type            processor;
        value           uniform 0;
    }
    procBoundary2to3
    {
        type            processor;
        value           uniform 0;
    }
}
)

// processor3

21373
(dimensions      [0 -3 0 0 0 1 0];

internalField   nonuniform List<scalar> 
5000
(
0
0
0
0
0
0
0
0
0
0
0
0
0
0
0
0
0
0
0
0
0
0
0
0
0
0
0
0
0
0
0
0
0
0
0
0
0
0
0
0
0
0
0
0
0
0
0
0
0
0
0
0
0
0
0
0
0
0
0
0
0
0
0
0
0
0
0
0
0
0
0
0
0
0
0
0
0
0
0
0
0
0
0
0
0
0
0
0
0
0
0
0
0
0
0
0
0
0
0
0
0
0
0
0
0
0
0
0
0
0
0
0
0
0
0
0
0
0
0
0
0
0
0
0
0
0
0
0
0
0
0
0
0
0
0
0
0
0
0
0
0
0
0
0
0
0
0
0
0
0
0
0
0
0
0
0
0
0
0
0
0
0
0
0
0
0
0
0
0
0
0
0
0
0
0
0
0
0
0
0
0
0
0
0
0
0
0
0
0
0
0
0
0
0
0
0
0
0
0
0
0
0
0
0
0
0
0
0
0
0
0
0
0
0
0
0
0
0
0
0
0
0
0
0
0
0
0
0
0
0
0
0
0
0
0
0
0
0
0
0
0
0
0
0
0
0
0
0
0
0
0
0
0
0
0
0
0
0
0
0
0
0
0
0
0
0
0
0
0
0
0
0
0
0
0
0
0
0
0
0
0
0
0
0
0
0
0
0
0
0
0
0
0
0
0
0
0
0
0
0
0
0
0
0
0
0
0
0
0
0
0
0
0
0
0
0
0
0
0
0
0
0
0
0
0
0
0
0
0
0
0
0
0
0
0
0
0
0
0
0
0
0
0
0
0
0
0
0
0
0
0
0
0
0
0
0
0
0
0
0
0
0
0
0
0
0
0
0
0
0
0
0
0
0
0
0
0
0
0
0
0
0
0
0
0
0
0
0
0
0
0
0
0
0
0
0
0
0
0
0
0
0
0
0
0
0
0
0
0
0
0
0
0
0
0
0
0
0
0
0
0
0
0
0
0
0
0
0
0
0
0
0
0
0
0
0
0
0
0
0
0
0
0
0
0
0
0
0
0
0
0
0
0
0
0
0
0
0
0
0
0
0
0
0
0
0
0
0
0
0
0
0
0
0
0
0
0
0
0
0
0
0
0
0
0
0
0
0
0
0
0
0
0
0
0
0
0
0
0
0
0
0
0
0
0
0
0
0
0
0
0
0
0
0
0
0
0
0
0
0
0
0
0
0
0
0
0
0
0
0
0
0
0
0
0
0
0
0
0
0
0
0
0
0
0
0
0
0
0
0
0
0
0
0
0
0
0
0
0
0
0
0
0
0
0
0
0
0
0
0
0
0
0
0
0
0
0
0
0
0
0
0
0
0
0
0
0
0
0
0
0
0
0
0
0
0
0
0
0
0
0
0
0
0
0
0
0
0
0
0
0
0
0
0
0
0
0
0
0
0
0
0
0
0
0
0
0
0
0
0
0
0
0
0
0
0
0
0
0
0
0
0
0
0
0
0
0
0
0
0
0
0
0
0
0
0
0
0
0
0
0
0
0
0
0
0
0
0
0
0
0
0
0
0
0
0
0
0
0
0
0
0
0
0
0
0
0
0
0
0
0
0
0
0
0
0
0
0
0
0
0
0
0
0
0
0
0
0
0
0
0
0
0
0
0
0
0
0
0
0
0
0
0
0
0
0
0
0
0
0
0
0
0
0
0
0
0
0
0
0
0
0
0
0
0
0
0
0
0
0
0
0
0
0
0
0
0
0
0
0
0
0
0
0
0
0
0
0
0
0
0
0
0
0
0
0
0
0
0
0
0
0
0
0
0
0
0
0
0
0
0
0
0
0
0
0
0
0
0
0
0
0
0
0
0
0
0
0
0
0
0
0
0
0
0
0
0
0
0
0
0
0
0
0
0
0
0
0
0
0
0
0
0
0
0
0
0
0
0
0
0
0
0
0
0
0
0
0
0
0
0
0
0
0
0
0
0
0
0
0
0
0
0
0
0
0
0
0
0
0
0
0
0
0
0
0
0
0
0
0
0
0
0
0
0
0
0
0
0
0
0
0
0
0
0
0
0
0
0
0
0
0
0
0
0
0
0
0
0
0
0
0
0
0
0
0
0
0
0
0
0
0
0
0
0
0
0
0
0
0
0
0
0
0
0
0
0
0
0
0
0
0
0
0
0
0
0
0
0
0
0
0
0
0
0
0
0
0
0
0
0
0
0
0
0
0
0
0
0
0
0
0
0
0
0
0
0
0
0
0
0
0
0
0
0
0
0
0
0
0
0
0
0
0
0
0
0
0
0
0
0
0
0
0
0
0
0
0
0
0
0
0
0
0
0
0
0
0
0
0
0
0
0
0
0
0
0
0
0
0
0
0
0
0
0
0
0
0
0
0
0
0
0
0
0
0
0
0
0
0
0
0
0
0
0
0
0
0
0
0
0
0
0
0
0
0
0
0
0
0
0
0
0
0
0
0
0
0
0
0
0
0
0
0
0
0
0
0
0
0
0
0
0
0
0
0
0
0
0
0
0
0
0
0
0
0
0
0
0
0
0
0
0
0
0
0
0
0
0
0
0
0
0
0
0
0
0
0
0
0
0
0
0
0
0
0
0
0
0
0
0
0
0
0
0
0
0
0
0
0
0
0
0
0
0
0
0
0
0
0
0
0
0
0
0
0
0
0
0
0
0
0
0
0
0
0
0
0
0
0
0
0
0
0
0
0
0
0
0
0
0
0
0
0
0
0
0
0
0
0
0
0
0
0
0
0
0
0
0
0
0
0
0
0
0
0
0
0
0
0
0
0
0
0
0
0
0
0
0
0
0
0
0
0
0
0
0
0
0
0
0
0
0
0
0
0
0
0
0
0
0
0
0
0
0
0
0
0
0
0
0
0
0
0
0
0
0
0
0
0
0
0
0
0
0
0
0
0
0
0
0
0
0
0
0
0
0
0
0
0
0
0
0
0
0
0
0
0
0
0
0
0
0
0
0
0
0
0
0
0
0
0
0
0
0
0
0
0
0
0
0
0
0
0
0
0
0
0
0
0
0
0
0
0
0
0
0
0
0
0
0
0
0
0
0
0
0
0
0
0
0
0
0
0
0
0
0
0
0
0
0
0
0
0
0
0
0
0
0
0
0
0
0
0
0
0
0
0
0
0
0
0
0
0
0
0
0
0
0
0
0
0
0
0
0
0
0
0
0
0
0
0
0
0
0
0
0
0
0
0
0
0
0
0
0
0
0
0
0
0
0
0
0
0
0
0
0
0
0
0
0
0
0
0
0
0
0
0
0
0
0
0
0
0
0
0
0
0
0
0
0
0
0
0
0
0
0
0
0
0
0
0
0
0
0
0
0
0
0
0
0
0
0
0
0
0
0
0
0
0
0
0
0
0
0
0
0
0
0
0
0
0
0
0
0
0
0
0
0
0
0
0
0
0
0
0
0
0
0
0
0
0
0
0
0
0
0
0
0
0
0
0
0
0
0
0
0
0
0
0
0
0
0
0
0
0
0
0
0
0
0
0
0
0
0
0
0
0
0
0
0
0
0
0
0
0
0
0
0
0
0
0
0
0
0
0
0
0
0
0
0
0
0
0
0
0
0
0
0
0
0
0
0
0
0
0
0
0
0
0
0
0
0
0
0
0
0
0
0
0
0
0
0
0
0
0
0
0
0
0
0
0
0
0
0
0
0
0
0
0
0
0
0
0
0
0
0
0
0
0
0
0
0
0
0
0
0
0
0
0
0
0
0
0
0
0
0
0
0
0
0
0
0
0
0
0
0
0
0
0
0
0
0
0
0
0
0
0
0
0
0
0
0
0
0
0
0
0
0
0
0
0
0
0
0
0
0
0
0
0
0
0
0
0
0
0
0
0
0
0
0
0
0
0
0
0
0
0
0
0
0
0
0
0
0
0
0
0
0
0
0
0
0
0
0
0
0
0
0
0
0
0
0
0
0
0
0
0
0
0
0
0
0
0
0
0
0
0
0
0
0
0
0
0
0
1.741569e+08
0
0
0
0
0
0
0
0
0
0
0
0
0
0
0
0
0
0
0
0
0
0
0
0
0
0
0
0
0
0
0
0
0
0
0
0
0
0
0
0
0
0
0
0
0
0
0
0
0
0
0
0
0
0
0
0
0
0
0
0
0
0
0
0
0
0
0
0
0
0
0
0
0
0
0
0
0
0
0
0
0
0
0
0
0
0
0
0
0
0
0
0
0
0
0
0
0
0
0
0
0
0
0
0
0
0
0
0
0
0
0
0
0
0
0
0
0
1.726471e+08
0
0
0
0
0
0
0
0
1.742796e+08
1.927612e+08
0
0
0
0
0
0
0
0
0
0
0
0
0
0
0
0
0
0
0
0
0
0
0
0
0
0
0
0
0
0
0
0
0
0
0
0
0
0
0
0
0
0
0
0
0
0
0
0
0
0
0
0
0
0
0
0
0
0
0
0
0
0
0
0
0
0
0
0
0
0
0
0
0
0
0
0
0
0
0
0
0
0
0
0
0
0
0
0
0
0
0
0
0
0
0
0
0
0
0
0
0
0
0
0
0
0
0
0
0
0
0
0
0
0
0
1.694242e+08
0
0
0
0
0
0
0
0
1.727734e+08
1.91132e+08
0
0
0
0
0
0
0
1.743888e+08
1.92885e+08
2.434481e+08
0
0
0
0
0
0
0
0
0
0
0
0
0
0
0
0
0
0
0
0
0
0
0
0
0
0
0
0
0
0
0
0
0
0
0
0
0
0
0
0
0
0
0
0
0
0
0
0
0
0
0
0
0
0
0
0
0
0
0
0
0
0
0
0
0
0
0
0
0
0
0
0
0
0
0
0
0
0
0
0
0
0
0
0
0
0
0
0
0
0
0
0
0
0
0
0
0
0
0
0
0
0
0
0
0
0
0
0
0
0
0
0
0
0
1.642514e+08
0
0
0
0
0
0
0
0
1.69544e+08
1.876564e+08
0
0
0
0
0
0
0
1.7289e+08
1.912592e+08
2.415075e+08
0
0
0
0
0
0
1.745119e+08
1.929954e+08
2.435705e+08
3.635279e+08
0
0
0
0
0
0
0
0
0
0
0
0
0
0
0
0
0
0
0
0
0
0
0
0
0
0
0
0
0
0
0
0
0
0
0
0
0
0
0
0
0
0
0
0
0
0
0
0
0
0
0
0
0
0
0
0
0
0
0
0
0
0
0
0
0
0
0
0
0
0
0
0
0
0
0
0
0
0
0
0
0
0
0
0
0
0
0
0
0
0
0
0
0
0
0
0
0
0
0
0
0
0
0
0
0
0
0
0
0
0
0
0
0
0
1.571343e+08
0
0
0
0
0
0
0
0
1.643677e+08
1.820714e+08
0
0
0
0
0
0
0
1.696474e+08
1.877775e+08
2.37362e+08
0
0
0
0
0
0
1.730126e+08
1.913763e+08
2.416333e+08
3.60938e+08
0
0
0
0
0
1.746259e+08
1.931194e+08
2.436802e+08
3.636176e+08
7.006601e+08
0
0
0
0
0
0
0
0
0
0
0
0
0
0
0
0
0
0
0
0
0
0
0
0
0
0
0
0
0
0
0
0
0
0
0
0
0
0
0
0
0
0
0
0
0
0
0
0
0
0
0
0
0
0
0
0
0
0
0
0
0
0
0
0
0
0
0
0
0
0
0
0
0
0
0
0
0
0
0
0
0
0
0
0
0
0
0
0
0
0
0
0
0
0
0
0
0
0
0
0
0
0
0
0
0
0
0
0
0
0
0
0
0
1.488121e+08
0
0
0
0
0
0
0
0
1.572481e+08
1.743717e+08
0
0
0
0
0
0
0
1.644655e+08
1.821891e+08
2.306729e+08
0
0
0
0
0
0
1.697656e+08
1.878823e+08
2.37482e+08
3.553827e+08
0
0
0
0
0
1.731201e+08
1.915e+08
2.417498e+08
3.610311e+08
6.96765e+08
0
0
0
0
1.747471e+08
1.932338e+08
2.438028e+08
3.637002e+08
7.004885e+08
0
0
0
0
0
0
0
0
0
0
0
0
0
0
0
0
0
0
0
0
0
0
0
0
0
0
0
0
0
0
0
0
0
0
0
0
0
0
0
0
0
0
0
0
0
0
0
0
0
0
0
0
0
0
0
0
0
0
0
0
0
0
0
0
0
0
0
0
0
0
0
0
0
0
0
0
0
0
0
0
0
0
0
0
0
0
0
0
0
0
0
0
0
0
0
0
0
0
0
0
0
0
0
0
0
0
0
0
0
0
0
1.412465e+08
0
0
0
0
0
0
0
0
1.489186e+08
1.653577e+08
0
0
0
0
0
0
0
1.573421e+08
1.744867e+08
2.213981e+08
0
0
0
0
0
0
1.645801e+08
1.822883e+08
2.307893e+08
3.463382e+08
0
0
0
0
0
1.698654e+08
1.880018e+08
2.375864e+08
3.554703e+08
6.883183e+08
0
0
0
0
1.732383e+08
1.916086e+08
2.418724e+08
3.611207e+08
6.965944e+08
0
0
0
1.748587e+08
1.933557e+08
2.439166e+08
3.637905e+08
7.003475e+08
0
0
0
0
0
0
0
0
0
0
0
0
0
0
0
0
0
0
0
0
0
0
0
0
0
0
0
0
0
0
0
0
0
0
0
0
0
0
0
0
0
0
0
0
0
0
0
0
0
0
0
0
0
0
0
0
0
0
0
0
0
0
0
0
0
0
0
0
0
0
0
0
0
0
0
0
0
0
0
0
0
0
0
0
0
0
0
0
0
0
0
0
0
0
0
0
0
0
0
0
0
0
0
0
0
0
0
0
1.354679e+08
0
0
0
0
0
0
0
0
1.413456e+08
1.571399e+08
0
0
0
0
0
0
0
1.490089e+08
1.654652e+08
2.104818e+08
0
0
0
0
0
0
1.574528e+08
1.745819e+08
2.215117e+08
3.336498e+08
0
0
0
0
0
1.646744e+08
1.824042e+08
2.30888e+08
3.464224e+08
6.742682e+08
0
0
0
0
1.699807e+08
1.881029e+08
2.377048e+08
3.555485e+08
6.881456e+08
0
0
0
1.733409e+08
1.917278e+08
2.419807e+08
3.612115e+08
6.964566e+08
0
0
1.749882e+08
1.934677e+08
2.440368e+08
3.638777e+08
7.001805e+08
0
0
0
0
0
0
0
0
0
0
0
0
0
0
0
0
0
0
0
0
0
0
0
0
0
0
0
0
0
0
0
0
0
0
0
0
0
0
0
0
0
0
0
0
0
0
0
0
0
0
0
0
0
0
0
0
0
0
0
0
0
0
0
0
0
0
0
0
0
0
0
0
0
0
0
0
0
0
0
0
0
0
0
0
0
0
0
0
0
0
0
0
0
0
0
0
0
0
0
0
0
0
0
0
1.316944e+08
0
0
0
0
0
0
0
0
1.35563e+08
1.508438e+08
0
0
0
0
0
0
0
1.414287e+08
1.5724e+08
2.00456e+08
0
0
0
0
0
0
1.491169e+08
1.655565e+08
2.105876e+08
3.185363e+08
0
0
0
0
0
1.575422e+08
1.74694e+08
2.216063e+08
3.337313e+08
6.540027e+08
0
0
0
0
1.647863e+08
1.824998e+08
2.310027e+08
3.464952e+08
6.74093e+08
0
0
0
1.70077e+08
1.882194e+08
2.378056e+08
3.556352e+08
6.880058e+08
0
0
1.734627e+08
1.918315e+08
2.420986e+08
3.612943e+08
6.962906e+08
0
1.750754e+08
1.935974e+08
2.441478e+08
3.639657e+08
7.000462e+08
0
0
0
0
0
0
0
0
0
0
0
0
0
0
0
0
0
0
0
0
0
0
0
0
0
0
0
0
0
0
0
0
0
0
0
0
0
0
0
0
0
0
0
0
0
0
0
0
0
0
0
0
0
0
0
0
0
0
0
0
0
0
0
0
0
0
0
0
0
0
0
0
0
0
0
0
0
0
0
0
0
0
0
0
0
0
0
0
0
0
0
0
0
0
0
0
0
0
0
1.298499e+08
0
0
0
0
0
0
0
0
1.317875e+08
1.46722e+08
0
0
0
0
0
0
0
1.356398e+08
1.509398e+08
1.927217e+08
0
0
0
0
0
0
1.415303e+08
1.573238e+08
2.005539e+08
3.044464e+08
0
0
0
0
0
1.492044e+08
1.656656e+08
2.106781e+08
3.186099e+08
6.291643e+08
0
0
0
0
1.576493e+08
1.747845e+08
2.217171e+08
3.338006e+08
6.538251e+08
0
0
0
1.648771e+08
1.826129e+08
2.310978e+08
3.465783e+08
6.73952e+08
0
0
1.701953e+08
1.883169e+08
2.379207e+08
3.557107e+08
6.878372e+08
0
1.735555e+08
1.919543e+08
2.42202e+08
3.613806e+08
6.961573e+08
1.751229e+08
1.936848e+08
2.442756e+08
3.640504e+08
6.998803e+08
0
0
0
0
0
0
0
0
0
0
0
0
0
0
0
0
0
0
0
0
0
0
0
0
0
0
0
0
0
0
0
0
0
0
0
0
0
0
0
0
0
0
0
0
0
0
0
0
0
0
0
0
0
0
0
0
0
0
0
0
0
0
0
0
0
0
0
0
0
0
0
0
0
0
0
0
0
0
0
0
0
0
0
0
0
0
0
0
0
0
0
0
0
1.298502e+08
0
0
0
0
0
0
0
0
1.299418e+08
1.447043e+08
0
0
0
0
0
0
0
1.3186e+08
1.468159e+08
1.876314e+08
0
0
0
0
0
0
1.357351e+08
1.510172e+08
1.928153e+08
2.934299e+08
0
0
0
0
0
1.416118e+08
1.574265e+08
2.006367e+08
3.045121e+08
6.051947e+08
0
0
0
0
1.49308e+08
1.65754e+08
2.107858e+08
3.186757e+08
6.289824e+08
0
0
0
1.577341e+08
1.748928e+08
2.218069e+08
3.338797e+08
6.536845e+08
0
0
1.649917e+08
1.827049e+08
2.312094e+08
3.466483e+08
6.737805e+08
0
1.702869e+08
1.884364e+08
2.380177e+08
3.557941e+08
6.877018e+08
1.736457e+08
1.920472e+08
2.423234e+08
3.614587e+08
6.959919e+08
1.937344e+08
2.4436e+08
3.64145e+08
6.997479e+08
0
0
0
0
0
0
0
0
0
0
0
0
0
0
0
0
0
0
0
0
0
0
0
0
0
0
0
0
0
0
0
0
0
0
0
0
0
0
0
0
0
0
0
0
0
0
0
0
0
0
0
0
0
0
0
0
0
0
0
0
0
0
0
0
0
0
0
0
0
0
0
0
0
0
0
0
0
0
0
0
0
0
0
0
0
0
1.316954e+08
0
0
0
0
0
0
0
0
1.299421e+08
1.447046e+08
0
0
0
0
0
0
0
1.300124e+08
1.447969e+08
1.851315e+08
0
0
0
0
0
0
1.319508e+08
1.46889e+08
1.877228e+08
2.861035e+08
0
0
0
0
0
1.358107e+08
1.511134e+08
1.928914e+08
2.934914e+08
5.858735e+08
0
0
0
0
1.417098e+08
1.575087e+08
2.007376e+08
3.045705e+08
6.050092e+08
0
0
0
1.493866e+08
1.658587e+08
2.108735e+08
3.187519e+08
6.288426e+08
0
0
1.578426e+08
1.749787e+08
2.219136e+08
3.339449e+08
6.535098e+08
0
1.650801e+08
1.828207e+08
2.313007e+08
3.467282e+08
6.736441e+08
1.703975e+08
1.885282e+08
2.381357e+08
3.558661e+08
6.875341e+08
1.921359e+08
2.424137e+08
3.615477e+08
6.958598e+08
2.444019e+08
3.641998e+08
6.995788e+08
0
0
0
0
0
0
0
0
0
0
0
0
0
0
0
0
0
0
0
0
0
0
0
0
0
0
0
0
0
0
0
0
0
0
0
0
0
0
0
0
0
0
0
0
0
0
0
0
0
0
0
0
0
0
0
0
0
0
0
0
0
0
0
0
0
0
0
0
0
0
0
0
0
0
0
0
0
0
1.354693e+08
0
0
0
0
0
0
0
0
1.317883e+08
1.46723e+08
0
0
0
0
0
0
0
1.300125e+08
1.447973e+08
1.851319e+08
0
0
0
0
0
0
1.30101e+08
1.448681e+08
1.852216e+08
2.82482e+08
0
0
0
0
0
1.320221e+08
1.469806e+08
1.877943e+08
2.861628e+08
5.727208e+08
0
0
0
0
1.359033e+08
1.511897e+08
1.929853e+08
2.935432e+08
5.856863e+08
0
0
0
1.417864e+08
1.576077e+08
2.008188e+08
3.046399e+08
6.048685e+08
0
0
1.494876e+08
1.659383e+08
2.109765e+08
3.188157e+08
6.28665e+08
0
1.579251e+08
1.750885e+08
2.219985e+08
3.3402e+08
6.533731e+08
1.651946e+08
1.829095e+08
2.314149e+08
3.467948e+08
6.734737e+08
1.886373e+08
2.382254e+08
3.559515e+08
6.874005e+08
2.424925e+08
3.616094e+08
6.956896e+08
3.641962e+08
6.994233e+08
0
0
0
0
0
0
0
0
0
0
0
0
0
0
0
0
0
0
0
0
0
0
0
0
0
0
0
0
0
0
0
0
0
0
0
0
0
0
0
0
0
0
0
0
0
0
0
0
0
0
0
0
0
0
0
0
0
0
0
0
0
0
0
0
0
0
0
0
0
1.412478e+08
0
0
0
0
0
0
0
0
1.355642e+08
1.508452e+08
0
0
0
0
0
0
0
1.318603e+08
1.468167e+08
1.876325e+08
0
0
0
0
0
0
1.30101e+08
1.448682e+08
1.85222e+08
2.824824e+08
0
0
0
0
0
1.301699e+08
1.449574e+08
1.85291e+08
2.825401e+08
5.66125e+08
0
0
0
0
1.32111e+08
1.470525e+08
1.878834e+08
2.862102e+08
5.725328e+08
0
0
0
1.359757e+08
1.512832e+08
1.930604e+08
2.936055e+08
5.85545e+08
0
0
1.418818e+08
1.576851e+08
2.009158e+08
3.046975e+08
6.046873e+08
0
1.495631e+08
1.660404e+08
2.11055e+08
3.188873e+08
6.2853e+08
1.580307e+08
1.751717e+08
2.221064e+08
3.340808e+08
6.531992e+08
1.830228e+08
2.31502e+08
3.468764e+08
6.733397e+08
2.383265e+08
3.560139e+08
6.872273e+08
3.616387e+08
6.9554e+08
6.991604e+08
0
0
0
0
0
0
0
0
0
0
0
0
0
0
0
0
0
0
0
0
0
0
0
0
0
0
0
0
0
0
0
0
0
0
0
0
0
0
0
0
0
0
0
0
0
0
0
0
0
0
0
0
0
0
0
0
0
0
0
1.488137e+08
0
0
0
0
0
0
0
0
1.413471e+08
1.571413e+08
0
0
0
0
0
0
0
1.356402e+08
1.50941e+08
1.927232e+08
0
0
0
0
0
0
1.319508e+08
1.468893e+08
1.877237e+08
2.861046e+08
0
0
0
0
0
1.301695e+08
1.449574e+08
1.852911e+08
2.825405e+08
5.66125e+08
0
0
0
0
1.302571e+08
1.450268e+08
1.853776e+08
2.825854e+08
5.659367e+08
0
0
0
1.321802e+08
1.471422e+08
1.879538e+08
2.862676e+08
5.723914e+08
0
0
1.360672e+08
1.513562e+08
1.931516e+08
2.936572e+08
5.85361e+08
0
1.419512e+08
1.577815e+08
2.009921e+08
3.047631e+08
6.045518e+08
1.496594e+08
1.661168e+08
2.111549e+08
3.189423e+08
6.28353e+08
1.752767e+08
2.221884e+08
3.34156e+08
6.530653e+08
2.316077e+08
3.469379e+08
6.731635e+08
3.560674e+08
6.870829e+08
6.952781e+08
0
0
0
0
0
0
0
0
0
0
0
0
0
0
0
0
0
0
0
0
0
0
0
0
0
0
0
0
0
0
0
0
0
0
0
0
0
0
0
0
0
0
0
0
0
0
0
0
0
1.571358e+08
0
0
0
0
0
0
0
0
1.489205e+08
1.653593e+08
0
0
0
0
0
0
0
1.414292e+08
1.572415e+08
2.004575e+08
0
0
0
0
0
0
1.35735e+08
1.510177e+08
1.928166e+08
2.934315e+08
0
0
0
0
0
1.320209e+08
1.469806e+08
1.877946e+08
2.861637e+08
5.727209e+08
0
0
0
0
1.30257e+08
1.450264e+08
1.853776e+08
2.825856e+08
5.659367e+08
0
0
0
1.30324e+08
1.451149e+08
1.854454e+08
2.826402e+08
5.657953e+08
0
0
1.322668e+08
1.47212e+08
1.88041e+08
2.863148e+08
5.722056e+08
0
1.361315e+08
1.514487e+08
1.932234e+08
2.937169e+08
5.85225e+08
1.420408e+08
1.578518e+08
2.010861e+08
3.048165e+08
6.043713e+08
1.66213e+08
2.112304e+08
3.190095e+08
6.282199e+08
2.222859e+08
3.342143e+08
6.528849e+08
3.469958e+08
6.730258e+08
6.868317e+08
0
0
0
0
0
0
0
0
0
0
0
0
0
0
0
0
0
0
0
0
0
0
0
0
0
0
0
0
0
0
0
0
0
0
0
0
0
0
0
1.642523e+08
0
0
0
0
0
0
0
0
1.572497e+08
1.743733e+08
0
0
0
0
0
0
0
1.490096e+08
1.654671e+08
2.104836e+08
0
0
0
0
0
0
1.415304e+08
1.573245e+08
2.005556e+08
3.04448e+08
0
0
0
0
0
1.358086e+08
1.511134e+08
1.928919e+08
2.934927e+08
5.858738e+08
0
0
0
0
1.321105e+08
1.470513e+08
1.878833e+08
2.862106e+08
5.725329e+08
0
0
0
1.303237e+08
1.451148e+08
1.854451e+08
2.826402e+08
5.657953e+08
0
0
1.304075e+08
1.451825e+08
1.855309e+08
2.826849e+08
5.656088e+08
0
1.323272e+08
1.472996e+08
1.881095e+08
2.863704e+08
5.720695e+08
1.362168e+08
1.515139e+08
1.933132e+08
2.937662e+08
5.850419e+08
1.579412e+08
2.011556e+08
3.048778e+08
6.042399e+08
2.113189e+08
3.190634e+08
6.280352e+08
3.342634e+08
6.52755e+08
6.727693e+08
0
0
0
0
0
0
0
0
0
0
0
0
0
0
0
0
0
0
0
0
0
0
0
0
0
0
0
0
0
1.694254e+08
0
0
0
0
0
0
0
0
1.643691e+08
1.820724e+08
0
0
0
0
0
0
0
1.573427e+08
1.744884e+08
2.213998e+08
0
0
0
0
0
0
1.491172e+08
1.655573e+08
2.105897e+08
3.185381e+08
0
0
0
0
0
1.416091e+08
1.574267e+08
2.006374e+08
3.045139e+08
6.051949e+08
0
0
0
0
1.359023e+08
1.511877e+08
1.929854e+08
2.935438e+08
5.856866e+08
0
0
0
1.321798e+08
1.471418e+08
1.879525e+08
2.862676e+08
5.723914e+08
0
0
1.304079e+08
1.451824e+08
1.855308e+08
2.826845e+08
5.656088e+08
0
1.304644e+08
1.452673e+08
1.855972e+08
2.82739e+08
5.654726e+08
1.32409e+08
1.473613e+08
1.881943e+08
2.864166e+08
5.71885e+08
1.515991e+08
1.933777e+08
2.938234e+08
5.849109e+08
2.012369e+08
3.049272e+08
6.040523e+08
3.191025e+08
6.279136e+08
6.524871e+08
0
0
0
0
0
0
0
0
0
0
0
0
0
0
0
0
0
0
0
1.7265e+08
0
0
0
0
0
0
0
0
1.695459e+08
1.876576e+08
0
0
0
0
0
0
0
1.644661e+08
1.821905e+08
2.30674e+08
0
0
0
0
0
0
1.574532e+08
1.745826e+08
2.215136e+08
3.336516e+08
0
0
0
0
0
1.492017e+08
1.656659e+08
2.10679e+08
3.18612e+08
6.291646e+08
0
0
0
0
1.417083e+08
1.575062e+08
2.007378e+08
3.045712e+08
6.050096e+08
0
0
0
1.359751e+08
1.512823e+08
1.930583e+08
2.936056e+08
5.855452e+08
0
0
1.322673e+08
1.472117e+08
1.880405e+08
2.863135e+08
5.722057e+08
0
1.304667e+08
1.452676e+08
1.855971e+08
2.827389e+08
5.654725e+08
1.305416e+08
1.453263e+08
1.856791e+08
2.827831e+08
5.652877e+08
1.474433e+08
1.882554e+08
2.864689e+08
5.717544e+08
1.934546e+08
2.938689e+08
5.847219e+08
3.049588e+08
6.039371e+08
6.276343e+08
0
0
0
0
0
0
0
0
0
1.741587e+08
0
0
0
0
0
0
0
0
1.727779e+08
1.911349e+08
0
0
0
0
0
0
0
1.696482e+08
1.877795e+08
2.373634e+08
0
0
0
0
0
0
1.645804e+08
1.82289e+08
2.30791e+08
3.463394e+08
0
0
0
0
0
1.575408e+08
1.746945e+08
2.216071e+08
3.337333e+08
6.540031e+08
0
0
0
0
1.493066e+08
1.657514e+08
2.107862e+08
3.186765e+08
6.28983e+08
0
0
0
1.417857e+08
1.576064e+08
2.008161e+08
3.046401e+08
6.048687e+08
0
0
1.36068e+08
1.513558e+08
1.931507e+08
2.936551e+08
5.853612e+08
0
1.323269e+08
1.473001e+08
1.881093e+08
2.8637e+08
5.720693e+08
1.305471e+08
1.453273e+08
1.856794e+08
2.827831e+08
5.652878e+08
1.454045e+08
1.857378e+08
2.828326e+08
5.651574e+08
1.883292e+08
2.865119e+08
5.715642e+08
2.93896e+08
5.846113e+08
6.036517e+08
0
0
0
0
0
0
0
0
1.742823e+08
1.927631e+08
0
0
0
0
0
0
0
1.728913e+08
1.912637e+08
2.415104e+08
0
0
0
0
0
0
1.697658e+08
1.878831e+08
2.374842e+08
3.553842e+08
0
0
0
0
0
1.646731e+08
1.824045e+08
2.308888e+08
3.464242e+08
6.742684e+08
0
0
0
0
1.576487e+08
1.747831e+08
2.217176e+08
3.338014e+08
6.538257e+08
0
0
0
1.493863e+08
1.658574e+08
2.108707e+08
3.187523e+08
6.288428e+08
0
0
1.418829e+08
1.576846e+08
2.009145e+08
3.046948e+08
6.046876e+08
0
1.361305e+08
1.514496e+08
1.93223e+08
2.937161e+08
5.852247e+08
1.324081e+08
1.473604e+08
1.881948e+08
2.864166e+08
5.718852e+08
1.454072e+08
1.857383e+08
2.828329e+08
5.651575e+08
1.85808e+08
2.828737e+08
5.64967e+08
2.865363e+08
5.714572e+08
5.843237e+08
0
0
0
0
0
0
0
1.743906e+08
1.928879e+08
2.434501e+08
0
0
0
0
0
0
1.730127e+08
1.913777e+08
2.41638e+08
3.609411e+08
0
0
0
0
0
1.698636e+08
1.88002e+08
2.375874e+08
3.554727e+08
6.883188e+08
0
0
0
0
1.647855e+08
1.824984e+08
2.310031e+08
3.46496e+08
6.740935e+08
0
0
0
1.577342e+08
1.748922e+08
2.218053e+08
3.338803e+08
6.536848e+08
0
0
1.494889e+08
1.659381e+08
2.109751e+08
3.188128e+08
6.286654e+08
0
1.419503e+08
1.577828e+08
2.009916e+08
3.047618e+08
6.045513e+08
1.362148e+08
1.515127e+08
1.933143e+08
2.937659e+08
5.850422e+08
1.474411e+08
1.88254e+08
2.864695e+08
5.717547e+08
1.858094e+08
2.828736e+08
5.649669e+08
2.828951e+08
5.64862e+08
5.711697e+08
0
0
0
0
0
0
1.745127e+08
1.929971e+08
2.435736e+08
3.6353e+08
0
0
0
0
0
1.731164e+08
1.915001e+08
2.417513e+08
3.61036e+08
6.967661e+08
0
0
0
0
1.699794e+08
1.881009e+08
2.37705e+08
3.555495e+08
6.881466e+08
0
0
0
1.648769e+08
1.82612e+08
2.310961e+08
3.465786e+08
6.739522e+08
0
0
1.578439e+08
1.749788e+08
2.219129e+08
3.339433e+08
6.535101e+08
0
1.495624e+08
1.660419e+08
2.110548e+08
3.188859e+08
6.285294e+08
1.420391e+08
1.578509e+08
2.010876e+08
3.048161e+08
6.043715e+08
1.515966e+08
1.933763e+08
2.938246e+08
5.849112e+08
1.88326e+08
2.8651e+08
5.715645e+08
2.828951e+08
5.648603e+08
5.645756e+08
0
0
0
0
0
1.746204e+08
1.931201e+08
2.436821e+08
3.636208e+08
7.006608e+08
0
0
0
0
1.732354e+08
1.916048e+08
2.418725e+08
3.611223e+08
6.965964e+08
0
0
0
1.700764e+08
1.882179e+08
2.378033e+08
3.556354e+08
6.880061e+08
0
0
1.649925e+08
1.827047e+08
2.312084e+08
3.466464e+08
6.737808e+08
0
1.579247e+08
1.750898e+08
2.219986e+08
3.340194e+08
6.533729e+08
1.49658e+08
1.661162e+08
2.111566e+08
3.189422e+08
6.283531e+08
1.579393e+08
2.011546e+08
3.048795e+08
6.042401e+08
1.934517e+08
2.938675e+08
5.847224e+08
2.865322e+08
5.714558e+08
5.645717e+08
0
0
0
0
1.747413e+08
1.932284e+08
2.438036e+08
3.637021e+08
7.004899e+08
0
0
0
1.733394e+08
1.917248e+08
2.419766e+08
3.612117e+08
6.964575e+08
0
0
1.701959e+08
1.883162e+08
2.37919e+08
3.557081e+08
6.878373e+08
0
1.650795e+08
1.828216e+08
2.313004e+08
3.467272e+08
6.736435e+08
1.580292e+08
1.751713e+08
2.22108e+08
3.340809e+08
6.531994e+08
1.662115e+08
2.112299e+08
3.190113e+08
6.282202e+08
2.012349e+08
3.049264e+08
6.04053e+08
2.93893e+08
5.846112e+08
5.711672e+08
0
0
0
1.748541e+08
1.933501e+08
2.439109e+08
3.637912e+08
7.003482e+08
0
0
1.734632e+08
1.918299e+08
2.420953e+08
3.612898e+08
6.962909e+08
0
1.702863e+08
1.88437e+08
2.380169e+08
3.557922e+08
6.877005e+08
1.651929e+08
1.82909e+08
2.314159e+08
3.467946e+08
6.734736e+08
1.752752e+08
2.22188e+08
3.341576e+08
6.530655e+08
2.113174e+08
3.19063e+08
6.280359e+08
3.049569e+08
6.039377e+08
5.843236e+08
0
0
1.749878e+08
1.934632e+08
2.44031e+08
3.638718e+08
7.001809e+08
0
1.735548e+08
1.919549e+08
2.422001e+08
3.613769e+08
6.961551e+08
1.703962e+08
1.885277e+08
2.381365e+08
3.558652e+08
6.875334e+08
1.830211e+08
2.315015e+08
3.468775e+08
6.733397e+08
2.222844e+08
3.34214e+08
6.528855e+08
3.191012e+08
6.279142e+08
6.036526e+08
0
1.750745e+08
1.935971e+08
2.441432e+08
3.639598e+08
7.000438e+08
1.736467e+08
1.920465e+08
2.42324e+08
3.614566e+08
6.959901e+08
1.886359e+08
2.382249e+08
3.559523e+08
6.874001e+08
2.316061e+08
3.469375e+08
6.731639e+08
3.34262e+08
6.527556e+08
6.276353e+08
1.751214e+08
1.936839e+08
2.442754e+08
3.640458e+08
6.998782e+08
1.921368e+08
2.42413e+08
3.615482e+08
6.958584e+08
2.383251e+08
3.560133e+08
6.872277e+08
3.469942e+08
6.730262e+08
6.524877e+08
1.937329e+08
2.44359e+08
3.641448e+08
6.99746e+08
2.424934e+08
3.616087e+08
6.956897e+08
3.560661e+08
6.870831e+08
6.727694e+08
2.444003e+08
3.641989e+08
6.995788e+08
3.616396e+08
6.955401e+08
6.868318e+08
3.641945e+08
6.994232e+08
6.952789e+08
6.9916e+08
)
;

boundaryField
{
    interconnect0
    {
        type            zeroGradient;
    }
    interconnectSides
    {
        type            zeroGradient;
    }
    cathodeSides
    {
        type            zeroGradient;
    }
    phiEC_to_phiE0
    {
        type            zeroGradient;
    }
    procBoundary3to2
    {
        type            processor;
        value           uniform 0;
    }
}
)

// processor4

375
(dimensions      [0 -3 0 0 0 1 0];

internalField   nonuniform List<scalar> 0();

boundaryField
{
    interconnect0
    {
        type            zeroGradient;
    }
    interconnectSides
    {
        type            zeroGradient;
    }
    cathodeSides
    {
        type            zeroGradient;
    }
    phiEC_to_phiE0
    {
        type            zeroGradient;
    }
}
)

// processor5

375
(dimensions      [0 -3 0 0 0 1 0];

internalField   nonuniform List<scalar> 0();

boundaryField
{
    interconnect0
    {
        type            zeroGradient;
    }
    interconnectSides
    {
        type            zeroGradient;
    }
    cathodeSides
    {
        type            zeroGradient;
    }
    phiEC_to_phiE0
    {
        type            zeroGradient;
    }
}
)

// processor6

375
(dimensions      [0 -3 0 0 0 1 0];

internalField   nonuniform List<scalar> 0();

boundaryField
{
    interconnect0
    {
        type            zeroGradient;
    }
    interconnectSides
    {
        type            zeroGradient;
    }
    cathodeSides
    {
        type            zeroGradient;
    }
    phiEC_to_phiE0
    {
        type            zeroGradient;
    }
}
)

// processor7

375
(dimensions      [0 -3 0 0 0 1 0];

internalField   nonuniform List<scalar> 0();

boundaryField
{
    interconnect0
    {
        type            zeroGradient;
    }
    interconnectSides
    {
        type            zeroGradient;
    }
    cathodeSides
    {
        type            zeroGradient;
    }
    phiEC_to_phiE0
    {
        type            zeroGradient;
    }
}
)
