/*--------------------------------*- C++ -*----------------------------------*\
| =========                 |                                                 |
| \\      /  F ield         | OpenFOAM: The Open Source CFD Toolbox           |
|  \\    /   O peration     | Version:  2306                                  |
|   \\  /    A nd           | Website:  www.openfoam.com                      |
|    \\/     M anipulation  |                                                 |
\*---------------------------------------------------------------------------*/
FoamFile
{
    version     2.0;
    format      binary;
    arch        "LSB;label=32;scalar=64";
    class       decomposedBlockData;
    object      cathode;
    data.format     ascii;
    data.class      cellSet;
}
// * * * * * * * * * * * * * * * * * * * * * * * * * * * * * * * * * * * * * //


// processor0

5187
(FoamFile
{
    version     2.0;
    format      ascii;
    arch        "LSB;label=32;scalar=64";
    class       cellSet;
    location    "constant/phiEC/polyMesh/sets";
    object      cathode;
}

1000
(
4117
4118
2070
4119
2071
4120
2072
4121
2073
2074
2075
2076
2077
4126
2078
4127
2079
4128
2080
4129
2081
4130
2082
2083
2084
2085
2086
4135
2087
4136
2088
4137
2089
4138
4139
2091
2092
2093
2094
2095
4145
4146
2098
4147
2099
4148
2100
2101
2102
2106
4155
2107
4156
2108
4157
2109
2110
2115
2116
4165
2117
4166
2118
2119
2125
2126
4175
2127
2128
2135
2136
2137
2145
2146
2155
4241
4242
4243
4244
4245
4250
4251
4252
4253
4254
4260
4261
4262
4263
2215
2216
2217
2218
2219
2220
2221
4270
2222
4271
2223
4272
2224
2225
2226
2227
2228
2229
2230
2231
4280
2232
4281
2233
2234
2236
2237
2238
2239
2240
4290
2243
2244
2245
2246
2247
2251
2252
2253
2254
2255
2260
2261
2262
2263
2264
2270
2271
2272
2273
2280
2281
2282
2290
2291
2300
4355
4356
4357
4358
4359
4365
4366
4367
4368
4375
4376
4377
4385
4386
4395
2369
2370
2371
2372
2373
2374
2375
2376
2377
2378
2379
2380
2381
2382
2383
2384
2385
2386
2387
2388
2390
2391
2392
2393
2394
2397
2398
2399
2400
2401
2405
2406
2407
2408
2409
4460
4461
4462
2414
4463
2415
2416
2417
2418
4470
4471
4472
2424
2425
2426
2427
4480
4481
2434
2435
2436
4490
2444
2445
2454
4555
4556
4557
4565
4566
2522
4575
2531
2532
2533
2534
2535
2536
2537
2538
2539
2540
2541
2542
2543
2544
2545
2546
2547
2548
2549
2551
2552
2553
2554
2555
2558
2559
2560
2561
2562
2566
2567
2568
2569
2570
2575
2576
2577
2578
2579
2585
2586
2587
2588
4640
4641
2595
2596
2597
4650
2605
2606
2615
4715
2681
2690
2691
2699
2700
2701
2702
2703
2704
2705
2706
2707
2708
2709
2710
2711
2712
2713
2714
2715
2717
2718
2719
2720
2721
2724
2725
2726
2727
2728
2732
2733
2734
2735
2736
2741
2742
2743
2744
2745
2751
703
2752
2753
2754
2761
2762
2763
2771
2772
2781
790
2844
799
800
2853
2854
2862
2863
2864
2871
2872
2873
2874
2875
2876
2877
2878
2879
2880
2881
2882
2883
2884
2886
2887
2888
2889
2890
2893
2894
2895
2896
2897
2901
2902
2903
2904
2905
2910
2911
2912
2913
2914
2920
2921
2922
2923
879
2930
2931
2932
888
889
2940
2941
897
898
899
2950
3009
969
3018
3019
978
3027
979
3028
3029
987
3036
988
3037
989
3038
3039
996
3045
997
3046
998
3047
999
3048
3049
3050
3051
3052
3053
3054
3056
3057
3058
3059
3060
3063
3064
3065
3066
3067
3071
3072
3073
3074
3075
3080
3081
3082
3083
3084
3090
3091
3092
3093
3100
3101
3102
1059
3110
3111
1068
1069
3120
1077
1078
1079
1086
1087
1088
1089
1095
1096
1097
1098
1099
3183
3184
3192
3193
3194
1150
3201
3202
3203
3204
1159
1160
3210
3211
3212
3213
3214
1168
1169
1170
3219
3220
3221
3222
3223
3225
1177
3226
1178
3227
1179
3228
1180
3229
3232
3233
3234
1186
3235
1187
3236
1188
1189
1190
3240
3241
3242
3243
1195
3244
1196
1197
1198
1199
3249
3250
3251
3252
3253
3259
3260
3261
3262
3269
3270
3271
3279
3280
3289
1251
1252
1253
1261
1262
1263
1270
1271
1272
1273
1279
1280
1281
1282
1283
1288
1289
1290
1291
1292
1297
1298
1299
1300
1301
3355
3356
3357
3364
3365
3366
3367
3373
3374
3375
3376
3377
3382
3383
3384
3385
3386
3391
3392
3393
3394
3395
3398
3399
3400
3401
3402
1354
1355
1356
1357
3406
1358
3407
1359
3408
3409
3410
1366
3415
1367
3416
1368
3417
1369
3418
3419
1375
1376
3425
1377
3426
1378
3427
1379
3428
1384
1385
1386
3435
1387
3436
1388
3437
1393
1394
1395
1396
3445
1397
3446
1402
1403
1404
1405
1406
3455
1460
1461
1462
1463
1464
1465
1466
1467
1468
1469
3523
1475
3524
1476
3525
1477
3526
1478
1479
3532
1484
3533
1485
3534
1486
3535
1487
3536
1488
3541
1493
3542
1494
3543
1495
3544
1496
3545
1497
3550
1502
3551
1503
3552
1504
3553
1505
3554
1506
3559
1511
3560
1512
3561
1513
3562
1514
3563
1515
3567
3568
3569
3570
3571
3576
3577
3578
3579
3580
3586
3587
3588
3589
3596
3597
3598
3606
3607
3616
1570
1571
1572
1573
1574
1575
1576
1577
1578
1579
1580
1581
1582
1583
1584
1589
1590
1591
1592
1593
1598
1599
1600
1601
1602
1607
1608
1609
1610
1611
1616
1617
1618
1619
1620
1625
1626
1627
1628
1629
3685
3686
3687
3688
3689
3694
3695
3696
3697
3698
3703
3704
3705
3706
3707
3712
3713
3714
3715
3716
3721
3722
3723
3724
3725
3730
3731
3732
3733
1685
3734
1686
1687
1688
1689
1690
1691
3740
1692
3741
1693
3742
1694
3743
1695
1696
1697
1698
1699
1700
1701
3750
1702
3751
1703
3752
1704
1709
1710
1711
3760
1712
3761
1713
1718
1719
1720
1721
3770
1722
1727
1728
1729
1730
1731
1736
1737
1738
1739
1740
1746
1747
1748
1749
3839
3840
3841
3842
3843
3848
3849
3850
3851
3852
1806
1807
1808
3857
1809
3858
1810
3859
1811
3860
1812
3861
1813
1814
1815
1816
1817
3866
1818
3867
1819
3868
1820
3869
1821
3870
1822
1823
1824
1825
3875
1827
3876
1828
3877
1829
3878
1830
3879
1831
1836
3885
1837
3886
1838
3887
1839
3888
1840
1845
1846
3895
1847
3896
1848
3897
1849
1854
1855
1856
3905
1857
3906
1858
1864
1865
1866
3915
1867
1874
1875
1876
1934
3983
1935
3984
1936
3985
1937
3986
1938
3987
1939
1940
1941
1942
1943
3992
1944
3993
1945
3994
1946
3995
1947
3996
1948
1949
1950
1951
1952
4001
1953
4002
4003
1955
4004
1956
4005
1957
1958
1959
4010
1962
4011
1963
4012
1964
4013
1965
4014
1966
1971
4020
1972
4021
1973
4022
1974
4023
1975
1980
1981
4030
1982
4031
1983
4032
1984
1990
1991
4040
1992
4041
1993
2000
2001
4050
2002
2010
2011
)
)

// processor1

4990
(
1000
(
4117
4118
2070
4119
2071
4120
2072
4121
2073
2074
2075
2076
2077
4126
2078
4127
2079
4128
2080
4129
2081
4130
2082
2083
2084
2085
2086
4135
2087
4136
2088
4137
2089
4138
4139
2091
2092
2093
2094
2095
4145
4146
2098
4147
2099
4148
2100
2101
2102
2106
4155
2107
4156
2108
4157
2109
2110
2115
2116
4165
2117
4166
2118
2119
2125
2126
4175
2127
2128
2135
2136
2137
2145
2146
2155
4241
4242
4243
4244
4245
4250
4251
4252
4253
4254
4260
4261
4262
4263
2215
2216
2217
2218
2219
2220
2221
4270
2222
4271
2223
4272
2224
2225
2226
2227
2228
2229
2230
2231
4280
2232
4281
2233
2234
2236
2237
2238
2239
2240
4290
2243
2244
2245
2246
2247
2251
2252
2253
2254
2255
2260
2261
2262
2263
2264
2270
2271
2272
2273
2280
2281
2282
2290
2291
2300
4355
4356
4357
4358
4359
4365
4366
4367
4368
4375
4376
4377
4385
4386
4395
2369
2370
2371
2372
2373
2374
2375
2376
2377
2378
2379
2380
2381
2382
2383
2384
2385
2386
2387
2388
2390
2391
2392
2393
2394
2397
2398
2399
2400
2401
2405
2406
2407
2408
2409
4460
4461
4462
2414
4463
2415
2416
2417
2418
4470
4471
4472
2424
2425
2426
2427
4480
4481
2434
2435
2436
4490
2444
2445
2454
4555
4556
4557
4565
4566
2522
4575
2531
2532
2533
2534
2535
2536
2537
2538
2539
2540
2541
2542
2543
2544
2545
2546
2547
2548
2549
2551
2552
2553
2554
2555
2558
2559
2560
2561
2562
2566
2567
2568
2569
2570
2575
2576
2577
2578
2579
2585
2586
2587
2588
4640
4641
2595
2596
2597
4650
2605
2606
2615
4715
2681
2690
2691
2699
2700
2701
2702
2703
2704
2705
2706
2707
2708
2709
2710
2711
2712
2713
2714
2715
2717
2718
2719
2720
2721
2724
2725
2726
2727
2728
2732
2733
2734
2735
2736
2741
2742
2743
2744
2745
2751
703
2752
2753
2754
2761
2762
2763
2771
2772
2781
790
2844
799
800
2853
2854
2862
2863
2864
2871
2872
2873
2874
2875
2876
2877
2878
2879
2880
2881
2882
2883
2884
2886
2887
2888
2889
2890
2893
2894
2895
2896
2897
2901
2902
2903
2904
2905
2910
2911
2912
2913
2914
2920
2921
2922
2923
879
2930
2931
2932
888
889
2940
2941
897
898
899
2950
3009
969
3018
3019
978
3027
979
3028
3029
987
3036
988
3037
989
3038
3039
996
3045
997
3046
998
3047
999
3048
3049
3050
3051
3052
3053
3054
3056
3057
3058
3059
3060
3063
3064
3065
3066
3067
3071
3072
3073
3074
3075
3080
3081
3082
3083
3084
3090
3091
3092
3093
3100
3101
3102
1059
3110
3111
1068
1069
3120
1077
1078
1079
1086
1087
1088
1089
1095
1096
1097
1098
1099
3183
3184
3192
3193
3194
1150
3201
3202
3203
3204
1159
1160
3210
3211
3212
3213
3214
1168
1169
1170
3219
3220
3221
3222
3223
3225
1177
3226
1178
3227
1179
3228
1180
3229
3232
3233
3234
1186
3235
1187
3236
1188
1189
1190
3240
3241
3242
3243
1195
3244
1196
1197
1198
1199
3249
3250
3251
3252
3253
3259
3260
3261
3262
3269
3270
3271
3279
3280
3289
1251
1252
1253
1261
1262
1263
1270
1271
1272
1273
1279
1280
1281
1282
1283
1288
1289
1290
1291
1292
1297
1298
1299
1300
1301
3355
3356
3357
3364
3365
3366
3367
3373
3374
3375
3376
3377
3382
3383
3384
3385
3386
3391
3392
3393
3394
3395
3398
3399
3400
3401
3402
1354
1355
1356
1357
3406
1358
3407
1359
3408
3409
3410
1366
3415
1367
3416
1368
3417
1369
3418
3419
1375
1376
3425
1377
3426
1378
3427
1379
3428
1384
1385
1386
3435
1387
3436
1388
3437
1393
1394
1395
1396
3445
1397
3446
1402
1403
1404
1405
1406
3455
1460
1461
1462
1463
1464
1465
1466
1467
1468
1469
3523
1475
3524
1476
3525
1477
3526
1478
1479
3532
1484
3533
1485
3534
1486
3535
1487
3536
1488
3541
1493
3542
1494
3543
1495
3544
1496
3545
1497
3550
1502
3551
1503
3552
1504
3553
1505
3554
1506
3559
1511
3560
1512
3561
1513
3562
1514
3563
1515
3567
3568
3569
3570
3571
3576
3577
3578
3579
3580
3586
3587
3588
3589
3596
3597
3598
3606
3607
3616
1570
1571
1572
1573
1574
1575
1576
1577
1578
1579
1580
1581
1582
1583
1584
1589
1590
1591
1592
1593
1598
1599
1600
1601
1602
1607
1608
1609
1610
1611
1616
1617
1618
1619
1620
1625
1626
1627
1628
1629
3685
3686
3687
3688
3689
3694
3695
3696
3697
3698
3703
3704
3705
3706
3707
3712
3713
3714
3715
3716
3721
3722
3723
3724
3725
3730
3731
3732
3733
1685
3734
1686
1687
1688
1689
1690
1691
3740
1692
3741
1693
3742
1694
3743
1695
1696
1697
1698
1699
1700
1701
3750
1702
3751
1703
3752
1704
1709
1710
1711
3760
1712
3761
1713
1718
1719
1720
1721
3770
1722
1727
1728
1729
1730
1731
1736
1737
1738
1739
1740
1746
1747
1748
1749
3839
3840
3841
3842
3843
3848
3849
3850
3851
3852
1806
1807
1808
3857
1809
3858
1810
3859
1811
3860
1812
3861
1813
1814
1815
1816
1817
3866
1818
3867
1819
3868
1820
3869
1821
3870
1822
1823
1824
1825
3875
1827
3876
1828
3877
1829
3878
1830
3879
1831
1836
3885
1837
3886
1838
3887
1839
3888
1840
1845
1846
3895
1847
3896
1848
3897
1849
1854
1855
1856
3905
1857
3906
1858
1864
1865
1866
3915
1867
1874
1875
1876
1934
3983
1935
3984
1936
3985
1937
3986
1938
3987
1939
1940
1941
1942
1943
3992
1944
3993
1945
3994
1946
3995
1947
3996
1948
1949
1950
1951
1952
4001
1953
4002
4003
1955
4004
1956
4005
1957
1958
1959
4010
1962
4011
1963
4012
1964
4013
1965
4014
1966
1971
4020
1972
4021
1973
4022
1974
4023
1975
1980
1981
4030
1982
4031
1983
4032
1984
1990
1991
4040
1992
4041
1993
2000
2001
4050
2002
2010
2011
)
)

// processor2

4990
(
1000
(
4117
4118
2070
4119
2071
4120
2072
4121
2073
2074
2075
2076
2077
4126
2078
4127
2079
4128
2080
4129
2081
4130
2082
2083
2084
2085
2086
4135
2087
4136
2088
4137
2089
4138
4139
2091
2092
2093
2094
2095
4145
4146
2098
4147
2099
4148
2100
2101
2102
2106
4155
2107
4156
2108
4157
2109
2110
2115
2116
4165
2117
4166
2118
2119
2125
2126
4175
2127
2128
2135
2136
2137
2145
2146
2155
4241
4242
4243
4244
4245
4250
4251
4252
4253
4254
4260
4261
4262
4263
2215
2216
2217
2218
2219
2220
2221
4270
2222
4271
2223
4272
2224
2225
2226
2227
2228
2229
2230
2231
4280
2232
4281
2233
2234
2236
2237
2238
2239
2240
4290
2243
2244
2245
2246
2247
2251
2252
2253
2254
2255
2260
2261
2262
2263
2264
2270
2271
2272
2273
2280
2281
2282
2290
2291
2300
4355
4356
4357
4358
4359
4365
4366
4367
4368
4375
4376
4377
4385
4386
4395
2369
2370
2371
2372
2373
2374
2375
2376
2377
2378
2379
2380
2381
2382
2383
2384
2385
2386
2387
2388
2390
2391
2392
2393
2394
2397
2398
2399
2400
2401
2405
2406
2407
2408
2409
4460
4461
4462
2414
4463
2415
2416
2417
2418
4470
4471
4472
2424
2425
2426
2427
4480
4481
2434
2435
2436
4490
2444
2445
2454
4555
4556
4557
4565
4566
2522
4575
2531
2532
2533
2534
2535
2536
2537
2538
2539
2540
2541
2542
2543
2544
2545
2546
2547
2548
2549
2551
2552
2553
2554
2555
2558
2559
2560
2561
2562
2566
2567
2568
2569
2570
2575
2576
2577
2578
2579
2585
2586
2587
2588
4640
4641
2595
2596
2597
4650
2605
2606
2615
4715
2681
2690
2691
2699
2700
2701
2702
2703
2704
2705
2706
2707
2708
2709
2710
2711
2712
2713
2714
2715
2717
2718
2719
2720
2721
2724
2725
2726
2727
2728
2732
2733
2734
2735
2736
2741
2742
2743
2744
2745
2751
703
2752
2753
2754
2761
2762
2763
2771
2772
2781
790
2844
799
800
2853
2854
2862
2863
2864
2871
2872
2873
2874
2875
2876
2877
2878
2879
2880
2881
2882
2883
2884
2886
2887
2888
2889
2890
2893
2894
2895
2896
2897
2901
2902
2903
2904
2905
2910
2911
2912
2913
2914
2920
2921
2922
2923
879
2930
2931
2932
888
889
2940
2941
897
898
899
2950
3009
969
3018
3019
978
3027
979
3028
3029
987
3036
988
3037
989
3038
3039
996
3045
997
3046
998
3047
999
3048
3049
3050
3051
3052
3053
3054
3056
3057
3058
3059
3060
3063
3064
3065
3066
3067
3071
3072
3073
3074
3075
3080
3081
3082
3083
3084
3090
3091
3092
3093
3100
3101
3102
1059
3110
3111
1068
1069
3120
1077
1078
1079
1086
1087
1088
1089
1095
1096
1097
1098
1099
3183
3184
3192
3193
3194
1150
3201
3202
3203
3204
1159
1160
3210
3211
3212
3213
3214
1168
1169
1170
3219
3220
3221
3222
3223
3225
1177
3226
1178
3227
1179
3228
1180
3229
3232
3233
3234
1186
3235
1187
3236
1188
1189
1190
3240
3241
3242
3243
1195
3244
1196
1197
1198
1199
3249
3250
3251
3252
3253
3259
3260
3261
3262
3269
3270
3271
3279
3280
3289
1251
1252
1253
1261
1262
1263
1270
1271
1272
1273
1279
1280
1281
1282
1283
1288
1289
1290
1291
1292
1297
1298
1299
1300
1301
3355
3356
3357
3364
3365
3366
3367
3373
3374
3375
3376
3377
3382
3383
3384
3385
3386
3391
3392
3393
3394
3395
3398
3399
3400
3401
3402
1354
1355
1356
1357
3406
1358
3407
1359
3408
3409
3410
1366
3415
1367
3416
1368
3417
1369
3418
3419
1375
1376
3425
1377
3426
1378
3427
1379
3428
1384
1385
1386
3435
1387
3436
1388
3437
1393
1394
1395
1396
3445
1397
3446
1402
1403
1404
1405
1406
3455
1460
1461
1462
1463
1464
1465
1466
1467
1468
1469
3523
1475
3524
1476
3525
1477
3526
1478
1479
3532
1484
3533
1485
3534
1486
3535
1487
3536
1488
3541
1493
3542
1494
3543
1495
3544
1496
3545
1497
3550
1502
3551
1503
3552
1504
3553
1505
3554
1506
3559
1511
3560
1512
3561
1513
3562
1514
3563
1515
3567
3568
3569
3570
3571
3576
3577
3578
3579
3580
3586
3587
3588
3589
3596
3597
3598
3606
3607
3616
1570
1571
1572
1573
1574
1575
1576
1577
1578
1579
1580
1581
1582
1583
1584
1589
1590
1591
1592
1593
1598
1599
1600
1601
1602
1607
1608
1609
1610
1611
1616
1617
1618
1619
1620
1625
1626
1627
1628
1629
3685
3686
3687
3688
3689
3694
3695
3696
3697
3698
3703
3704
3705
3706
3707
3712
3713
3714
3715
3716
3721
3722
3723
3724
3725
3730
3731
3732
3733
1685
3734
1686
1687
1688
1689
1690
1691
3740
1692
3741
1693
3742
1694
3743
1695
1696
1697
1698
1699
1700
1701
3750
1702
3751
1703
3752
1704
1709
1710
1711
3760
1712
3761
1713
1718
1719
1720
1721
3770
1722
1727
1728
1729
1730
1731
1736
1737
1738
1739
1740
1746
1747
1748
1749
3839
3840
3841
3842
3843
3848
3849
3850
3851
3852
1806
1807
1808
3857
1809
3858
1810
3859
1811
3860
1812
3861
1813
1814
1815
1816
1817
3866
1818
3867
1819
3868
1820
3869
1821
3870
1822
1823
1824
1825
3875
1827
3876
1828
3877
1829
3878
1830
3879
1831
1836
3885
1837
3886
1838
3887
1839
3888
1840
1845
1846
3895
1847
3896
1848
3897
1849
1854
1855
1856
3905
1857
3906
1858
1864
1865
1866
3915
1867
1874
1875
1876
1934
3983
1935
3984
1936
3985
1937
3986
1938
3987
1939
1940
1941
1942
1943
3992
1944
3993
1945
3994
1946
3995
1947
3996
1948
1949
1950
1951
1952
4001
1953
4002
4003
1955
4004
1956
4005
1957
1958
1959
4010
1962
4011
1963
4012
1964
4013
1965
4014
1966
1971
4020
1972
4021
1973
4022
1974
4023
1975
1980
1981
4030
1982
4031
1983
4032
1984
1990
1991
4040
1992
4041
1993
2000
2001
4050
2002
2010
2011
)
)

// processor3

4990
(
1000
(
4117
4118
2070
4119
2071
4120
2072
4121
2073
2074
2075
2076
2077
4126
2078
4127
2079
4128
2080
4129
2081
4130
2082
2083
2084
2085
2086
4135
2087
4136
2088
4137
2089
4138
4139
2091
2092
2093
2094
2095
4145
4146
2098
4147
2099
4148
2100
2101
2102
2106
4155
2107
4156
2108
4157
2109
2110
2115
2116
4165
2117
4166
2118
2119
2125
2126
4175
2127
2128
2135
2136
2137
2145
2146
2155
4241
4242
4243
4244
4245
4250
4251
4252
4253
4254
4260
4261
4262
4263
2215
2216
2217
2218
2219
2220
2221
4270
2222
4271
2223
4272
2224
2225
2226
2227
2228
2229
2230
2231
4280
2232
4281
2233
2234
2236
2237
2238
2239
2240
4290
2243
2244
2245
2246
2247
2251
2252
2253
2254
2255
2260
2261
2262
2263
2264
2270
2271
2272
2273
2280
2281
2282
2290
2291
2300
4355
4356
4357
4358
4359
4365
4366
4367
4368
4375
4376
4377
4385
4386
4395
2369
2370
2371
2372
2373
2374
2375
2376
2377
2378
2379
2380
2381
2382
2383
2384
2385
2386
2387
2388
2390
2391
2392
2393
2394
2397
2398
2399
2400
2401
2405
2406
2407
2408
2409
4460
4461
4462
2414
4463
2415
2416
2417
2418
4470
4471
4472
2424
2425
2426
2427
4480
4481
2434
2435
2436
4490
2444
2445
2454
4555
4556
4557
4565
4566
2522
4575
2531
2532
2533
2534
2535
2536
2537
2538
2539
2540
2541
2542
2543
2544
2545
2546
2547
2548
2549
2551
2552
2553
2554
2555
2558
2559
2560
2561
2562
2566
2567
2568
2569
2570
2575
2576
2577
2578
2579
2585
2586
2587
2588
4640
4641
2595
2596
2597
4650
2605
2606
2615
4715
2681
2690
2691
2699
2700
2701
2702
2703
2704
2705
2706
2707
2708
2709
2710
2711
2712
2713
2714
2715
2717
2718
2719
2720
2721
2724
2725
2726
2727
2728
2732
2733
2734
2735
2736
2741
2742
2743
2744
2745
2751
703
2752
2753
2754
2761
2762
2763
2771
2772
2781
790
2844
799
800
2853
2854
2862
2863
2864
2871
2872
2873
2874
2875
2876
2877
2878
2879
2880
2881
2882
2883
2884
2886
2887
2888
2889
2890
2893
2894
2895
2896
2897
2901
2902
2903
2904
2905
2910
2911
2912
2913
2914
2920
2921
2922
2923
879
2930
2931
2932
888
889
2940
2941
897
898
899
2950
3009
969
3018
3019
978
3027
979
3028
3029
987
3036
988
3037
989
3038
3039
996
3045
997
3046
998
3047
999
3048
3049
3050
3051
3052
3053
3054
3056
3057
3058
3059
3060
3063
3064
3065
3066
3067
3071
3072
3073
3074
3075
3080
3081
3082
3083
3084
3090
3091
3092
3093
3100
3101
3102
1059
3110
3111
1068
1069
3120
1077
1078
1079
1086
1087
1088
1089
1095
1096
1097
1098
1099
3183
3184
3192
3193
3194
1150
3201
3202
3203
3204
1159
1160
3210
3211
3212
3213
3214
1168
1169
1170
3219
3220
3221
3222
3223
3225
1177
3226
1178
3227
1179
3228
1180
3229
3232
3233
3234
1186
3235
1187
3236
1188
1189
1190
3240
3241
3242
3243
1195
3244
1196
1197
1198
1199
3249
3250
3251
3252
3253
3259
3260
3261
3262
3269
3270
3271
3279
3280
3289
1251
1252
1253
1261
1262
1263
1270
1271
1272
1273
1279
1280
1281
1282
1283
1288
1289
1290
1291
1292
1297
1298
1299
1300
1301
3355
3356
3357
3364
3365
3366
3367
3373
3374
3375
3376
3377
3382
3383
3384
3385
3386
3391
3392
3393
3394
3395
3398
3399
3400
3401
3402
1354
1355
1356
1357
3406
1358
3407
1359
3408
3409
3410
1366
3415
1367
3416
1368
3417
1369
3418
3419
1375
1376
3425
1377
3426
1378
3427
1379
3428
1384
1385
1386
3435
1387
3436
1388
3437
1393
1394
1395
1396
3445
1397
3446
1402
1403
1404
1405
1406
3455
1460
1461
1462
1463
1464
1465
1466
1467
1468
1469
3523
1475
3524
1476
3525
1477
3526
1478
1479
3532
1484
3533
1485
3534
1486
3535
1487
3536
1488
3541
1493
3542
1494
3543
1495
3544
1496
3545
1497
3550
1502
3551
1503
3552
1504
3553
1505
3554
1506
3559
1511
3560
1512
3561
1513
3562
1514
3563
1515
3567
3568
3569
3570
3571
3576
3577
3578
3579
3580
3586
3587
3588
3589
3596
3597
3598
3606
3607
3616
1570
1571
1572
1573
1574
1575
1576
1577
1578
1579
1580
1581
1582
1583
1584
1589
1590
1591
1592
1593
1598
1599
1600
1601
1602
1607
1608
1609
1610
1611
1616
1617
1618
1619
1620
1625
1626
1627
1628
1629
3685
3686
3687
3688
3689
3694
3695
3696
3697
3698
3703
3704
3705
3706
3707
3712
3713
3714
3715
3716
3721
3722
3723
3724
3725
3730
3731
3732
3733
1685
3734
1686
1687
1688
1689
1690
1691
3740
1692
3741
1693
3742
1694
3743
1695
1696
1697
1698
1699
1700
1701
3750
1702
3751
1703
3752
1704
1709
1710
1711
3760
1712
3761
1713
1718
1719
1720
1721
3770
1722
1727
1728
1729
1730
1731
1736
1737
1738
1739
1740
1746
1747
1748
1749
3839
3840
3841
3842
3843
3848
3849
3850
3851
3852
1806
1807
1808
3857
1809
3858
1810
3859
1811
3860
1812
3861
1813
1814
1815
1816
1817
3866
1818
3867
1819
3868
1820
3869
1821
3870
1822
1823
1824
1825
3875
1827
3876
1828
3877
1829
3878
1830
3879
1831
1836
3885
1837
3886
1838
3887
1839
3888
1840
1845
1846
3895
1847
3896
1848
3897
1849
1854
1855
1856
3905
1857
3906
1858
1864
1865
1866
3915
1867
1874
1875
1876
1934
3983
1935
3984
1936
3985
1937
3986
1938
3987
1939
1940
1941
1942
1943
3992
1944
3993
1945
3994
1946
3995
1947
3996
1948
1949
1950
1951
1952
4001
1953
4002
4003
1955
4004
1956
4005
1957
1958
1959
4010
1962
4011
1963
4012
1964
4013
1965
4014
1966
1971
4020
1972
4021
1973
4022
1974
4023
1975
1980
1981
4030
1982
4031
1983
4032
1984
1990
1991
4040
1992
4041
1993
2000
2001
4050
2002
2010
2011
)
)

// processor4

3
(0())

// processor5

3
(0())

// processor6

3
(0())

// processor7

3
(0())
