/*--------------------------------*- C++ -*----------------------------------*\
| =========                 |                                                 |
| \\      /  F ield         | OpenFOAM: The Open Source CFD Toolbox           |
|  \\    /   O peration     | Version:  2306                                  |
|   \\  /    A nd           | Website:  www.openfoam.com                      |
|    \\/     M anipulation  |                                                 |
\*---------------------------------------------------------------------------*/
FoamFile
{
    version     2.0;
    format      binary;
    arch        "LSB;label=32;scalar=64";
    class       decomposedBlockData;
    object      ccl;
    data.format     ascii;
    data.class      cellSet;
}
// * * * * * * * * * * * * * * * * * * * * * * * * * * * * * * * * * * * * * //


// processor0

5203
(FoamFile
{
    version     2.0;
    format      ascii;
    arch        "LSB;label=32;scalar=64";
    class       cellSet;
    location    "constant/phiEC/polyMesh/sets";
    object      ccl;
}

1000
(
4096
4097
4098
4099
4100
4101
4102
4103
4104
4105
4106
4107
4108
4109
4110
4111
4112
4113
4114
4154
4163
4164
4172
4173
4174
4181
4182
2134
4183
4184
4190
4191
2143
4192
2144
4193
4194
4199
4200
2152
4201
2153
4202
2154
4203
4207
4208
4209
2161
4210
2162
4211
2163
2164
4214
4215
4216
4217
4218
4220
4221
4222
4223
4224
4225
4226
4227
4228
4229
4230
4231
4232
4233
4234
4235
4236
4237
4238
4239
4269
4278
4279
4287
4288
4289
4296
4297
4298
4299
4305
4306
4307
4308
4309
4314
4315
4316
4317
4318
4322
4323
4324
4325
4326
2279
4329
4330
4331
4332
4333
4335
4336
2288
4337
2289
4338
4339
4340
4341
4342
4343
4344
4345
2297
4346
2298
4347
2299
4348
4349
4350
4351
4352
4353
4354
2306
2307
2308
2309
2315
2316
2317
2318
2319
4374
4383
4384
4392
4393
4394
4401
4402
4403
4404
4410
4411
4412
4413
4414
4419
4420
4421
4422
4423
4427
4428
4429
4430
4431
4434
4435
4436
4437
4438
4440
4441
4442
4443
4444
4445
4446
4447
4448
4449
4450
4451
4452
4453
4454
4455
4456
4457
4458
4459
4469
4478
4479
2433
4487
4488
4489
2442
2443
4496
4497
4498
4499
2451
2452
2453
4505
4506
4507
4508
2460
4509
2461
2462
2463
4514
4515
4516
4517
2469
4518
2470
2471
2472
2473
4522
4523
4524
4525
4526
2478
2479
2480
4529
2481
4530
2482
4531
4532
4533
4535
4536
4537
4538
4539
4540
4541
4542
4543
4544
4545
4546
4547
4548
4549
4550
4551
4552
4553
4554
4563
4564
4572
4573
4574
4581
4582
4583
4584
4590
4591
4592
4593
4594
4599
4600
4601
4602
4603
4607
4608
4609
4610
4611
4614
4615
4616
4617
4618
4620
4621
4622
4623
4624
4625
4626
4627
4628
4629
4630
4631
4632
4633
4634
4635
4636
4637
4638
4639
2594
4647
4648
4649
2603
2604
4656
4657
4658
4659
2612
2613
2614
4665
4666
4667
4668
4669
2621
2622
2623
2624
4674
4675
4676
4677
4678
2630
2631
2632
2633
4682
2634
4683
4684
4685
4686
2639
2640
4689
2641
4690
2642
4691
2643
4692
4693
4695
2647
4696
2648
4697
2649
4698
2650
4699
2651
4700
4701
4702
4703
4704
4705
4706
4707
4708
4709
4710
4711
4712
4713
4714
4721
4722
4723
4724
4730
4731
4732
4733
4734
4739
4740
4741
4742
4743
4747
4748
4749
4750
4751
4754
4755
4756
4757
4758
4760
4761
4762
4763
4764
4765
4766
4767
4768
4769
4770
4771
4772
4773
4774
4775
4776
4777
4778
4779
4785
4786
4787
4788
4789
4794
4795
4796
4797
4798
4802
4803
4804
4805
4806
2760
4809
4810
4811
4812
4813
4815
4816
4817
2769
4818
2770
4819
4820
4821
4822
4823
4824
4825
4826
2778
4827
2779
4828
2780
4829
4830
4831
4832
4833
4834
2787
2788
2789
2790
4839
4840
4841
4842
4843
2796
2797
2798
4847
2799
4848
2800
4849
4850
4851
2805
4854
2806
4855
2807
4856
2808
4857
2809
4858
4860
4861
2813
4862
2814
4863
2815
4864
2816
4865
2817
4866
4867
4868
2820
4869
2821
4870
2822
4871
2823
4872
2824
4873
4874
4875
4876
4877
4878
4879
4883
4884
4885
4886
4887
4890
4891
4892
4893
4894
4896
4897
4898
4899
4900
4901
4902
4903
4904
4905
4906
4907
4908
4909
4910
4911
4912
4913
4914
4915
4918
4919
4920
4921
4922
4924
4925
4926
4927
4928
4929
4930
4931
4932
4933
4934
4935
4936
4937
4938
4939
4940
4941
4942
4943
4945
4946
4947
4948
4949
4950
4951
4952
4953
4954
4955
4956
4957
4958
4959
4960
4961
4962
4963
4964
4965
4966
4967
4968
4969
4970
4971
4972
4973
4974
4975
4976
4977
2929
4978
4979
4980
4981
4982
4983
4984
4985
4986
2938
4987
2939
4988
4989
4990
4991
4992
4993
4994
4995
2947
4996
2948
4997
2949
4998
4999
2956
2957
2958
2959
2965
2966
2967
2968
2969
2974
2975
2976
2977
2978
2982
2983
2984
2985
2986
2989
2990
2991
2992
2993
2995
2996
2997
2998
2999
3099
3108
3109
3117
3118
3119
3126
3127
3128
3129
3135
3136
3137
3138
3139
3144
3145
3146
3147
3148
3152
3153
3154
3155
3156
3159
3160
3161
3162
3163
3165
3166
3167
3168
3169
3170
3171
3172
3173
3174
3268
3277
3278
3286
3287
3288
3295
3296
3297
3298
3304
3305
3306
3307
3308
3313
3314
3315
3316
3317
3321
3322
3323
3324
3325
3328
3329
3330
3331
3332
3334
3335
3336
3337
3338
3339
3340
3341
3342
3343
3344
3345
3346
3347
3434
3443
3444
3452
3453
3454
3461
3462
3463
3464
3470
3471
3472
3473
3474
3479
3480
3481
3482
3483
3487
3488
3489
3490
3491
3494
3495
3496
3497
3498
3500
3501
3502
3503
3504
3505
3506
3507
3508
3509
3510
3511
3512
3513
3514
3515
3516
3595
3604
3605
3613
3614
3615
3622
3623
3624
3625
3631
3632
3633
3634
3635
3640
3641
3642
3643
3644
3648
3649
3650
3651
3652
3655
3656
3657
3658
3659
3661
3662
3663
3664
3665
3666
3667
3668
3669
3670
3671
3672
3673
3674
3675
3676
3677
3678
3679
3749
3758
3759
3767
3768
3769
3776
3777
3778
3779
3785
3786
3787
3788
3789
3794
3795
3796
3797
3798
3802
3803
1755
3804
3805
3806
3809
3810
3811
3812
3813
3815
3816
3817
3818
3819
3820
3821
3822
3823
3824
3825
3826
3827
3828
3829
3830
3831
3832
3833
3834
3894
3903
3904
3912
3913
3914
3921
1873
3922
3923
3924
3930
1882
3931
1883
3932
3933
3934
3939
3940
3941
3942
3943
3947
3948
3949
3950
3951
3954
3955
3956
3957
3958
3960
3961
3962
3963
3964
3965
3966
3967
3968
3969
3970
3971
3972
3973
3974
3975
3976
3977
3978
3979
4029
4038
4039
4047
1999
4048
4049
4056
2008
4057
2009
4058
4059
4065
2017
4066
2018
4067
2019
4068
4069
4074
4075
4076
4077
4078
4082
4083
4084
4085
4086
4089
4090
4091
4092
4093
4095
)
)

// processor1

5010
(
1000
(
4096
4097
4098
4099
4100
4101
4102
4103
4104
4105
4106
4107
4108
4109
4110
4111
4112
4113
4114
4154
4163
4164
4172
4173
4174
4181
4182
2134
4183
4184
4190
4191
2143
4192
2144
4193
4194
4199
4200
2152
4201
2153
4202
2154
4203
4207
4208
4209
2161
4210
2162
4211
2163
2164
4214
4215
4216
4217
4218
4220
4221
4222
4223
4224
4225
4226
4227
4228
4229
4230
4231
4232
4233
4234
4235
4236
4237
4238
4239
4269
4278
4279
4287
4288
4289
4296
4297
4298
4299
4305
4306
4307
4308
4309
4314
4315
4316
4317
4318
4322
4323
4324
4325
4326
2279
4329
4330
4331
4332
4333
4335
4336
2288
4337
2289
4338
4339
4340
4341
4342
4343
4344
4345
2297
4346
2298
4347
2299
4348
4349
4350
4351
4352
4353
4354
2306
2307
2308
2309
2315
2316
2317
2318
2319
4374
4383
4384
4392
4393
4394
4401
4402
4403
4404
4410
4411
4412
4413
4414
4419
4420
4421
4422
4423
4427
4428
4429
4430
4431
4434
4435
4436
4437
4438
4440
4441
4442
4443
4444
4445
4446
4447
4448
4449
4450
4451
4452
4453
4454
4455
4456
4457
4458
4459
4469
4478
4479
2433
4487
4488
4489
2442
2443
4496
4497
4498
4499
2451
2452
2453
4505
4506
4507
4508
2460
4509
2461
2462
2463
4514
4515
4516
4517
2469
4518
2470
2471
2472
2473
4522
4523
4524
4525
4526
2478
2479
2480
4529
2481
4530
2482
4531
4532
4533
4535
4536
4537
4538
4539
4540
4541
4542
4543
4544
4545
4546
4547
4548
4549
4550
4551
4552
4553
4554
4563
4564
4572
4573
4574
4581
4582
4583
4584
4590
4591
4592
4593
4594
4599
4600
4601
4602
4603
4607
4608
4609
4610
4611
4614
4615
4616
4617
4618
4620
4621
4622
4623
4624
4625
4626
4627
4628
4629
4630
4631
4632
4633
4634
4635
4636
4637
4638
4639
2594
4647
4648
4649
2603
2604
4656
4657
4658
4659
2612
2613
2614
4665
4666
4667
4668
4669
2621
2622
2623
2624
4674
4675
4676
4677
4678
2630
2631
2632
2633
4682
2634
4683
4684
4685
4686
2639
2640
4689
2641
4690
2642
4691
2643
4692
4693
4695
2647
4696
2648
4697
2649
4698
2650
4699
2651
4700
4701
4702
4703
4704
4705
4706
4707
4708
4709
4710
4711
4712
4713
4714
4721
4722
4723
4724
4730
4731
4732
4733
4734
4739
4740
4741
4742
4743
4747
4748
4749
4750
4751
4754
4755
4756
4757
4758
4760
4761
4762
4763
4764
4765
4766
4767
4768
4769
4770
4771
4772
4773
4774
4775
4776
4777
4778
4779
4785
4786
4787
4788
4789
4794
4795
4796
4797
4798
4802
4803
4804
4805
4806
2760
4809
4810
4811
4812
4813
4815
4816
4817
2769
4818
2770
4819
4820
4821
4822
4823
4824
4825
4826
2778
4827
2779
4828
2780
4829
4830
4831
4832
4833
4834
2787
2788
2789
2790
4839
4840
4841
4842
4843
2796
2797
2798
4847
2799
4848
2800
4849
4850
4851
2805
4854
2806
4855
2807
4856
2808
4857
2809
4858
4860
4861
2813
4862
2814
4863
2815
4864
2816
4865
2817
4866
4867
4868
2820
4869
2821
4870
2822
4871
2823
4872
2824
4873
4874
4875
4876
4877
4878
4879
4883
4884
4885
4886
4887
4890
4891
4892
4893
4894
4896
4897
4898
4899
4900
4901
4902
4903
4904
4905
4906
4907
4908
4909
4910
4911
4912
4913
4914
4915
4918
4919
4920
4921
4922
4924
4925
4926
4927
4928
4929
4930
4931
4932
4933
4934
4935
4936
4937
4938
4939
4940
4941
4942
4943
4945
4946
4947
4948
4949
4950
4951
4952
4953
4954
4955
4956
4957
4958
4959
4960
4961
4962
4963
4964
4965
4966
4967
4968
4969
4970
4971
4972
4973
4974
4975
4976
4977
2929
4978
4979
4980
4981
4982
4983
4984
4985
4986
2938
4987
2939
4988
4989
4990
4991
4992
4993
4994
4995
2947
4996
2948
4997
2949
4998
4999
2956
2957
2958
2959
2965
2966
2967
2968
2969
2974
2975
2976
2977
2978
2982
2983
2984
2985
2986
2989
2990
2991
2992
2993
2995
2996
2997
2998
2999
3099
3108
3109
3117
3118
3119
3126
3127
3128
3129
3135
3136
3137
3138
3139
3144
3145
3146
3147
3148
3152
3153
3154
3155
3156
3159
3160
3161
3162
3163
3165
3166
3167
3168
3169
3170
3171
3172
3173
3174
3268
3277
3278
3286
3287
3288
3295
3296
3297
3298
3304
3305
3306
3307
3308
3313
3314
3315
3316
3317
3321
3322
3323
3324
3325
3328
3329
3330
3331
3332
3334
3335
3336
3337
3338
3339
3340
3341
3342
3343
3344
3345
3346
3347
3434
3443
3444
3452
3453
3454
3461
3462
3463
3464
3470
3471
3472
3473
3474
3479
3480
3481
3482
3483
3487
3488
3489
3490
3491
3494
3495
3496
3497
3498
3500
3501
3502
3503
3504
3505
3506
3507
3508
3509
3510
3511
3512
3513
3514
3515
3516
3595
3604
3605
3613
3614
3615
3622
3623
3624
3625
3631
3632
3633
3634
3635
3640
3641
3642
3643
3644
3648
3649
3650
3651
3652
3655
3656
3657
3658
3659
3661
3662
3663
3664
3665
3666
3667
3668
3669
3670
3671
3672
3673
3674
3675
3676
3677
3678
3679
3749
3758
3759
3767
3768
3769
3776
3777
3778
3779
3785
3786
3787
3788
3789
3794
3795
3796
3797
3798
3802
3803
1755
3804
3805
3806
3809
3810
3811
3812
3813
3815
3816
3817
3818
3819
3820
3821
3822
3823
3824
3825
3826
3827
3828
3829
3830
3831
3832
3833
3834
3894
3903
3904
3912
3913
3914
3921
1873
3922
3923
3924
3930
1882
3931
1883
3932
3933
3934
3939
3940
3941
3942
3943
3947
3948
3949
3950
3951
3954
3955
3956
3957
3958
3960
3961
3962
3963
3964
3965
3966
3967
3968
3969
3970
3971
3972
3973
3974
3975
3976
3977
3978
3979
4029
4038
4039
4047
1999
4048
4049
4056
2008
4057
2009
4058
4059
4065
2017
4066
2018
4067
2019
4068
4069
4074
4075
4076
4077
4078
4082
4083
4084
4085
4086
4089
4090
4091
4092
4093
4095
)
)

// processor2

5010
(
1000
(
4096
4097
4098
4099
4100
4101
4102
4103
4104
4105
4106
4107
4108
4109
4110
4111
4112
4113
4114
4154
4163
4164
4172
4173
4174
4181
4182
2134
4183
4184
4190
4191
2143
4192
2144
4193
4194
4199
4200
2152
4201
2153
4202
2154
4203
4207
4208
4209
2161
4210
2162
4211
2163
2164
4214
4215
4216
4217
4218
4220
4221
4222
4223
4224
4225
4226
4227
4228
4229
4230
4231
4232
4233
4234
4235
4236
4237
4238
4239
4269
4278
4279
4287
4288
4289
4296
4297
4298
4299
4305
4306
4307
4308
4309
4314
4315
4316
4317
4318
4322
4323
4324
4325
4326
2279
4329
4330
4331
4332
4333
4335
4336
2288
4337
2289
4338
4339
4340
4341
4342
4343
4344
4345
2297
4346
2298
4347
2299
4348
4349
4350
4351
4352
4353
4354
2306
2307
2308
2309
2315
2316
2317
2318
2319
4374
4383
4384
4392
4393
4394
4401
4402
4403
4404
4410
4411
4412
4413
4414
4419
4420
4421
4422
4423
4427
4428
4429
4430
4431
4434
4435
4436
4437
4438
4440
4441
4442
4443
4444
4445
4446
4447
4448
4449
4450
4451
4452
4453
4454
4455
4456
4457
4458
4459
4469
4478
4479
2433
4487
4488
4489
2442
2443
4496
4497
4498
4499
2451
2452
2453
4505
4506
4507
4508
2460
4509
2461
2462
2463
4514
4515
4516
4517
2469
4518
2470
2471
2472
2473
4522
4523
4524
4525
4526
2478
2479
2480
4529
2481
4530
2482
4531
4532
4533
4535
4536
4537
4538
4539
4540
4541
4542
4543
4544
4545
4546
4547
4548
4549
4550
4551
4552
4553
4554
4563
4564
4572
4573
4574
4581
4582
4583
4584
4590
4591
4592
4593
4594
4599
4600
4601
4602
4603
4607
4608
4609
4610
4611
4614
4615
4616
4617
4618
4620
4621
4622
4623
4624
4625
4626
4627
4628
4629
4630
4631
4632
4633
4634
4635
4636
4637
4638
4639
2594
4647
4648
4649
2603
2604
4656
4657
4658
4659
2612
2613
2614
4665
4666
4667
4668
4669
2621
2622
2623
2624
4674
4675
4676
4677
4678
2630
2631
2632
2633
4682
2634
4683
4684
4685
4686
2639
2640
4689
2641
4690
2642
4691
2643
4692
4693
4695
2647
4696
2648
4697
2649
4698
2650
4699
2651
4700
4701
4702
4703
4704
4705
4706
4707
4708
4709
4710
4711
4712
4713
4714
4721
4722
4723
4724
4730
4731
4732
4733
4734
4739
4740
4741
4742
4743
4747
4748
4749
4750
4751
4754
4755
4756
4757
4758
4760
4761
4762
4763
4764
4765
4766
4767
4768
4769
4770
4771
4772
4773
4774
4775
4776
4777
4778
4779
4785
4786
4787
4788
4789
4794
4795
4796
4797
4798
4802
4803
4804
4805
4806
2760
4809
4810
4811
4812
4813
4815
4816
4817
2769
4818
2770
4819
4820
4821
4822
4823
4824
4825
4826
2778
4827
2779
4828
2780
4829
4830
4831
4832
4833
4834
2787
2788
2789
2790
4839
4840
4841
4842
4843
2796
2797
2798
4847
2799
4848
2800
4849
4850
4851
2805
4854
2806
4855
2807
4856
2808
4857
2809
4858
4860
4861
2813
4862
2814
4863
2815
4864
2816
4865
2817
4866
4867
4868
2820
4869
2821
4870
2822
4871
2823
4872
2824
4873
4874
4875
4876
4877
4878
4879
4883
4884
4885
4886
4887
4890
4891
4892
4893
4894
4896
4897
4898
4899
4900
4901
4902
4903
4904
4905
4906
4907
4908
4909
4910
4911
4912
4913
4914
4915
4918
4919
4920
4921
4922
4924
4925
4926
4927
4928
4929
4930
4931
4932
4933
4934
4935
4936
4937
4938
4939
4940
4941
4942
4943
4945
4946
4947
4948
4949
4950
4951
4952
4953
4954
4955
4956
4957
4958
4959
4960
4961
4962
4963
4964
4965
4966
4967
4968
4969
4970
4971
4972
4973
4974
4975
4976
4977
2929
4978
4979
4980
4981
4982
4983
4984
4985
4986
2938
4987
2939
4988
4989
4990
4991
4992
4993
4994
4995
2947
4996
2948
4997
2949
4998
4999
2956
2957
2958
2959
2965
2966
2967
2968
2969
2974
2975
2976
2977
2978
2982
2983
2984
2985
2986
2989
2990
2991
2992
2993
2995
2996
2997
2998
2999
3099
3108
3109
3117
3118
3119
3126
3127
3128
3129
3135
3136
3137
3138
3139
3144
3145
3146
3147
3148
3152
3153
3154
3155
3156
3159
3160
3161
3162
3163
3165
3166
3167
3168
3169
3170
3171
3172
3173
3174
3268
3277
3278
3286
3287
3288
3295
3296
3297
3298
3304
3305
3306
3307
3308
3313
3314
3315
3316
3317
3321
3322
3323
3324
3325
3328
3329
3330
3331
3332
3334
3335
3336
3337
3338
3339
3340
3341
3342
3343
3344
3345
3346
3347
3434
3443
3444
3452
3453
3454
3461
3462
3463
3464
3470
3471
3472
3473
3474
3479
3480
3481
3482
3483
3487
3488
3489
3490
3491
3494
3495
3496
3497
3498
3500
3501
3502
3503
3504
3505
3506
3507
3508
3509
3510
3511
3512
3513
3514
3515
3516
3595
3604
3605
3613
3614
3615
3622
3623
3624
3625
3631
3632
3633
3634
3635
3640
3641
3642
3643
3644
3648
3649
3650
3651
3652
3655
3656
3657
3658
3659
3661
3662
3663
3664
3665
3666
3667
3668
3669
3670
3671
3672
3673
3674
3675
3676
3677
3678
3679
3749
3758
3759
3767
3768
3769
3776
3777
3778
3779
3785
3786
3787
3788
3789
3794
3795
3796
3797
3798
3802
3803
1755
3804
3805
3806
3809
3810
3811
3812
3813
3815
3816
3817
3818
3819
3820
3821
3822
3823
3824
3825
3826
3827
3828
3829
3830
3831
3832
3833
3834
3894
3903
3904
3912
3913
3914
3921
1873
3922
3923
3924
3930
1882
3931
1883
3932
3933
3934
3939
3940
3941
3942
3943
3947
3948
3949
3950
3951
3954
3955
3956
3957
3958
3960
3961
3962
3963
3964
3965
3966
3967
3968
3969
3970
3971
3972
3973
3974
3975
3976
3977
3978
3979
4029
4038
4039
4047
1999
4048
4049
4056
2008
4057
2009
4058
4059
4065
2017
4066
2018
4067
2019
4068
4069
4074
4075
4076
4077
4078
4082
4083
4084
4085
4086
4089
4090
4091
4092
4093
4095
)
)

// processor3

5010
(
1000
(
4096
4097
4098
4099
4100
4101
4102
4103
4104
4105
4106
4107
4108
4109
4110
4111
4112
4113
4114
4154
4163
4164
4172
4173
4174
4181
4182
2134
4183
4184
4190
4191
2143
4192
2144
4193
4194
4199
4200
2152
4201
2153
4202
2154
4203
4207
4208
4209
2161
4210
2162
4211
2163
2164
4214
4215
4216
4217
4218
4220
4221
4222
4223
4224
4225
4226
4227
4228
4229
4230
4231
4232
4233
4234
4235
4236
4237
4238
4239
4269
4278
4279
4287
4288
4289
4296
4297
4298
4299
4305
4306
4307
4308
4309
4314
4315
4316
4317
4318
4322
4323
4324
4325
4326
2279
4329
4330
4331
4332
4333
4335
4336
2288
4337
2289
4338
4339
4340
4341
4342
4343
4344
4345
2297
4346
2298
4347
2299
4348
4349
4350
4351
4352
4353
4354
2306
2307
2308
2309
2315
2316
2317
2318
2319
4374
4383
4384
4392
4393
4394
4401
4402
4403
4404
4410
4411
4412
4413
4414
4419
4420
4421
4422
4423
4427
4428
4429
4430
4431
4434
4435
4436
4437
4438
4440
4441
4442
4443
4444
4445
4446
4447
4448
4449
4450
4451
4452
4453
4454
4455
4456
4457
4458
4459
4469
4478
4479
2433
4487
4488
4489
2442
2443
4496
4497
4498
4499
2451
2452
2453
4505
4506
4507
4508
2460
4509
2461
2462
2463
4514
4515
4516
4517
2469
4518
2470
2471
2472
2473
4522
4523
4524
4525
4526
2478
2479
2480
4529
2481
4530
2482
4531
4532
4533
4535
4536
4537
4538
4539
4540
4541
4542
4543
4544
4545
4546
4547
4548
4549
4550
4551
4552
4553
4554
4563
4564
4572
4573
4574
4581
4582
4583
4584
4590
4591
4592
4593
4594
4599
4600
4601
4602
4603
4607
4608
4609
4610
4611
4614
4615
4616
4617
4618
4620
4621
4622
4623
4624
4625
4626
4627
4628
4629
4630
4631
4632
4633
4634
4635
4636
4637
4638
4639
2594
4647
4648
4649
2603
2604
4656
4657
4658
4659
2612
2613
2614
4665
4666
4667
4668
4669
2621
2622
2623
2624
4674
4675
4676
4677
4678
2630
2631
2632
2633
4682
2634
4683
4684
4685
4686
2639
2640
4689
2641
4690
2642
4691
2643
4692
4693
4695
2647
4696
2648
4697
2649
4698
2650
4699
2651
4700
4701
4702
4703
4704
4705
4706
4707
4708
4709
4710
4711
4712
4713
4714
4721
4722
4723
4724
4730
4731
4732
4733
4734
4739
4740
4741
4742
4743
4747
4748
4749
4750
4751
4754
4755
4756
4757
4758
4760
4761
4762
4763
4764
4765
4766
4767
4768
4769
4770
4771
4772
4773
4774
4775
4776
4777
4778
4779
4785
4786
4787
4788
4789
4794
4795
4796
4797
4798
4802
4803
4804
4805
4806
2760
4809
4810
4811
4812
4813
4815
4816
4817
2769
4818
2770
4819
4820
4821
4822
4823
4824
4825
4826
2778
4827
2779
4828
2780
4829
4830
4831
4832
4833
4834
2787
2788
2789
2790
4839
4840
4841
4842
4843
2796
2797
2798
4847
2799
4848
2800
4849
4850
4851
2805
4854
2806
4855
2807
4856
2808
4857
2809
4858
4860
4861
2813
4862
2814
4863
2815
4864
2816
4865
2817
4866
4867
4868
2820
4869
2821
4870
2822
4871
2823
4872
2824
4873
4874
4875
4876
4877
4878
4879
4883
4884
4885
4886
4887
4890
4891
4892
4893
4894
4896
4897
4898
4899
4900
4901
4902
4903
4904
4905
4906
4907
4908
4909
4910
4911
4912
4913
4914
4915
4918
4919
4920
4921
4922
4924
4925
4926
4927
4928
4929
4930
4931
4932
4933
4934
4935
4936
4937
4938
4939
4940
4941
4942
4943
4945
4946
4947
4948
4949
4950
4951
4952
4953
4954
4955
4956
4957
4958
4959
4960
4961
4962
4963
4964
4965
4966
4967
4968
4969
4970
4971
4972
4973
4974
4975
4976
4977
2929
4978
4979
4980
4981
4982
4983
4984
4985
4986
2938
4987
2939
4988
4989
4990
4991
4992
4993
4994
4995
2947
4996
2948
4997
2949
4998
4999
2956
2957
2958
2959
2965
2966
2967
2968
2969
2974
2975
2976
2977
2978
2982
2983
2984
2985
2986
2989
2990
2991
2992
2993
2995
2996
2997
2998
2999
3099
3108
3109
3117
3118
3119
3126
3127
3128
3129
3135
3136
3137
3138
3139
3144
3145
3146
3147
3148
3152
3153
3154
3155
3156
3159
3160
3161
3162
3163
3165
3166
3167
3168
3169
3170
3171
3172
3173
3174
3268
3277
3278
3286
3287
3288
3295
3296
3297
3298
3304
3305
3306
3307
3308
3313
3314
3315
3316
3317
3321
3322
3323
3324
3325
3328
3329
3330
3331
3332
3334
3335
3336
3337
3338
3339
3340
3341
3342
3343
3344
3345
3346
3347
3434
3443
3444
3452
3453
3454
3461
3462
3463
3464
3470
3471
3472
3473
3474
3479
3480
3481
3482
3483
3487
3488
3489
3490
3491
3494
3495
3496
3497
3498
3500
3501
3502
3503
3504
3505
3506
3507
3508
3509
3510
3511
3512
3513
3514
3515
3516
3595
3604
3605
3613
3614
3615
3622
3623
3624
3625
3631
3632
3633
3634
3635
3640
3641
3642
3643
3644
3648
3649
3650
3651
3652
3655
3656
3657
3658
3659
3661
3662
3663
3664
3665
3666
3667
3668
3669
3670
3671
3672
3673
3674
3675
3676
3677
3678
3679
3749
3758
3759
3767
3768
3769
3776
3777
3778
3779
3785
3786
3787
3788
3789
3794
3795
3796
3797
3798
3802
3803
1755
3804
3805
3806
3809
3810
3811
3812
3813
3815
3816
3817
3818
3819
3820
3821
3822
3823
3824
3825
3826
3827
3828
3829
3830
3831
3832
3833
3834
3894
3903
3904
3912
3913
3914
3921
1873
3922
3923
3924
3930
1882
3931
1883
3932
3933
3934
3939
3940
3941
3942
3943
3947
3948
3949
3950
3951
3954
3955
3956
3957
3958
3960
3961
3962
3963
3964
3965
3966
3967
3968
3969
3970
3971
3972
3973
3974
3975
3976
3977
3978
3979
4029
4038
4039
4047
1999
4048
4049
4056
2008
4057
2009
4058
4059
4065
2017
4066
2018
4067
2019
4068
4069
4074
4075
4076
4077
4078
4082
4083
4084
4085
4086
4089
4090
4091
4092
4093
4095
)
)

// processor4

3
(0())

// processor5

3
(0())

// processor6

3
(0())

// processor7

3
(0())
