/*--------------------------------*- C++ -*----------------------------------*\
| =========                 |                                                 |
| \\      /  F ield         | OpenFOAM: The Open Source CFD Toolbox           |
|  \\    /   O peration     | Version:  2306                                  |
|   \\  /    A nd           | Website:  www.openfoam.com                      |
|    \\/     M anipulation  |                                                 |
\*---------------------------------------------------------------------------*/
FoamFile
{
    version     2.0;
    format      binary;
    arch        "LSB;label=32;scalar=64";
    class       decomposedBlockData;
    object      cmpl;
    data.format     ascii;
    data.class      cellSet;
}
// * * * * * * * * * * * * * * * * * * * * * * * * * * * * * * * * * * * * * //


// processor0

5204
(FoamFile
{
    version     2.0;
    format      ascii;
    arch        "LSB;label=32;scalar=64";
    class       cellSet;
    location    "constant/phiEC/polyMesh/sets";
    object      cmpl;
}

1000
(
4122
4123
4124
4131
4132
4133
4134
2090
4140
4141
4142
4143
4144
2096
2097
4149
4150
4151
2103
4152
2104
4153
2105
4158
4159
2111
4160
2112
4161
2113
4162
2114
4167
4168
2120
4169
2121
4170
2122
4171
2123
2124
4176
4177
2129
4178
2130
4179
2131
4180
2132
2133
4185
4186
2138
4187
2139
4188
2140
4189
2141
2142
4195
2147
4196
2148
4197
2149
4198
2150
2151
4204
2156
4205
2157
4206
2158
2159
2160
4212
4213
4219
4246
4247
4248
4249
4255
4256
4257
4258
4259
4264
4265
4266
4267
4268
4273
4274
4275
4276
4277
4282
4283
2235
4284
4285
4286
2241
2242
4291
4292
4293
4294
4295
2248
2249
2250
4300
4301
4302
4303
4304
2256
2257
2258
2259
4310
4311
4312
4313
2265
2266
2267
2268
2269
4319
4320
4321
2274
2275
2276
2277
2278
4327
4328
2283
2284
2285
4334
2286
2287
2292
2293
2294
2295
2296
2301
2302
2303
2304
2305
2310
2311
4360
2312
4361
2313
4362
2314
4363
4364
4369
4370
4371
4372
4373
4378
4379
4380
4381
4382
4387
4388
4389
4390
4391
4396
4397
4398
4399
4400
4405
4406
4407
4408
4409
4415
4416
4417
4418
4424
4425
4426
4432
4433
2389
4439
2395
2396
2402
2403
2404
2410
2411
2412
2413
4464
4465
4466
4467
2419
4468
2420
2421
2422
2423
4473
4474
4475
4476
2428
4477
2429
2430
2431
2432
4482
4483
4484
4485
2437
4486
2438
2439
2440
2441
4491
4492
4493
4494
2446
4495
2447
2448
2449
2450
4500
4501
4502
4503
2455
4504
2456
2457
2458
2459
4510
4511
4512
2464
4513
2465
2466
2467
2468
4519
4520
4521
2474
2475
2476
2477
4527
4528
4534
4558
4559
4560
4561
4562
4567
4568
4569
4570
4571
4576
4577
4578
4579
4580
4585
4586
4587
4588
4589
4595
4596
4597
4598
2550
4604
2556
4605
2557
4606
2563
4612
2564
4613
2565
4619
2571
2572
2573
2574
2580
2581
2582
2583
2584
2589
2590
2591
2592
2593
4642
4643
4644
4645
4646
2598
2599
2600
2601
2602
4651
4652
4653
4654
4655
2607
2608
2609
2610
2611
4660
4661
4662
4663
4664
2616
2617
2618
2619
2620
4670
4671
4672
4673
2625
2626
2627
2628
2629
4679
4680
4681
2635
2636
2637
2638
4687
4688
2644
2645
4694
2646
4716
4717
4718
4719
4720
4725
4726
4727
4728
4729
4735
4736
4737
4738
4744
4745
4746
4752
4753
4759
2716
2722
2723
2729
2730
2731
4780
4781
4782
4783
4784
2737
2738
2739
2740
4790
4791
4792
4793
2746
2747
2748
2749
2750
4799
4800
4801
2755
2756
2757
2758
4807
2759
4808
2764
2765
4814
2766
2767
2768
2773
2774
2775
2776
2777
2782
2783
2784
2785
2786
4835
4836
4837
4838
2791
2792
2793
2794
2795
4844
4845
4846
2801
2802
2803
4852
2804
4853
2810
4859
2811
2812
2818
2819
4880
4881
4882
4888
4889
4895
4916
4917
4923
2885
2891
2892
4944
2898
2899
2900
2906
2907
2908
2909
2915
2916
2917
2918
2919
2924
2925
2926
2927
2928
2933
2934
2935
2936
2937
2942
2943
2944
2945
2946
2951
2952
2953
2954
2955
2960
2961
2962
2963
2964
2970
2971
2972
2973
2979
2980
2981
2987
2988
2994
3055
3061
3062
3068
3069
3070
3076
3077
3078
3079
3085
3086
3087
3088
3089
3094
3095
3096
3097
3098
3103
3104
3105
3106
3107
3112
3113
3114
3115
3116
3121
3122
3123
3124
3125
3130
3131
3132
3133
3134
3140
3141
3142
3143
3149
3150
3151
3157
3158
3164
3224
3230
3231
3237
3238
3239
3245
3246
3247
3248
1200
3254
3255
3256
3257
3258
3263
3264
3265
3266
3267
3272
3273
3274
3275
3276
3281
3282
3283
3284
3285
3290
3291
3292
3293
3294
3299
3300
3301
3302
3303
3309
3310
3311
3312
3318
3319
3320
3326
3327
3333
1293
1302
1303
3387
3396
3397
3403
3404
3405
3411
3412
3413
3414
3420
3421
3422
3423
3424
3429
3430
3431
3432
3433
1389
3438
3439
3440
3441
3442
1398
3447
1399
3448
3449
3450
3451
1407
3456
1408
3457
1409
3458
3459
3460
3465
3466
3467
3468
3469
3475
3476
3477
3478
3484
3485
3486
3492
3493
3499
1489
3546
1498
1499
3555
1507
3556
1508
1509
3564
1516
3565
1517
3566
1518
1519
3572
3573
3574
3575
3581
3582
3583
3584
3585
3590
3591
3592
3593
3594
3599
3600
3601
3602
3603
3608
3609
3610
3611
3612
3617
3618
3619
3620
3621
3626
3627
3628
3629
3630
3636
3637
3638
3639
1594
3645
3646
3647
1603
1604
3653
3654
3660
1612
1613
1614
1621
1622
1623
1624
1630
1631
1632
1633
1634
3699
3708
3709
3717
3718
3719
3726
3727
3728
3729
3735
3736
3737
3738
3739
3744
3745
3746
3747
3748
3753
1705
3754
3755
3756
3757
3762
1714
3763
1715
3764
3765
3766
3771
1723
3772
1724
3773
1725
3774
3775
3780
1732
3781
1733
3782
1734
3783
1735
3784
1741
3790
1742
3791
1743
3792
1744
3793
1745
1750
3799
1751
3800
1752
3801
1753
1754
3807
3808
3814
3844
3853
3854
3862
3863
3864
3871
3872
3873
3874
1826
3880
1832
3881
1833
3882
3883
3884
3889
1841
3890
1842
3891
1843
3892
3893
3898
1850
3899
1851
3900
1852
3901
1853
3902
3907
1859
3908
1860
3909
1861
3910
1862
3911
1863
3916
1868
3917
1869
3918
1870
3919
1871
3920
1872
3925
1877
3926
1878
3927
1879
3928
1880
3929
1881
3935
3936
3937
3938
3944
3945
3946
3952
3953
3959
3988
3989
3997
3998
3999
1954
4006
4007
4008
1960
4009
1961
4015
1967
4016
1968
4017
1969
4018
4019
4024
1976
4025
1977
4026
1978
4027
1979
4028
4033
1985
4034
1986
4035
1987
4036
1988
4037
1989
4042
1994
4043
1995
4044
1996
4045
1997
4046
1998
4051
2003
4052
2004
4053
2005
4054
2006
4055
2007
4060
2012
4061
2013
4062
2014
4063
2015
4064
2016
4070
4071
4072
4073
4079
4080
4081
4087
4088
4094
)
)

// processor1

5010
(
1000
(
4122
4123
4124
4131
4132
4133
4134
2090
4140
4141
4142
4143
4144
2096
2097
4149
4150
4151
2103
4152
2104
4153
2105
4158
4159
2111
4160
2112
4161
2113
4162
2114
4167
4168
2120
4169
2121
4170
2122
4171
2123
2124
4176
4177
2129
4178
2130
4179
2131
4180
2132
2133
4185
4186
2138
4187
2139
4188
2140
4189
2141
2142
4195
2147
4196
2148
4197
2149
4198
2150
2151
4204
2156
4205
2157
4206
2158
2159
2160
4212
4213
4219
4246
4247
4248
4249
4255
4256
4257
4258
4259
4264
4265
4266
4267
4268
4273
4274
4275
4276
4277
4282
4283
2235
4284
4285
4286
2241
2242
4291
4292
4293
4294
4295
2248
2249
2250
4300
4301
4302
4303
4304
2256
2257
2258
2259
4310
4311
4312
4313
2265
2266
2267
2268
2269
4319
4320
4321
2274
2275
2276
2277
2278
4327
4328
2283
2284
2285
4334
2286
2287
2292
2293
2294
2295
2296
2301
2302
2303
2304
2305
2310
2311
4360
2312
4361
2313
4362
2314
4363
4364
4369
4370
4371
4372
4373
4378
4379
4380
4381
4382
4387
4388
4389
4390
4391
4396
4397
4398
4399
4400
4405
4406
4407
4408
4409
4415
4416
4417
4418
4424
4425
4426
4432
4433
2389
4439
2395
2396
2402
2403
2404
2410
2411
2412
2413
4464
4465
4466
4467
2419
4468
2420
2421
2422
2423
4473
4474
4475
4476
2428
4477
2429
2430
2431
2432
4482
4483
4484
4485
2437
4486
2438
2439
2440
2441
4491
4492
4493
4494
2446
4495
2447
2448
2449
2450
4500
4501
4502
4503
2455
4504
2456
2457
2458
2459
4510
4511
4512
2464
4513
2465
2466
2467
2468
4519
4520
4521
2474
2475
2476
2477
4527
4528
4534
4558
4559
4560
4561
4562
4567
4568
4569
4570
4571
4576
4577
4578
4579
4580
4585
4586
4587
4588
4589
4595
4596
4597
4598
2550
4604
2556
4605
2557
4606
2563
4612
2564
4613
2565
4619
2571
2572
2573
2574
2580
2581
2582
2583
2584
2589
2590
2591
2592
2593
4642
4643
4644
4645
4646
2598
2599
2600
2601
2602
4651
4652
4653
4654
4655
2607
2608
2609
2610
2611
4660
4661
4662
4663
4664
2616
2617
2618
2619
2620
4670
4671
4672
4673
2625
2626
2627
2628
2629
4679
4680
4681
2635
2636
2637
2638
4687
4688
2644
2645
4694
2646
4716
4717
4718
4719
4720
4725
4726
4727
4728
4729
4735
4736
4737
4738
4744
4745
4746
4752
4753
4759
2716
2722
2723
2729
2730
2731
4780
4781
4782
4783
4784
2737
2738
2739
2740
4790
4791
4792
4793
2746
2747
2748
2749
2750
4799
4800
4801
2755
2756
2757
2758
4807
2759
4808
2764
2765
4814
2766
2767
2768
2773
2774
2775
2776
2777
2782
2783
2784
2785
2786
4835
4836
4837
4838
2791
2792
2793
2794
2795
4844
4845
4846
2801
2802
2803
4852
2804
4853
2810
4859
2811
2812
2818
2819
4880
4881
4882
4888
4889
4895
4916
4917
4923
2885
2891
2892
4944
2898
2899
2900
2906
2907
2908
2909
2915
2916
2917
2918
2919
2924
2925
2926
2927
2928
2933
2934
2935
2936
2937
2942
2943
2944
2945
2946
2951
2952
2953
2954
2955
2960
2961
2962
2963
2964
2970
2971
2972
2973
2979
2980
2981
2987
2988
2994
3055
3061
3062
3068
3069
3070
3076
3077
3078
3079
3085
3086
3087
3088
3089
3094
3095
3096
3097
3098
3103
3104
3105
3106
3107
3112
3113
3114
3115
3116
3121
3122
3123
3124
3125
3130
3131
3132
3133
3134
3140
3141
3142
3143
3149
3150
3151
3157
3158
3164
3224
3230
3231
3237
3238
3239
3245
3246
3247
3248
1200
3254
3255
3256
3257
3258
3263
3264
3265
3266
3267
3272
3273
3274
3275
3276
3281
3282
3283
3284
3285
3290
3291
3292
3293
3294
3299
3300
3301
3302
3303
3309
3310
3311
3312
3318
3319
3320
3326
3327
3333
1293
1302
1303
3387
3396
3397
3403
3404
3405
3411
3412
3413
3414
3420
3421
3422
3423
3424
3429
3430
3431
3432
3433
1389
3438
3439
3440
3441
3442
1398
3447
1399
3448
3449
3450
3451
1407
3456
1408
3457
1409
3458
3459
3460
3465
3466
3467
3468
3469
3475
3476
3477
3478
3484
3485
3486
3492
3493
3499
1489
3546
1498
1499
3555
1507
3556
1508
1509
3564
1516
3565
1517
3566
1518
1519
3572
3573
3574
3575
3581
3582
3583
3584
3585
3590
3591
3592
3593
3594
3599
3600
3601
3602
3603
3608
3609
3610
3611
3612
3617
3618
3619
3620
3621
3626
3627
3628
3629
3630
3636
3637
3638
3639
1594
3645
3646
3647
1603
1604
3653
3654
3660
1612
1613
1614
1621
1622
1623
1624
1630
1631
1632
1633
1634
3699
3708
3709
3717
3718
3719
3726
3727
3728
3729
3735
3736
3737
3738
3739
3744
3745
3746
3747
3748
3753
1705
3754
3755
3756
3757
3762
1714
3763
1715
3764
3765
3766
3771
1723
3772
1724
3773
1725
3774
3775
3780
1732
3781
1733
3782
1734
3783
1735
3784
1741
3790
1742
3791
1743
3792
1744
3793
1745
1750
3799
1751
3800
1752
3801
1753
1754
3807
3808
3814
3844
3853
3854
3862
3863
3864
3871
3872
3873
3874
1826
3880
1832
3881
1833
3882
3883
3884
3889
1841
3890
1842
3891
1843
3892
3893
3898
1850
3899
1851
3900
1852
3901
1853
3902
3907
1859
3908
1860
3909
1861
3910
1862
3911
1863
3916
1868
3917
1869
3918
1870
3919
1871
3920
1872
3925
1877
3926
1878
3927
1879
3928
1880
3929
1881
3935
3936
3937
3938
3944
3945
3946
3952
3953
3959
3988
3989
3997
3998
3999
1954
4006
4007
4008
1960
4009
1961
4015
1967
4016
1968
4017
1969
4018
4019
4024
1976
4025
1977
4026
1978
4027
1979
4028
4033
1985
4034
1986
4035
1987
4036
1988
4037
1989
4042
1994
4043
1995
4044
1996
4045
1997
4046
1998
4051
2003
4052
2004
4053
2005
4054
2006
4055
2007
4060
2012
4061
2013
4062
2014
4063
2015
4064
2016
4070
4071
4072
4073
4079
4080
4081
4087
4088
4094
)
)

// processor2

5010
(
1000
(
4122
4123
4124
4131
4132
4133
4134
2090
4140
4141
4142
4143
4144
2096
2097
4149
4150
4151
2103
4152
2104
4153
2105
4158
4159
2111
4160
2112
4161
2113
4162
2114
4167
4168
2120
4169
2121
4170
2122
4171
2123
2124
4176
4177
2129
4178
2130
4179
2131
4180
2132
2133
4185
4186
2138
4187
2139
4188
2140
4189
2141
2142
4195
2147
4196
2148
4197
2149
4198
2150
2151
4204
2156
4205
2157
4206
2158
2159
2160
4212
4213
4219
4246
4247
4248
4249
4255
4256
4257
4258
4259
4264
4265
4266
4267
4268
4273
4274
4275
4276
4277
4282
4283
2235
4284
4285
4286
2241
2242
4291
4292
4293
4294
4295
2248
2249
2250
4300
4301
4302
4303
4304
2256
2257
2258
2259
4310
4311
4312
4313
2265
2266
2267
2268
2269
4319
4320
4321
2274
2275
2276
2277
2278
4327
4328
2283
2284
2285
4334
2286
2287
2292
2293
2294
2295
2296
2301
2302
2303
2304
2305
2310
2311
4360
2312
4361
2313
4362
2314
4363
4364
4369
4370
4371
4372
4373
4378
4379
4380
4381
4382
4387
4388
4389
4390
4391
4396
4397
4398
4399
4400
4405
4406
4407
4408
4409
4415
4416
4417
4418
4424
4425
4426
4432
4433
2389
4439
2395
2396
2402
2403
2404
2410
2411
2412
2413
4464
4465
4466
4467
2419
4468
2420
2421
2422
2423
4473
4474
4475
4476
2428
4477
2429
2430
2431
2432
4482
4483
4484
4485
2437
4486
2438
2439
2440
2441
4491
4492
4493
4494
2446
4495
2447
2448
2449
2450
4500
4501
4502
4503
2455
4504
2456
2457
2458
2459
4510
4511
4512
2464
4513
2465
2466
2467
2468
4519
4520
4521
2474
2475
2476
2477
4527
4528
4534
4558
4559
4560
4561
4562
4567
4568
4569
4570
4571
4576
4577
4578
4579
4580
4585
4586
4587
4588
4589
4595
4596
4597
4598
2550
4604
2556
4605
2557
4606
2563
4612
2564
4613
2565
4619
2571
2572
2573
2574
2580
2581
2582
2583
2584
2589
2590
2591
2592
2593
4642
4643
4644
4645
4646
2598
2599
2600
2601
2602
4651
4652
4653
4654
4655
2607
2608
2609
2610
2611
4660
4661
4662
4663
4664
2616
2617
2618
2619
2620
4670
4671
4672
4673
2625
2626
2627
2628
2629
4679
4680
4681
2635
2636
2637
2638
4687
4688
2644
2645
4694
2646
4716
4717
4718
4719
4720
4725
4726
4727
4728
4729
4735
4736
4737
4738
4744
4745
4746
4752
4753
4759
2716
2722
2723
2729
2730
2731
4780
4781
4782
4783
4784
2737
2738
2739
2740
4790
4791
4792
4793
2746
2747
2748
2749
2750
4799
4800
4801
2755
2756
2757
2758
4807
2759
4808
2764
2765
4814
2766
2767
2768
2773
2774
2775
2776
2777
2782
2783
2784
2785
2786
4835
4836
4837
4838
2791
2792
2793
2794
2795
4844
4845
4846
2801
2802
2803
4852
2804
4853
2810
4859
2811
2812
2818
2819
4880
4881
4882
4888
4889
4895
4916
4917
4923
2885
2891
2892
4944
2898
2899
2900
2906
2907
2908
2909
2915
2916
2917
2918
2919
2924
2925
2926
2927
2928
2933
2934
2935
2936
2937
2942
2943
2944
2945
2946
2951
2952
2953
2954
2955
2960
2961
2962
2963
2964
2970
2971
2972
2973
2979
2980
2981
2987
2988
2994
3055
3061
3062
3068
3069
3070
3076
3077
3078
3079
3085
3086
3087
3088
3089
3094
3095
3096
3097
3098
3103
3104
3105
3106
3107
3112
3113
3114
3115
3116
3121
3122
3123
3124
3125
3130
3131
3132
3133
3134
3140
3141
3142
3143
3149
3150
3151
3157
3158
3164
3224
3230
3231
3237
3238
3239
3245
3246
3247
3248
1200
3254
3255
3256
3257
3258
3263
3264
3265
3266
3267
3272
3273
3274
3275
3276
3281
3282
3283
3284
3285
3290
3291
3292
3293
3294
3299
3300
3301
3302
3303
3309
3310
3311
3312
3318
3319
3320
3326
3327
3333
1293
1302
1303
3387
3396
3397
3403
3404
3405
3411
3412
3413
3414
3420
3421
3422
3423
3424
3429
3430
3431
3432
3433
1389
3438
3439
3440
3441
3442
1398
3447
1399
3448
3449
3450
3451
1407
3456
1408
3457
1409
3458
3459
3460
3465
3466
3467
3468
3469
3475
3476
3477
3478
3484
3485
3486
3492
3493
3499
1489
3546
1498
1499
3555
1507
3556
1508
1509
3564
1516
3565
1517
3566
1518
1519
3572
3573
3574
3575
3581
3582
3583
3584
3585
3590
3591
3592
3593
3594
3599
3600
3601
3602
3603
3608
3609
3610
3611
3612
3617
3618
3619
3620
3621
3626
3627
3628
3629
3630
3636
3637
3638
3639
1594
3645
3646
3647
1603
1604
3653
3654
3660
1612
1613
1614
1621
1622
1623
1624
1630
1631
1632
1633
1634
3699
3708
3709
3717
3718
3719
3726
3727
3728
3729
3735
3736
3737
3738
3739
3744
3745
3746
3747
3748
3753
1705
3754
3755
3756
3757
3762
1714
3763
1715
3764
3765
3766
3771
1723
3772
1724
3773
1725
3774
3775
3780
1732
3781
1733
3782
1734
3783
1735
3784
1741
3790
1742
3791
1743
3792
1744
3793
1745
1750
3799
1751
3800
1752
3801
1753
1754
3807
3808
3814
3844
3853
3854
3862
3863
3864
3871
3872
3873
3874
1826
3880
1832
3881
1833
3882
3883
3884
3889
1841
3890
1842
3891
1843
3892
3893
3898
1850
3899
1851
3900
1852
3901
1853
3902
3907
1859
3908
1860
3909
1861
3910
1862
3911
1863
3916
1868
3917
1869
3918
1870
3919
1871
3920
1872
3925
1877
3926
1878
3927
1879
3928
1880
3929
1881
3935
3936
3937
3938
3944
3945
3946
3952
3953
3959
3988
3989
3997
3998
3999
1954
4006
4007
4008
1960
4009
1961
4015
1967
4016
1968
4017
1969
4018
4019
4024
1976
4025
1977
4026
1978
4027
1979
4028
4033
1985
4034
1986
4035
1987
4036
1988
4037
1989
4042
1994
4043
1995
4044
1996
4045
1997
4046
1998
4051
2003
4052
2004
4053
2005
4054
2006
4055
2007
4060
2012
4061
2013
4062
2014
4063
2015
4064
2016
4070
4071
4072
4073
4079
4080
4081
4087
4088
4094
)
)

// processor3

5010
(
1000
(
4122
4123
4124
4131
4132
4133
4134
2090
4140
4141
4142
4143
4144
2096
2097
4149
4150
4151
2103
4152
2104
4153
2105
4158
4159
2111
4160
2112
4161
2113
4162
2114
4167
4168
2120
4169
2121
4170
2122
4171
2123
2124
4176
4177
2129
4178
2130
4179
2131
4180
2132
2133
4185
4186
2138
4187
2139
4188
2140
4189
2141
2142
4195
2147
4196
2148
4197
2149
4198
2150
2151
4204
2156
4205
2157
4206
2158
2159
2160
4212
4213
4219
4246
4247
4248
4249
4255
4256
4257
4258
4259
4264
4265
4266
4267
4268
4273
4274
4275
4276
4277
4282
4283
2235
4284
4285
4286
2241
2242
4291
4292
4293
4294
4295
2248
2249
2250
4300
4301
4302
4303
4304
2256
2257
2258
2259
4310
4311
4312
4313
2265
2266
2267
2268
2269
4319
4320
4321
2274
2275
2276
2277
2278
4327
4328
2283
2284
2285
4334
2286
2287
2292
2293
2294
2295
2296
2301
2302
2303
2304
2305
2310
2311
4360
2312
4361
2313
4362
2314
4363
4364
4369
4370
4371
4372
4373
4378
4379
4380
4381
4382
4387
4388
4389
4390
4391
4396
4397
4398
4399
4400
4405
4406
4407
4408
4409
4415
4416
4417
4418
4424
4425
4426
4432
4433
2389
4439
2395
2396
2402
2403
2404
2410
2411
2412
2413
4464
4465
4466
4467
2419
4468
2420
2421
2422
2423
4473
4474
4475
4476
2428
4477
2429
2430
2431
2432
4482
4483
4484
4485
2437
4486
2438
2439
2440
2441
4491
4492
4493
4494
2446
4495
2447
2448
2449
2450
4500
4501
4502
4503
2455
4504
2456
2457
2458
2459
4510
4511
4512
2464
4513
2465
2466
2467
2468
4519
4520
4521
2474
2475
2476
2477
4527
4528
4534
4558
4559
4560
4561
4562
4567
4568
4569
4570
4571
4576
4577
4578
4579
4580
4585
4586
4587
4588
4589
4595
4596
4597
4598
2550
4604
2556
4605
2557
4606
2563
4612
2564
4613
2565
4619
2571
2572
2573
2574
2580
2581
2582
2583
2584
2589
2590
2591
2592
2593
4642
4643
4644
4645
4646
2598
2599
2600
2601
2602
4651
4652
4653
4654
4655
2607
2608
2609
2610
2611
4660
4661
4662
4663
4664
2616
2617
2618
2619
2620
4670
4671
4672
4673
2625
2626
2627
2628
2629
4679
4680
4681
2635
2636
2637
2638
4687
4688
2644
2645
4694
2646
4716
4717
4718
4719
4720
4725
4726
4727
4728
4729
4735
4736
4737
4738
4744
4745
4746
4752
4753
4759
2716
2722
2723
2729
2730
2731
4780
4781
4782
4783
4784
2737
2738
2739
2740
4790
4791
4792
4793
2746
2747
2748
2749
2750
4799
4800
4801
2755
2756
2757
2758
4807
2759
4808
2764
2765
4814
2766
2767
2768
2773
2774
2775
2776
2777
2782
2783
2784
2785
2786
4835
4836
4837
4838
2791
2792
2793
2794
2795
4844
4845
4846
2801
2802
2803
4852
2804
4853
2810
4859
2811
2812
2818
2819
4880
4881
4882
4888
4889
4895
4916
4917
4923
2885
2891
2892
4944
2898
2899
2900
2906
2907
2908
2909
2915
2916
2917
2918
2919
2924
2925
2926
2927
2928
2933
2934
2935
2936
2937
2942
2943
2944
2945
2946
2951
2952
2953
2954
2955
2960
2961
2962
2963
2964
2970
2971
2972
2973
2979
2980
2981
2987
2988
2994
3055
3061
3062
3068
3069
3070
3076
3077
3078
3079
3085
3086
3087
3088
3089
3094
3095
3096
3097
3098
3103
3104
3105
3106
3107
3112
3113
3114
3115
3116
3121
3122
3123
3124
3125
3130
3131
3132
3133
3134
3140
3141
3142
3143
3149
3150
3151
3157
3158
3164
3224
3230
3231
3237
3238
3239
3245
3246
3247
3248
1200
3254
3255
3256
3257
3258
3263
3264
3265
3266
3267
3272
3273
3274
3275
3276
3281
3282
3283
3284
3285
3290
3291
3292
3293
3294
3299
3300
3301
3302
3303
3309
3310
3311
3312
3318
3319
3320
3326
3327
3333
1293
1302
1303
3387
3396
3397
3403
3404
3405
3411
3412
3413
3414
3420
3421
3422
3423
3424
3429
3430
3431
3432
3433
1389
3438
3439
3440
3441
3442
1398
3447
1399
3448
3449
3450
3451
1407
3456
1408
3457
1409
3458
3459
3460
3465
3466
3467
3468
3469
3475
3476
3477
3478
3484
3485
3486
3492
3493
3499
1489
3546
1498
1499
3555
1507
3556
1508
1509
3564
1516
3565
1517
3566
1518
1519
3572
3573
3574
3575
3581
3582
3583
3584
3585
3590
3591
3592
3593
3594
3599
3600
3601
3602
3603
3608
3609
3610
3611
3612
3617
3618
3619
3620
3621
3626
3627
3628
3629
3630
3636
3637
3638
3639
1594
3645
3646
3647
1603
1604
3653
3654
3660
1612
1613
1614
1621
1622
1623
1624
1630
1631
1632
1633
1634
3699
3708
3709
3717
3718
3719
3726
3727
3728
3729
3735
3736
3737
3738
3739
3744
3745
3746
3747
3748
3753
1705
3754
3755
3756
3757
3762
1714
3763
1715
3764
3765
3766
3771
1723
3772
1724
3773
1725
3774
3775
3780
1732
3781
1733
3782
1734
3783
1735
3784
1741
3790
1742
3791
1743
3792
1744
3793
1745
1750
3799
1751
3800
1752
3801
1753
1754
3807
3808
3814
3844
3853
3854
3862
3863
3864
3871
3872
3873
3874
1826
3880
1832
3881
1833
3882
3883
3884
3889
1841
3890
1842
3891
1843
3892
3893
3898
1850
3899
1851
3900
1852
3901
1853
3902
3907
1859
3908
1860
3909
1861
3910
1862
3911
1863
3916
1868
3917
1869
3918
1870
3919
1871
3920
1872
3925
1877
3926
1878
3927
1879
3928
1880
3929
1881
3935
3936
3937
3938
3944
3945
3946
3952
3953
3959
3988
3989
3997
3998
3999
1954
4006
4007
4008
1960
4009
1961
4015
1967
4016
1968
4017
1969
4018
4019
4024
1976
4025
1977
4026
1978
4027
1979
4028
4033
1985
4034
1986
4035
1987
4036
1988
4037
1989
4042
1994
4043
1995
4044
1996
4045
1997
4046
1998
4051
2003
4052
2004
4053
2005
4054
2006
4055
2007
4060
2012
4061
2013
4062
2014
4063
2015
4064
2016
4070
4071
4072
4073
4079
4080
4081
4087
4088
4094
)
)

// processor4

3
(0())

// processor5

3
(0())

// processor6

3
(0())

// processor7

3
(0())
