/*--------------------------------*- C++ -*----------------------------------*\
| =========                 |                                                 |
| \\      /  F ield         | OpenFOAM: The Open Source CFD Toolbox           |
|  \\    /   O peration     | Version:  2306                                  |
|   \\  /    A nd           | Website:  www.openfoam.com                      |
|    \\/     M anipulation  |                                                 |
\*---------------------------------------------------------------------------*/
FoamFile
{
    version     2.0;
    format      binary;
    arch        "LSB;label=32;scalar=64";
    class       decomposedBlockData;
    object      J;
    data.format     ascii;
    data.class      volScalarField;
}
// * * * * * * * * * * * * * * * * * * * * * * * * * * * * * * * * * * * * * //


// processor0

21571
(FoamFile
{
    version     2.0;
    format      ascii;
    arch        "LSB;label=32;scalar=64";
    class       volScalarField;
    location    "1/phiEC";
    object      J;
}
dimensions      [0 -3 0 0 0 1 0];

internalField   nonuniform List<scalar> 
5000
(
0
0
0
0
0
0
0
0
0
0
0
0
0
0
0
0
0
0
0
0
0
0
0
0
0
0
0
0
0
0
0
0
0
0
0
0
0
0
0
0
0
0
0
0
0
0
0
0
0
0
0
0
0
0
0
0
0
0
0
0
0
0
0
0
0
0
0
0
0
0
0
0
0
0
0
0
0
0
0
0
0
0
0
0
0
0
0
0
0
0
0
0
0
0
0
0
0
0
0
0
0
0
0
0
0
0
0
0
0
0
0
0
0
0
0
0
0
0
0
0
0
0
0
0
0
0
0
0
0
0
0
0
0
0
0
0
0
0
0
0
0
0
0
0
0
0
0
0
0
0
0
0
0
0
0
0
0
0
0
0
0
0
0
0
0
0
0
0
0
0
0
0
0
0
0
0
0
0
0
0
0
0
0
0
0
0
0
0
0
0
0
0
0
0
0
0
0
0
0
0
0
0
0
0
0
0
0
0
0
0
0
0
0
0
0
0
0
0
0
0
0
0
0
0
0
0
0
0
0
0
0
0
0
0
0
0
0
0
0
0
0
0
0
0
0
0
0
0
0
0
0
0
0
0
0
0
0
0
0
0
0
0
0
0
0
0
0
0
0
0
0
0
0
0
0
0
0
0
0
0
0
0
0
0
0
0
0
0
0
0
0
0
0
0
0
0
0
0
0
0
0
0
0
0
0
0
0
0
0
0
0
0
0
0
0
0
0
0
0
0
0
0
0
0
0
0
0
0
0
0
0
0
0
0
0
0
0
0
0
0
0
0
0
0
0
0
0
0
0
0
0
0
0
0
0
0
0
0
0
0
0
0
0
0
0
0
0
0
0
0
0
0
0
0
0
0
0
0
0
0
0
0
0
0
0
0
0
0
0
0
0
0
0
0
0
0
0
0
0
0
0
0
0
0
0
0
0
0
0
0
0
0
0
0
0
0
0
0
0
0
0
0
0
0
0
0
0
0
0
0
0
0
0
0
0
0
0
0
0
0
0
0
0
0
0
0
0
0
0
0
0
0
0
0
0
0
0
0
0
0
0
0
0
0
0
0
0
0
0
0
0
0
0
0
0
0
0
0
0
0
0
0
0
0
0
0
0
0
0
0
0
0
0
0
0
0
0
0
0
0
0
0
0
0
0
0
0
0
0
0
0
0
0
0
0
0
0
0
0
0
0
0
0
0
0
0
0
0
0
0
0
0
0
0
0
0
0
0
0
0
0
0
0
0
0
0
0
0
0
0
0
0
0
0
0
0
0
0
0
0
0
0
0
0
0
0
0
0
0
0
0
0
0
0
0
0
0
0
0
0
0
0
0
0
0
0
0
0
0
0
0
0
0
0
0
0
0
0
0
0
0
0
0
0
0
0
0
0
0
0
0
0
0
0
0
0
0
0
0
0
0
0
0
0
0
0
0
0
0
0
0
0
0
0
0
0
0
0
0
0
0
0
0
0
0
0
0
0
0
0
0
0
0
0
0
0
0
0
0
0
0
0
0
0
0
0
0
0
0
0
0
0
0
0
0
0
0
0
0
0
0
0
0
0
0
0
0
0
0
0
0
0
0
0
0
0
0
0
0
0
0
0
0
0
0
0
0
0
0
0
0
0
0
0
0
0
0
0
0
0
0
0
0
0
0
0
0
0
0
0
0
0
0
0
0
0
0
0
0
0
0
0
0
0
0
0
0
0
0
0
0
0
0
0
0
0
0
0
0
0
0
0
0
0
0
0
0
0
0
0
0
0
0
0
0
0
0
0
0
0
0
0
0
0
0
0
0
0
0
0
0
0
0
0
0
0
0
0
0
0
0
0
0
0
0
0
0
0
0
0
0
0
0
0
0
0
0
0
0
0
0
0
0
0
0
0
0
0
0
0
0
0
0
0
0
0
0
0
0
0
0
0
0
0
0
0
0
0
0
0
0
0
0
0
0
0
0
0
0
0
0
0
0
0
0
0
0
0
0
0
0
0
0
0
0
0
0
0
0
0
0
0
0
0
0
0
0
0
0
0
0
0
0
0
0
0
0
0
0
0
0
0
0
0
0
0
0
0
0
0
0
0
0
0
0
0
0
0
0
0
0
0
0
0
0
0
0
0
0
0
0
0
0
0
0
0
0
0
0
0
0
0
0
0
0
0
0
0
0
0
0
0
0
0
0
0
0
0
0
0
0
0
0
0
0
0
0
0
0
0
0
0
0
0
0
0
0
0
0
0
0
0
0
0
0
0
0
0
0
0
0
0
0
0
0
0
0
0
0
0
0
0
0
0
0
0
0
0
0
0
0
0
0
0
0
0
0
0
0
0
0
0
0
0
0
0
0
0
0
0
0
0
0
0
0
0
0
0
0
0
0
0
0
0
0
0
0
0
0
0
0
0
0
0
0
0
0
0
0
0
0
0
0
0
0
0
0
0
0
0
0
0
0
0
0
0
0
0
0
0
0
0
0
0
0
0
0
0
0
0
0
0
0
0
0
0
0
0
0
0
0
0
0
0
0
0
0
0
0
0
0
0
0
0
0
0
0
0
0
0
0
0
0
0
0
0
0
0
0
0
0
0
0
0
0
0
0
0
0
0
0
0
0
0
0
0
0
0
0
0
0
0
0
0
0
0
0
0
0
0
0
0
0
0
0
0
0
0
0
0
0
0
0
0
0
0
0
0
0
0
0
0
0
0
0
0
0
0
0
0
0
0
0
0
0
0
0
0
0
0
0
0
0
0
0
0
0
0
0
0
0
0
0
0
0
0
0
0
0
0
0
0
0
0
0
0
0
0
0
0
0
0
0
0
0
0
0
0
0
0
0
0
0
0
0
0
0
0
0
0
0
0
0
0
0
0
0
0
0
0
0
0
0
0
0
0
0
0
0
0
0
0
0
0
0
0
0
0
0
0
0
0
0
0
0
0
0
0
0
0
0
0
0
0
0
0
0
0
0
0
0
0
0
0
0
0
0
0
0
0
0
0
0
0
0
0
0
0
0
0
0
0
0
0
0
0
0
0
0
0
0
0
0
0
0
0
0
0
0
0
0
0
0
0
0
0
0
0
0
0
0
0
0
0
0
0
0
0
0
0
0
0
0
0
0
0
0
0
0
0
0
0
0
0
0
0
0
0
0
0
0
0
0
0
0
0
0
0
0
0
0
0
0
0
0
0
0
0
0
0
0
0
0
0
0
0
0
0
0
0
0
0
0
0
0
0
0
0
0
0
0
0
0
0
0
0
0
0
0
0
0
0
0
0
0
0
0
0
0
0
0
0
0
0
0
0
0
0
0
0
0
0
0
0
0
0
0
0
0
0
0
0
0
0
0
0
0
0
0
0
0
0
0
0
0
0
0
0
0
0
0
0
0
0
0
0
0
0
0
0
0
0
0
0
0
0
0
0
0
0
0
0
0
0
0
0
0
0
0
0
0
0
0
0
0
0
0
0
0
0
0
0
0
0
0
0
0
0
0
0
0
0
0
0
0
0
0
0
0
0
0
0
0
0
0
0
0
0
0
0
0
0
0
0
0
0
0
0
0
0
0
0
0
0
0
0
0
0
0
0
0
0
0
0
0
0
0
0
0
0
0
0
0
0
0
0
0
0
0
0
0
0
0
0
0
0
0
0
0
0
0
0
0
0
0
0
0
0
0
0
0
0
0
0
0
0
0
0
0
0
0
0
0
0
0
0
0
0
0
0
0
0
0
0
0
0
0
0
0
0
0
0
0
0
0
0
0
0
0
0
0
0
0
0
0
0
0
0
0
0
0
0
0
0
0
0
0
0
0
0
0
0
0
0
0
0
0
0
0
0
0
0
0
0
0
0
0
0
0
0
0
0
0
0
0
0
0
0
0
0
0
0
0
0
0
0
0
0
0
0
0
0
0
0
0
0
0
0
0
0
0
0
0
0
0
0
0
0
0
0
0
0
0
0
0
0
0
0
0
0
0
0
0
0
0
0
0
0
0
0
0
0
0
0
0
1.622495e+08
0
0
0
0
0
0
0
0
0
0
0
0
0
0
0
0
0
0
0
0
0
0
0
0
0
0
0
0
0
0
0
0
0
0
0
0
0
0
0
0
0
0
0
0
0
0
0
0
0
0
0
0
0
0
0
0
0
0
0
0
0
0
0
0
0
0
0
0
0
0
0
0
0
0
0
0
0
0
0
0
0
0
0
0
0
0
0
0
0
0
0
0
0
0
0
0
0
0
0
0
0
0
0
0
0
0
0
0
0
0
0
0
0
0
0
0
0
1.613078e+08
0
0
0
0
0
0
0
0
1.623252e+08
1.810966e+08
0
0
0
0
0
0
0
0
0
0
0
0
0
0
0
0
0
0
0
0
0
0
0
0
0
0
0
0
0
0
0
0
0
0
0
0
0
0
0
0
0
0
0
0
0
0
0
0
0
0
0
0
0
0
0
0
0
0
0
0
0
0
0
0
0
0
0
0
0
0
0
0
0
0
0
0
0
0
0
0
0
0
0
0
0
0
0
0
0
0
0
0
0
0
0
0
0
0
0
0
0
0
0
0
0
0
0
0
0
0
0
0
0
0
0
1.591356e+08
0
0
0
0
0
0
0
0
1.611849e+08
1.80064e+08
0
0
0
0
0
0
0
1.624655e+08
1.81137e+08
2.326154e+08
0
0
0
0
0
0
0
0
0
0
0
0
0
0
0
0
0
0
0
0
0
0
0
0
0
0
0
0
0
0
0
0
0
0
0
0
0
0
0
0
0
0
0
0
0
0
0
0
0
0
0
0
0
0
0
0
0
0
0
0
0
0
0
0
0
0
0
0
0
0
0
0
0
0
0
0
0
0
0
0
0
0
0
0
0
0
0
0
0
0
0
0
0
0
0
0
0
0
0
0
0
0
0
0
0
0
0
0
0
0
0
0
0
0
1.556444e+08
0
0
0
0
0
0
0
0
1.588502e+08
1.776929e+08
0
0
0
0
0
0
0
1.612589e+08
1.798961e+08
2.313378e+08
0
0
0
0
0
0
1.626444e+08
1.812569e+08
2.325417e+08
3.581787e+08
0
0
0
0
0
0
0
0
0
0
0
0
0
0
0
0
0
0
0
0
0
0
0
0
0
0
0
0
0
0
0
0
0
0
0
0
0
0
0
0
0
0
0
0
0
0
0
0
0
0
0
0
0
0
0
0
0
0
0
0
0
0
0
0
0
0
0
0
0
0
0
0
0
0
0
0
0
0
0
0
0
0
0
0
0
0
0
0
0
0
0
0
0
0
0
0
0
0
0
0
0
0
0
0
0
0
0
0
0
0
0
0
0
0
1.509058e+08
0
0
0
0
0
0
0
0
1.549559e+08
1.738879e+08
0
0
0
0
0
0
0
1.587217e+08
1.773445e+08
2.284551e+08
0
0
0
0
0
0
1.614031e+08
1.799452e+08
2.310356e+08
3.563445e+08
0
0
0
0
0
1.628652e+08
1.814233e+08
2.325802e+08
3.577235e+08
7.325083e+08
0
0
0
0
0
0
0
0
0
0
0
0
0
0
0
0
0
0
0
0
0
0
0
0
0
0
0
0
0
0
0
0
0
0
0
0
0
0
0
0
0
0
0
0
0
0
0
0
0
0
0
0
0
0
0
0
0
0
0
0
0
0
0
0
0
0
0
0
0
0
0
0
0
0
0
0
0
0
0
0
0
0
0
0
0
0
0
0
0
0
0
0
0
0
0
0
0
0
0
0
0
0
0
0
0
0
0
0
0
0
0
0
0
1.45499e+08
0
0
0
0
0
0
0
0
1.496142e+08
1.687091e+08
0
0
0
0
0
0
0
1.546872e+08
1.731026e+08
2.238058e+08
0
0
0
0
0
0
1.587884e+08
1.771835e+08
2.279116e+08
3.523427e+08
0
0
0
0
0
1.616028e+08
1.800745e+08
2.309907e+08
3.556338e+08
7.293062e+08
0
0
0
0
1.630824e+08
1.816369e+08
2.326912e+08
3.574568e+08
7.302787e+08
0
0
0
0
0
0
0
0
0
0
0
0
0
0
0
0
0
0
0
0
0
0
0
0
0
0
0
0
0
0
0
0
0
0
0
0
0
0
0
0
0
0
0
0
0
0
0
0
0
0
0
0
0
0
0
0
0
0
0
0
0
0
0
0
0
0
0
0
0
0
0
0
0
0
0
0
0
0
0
0
0
0
0
0
0
0
0
0
0
0
0
0
0
0
0
0
0
0
0
0
0
0
0
0
0
0
0
0
0
0
0
1.407499e+08
0
0
0
0
0
0
0
0
1.434512e+08
1.627785e+08
0
0
0
0
0
0
0
1.490573e+08
1.672707e+08
2.174199e+08
0
0
0
0
0
0
1.546017e+08
1.727819e+08
2.227308e+08
3.457885e+08
0
0
0
0
0
1.589428e+08
1.772302e+08
2.276317e+08
3.512367e+08
7.226405e+08
0
0
0
0
1.618051e+08
1.802656e+08
2.310584e+08
3.552619e+08
7.268433e+08
0
0
0
1.632647e+08
1.818491e+08
2.328698e+08
3.57339e+08
7.284772e+08
0
0
0
0
0
0
0
0
0
0
0
0
0
0
0
0
0
0
0
0
0
0
0
0
0
0
0
0
0
0
0
0
0
0
0
0
0
0
0
0
0
0
0
0
0
0
0
0
0
0
0
0
0
0
0
0
0
0
0
0
0
0
0
0
0
0
0
0
0
0
0
0
0
0
0
0
0
0
0
0
0
0
0
0
0
0
0
0
0
0
0
0
0
0
0
0
0
0
0
0
0
0
0
0
0
0
0
0
1.371631e+08
0
0
0
0
0
0
0
0
1.379385e+08
1.575373e+08
0
0
0
0
0
0
0
1.425126e+08
1.605221e+08
2.100267e+08
0
0
0
0
0
0
1.488231e+08
1.666377e+08
2.15555e+08
3.366148e+08
0
0
0
0
0
1.546808e+08
1.726691e+08
2.222466e+08
3.439477e+08
7.11357e+08
0
0
0
0
1.591135e+08
1.77373e+08
2.27603e+08
3.505874e+08
7.193937e+08
0
0
0
1.619794e+08
1.804621e+08
2.31211e+08
3.550891e+08
7.249195e+08
0
0
1.634178e+08
1.820282e+08
2.33056e+08
3.573465e+08
7.271192e+08
0
0
0
0
0
0
0
0
0
0
0
0
0
0
0
0
0
0
0
0
0
0
0
0
0
0
0
0
0
0
0
0
0
0
0
0
0
0
0
0
0
0
0
0
0
0
0
0
0
0
0
0
0
0
0
0
0
0
0
0
0
0
0
0
0
0
0
0
0
0
0
0
0
0
0
0
0
0
0
0
0
0
0
0
0
0
0
0
0
0
0
0
0
0
0
0
0
0
0
0
0
0
0
0
1.348336e+08
0
0
0
0
0
0
0
0
1.337757e+08
1.535596e+08
0
0
0
0
0
0
0
1.366327e+08
1.544574e+08
2.033925e+08
0
0
0
0
0
0
1.420851e+08
1.594801e+08
2.07179e+08
3.257522e+08
0
0
0
0
0
1.48793e+08
1.663626e+08
2.146964e+08
3.336977e+08
6.94885e+08
0
0
0
0
1.548052e+08
1.727317e+08
2.220349e+08
3.430034e+08
7.069799e+08
0
0
0
1.592707e+08
1.775357e+08
2.276995e+08
3.502925e+08
7.171968e+08
0
0
1.621242e+08
1.806325e+08
2.313789e+08
3.550644e+08
7.234952e+08
0
1.635579e+08
1.821779e+08
2.332143e+08
3.57392e+08
7.260981e+08
0
0
0
0
0
0
0
0
0
0
0
0
0
0
0
0
0
0
0
0
0
0
0
0
0
0
0
0
0
0
0
0
0
0
0
0
0
0
0
0
0
0
0
0
0
0
0
0
0
0
0
0
0
0
0
0
0
0
0
0
0
0
0
0
0
0
0
0
0
0
0
0
0
0
0
0
0
0
0
0
0
0
0
0
0
0
0
0
0
0
0
0
0
0
0
0
0
0
0
1.337022e+08
0
0
0
0
0
0
0
0
1.310696e+08
1.509679e+08
0
0
0
0
0
0
0
1.321809e+08
1.498576e+08
1.983028e+08
0
0
0
0
0
0
1.360042e+08
1.530214e+08
1.995673e+08
3.157124e+08
0
0
0
0
0
1.419285e+08
1.589958e+08
2.058362e+08
3.215198e+08
6.743965e+08
0
0
0
0
1.488309e+08
1.663089e+08
2.142893e+08
3.322563e+08
6.889088e+08
0
0
0
1.549401e+08
1.728442e+08
2.220379e+08
3.424819e+08
7.043052e+08
0
0
1.59398e+08
1.776879e+08
2.278283e+08
3.501976e+08
7.156256e+08
0
1.622597e+08
1.807735e+08
2.315272e+08
3.550873e+08
7.224376e+08
1.636653e+08
1.823155e+08
2.333439e+08
3.574348e+08
7.252571e+08
0
0
0
0
0
0
0
0
0
0
0
0
0
0
0
0
0
0
0
0
0
0
0
0
0
0
0
0
0
0
0
0
0
0
0
0
0
0
0
0
0
0
0
0
0
0
0
0
0
0
0
0
0
0
0
0
0
0
0
0
0
0
0
0
0
0
0
0
0
0
0
0
0
0
0
0
0
0
0
0
0
0
0
0
0
0
0
0
0
0
0
0
0
1.337022e+08
0
0
0
0
0
0
0
0
1.297528e+08
1.497058e+08
0
0
0
0
0
0
0
1.292876e+08
1.468581e+08
1.949588e+08
0
0
0
0
0
0
1.313857e+08
1.481106e+08
1.937355e+08
3.078541e+08
0
0
0
0
0
1.357289e+08
1.523213e+08
1.977584e+08
3.102069e+08
6.542753e+08
0
0
0
0
1.41872e+08
1.588068e+08
2.051798e+08
3.194449e+08
6.665457e+08
0
0
0
1.48908e+08
1.663304e+08
2.141567e+08
3.314757e+08
6.855495e+08
0
0
1.550419e+08
1.729716e+08
2.221073e+08
3.422694e+08
7.024792e+08
0
1.595232e+08
1.778102e+08
2.279554e+08
3.501717e+08
7.144869e+08
1.623585e+08
1.809063e+08
2.316468e+08
3.551179e+08
7.215709e+08
1.824189e+08
2.334654e+08
3.574588e+08
7.245668e+08
0
0
0
0
0
0
0
0
0
0
0
0
0
0
0
0
0
0
0
0
0
0
0
0
0
0
0
0
0
0
0
0
0
0
0
0
0
0
0
0
0
0
0
0
0
0
0
0
0
0
0
0
0
0
0
0
0
0
0
0
0
0
0
0
0
0
0
0
0
0
0
0
0
0
0
0
0
0
0
0
0
0
0
0
0
0
1.348335e+08
0
0
0
0
0
0
0
0
1.297528e+08
1.497058e+08
0
0
0
0
0
0
0
1.27878e+08
1.453953e+08
1.933209e+08
0
0
0
0
0
0
1.283826e+08
1.449086e+08
1.899044e+08
3.026088e+08
0
0
0
0
0
1.310148e+08
1.472317e+08
1.915587e+08
3.013694e+08
6.378686e+08
0
0
0
0
1.355876e+08
1.520047e+08
1.968472e+08
3.075266e+08
6.447432e+08
0
0
0
1.418878e+08
1.587276e+08
2.048886e+08
3.18338e+08
6.623521e+08
0
0
1.489686e+08
1.663972e+08
2.141213e+08
3.310919e+08
6.833715e+08
0
1.551474e+08
1.730663e+08
2.222046e+08
3.421674e+08
7.012023e+08
1.596027e+08
1.779322e+08
2.280534e+08
3.50176e+08
7.135634e+08
1.810005e+08
2.317629e+08
3.551295e+08
7.208667e+08
2.335493e+08
3.574909e+08
7.239368e+08
0
0
0
0
0
0
0
0
0
0
0
0
0
0
0
0
0
0
0
0
0
0
0
0
0
0
0
0
0
0
0
0
0
0
0
0
0
0
0
0
0
0
0
0
0
0
0
0
0
0
0
0
0
0
0
0
0
0
0
0
0
0
0
0
0
0
0
0
0
0
0
0
0
0
0
0
0
0
1.37163e+08
0
0
0
0
0
0
0
0
1.310696e+08
1.509678e+08
0
0
0
0
0
0
0
1.27878e+08
1.453954e+08
1.933208e+08
0
0
0
0
0
0
1.269185e+08
1.433454e+08
1.88027e+08
3.00012e+08
0
0
0
0
0
1.279455e+08
1.439113e+08
1.874877e+08
2.954821e+08
6.265826e+08
0
0
0
0
1.30805e+08
1.468121e+08
1.904372e+08
2.982142e+08
6.270092e+08
0
0
0
1.355478e+08
1.518343e+08
1.964057e+08
3.060912e+08
6.397773e+08
0
0
1.418975e+08
1.587294e+08
2.047357e+08
3.177521e+08
6.59746e+08
0
1.490548e+08
1.66448e+08
2.141498e+08
3.3086e+08
6.818918e+08
1.551908e+08
1.731679e+08
2.222699e+08
3.421327e+08
7.00183e+08
1.78006e+08
2.281573e+08
3.501608e+08
7.128281e+08
2.318361e+08
3.551555e+08
7.202227e+08
3.574837e+08
7.23404e+08
0
0
0
0
0
0
0
0
0
0
0
0
0
0
0
0
0
0
0
0
0
0
0
0
0
0
0
0
0
0
0
0
0
0
0
0
0
0
0
0
0
0
0
0
0
0
0
0
0
0
0
0
0
0
0
0
0
0
0
0
0
0
0
0
0
0
0
0
0
1.407499e+08
0
0
0
0
0
0
0
0
1.337757e+08
1.535596e+08
0
0
0
0
0
0
0
1.292876e+08
1.468581e+08
1.949588e+08
0
0
0
0
0
0
1.269186e+08
1.433453e+08
1.88027e+08
3.00012e+08
0
0
0
0
0
1.264478e+08
1.422893e+08
1.854913e+08
2.925706e+08
6.208879e+08
0
0
0
0
1.276878e+08
1.434205e+08
1.862266e+08
2.920167e+08
6.148587e+08
0
0
0
1.307217e+08
1.465678e+08
1.898746e+08
2.965103e+08
6.214526e+08
0
0
1.355092e+08
1.517766e+08
1.961453e+08
3.053134e+08
6.367633e+08
0
1.419537e+08
1.587258e+08
2.046889e+08
3.173716e+08
6.580216e+08
1.490619e+08
1.665285e+08
2.141641e+08
3.30742e+08
6.807257e+08
1.732036e+08
2.223511e+08
3.420759e+08
6.993953e+08
2.282069e+08
3.501728e+08
7.12153e+08
3.551349e+08
7.196848e+08
7.228638e+08
0
0
0
0
0
0
0
0
0
0
0
0
0
0
0
0
0
0
0
0
0
0
0
0
0
0
0
0
0
0
0
0
0
0
0
0
0
0
0
0
0
0
0
0
0
0
0
0
0
0
0
0
0
0
0
0
0
0
0
1.454989e+08
0
0
0
0
0
0
0
0
1.379385e+08
1.575372e+08
0
0
0
0
0
0
0
1.321808e+08
1.498577e+08
1.983028e+08
0
0
0
0
0
0
1.283827e+08
1.449085e+08
1.899044e+08
3.026087e+08
0
0
0
0
0
1.264478e+08
1.422893e+08
1.854912e+08
2.925706e+08
6.208879e+08
0
0
0
0
1.261651e+08
1.417622e+08
1.841609e+08
2.889519e+08
6.087431e+08
0
0
0
1.275725e+08
1.431245e+08
1.855803e+08
2.901345e+08
6.089155e+08
0
0
1.306453e+08
1.46463e+08
1.895269e+08
2.955782e+08
6.181173e+08
0
1.355365e+08
1.51721e+08
1.960291e+08
3.047951e+08
6.348076e+08
1.419106e+08
1.587748e+08
2.046397e+08
3.171604e+08
6.566787e+08
1.665248e+08
2.142208e+08
3.306206e+08
6.798518e+08
2.223572e+08
3.420617e+08
6.986675e+08
3.501227e+08
7.116032e+08
7.191291e+08
0
0
0
0
0
0
0
0
0
0
0
0
0
0
0
0
0
0
0
0
0
0
0
0
0
0
0
0
0
0
0
0
0
0
0
0
0
0
0
0
0
0
0
0
0
0
0
0
0
1.509058e+08
0
0
0
0
0
0
0
0
1.434512e+08
1.627785e+08
0
0
0
0
0
0
0
1.366328e+08
1.544574e+08
2.033924e+08
0
0
0
0
0
0
1.313858e+08
1.481105e+08
1.937355e+08
3.07854e+08
0
0
0
0
0
1.279457e+08
1.439114e+08
1.874876e+08
2.954821e+08
6.265826e+08
0
0
0
0
1.261652e+08
1.417623e+08
1.841609e+08
2.889519e+08
6.087432e+08
0
0
0
1.260338e+08
1.414394e+08
1.834721e+08
2.869813e+08
6.026103e+08
0
0
1.274666e+08
1.429855e+08
1.85172e+08
2.890968e+08
6.053677e+08
0
1.306485e+08
1.463665e+08
1.893555e+08
2.949484e+08
6.159795e+08
1.354452e+08
1.517393e+08
1.959189e+08
3.044969e+08
6.332961e+08
1.58717e+08
2.046605e+08
3.169585e+08
6.557014e+08
2.141796e+08
3.305768e+08
6.790444e+08
3.41958e+08
6.980956e+08
7.110129e+08
0
0
0
0
0
0
0
0
0
0
0
0
0
0
0
0
0
0
0
0
0
0
0
0
0
0
0
0
0
0
0
0
0
0
0
0
0
0
0
1.556444e+08
0
0
0
0
0
0
0
0
1.496142e+08
1.68709e+08
0
0
0
0
0
0
0
1.425126e+08
1.605222e+08
2.100266e+08
0
0
0
0
0
0
1.360044e+08
1.530215e+08
1.995673e+08
3.157123e+08
0
0
0
0
0
1.310152e+08
1.472318e+08
1.915586e+08
3.013695e+08
6.378685e+08
0
0
0
0
1.27688e+08
1.434207e+08
1.862267e+08
2.920166e+08
6.148587e+08
0
0
0
1.260338e+08
1.414395e+08
1.834722e+08
2.869814e+08
6.026103e+08
0
0
1.259113e+08
1.412832e+08
1.830324e+08
2.858901e+08
5.989581e+08
0
1.274555e+08
1.428573e+08
1.849606e+08
2.883898e+08
6.031089e+08
1.305159e+08
1.463593e+08
1.891967e+08
2.945805e+08
6.14333e+08
1.516298e+08
1.959046e+08
3.042168e+08
6.322196e+08
2.045558e+08
3.16872e+08
6.547945e+08
3.304113e+08
6.784419e+08
6.974454e+08
0
0
0
0
0
0
0
0
0
0
0
0
0
0
0
0
0
0
0
0
0
0
0
0
0
0
0
0
0
1.591356e+08
0
0
0
0
0
0
0
0
1.549559e+08
1.738879e+08
0
0
0
0
0
0
0
1.490572e+08
1.672708e+08
2.174199e+08
0
0
0
0
0
0
1.420853e+08
1.5948e+08
2.07179e+08
3.257521e+08
0
0
0
0
0
1.357293e+08
1.523215e+08
1.977585e+08
3.10207e+08
6.542753e+08
0
0
0
0
1.308054e+08
1.468125e+08
1.904374e+08
2.982141e+08
6.270093e+08
0
0
0
1.275725e+08
1.431248e+08
1.855806e+08
2.901346e+08
6.089154e+08
0
0
1.259113e+08
1.412832e+08
1.830325e+08
2.858902e+08
5.989581e+08
0
1.258941e+08
1.411373e+08
1.82801e+08
2.851437e+08
5.966394e+08
1.272964e+08
1.428346e+08
1.847646e+08
2.879722e+08
6.013716e+08
1.462056e+08
1.891533e+08
2.942375e+08
6.13177e+08
1.957387e+08
3.040883e+08
6.312148e+08
3.166251e+08
6.541521e+08
6.777095e+08
0
0
0
0
0
0
0
0
0
0
0
0
0
0
0
0
0
0
0
1.613078e+08
0
0
0
0
0
0
0
0
1.588502e+08
1.776928e+08
0
0
0
0
0
0
0
1.54687e+08
1.731027e+08
2.238057e+08
0
0
0
0
0
0
1.488234e+08
1.666377e+08
2.15555e+08
3.366147e+08
0
0
0
0
0
1.41929e+08
1.589961e+08
2.058361e+08
3.215198e+08
6.743965e+08
0
0
0
0
1.355881e+08
1.520052e+08
1.968474e+08
3.075266e+08
6.447432e+08
0
0
0
1.307216e+08
1.465682e+08
1.89875e+08
2.965105e+08
6.214525e+08
0
0
1.274664e+08
1.429855e+08
1.851723e+08
2.89097e+08
6.053678e+08
0
1.258941e+08
1.411373e+08
1.82801e+08
2.851438e+08
5.966394e+08
1.257229e+08
1.411081e+08
1.825844e+08
2.847011e+08
5.948573e+08
1.426524e+08
1.847034e+08
2.875819e+08
6.001618e+08
1.889356e+08
2.940742e+08
6.120919e+08
3.037622e+08
6.305328e+08
6.533172e+08
0
0
0
0
0
0
0
0
0
1.622494e+08
0
0
0
0
0
0
0
0
1.611849e+08
1.80064e+08
0
0
0
0
0
0
0
1.587217e+08
1.773445e+08
2.284551e+08
0
0
0
0
0
0
1.546021e+08
1.727817e+08
2.227308e+08
3.457884e+08
0
0
0
0
0
1.487937e+08
1.663629e+08
2.146964e+08
3.336978e+08
6.94885e+08
0
0
0
0
1.418726e+08
1.588073e+08
2.051801e+08
3.194449e+08
6.665458e+08
0
0
0
1.355478e+08
1.518348e+08
1.964062e+08
3.060914e+08
6.397772e+08
0
0
1.306449e+08
1.46463e+08
1.895274e+08
2.955786e+08
6.181174e+08
0
1.274552e+08
1.428571e+08
1.849606e+08
2.883901e+08
6.03109e+08
1.257229e+08
1.41108e+08
1.825843e+08
2.847011e+08
5.948573e+08
1.409125e+08
1.825155e+08
2.842851e+08
5.936208e+08
1.844518e+08
2.87397e+08
5.990206e+08
2.936815e+08
6.113779e+08
6.295966e+08
0
0
0
0
0
0
0
0
1.623253e+08
1.810965e+08
0
0
0
0
0
0
0
1.612588e+08
1.798962e+08
2.313377e+08
0
0
0
0
0
0
1.587888e+08
1.771834e+08
2.279117e+08
3.523426e+08
0
0
0
0
0
1.546816e+08
1.726695e+08
2.222463e+08
3.439477e+08
7.113569e+08
0
0
0
0
1.488319e+08
1.663097e+08
2.142897e+08
3.322563e+08
6.889089e+08
0
0
0
1.418878e+08
1.587283e+08
2.048891e+08
3.183383e+08
6.62352e+08
0
0
1.355089e+08
1.517765e+08
1.961459e+08
3.053139e+08
6.367635e+08
0
1.306481e+08
1.463662e+08
1.893554e+08
2.949489e+08
6.159796e+08
1.272965e+08
1.428344e+08
1.847643e+08
2.879722e+08
6.013717e+08
1.409126e+08
1.825154e+08
2.842851e+08
5.936208e+08
1.822479e+08
2.840907e+08
5.924508e+08
2.869601e+08
5.982858e+08
6.103575e+08
0
0
0
0
0
0
0
1.624654e+08
1.81137e+08
2.326153e+08
0
0
0
0
0
0
1.614035e+08
1.799451e+08
2.310356e+08
3.563444e+08
0
0
0
0
0
1.589436e+08
1.772305e+08
2.276316e+08
3.512368e+08
7.226404e+08
0
0
0
0
1.548065e+08
1.727325e+08
2.220353e+08
3.430032e+08
7.0698e+08
0
0
0
1.48908e+08
1.663314e+08
2.141575e+08
3.31476e+08
6.855494e+08
0
0
1.418972e+08
1.587294e+08
2.047364e+08
3.177527e+08
6.597462e+08
0
1.355361e+08
1.517207e+08
1.96029e+08
3.047958e+08
6.348076e+08
1.30516e+08
1.46359e+08
1.891963e+08
2.945805e+08
6.143332e+08
1.426525e+08
1.847032e+08
2.875816e+08
6.001617e+08
1.822479e+08
2.840906e+08
5.924508e+08
2.836326e+08
5.917062e+08
5.972071e+08
0
0
0
0
0
0
1.626448e+08
1.812569e+08
2.325418e+08
3.581786e+08
0
0
0
0
0
1.616037e+08
1.800749e+08
2.309906e+08
3.556339e+08
7.293061e+08
0
0
0
0
1.591146e+08
1.773738e+08
2.276034e+08
3.505873e+08
7.193938e+08
0
0
0
1.549398e+08
1.728456e+08
2.220388e+08
3.424823e+08
7.043051e+08
0
0
1.489684e+08
1.663972e+08
2.141224e+08
3.310928e+08
6.833718e+08
0
1.419533e+08
1.587255e+08
2.046889e+08
3.173724e+08
6.580217e+08
1.354452e+08
1.517389e+08
1.959185e+08
3.044968e+08
6.332964e+08
1.462058e+08
1.891529e+08
2.942371e+08
6.131769e+08
1.844519e+08
2.873967e+08
5.990205e+08
2.836326e+08
5.917061e+08
5.905982e+08
0
0
0
0
0
1.628661e+08
1.814237e+08
2.325801e+08
3.577236e+08
7.325083e+08
0
0
0
0
1.618063e+08
1.802665e+08
2.310588e+08
3.552618e+08
7.268434e+08
0
0
0
1.592705e+08
1.775369e+08
2.277004e+08
3.50293e+08
7.171967e+08
0
0
1.550409e+08
1.729713e+08
2.221088e+08
3.422703e+08
7.024795e+08
0
1.490542e+08
1.664477e+08
2.141498e+08
3.308611e+08
6.818921e+08
1.419106e+08
1.587743e+08
2.046394e+08
3.171603e+08
6.566791e+08
1.516298e+08
1.959042e+08
3.042165e+08
6.322195e+08
1.889357e+08
2.940737e+08
6.120919e+08
2.869602e+08
5.982855e+08
5.905982e+08
0
0
0
0
1.630835e+08
1.816377e+08
2.326917e+08
3.574568e+08
7.302788e+08
0
0
0
1.619792e+08
1.804632e+08
2.31212e+08
3.550896e+08
7.249194e+08
0
0
1.593974e+08
1.776877e+08
2.278296e+08
3.501986e+08
7.156258e+08
0
1.551461e+08
1.730653e+08
2.222042e+08
3.421691e+08
7.012026e+08
1.49062e+08
1.66528e+08
2.141637e+08
3.30742e+08
6.807263e+08
1.587171e+08
2.0466e+08
3.169581e+08
6.557013e+08
1.957388e+08
3.040877e+08
6.312147e+08
2.936816e+08
6.113776e+08
5.972071e+08
0
0
0
1.632646e+08
1.818503e+08
2.328708e+08
3.573395e+08
7.284772e+08
0
0
1.621236e+08
1.806323e+08
2.313802e+08
3.550654e+08
7.234955e+08
0
1.595223e+08
1.778096e+08
2.279552e+08
3.501731e+08
7.144873e+08
1.551909e+08
1.731666e+08
2.222689e+08
3.421323e+08
7.001837e+08
1.665249e+08
2.142202e+08
3.306203e+08
6.798517e+08
2.045559e+08
3.168713e+08
6.547944e+08
3.037623e+08
6.305323e+08
6.103575e+08
0
0
1.634172e+08
1.82028e+08
2.330573e+08
3.573475e+08
7.271195e+08
0
1.622589e+08
1.807729e+08
2.31527e+08
3.550887e+08
7.22438e+08
1.596028e+08
1.779313e+08
2.280527e+08
3.501757e+08
7.135641e+08
1.732038e+08
2.223497e+08
3.420748e+08
6.993951e+08
2.141798e+08
3.305761e+08
6.790442e+08
3.166252e+08
6.541516e+08
6.295966e+08
0
1.63557e+08
1.821772e+08
2.332141e+08
3.573934e+08
7.260985e+08
1.623585e+08
1.809054e+08
2.316461e+08
3.551177e+08
7.215716e+08
1.78006e+08
2.281564e+08
3.501601e+08
7.12828e+08
2.223573e+08
3.420601e+08
6.986671e+08
3.304115e+08
6.784413e+08
6.533172e+08
1.636654e+08
1.823146e+08
2.333432e+08
3.574346e+08
7.252578e+08
1.810005e+08
2.317619e+08
3.551288e+08
7.208665e+08
2.28207e+08
3.501717e+08
7.121527e+08
3.419581e+08
6.980947e+08
6.777095e+08
1.82419e+08
2.334644e+08
3.574581e+08
7.245667e+08
2.318362e+08
3.551544e+08
7.202224e+08
3.501228e+08
7.116024e+08
6.974453e+08
2.335494e+08
3.574898e+08
7.239364e+08
3.55135e+08
7.19684e+08
7.110128e+08
3.574837e+08
7.234031e+08
7.19129e+08
7.228637e+08
)
;

boundaryField
{
    interconnect0
    {
        type            zeroGradient;
    }
    interconnectSides
    {
        type            zeroGradient;
    }
    cathodeSides
    {
        type            zeroGradient;
    }
    phiEC_to_phiE0
    {
        type            zeroGradient;
    }
    procBoundary0to1
    {
        type            processor;
        value           uniform 0;
    }
}
)

// processor1

21464
(dimensions      [0 -3 0 0 0 1 0];

internalField   nonuniform List<scalar> 
5000
(
0
0
0
0
0
0
0
0
0
0
0
0
0
0
0
0
0
0
0
0
0
0
0
0
0
0
0
0
0
0
0
0
0
0
0
0
0
0
0
0
0
0
0
0
0
0
0
0
0
0
0
0
0
0
0
0
0
0
0
0
0
0
0
0
0
0
0
0
0
0
0
0
0
0
0
0
0
0
0
0
0
0
0
0
0
0
0
0
0
0
0
0
0
0
0
0
0
0
0
0
0
0
0
0
0
0
0
0
0
0
0
0
0
0
0
0
0
0
0
0
0
0
0
0
0
0
0
0
0
0
0
0
0
0
0
0
0
0
0
0
0
0
0
0
0
0
0
0
0
0
0
0
0
0
0
0
0
0
0
0
0
0
0
0
0
0
0
0
0
0
0
0
0
0
0
0
0
0
0
0
0
0
0
0
0
0
0
0
0
0
0
0
0
0
0
0
0
0
0
0
0
0
0
0
0
0
0
0
0
0
0
0
0
0
0
0
0
0
0
0
0
0
0
0
0
0
0
0
0
0
0
0
0
0
0
0
0
0
0
0
0
0
0
0
0
0
0
0
0
0
0
0
0
0
0
0
0
0
0
0
0
0
0
0
0
0
0
0
0
0
0
0
0
0
0
0
0
0
0
0
0
0
0
0
0
0
0
0
0
0
0
0
0
0
0
0
0
0
0
0
0
0
0
0
0
0
0
0
0
0
0
0
0
0
0
0
0
0
0
0
0
0
0
0
0
0
0
0
0
0
0
0
0
0
0
0
0
0
0
0
0
0
0
0
0
0
0
0
0
0
0
0
0
0
0
0
0
0
0
0
0
0
0
0
0
0
0
0
0
0
0
0
0
0
0
0
0
0
0
0
0
0
0
0
0
0
0
0
0
0
0
0
0
0
0
0
0
0
0
0
0
0
0
0
0
0
0
0
0
0
0
0
0
0
0
0
0
0
0
0
0
0
0
0
0
0
0
0
0
0
0
0
0
0
0
0
0
0
0
0
0
0
0
0
0
0
0
0
0
0
0
0
0
0
0
0
0
0
0
0
0
0
0
0
0
0
0
0
0
0
0
0
0
0
0
0
0
0
0
0
0
0
0
0
0
0
0
0
0
0
0
0
0
0
0
0
0
0
0
0
0
0
0
0
0
0
0
0
0
0
0
0
0
0
0
0
0
0
0
0
0
0
0
0
0
0
0
0
0
0
0
0
0
0
0
0
0
0
0
0
0
0
0
0
0
0
0
0
0
0
0
0
0
0
0
0
0
0
0
0
0
0
0
0
0
0
0
0
0
0
0
0
0
0
0
0
0
0
0
0
0
0
0
0
0
0
0
0
0
0
0
0
0
0
0
0
0
0
0
0
0
0
0
0
0
0
0
0
0
0
0
0
0
0
0
0
0
0
0
0
0
0
0
0
0
0
0
0
0
0
0
0
0
0
0
0
0
0
0
0
0
0
0
0
0
0
0
0
0
0
0
0
0
0
0
0
0
0
0
0
0
0
0
0
0
0
0
0
0
0
0
0
0
0
0
0
0
0
0
0
0
0
0
0
0
0
0
0
0
0
0
0
0
0
0
0
0
0
0
0
0
0
0
0
0
0
0
0
0
0
0
0
0
0
0
0
0
0
0
0
0
0
0
0
0
0
0
0
0
0
0
0
0
0
0
0
0
0
0
0
0
0
0
0
0
0
0
0
0
0
0
0
0
0
0
0
0
0
0
0
0
0
0
0
0
0
0
0
0
0
0
0
0
0
0
0
0
0
0
0
0
0
0
0
0
0
0
0
0
0
0
0
0
0
0
0
0
0
0
0
0
0
0
0
0
0
0
0
0
0
0
0
0
0
0
0
0
0
0
0
0
0
0
0
0
0
0
0
0
0
0
0
0
0
0
0
0
0
0
0
0
0
0
0
0
0
0
0
0
0
0
0
0
0
0
0
0
0
0
0
0
0
0
0
0
0
0
0
0
0
0
0
0
0
0
0
0
0
0
0
0
0
0
0
0
0
0
0
0
0
0
0
0
0
0
0
0
0
0
0
0
0
0
0
0
0
0
0
0
0
0
0
0
0
0
0
0
0
0
0
0
0
0
0
0
0
0
0
0
0
0
0
0
0
0
0
0
0
0
0
0
0
0
0
0
0
0
0
0
0
0
0
0
0
0
0
0
0
0
0
0
0
0
0
0
0
0
0
0
0
0
0
0
0
0
0
0
0
0
0
0
0
0
0
0
0
0
0
0
0
0
0
0
0
0
0
0
0
0
0
0
0
0
0
0
0
0
0
0
0
0
0
0
0
0
0
0
0
0
0
0
0
0
0
0
0
0
0
0
0
0
0
0
0
0
0
0
0
0
0
0
0
0
0
0
0
0
0
0
0
0
0
0
0
0
0
0
0
0
0
0
0
0
0
0
0
0
0
0
0
0
0
0
0
0
0
0
0
0
0
0
0
0
0
0
0
0
0
0
0
0
0
0
0
0
0
0
0
0
0
0
0
0
0
0
0
0
0
0
0
0
0
0
0
0
0
0
0
0
0
0
0
0
0
0
0
0
0
0
0
0
0
0
0
0
0
0
0
0
0
0
0
0
0
0
0
0
0
0
0
0
0
0
0
0
0
0
0
0
0
0
0
0
0
0
0
0
0
0
0
0
0
0
0
0
0
0
0
0
0
0
0
0
0
0
0
0
0
0
0
0
0
0
0
0
0
0
0
0
0
0
0
0
0
0
0
0
0
0
0
0
0
0
0
0
0
0
0
0
0
0
0
0
0
0
0
0
0
0
0
0
0
0
0
0
0
0
0
0
0
0
0
0
0
0
0
0
0
0
0
0
0
0
0
0
0
0
0
0
0
0
0
0
0
0
0
0
0
0
0
0
0
0
0
0
0
0
0
0
0
0
0
0
0
0
0
0
0
0
0
0
0
0
0
0
0
0
0
0
0
0
0
0
0
0
0
0
0
0
0
0
0
0
0
0
0
0
0
0
0
0
0
0
0
0
0
0
0
0
0
0
0
0
0
0
0
0
0
0
0
0
0
0
0
0
0
0
0
0
0
0
0
0
0
0
0
0
0
0
0
0
0
0
0
0
0
0
0
0
0
0
0
0
0
0
0
0
0
0
0
0
0
0
0
0
0
0
0
0
0
0
0
0
0
0
0
0
0
0
0
0
0
0
0
0
0
0
0
0
0
0
0
0
0
0
0
0
0
0
0
0
0
0
0
0
0
0
0
0
0
0
0
0
0
0
0
0
0
0
0
0
0
0
0
0
0
0
0
0
0
0
0
0
0
0
0
0
0
0
0
0
0
0
0
0
0
0
0
0
0
0
0
0
0
0
0
0
0
0
0
0
0
0
0
0
0
0
0
0
0
0
0
0
0
0
0
0
0
0
0
0
0
0
0
0
0
0
0
0
0
0
0
0
0
0
0
0
0
0
0
0
0
0
0
0
0
0
0
0
0
0
0
0
0
0
0
0
0
0
0
0
0
0
0
0
0
0
0
0
0
0
0
0
0
0
0
0
0
0
0
0
0
0
0
0
0
0
0
0
0
0
0
0
0
0
0
0
0
0
0
0
0
0
0
0
0
0
0
0
0
0
0
0
0
0
0
0
0
0
0
0
0
0
0
0
0
0
0
0
0
0
0
0
0
0
0
0
0
0
0
0
0
0
0
0
0
0
0
0
0
0
0
0
0
0
0
0
0
0
0
0
0
0
0
0
0
0
0
0
0
0
0
0
0
0
0
0
0
0
0
0
0
0
0
0
0
0
0
0
0
0
0
0
0
0
0
0
0
0
0
0
0
0
0
0
0
0
0
0
0
0
0
0
0
0
0
0
0
0
0
0
0
0
0
0
0
0
0
0
0
0
0
0
0
0
0
0
0
0
0
0
0
0
0
0
0
0
0
0
0
0
0
0
0
0
0
0
0
0
0
0
0
0
0
0
0
0
0
0
0
0
0
0
0
0
1.637211e+08
0
0
0
0
0
0
0
0
0
0
0
0
0
0
0
0
0
0
0
0
0
0
0
0
0
0
0
0
0
0
0
0
0
0
0
0
0
0
0
0
0
0
0
0
0
0
0
0
0
0
0
0
0
0
0
0
0
0
0
0
0
0
0
0
0
0
0
0
0
0
0
0
0
0
0
0
0
0
0
0
0
0
0
0
0
0
0
0
0
0
0
0
0
0
0
0
0
0
0
0
0
0
0
0
0
0
0
0
0
0
0
0
0
0
0
0
0
1.623919e+08
0
0
0
0
0
0
0
0
1.638535e+08
1.824677e+08
0
0
0
0
0
0
0
0
0
0
0
0
0
0
0
0
0
0
0
0
0
0
0
0
0
0
0
0
0
0
0
0
0
0
0
0
0
0
0
0
0
0
0
0
0
0
0
0
0
0
0
0
0
0
0
0
0
0
0
0
0
0
0
0
0
0
0
0
0
0
0
0
0
0
0
0
0
0
0
0
0
0
0
0
0
0
0
0
0
0
0
0
0
0
0
0
0
0
0
0
0
0
0
0
0
0
0
0
0
0
0
0
0
0
0
1.595877e+08
0
0
0
0
0
0
0
0
1.625228e+08
1.810253e+08
0
0
0
0
0
0
0
1.639851e+08
1.825986e+08
2.335726e+08
0
0
0
0
0
0
0
0
0
0
0
0
0
0
0
0
0
0
0
0
0
0
0
0
0
0
0
0
0
0
0
0
0
0
0
0
0
0
0
0
0
0
0
0
0
0
0
0
0
0
0
0
0
0
0
0
0
0
0
0
0
0
0
0
0
0
0
0
0
0
0
0
0
0
0
0
0
0
0
0
0
0
0
0
0
0
0
0
0
0
0
0
0
0
0
0
0
0
0
0
0
0
0
0
0
0
0
0
0
0
0
0
0
0
1.55094e+08
0
0
0
0
0
0
0
0
1.597145e+08
1.779792e+08
0
0
0
0
0
0
0
1.626533e+08
1.811547e+08
2.318315e+08
0
0
0
0
0
0
1.64118e+08
1.827298e+08
2.336926e+08
3.574106e+08
0
0
0
0
0
0
0
0
0
0
0
0
0
0
0
0
0
0
0
0
0
0
0
0
0
0
0
0
0
0
0
0
0
0
0
0
0
0
0
0
0
0
0
0
0
0
0
0
0
0
0
0
0
0
0
0
0
0
0
0
0
0
0
0
0
0
0
0
0
0
0
0
0
0
0
0
0
0
0
0
0
0
0
0
0
0
0
0
0
0
0
0
0
0
0
0
0
0
0
0
0
0
0
0
0
0
0
0
0
0
0
0
0
0
1.488678e+08
0
0
0
0
0
0
0
0
1.552062e+08
1.730899e+08
0
0
0
0
0
0
0
1.59843e+08
1.781042e+08
2.281418e+08
0
0
0
0
0
0
1.627854e+08
1.812849e+08
2.319498e+08
3.550262e+08
0
0
0
0
0
1.642444e+08
1.828626e+08
2.338163e+08
3.574613e+08
7.222975e+08
0
0
0
0
0
0
0
0
0
0
0
0
0
0
0
0
0
0
0
0
0
0
0
0
0
0
0
0
0
0
0
0
0
0
0
0
0
0
0
0
0
0
0
0
0
0
0
0
0
0
0
0
0
0
0
0
0
0
0
0
0
0
0
0
0
0
0
0
0
0
0
0
0
0
0
0
0
0
0
0
0
0
0
0
0
0
0
0
0
0
0
0
0
0
0
0
0
0
0
0
0
0
0
0
0
0
0
0
0
0
0
0
0
1.415966e+08
0
0
0
0
0
0
0
0
1.489616e+08
1.663057e+08
0
0
0
0
0
0
0
1.553353e+08
1.732001e+08
2.221903e+08
0
0
0
0
0
0
1.599734e+08
1.782325e+08
2.282552e+08
3.499365e+08
0
0
0
0
0
1.62911e+08
1.81417e+08
2.320725e+08
3.550752e+08
7.185187e+08
0
0
0
0
1.643727e+08
1.829892e+08
2.33942e+08
3.575265e+08
7.218852e+08
0
0
0
0
0
0
0
0
0
0
0
0
0
0
0
0
0
0
0
0
0
0
0
0
0
0
0
0
0
0
0
0
0
0
0
0
0
0
0
0
0
0
0
0
0
0
0
0
0
0
0
0
0
0
0
0
0
0
0
0
0
0
0
0
0
0
0
0
0
0
0
0
0
0
0
0
0
0
0
0
0
0
0
0
0
0
0
0
0
0
0
0
0
0
0
0
0
0
0
0
0
0
0
0
0
0
0
0
0
0
0
1.35015e+08
0
0
0
0
0
0
0
0
1.416725e+08
1.583686e+08
0
0
0
0
0
0
0
1.490832e+08
1.663966e+08
2.138864e+08
0
0
0
0
0
0
1.554618e+08
1.733288e+08
2.222876e+08
3.416412e+08
0
0
0
0
0
1.600969e+08
1.783628e+08
2.283762e+08
3.499801e+08
7.103051e+08
0
0
0
0
1.630386e+08
1.815427e+08
2.321975e+08
3.551396e+08
7.181047e+08
0
0
0
1.644994e+08
1.831176e+08
2.34063e+08
3.575949e+08
7.215351e+08
0
0
0
0
0
0
0
0
0
0
0
0
0
0
0
0
0
0
0
0
0
0
0
0
0
0
0
0
0
0
0
0
0
0
0
0
0
0
0
0
0
0
0
0
0
0
0
0
0
0
0
0
0
0
0
0
0
0
0
0
0
0
0
0
0
0
0
0
0
0
0
0
0
0
0
0
0
0
0
0
0
0
0
0
0
0
0
0
0
0
0
0
0
0
0
0
0
0
0
0
0
0
0
0
0
0
0
0
1.299929e+08
0
0
0
0
0
0
0
0
1.350737e+08
1.511559e+08
0
0
0
0
0
0
0
1.417826e+08
1.584406e+08
2.041078e+08
0
0
0
0
0
0
1.492065e+08
1.66518e+08
2.139624e+08
3.299265e+08
0
0
0
0
0
1.555809e+08
1.734553e+08
2.224093e+08
3.416672e+08
6.965721e+08
0
0
0
0
1.602228e+08
1.784865e+08
2.284995e+08
3.500437e+08
7.098865e+08
0
0
0
1.63163e+08
1.816704e+08
2.323178e+08
3.552079e+08
7.177561e+08
0
0
1.646376e+08
1.832446e+08
2.341857e+08
3.576656e+08
7.211933e+08
0
0
0
0
0
0
0
0
0
0
0
0
0
0
0
0
0
0
0
0
0
0
0
0
0
0
0
0
0
0
0
0
0
0
0
0
0
0
0
0
0
0
0
0
0
0
0
0
0
0
0
0
0
0
0
0
0
0
0
0
0
0
0
0
0
0
0
0
0
0
0
0
0
0
0
0
0
0
0
0
0
0
0
0
0
0
0
0
0
0
0
0
0
0
0
0
0
0
0
0
0
0
0
0
1.267123e+08
0
0
0
0
0
0
0
0
1.300375e+08
1.456312e+08
0
0
0
0
0
0
0
1.351702e+08
1.512099e+08
1.9514e+08
0
0
0
0
0
0
1.419018e+08
1.585501e+08
2.041626e+08
3.159338e+08
0
0
0
0
0
1.493207e+08
1.666411e+08
2.140769e+08
3.29929e+08
6.766007e+08
0
0
0
0
1.557019e+08
1.735747e+08
2.22529e+08
3.417328e+08
6.96143e+08
0
0
0
1.603431e+08
1.786126e+08
2.28618e+08
3.501109e+08
7.095411e+08
0
0
1.633003e+08
1.817952e+08
2.3244e+08
3.552782e+08
7.174156e+08
0
1.647618e+08
1.833832e+08
2.343088e+08
3.577376e+08
7.208925e+08
0
0
0
0
0
0
0
0
0
0
0
0
0
0
0
0
0
0
0
0
0
0
0
0
0
0
0
0
0
0
0
0
0
0
0
0
0
0
0
0
0
0
0
0
0
0
0
0
0
0
0
0
0
0
0
0
0
0
0
0
0
0
0
0
0
0
0
0
0
0
0
0
0
0
0
0
0
0
0
0
0
0
0
0
0
0
0
0
0
0
0
0
0
0
0
0
0
0
0
1.251035e+08
0
0
0
0
0
0
0
0
1.267482e+08
1.420113e+08
0
0
0
0
0
0
0
1.301245e+08
1.456704e+08
1.882154e+08
0
0
0
0
0
0
1.352825e+08
1.513054e+08
1.951749e+08
3.028684e+08
0
0
0
0
0
1.420102e+08
1.586691e+08
2.042646e+08
3.159126e+08
6.519158e+08
0
0
0
0
1.494382e+08
1.667556e+08
2.141933e+08
3.299886e+08
6.761572e+08
0
0
0
1.558181e+08
1.73696e+08
2.226433e+08
3.417972e+08
6.958027e+08
0
0
1.604772e+08
1.787332e+08
2.287387e+08
3.501803e+08
7.092026e+08
0
1.634249e+08
1.819328e+08
2.325608e+08
3.5535e+08
7.171164e+08
1.648804e+08
1.835079e+08
2.344439e+08
3.578161e+08
7.205894e+08
0
0
0
0
0
0
0
0
0
0
0
0
0
0
0
0
0
0
0
0
0
0
0
0
0
0
0
0
0
0
0
0
0
0
0
0
0
0
0
0
0
0
0
0
0
0
0
0
0
0
0
0
0
0
0
0
0
0
0
0
0
0
0
0
0
0
0
0
0
0
0
0
0
0
0
0
0
0
0
0
0
0
0
0
0
0
0
0
0
0
0
0
0
1.251035e+08
0
0
0
0
0
0
0
0
1.251356e+08
1.402335e+08
0
0
0
0
0
0
0
1.268294e+08
1.420413e+08
1.836504e+08
0
0
0
0
0
0
1.302255e+08
1.457562e+08
1.882339e+08
2.926224e+08
0
0
0
0
0
1.353839e+08
1.514172e+08
1.952619e+08
3.028249e+08
6.279016e+08
0
0
0
0
1.421227e+08
1.587775e+08
2.043771e+08
3.159605e+08
6.514572e+08
0
0
0
1.495477e+08
1.668732e+08
2.143027e+08
3.300508e+08
6.758205e+08
0
0
1.559436e+08
1.738126e+08
2.227593e+08
3.418635e+08
6.954666e+08
0
1.60603e+08
1.788678e+08
2.288553e+08
3.502511e+08
7.089067e+08
1.635427e+08
1.820579e+08
2.326949e+08
3.554265e+08
7.168144e+08
1.836266e+08
2.345655e+08
3.579056e+08
7.203234e+08
0
0
0
0
0
0
0
0
0
0
0
0
0
0
0
0
0
0
0
0
0
0
0
0
0
0
0
0
0
0
0
0
0
0
0
0
0
0
0
0
0
0
0
0
0
0
0
0
0
0
0
0
0
0
0
0
0
0
0
0
0
0
0
0
0
0
0
0
0
0
0
0
0
0
0
0
0
0
0
0
0
0
0
0
0
0
1.267123e+08
0
0
0
0
0
0
0
0
1.251356e+08
1.402334e+08
0
0
0
0
0
0
0
1.252153e+08
1.402594e+08
1.814009e+08
0
0
0
0
0
0
1.269218e+08
1.421212e+08
1.836587e+08
2.857887e+08
0
0
0
0
0
1.303241e+08
1.458566e+08
1.883107e+08
2.925607e+08
6.084139e+08
0
0
0
0
1.354872e+08
1.515186e+08
1.95367e+08
3.028581e+08
6.274289e+08
0
0
0
1.422265e+08
1.5889e+08
2.044804e+08
3.160199e+08
6.51123e+08
0
0
1.496648e+08
1.669832e+08
2.14415e+08
3.301135e+08
6.754879e+08
0
1.560649e+08
1.739384e+08
2.22872e+08
3.419305e+08
6.951747e+08
1.607198e+08
1.789943e+08
2.289863e+08
3.503241e+08
7.086066e+08
1.821759e+08
2.328172e+08
3.555153e+08
7.165495e+08
2.346799e+08
3.579866e+08
7.200517e+08
0
0
0
0
0
0
0
0
0
0
0
0
0
0
0
0
0
0
0
0
0
0
0
0
0
0
0
0
0
0
0
0
0
0
0
0
0
0
0
0
0
0
0
0
0
0
0
0
0
0
0
0
0
0
0
0
0
0
0
0
0
0
0
0
0
0
0
0
0
0
0
0
0
0
0
0
0
0
1.299929e+08
0
0
0
0
0
0
0
0
1.267482e+08
1.420113e+08
0
0
0
0
0
0
0
1.252153e+08
1.402594e+08
1.814009e+08
0
0
0
0
0
0
1.253053e+08
1.403377e+08
1.814046e+08
2.823994e+08
0
0
0
0
0
1.270173e+08
1.422128e+08
1.837291e+08
2.857155e+08
5.950864e+08
0
0
0
0
1.304208e+08
1.45955e+08
1.884035e+08
2.925839e+08
6.079305e+08
0
0
0
1.35583e+08
1.516219e+08
1.954631e+08
3.029107e+08
6.270955e+08
0
0
1.423365e+08
1.589941e+08
2.045875e+08
3.160777e+08
6.507939e+08
0
1.497757e+08
1.671005e+08
2.145212e+08
3.301777e+08
6.75201e+08
1.561824e+08
1.7406e+08
2.22994e+08
3.420006e+08
6.948765e+08
1.791113e+08
2.291103e+08
3.504103e+08
7.08344e+08
2.329309e+08
3.555975e+08
7.162785e+08
3.580573e+08
7.198095e+08
0
0
0
0
0
0
0
0
0
0
0
0
0
0
0
0
0
0
0
0
0
0
0
0
0
0
0
0
0
0
0
0
0
0
0
0
0
0
0
0
0
0
0
0
0
0
0
0
0
0
0
0
0
0
0
0
0
0
0
0
0
0
0
0
0
0
0
0
0
1.35015e+08
0
0
0
0
0
0
0
0
1.300374e+08
1.456311e+08
0
0
0
0
0
0
0
1.268294e+08
1.420413e+08
1.836504e+08
0
0
0
0
0
0
1.253052e+08
1.403377e+08
1.814046e+08
2.823994e+08
0
0
0
0
0
1.253961e+08
1.404267e+08
1.814733e+08
2.823211e+08
5.883848e+08
0
0
0
0
1.27111e+08
1.423079e+08
1.838125e+08
2.857326e+08
5.945964e+08
0
0
0
1.305104e+08
1.460514e+08
1.884966e+08
2.926244e+08
6.075985e+08
0
0
1.356847e+08
1.517178e+08
1.955606e+08
3.029624e+08
6.267684e+08
0
1.424369e+08
1.591042e+08
2.046876e+08
3.161376e+08
6.50512e+08
1.498898e+08
1.67212e+08
2.146343e+08
3.302426e+08
6.749058e+08
1.741778e+08
2.23113e+08
3.420782e+08
6.946178e+08
2.292231e+08
3.504939e+08
7.080739e+08
3.556677e+08
7.160384e+08
7.195501e+08
0
0
0
0
0
0
0
0
0
0
0
0
0
0
0
0
0
0
0
0
0
0
0
0
0
0
0
0
0
0
0
0
0
0
0
0
0
0
0
0
0
0
0
0
0
0
0
0
0
0
0
0
0
0
0
0
0
0
0
1.415966e+08
0
0
0
0
0
0
0
0
1.350737e+08
1.511558e+08
0
0
0
0
0
0
0
1.301246e+08
1.456703e+08
1.882153e+08
0
0
0
0
0
0
1.269216e+08
1.421211e+08
1.836586e+08
2.857886e+08
0
0
0
0
0
1.253961e+08
1.404266e+08
1.814733e+08
2.823211e+08
5.883847e+08
0
0
0
0
1.254891e+08
1.405171e+08
1.815539e+08
2.823367e+08
5.878918e+08
0
0
0
1.271963e+08
1.424013e+08
1.839022e+08
2.857637e+08
5.942661e+08
0
0
1.306058e+08
1.46141e+08
1.88587e+08
2.926737e+08
6.072714e+08
0
1.357764e+08
1.518194e+08
1.956524e+08
3.030133e+08
6.2649e+08
1.425433e+08
1.592049e+08
2.047933e+08
3.161976e+08
6.5022e+08
1.673262e+08
2.147433e+08
3.303118e+08
6.746516e+08
2.23227e+08
3.421598e+08
6.943477e+08
3.505637e+08
7.078339e+08
7.157796e+08
0
0
0
0
0
0
0
0
0
0
0
0
0
0
0
0
0
0
0
0
0
0
0
0
0
0
0
0
0
0
0
0
0
0
0
0
0
0
0
0
0
0
0
0
0
0
0
0
0
1.488678e+08
0
0
0
0
0
0
0
0
1.416724e+08
1.583685e+08
0
0
0
0
0
0
0
1.351702e+08
1.512098e+08
1.951399e+08
0
0
0
0
0
0
1.302252e+08
1.457563e+08
1.882338e+08
2.926223e+08
0
0
0
0
0
1.27017e+08
1.422126e+08
1.837291e+08
2.857154e+08
5.950862e+08
0
0
0
0
1.254891e+08
1.40517e+08
1.815539e+08
2.823367e+08
5.878918e+08
0
0
0
1.255729e+08
1.406097e+08
1.816388e+08
2.82365e+08
5.875628e+08
0
0
1.272874e+08
1.424864e+08
1.839894e+08
2.8581e+08
5.93939e+08
0
1.306916e+08
1.462362e+08
1.886722e+08
2.927178e+08
6.069965e+08
1.35871e+08
1.519113e+08
1.957493e+08
3.030658e+08
6.261994e+08
1.593113e+08
2.048909e+08
3.1626e+08
6.499708e+08
2.148539e+08
3.30384e+08
6.743823e+08
3.422312e+08
6.941183e+08
7.075764e+08
0
0
0
0
0
0
0
0
0
0
0
0
0
0
0
0
0
0
0
0
0
0
0
0
0
0
0
0
0
0
0
0
0
0
0
0
0
0
0
1.550939e+08
0
0
0
0
0
0
0
0
1.489615e+08
1.663057e+08
0
0
0
0
0
0
0
1.417826e+08
1.584405e+08
2.041077e+08
0
0
0
0
0
0
1.352821e+08
1.513054e+08
1.951748e+08
3.028683e+08
0
0
0
0
0
1.303237e+08
1.458563e+08
1.883108e+08
2.925606e+08
6.084136e+08
0
0
0
0
1.27111e+08
1.423076e+08
1.838124e+08
2.857326e+08
5.945964e+08
0
0
0
1.255729e+08
1.406096e+08
1.816387e+08
2.823649e+08
5.875627e+08
0
0
1.25662e+08
1.406933e+08
1.817251e+08
2.824065e+08
5.872364e+08
0
1.273692e+08
1.425772e+08
1.8407e+08
2.858512e+08
5.936662e+08
1.307776e+08
1.463221e+08
1.887623e+08
2.927643e+08
6.067073e+08
1.520058e+08
1.958377e+08
3.0312e+08
6.259537e+08
2.049932e+08
3.163213e+08
6.497032e+08
3.304536e+08
6.741539e+08
6.938616e+08
0
0
0
0
0
0
0
0
0
0
0
0
0
0
0
0
0
0
0
0
0
0
0
0
0
0
0
0
0
1.595875e+08
0
0
0
0
0
0
0
0
1.552058e+08
1.730899e+08
0
0
0
0
0
0
0
1.490833e+08
1.663965e+08
2.138864e+08
0
0
0
0
0
0
1.419016e+08
1.585501e+08
2.041625e+08
3.159336e+08
0
0
0
0
0
1.353835e+08
1.514169e+08
1.95262e+08
3.028249e+08
6.279012e+08
0
0
0
0
1.304207e+08
1.459546e+08
1.884032e+08
2.92584e+08
6.079305e+08
0
0
0
1.271963e+08
1.424012e+08
1.839019e+08
2.857635e+08
5.942659e+08
0
0
1.25662e+08
1.406933e+08
1.817251e+08
2.824063e+08
5.872364e+08
0
1.257422e+08
1.40782e+08
1.81804e+08
2.824471e+08
5.86964e+08
1.274507e+08
1.42659e+08
1.841554e+08
2.858934e+08
5.933785e+08
1.464078e+08
1.888445e+08
2.928121e+08
6.064642e+08
1.959274e+08
3.031728e+08
6.256876e+08
3.163828e+08
6.494768e+08
6.73902e+08
0
0
0
0
0
0
0
0
0
0
0
0
0
0
0
0
0
0
0
1.623917e+08
0
0
0
0
0
0
0
0
1.597143e+08
1.77979e+08
0
0
0
0
0
0
0
1.553354e+08
1.731997e+08
2.221902e+08
0
0
0
0
0
0
1.492062e+08
1.66518e+08
2.139622e+08
3.299264e+08
0
0
0
0
0
1.420098e+08
1.586689e+08
2.042646e+08
3.159125e+08
6.519154e+08
0
0
0
0
1.354871e+08
1.515182e+08
1.953666e+08
3.028581e+08
6.274289e+08
0
0
0
1.305103e+08
1.460513e+08
1.884962e+08
2.92624e+08
6.075983e+08
0
0
1.272874e+08
1.424864e+08
1.839893e+08
2.858096e+08
5.93939e+08
0
1.257422e+08
1.40782e+08
1.81804e+08
2.82447e+08
5.869639e+08
1.258225e+08
1.408621e+08
1.818872e+08
2.824878e+08
5.866773e+08
1.4274e+08
1.842333e+08
2.859367e+08
5.931372e+08
1.889248e+08
2.928592e+08
6.061993e+08
3.032218e+08
6.254643e+08
6.492245e+08
0
0
0
0
0
0
0
0
0
1.63721e+08
0
0
0
0
0
0
0
0
1.625227e+08
1.810251e+08
0
0
0
0
0
0
0
1.598431e+08
1.78104e+08
2.281415e+08
0
0
0
0
0
0
1.554613e+08
1.733289e+08
2.222872e+08
3.416411e+08
0
0
0
0
0
1.493202e+08
1.666408e+08
2.140769e+08
3.299288e+08
6.766003e+08
0
0
0
0
1.421226e+08
1.587771e+08
2.043768e+08
3.159604e+08
6.514572e+08
0
0
0
1.355829e+08
1.516217e+08
1.954627e+08
3.029104e+08
6.270952e+08
0
0
1.306058e+08
1.461409e+08
1.885869e+08
2.926732e+08
6.072714e+08
0
1.273692e+08
1.425772e+08
1.840699e+08
2.858512e+08
5.936659e+08
1.258226e+08
1.408621e+08
1.818872e+08
2.824877e+08
5.866773e+08
1.409419e+08
1.819633e+08
2.82529e+08
5.864371e+08
1.843087e+08
2.859798e+08
5.928733e+08
2.928989e+08
6.059788e+08
6.252113e+08
0
0
0
0
0
0
0
0
1.638533e+08
1.824675e+08
0
0
0
0
0
0
0
1.626533e+08
1.811546e+08
2.318313e+08
0
0
0
0
0
0
1.599729e+08
1.782326e+08
2.28255e+08
3.499362e+08
0
0
0
0
0
1.5558e+08
1.734548e+08
2.224094e+08
3.416668e+08
6.965717e+08
0
0
0
0
1.494379e+08
1.66755e+08
2.14193e+08
3.299886e+08
6.761571e+08
0
0
0
1.422264e+08
1.588899e+08
2.044799e+08
3.160196e+08
6.511226e+08
0
0
1.356847e+08
1.517176e+08
1.955605e+08
3.029618e+08
6.267683e+08
0
1.306916e+08
1.462362e+08
1.88672e+08
2.927177e+08
6.069961e+08
1.274508e+08
1.42659e+08
1.841554e+08
2.858933e+08
5.933785e+08
1.409419e+08
1.819633e+08
2.82529e+08
5.864371e+08
1.820375e+08
2.825705e+08
5.861738e+08
2.860148e+08
5.926548e+08
6.057257e+08
0
0
0
0
0
0
0
1.639851e+08
1.825984e+08
2.335724e+08
0
0
0
0
0
0
1.62785e+08
1.81285e+08
2.319497e+08
3.550259e+08
0
0
0
0
0
1.600962e+08
1.783623e+08
2.283762e+08
3.499799e+08
7.103046e+08
0
0
0
0
1.557015e+08
1.735738e+08
2.225284e+08
3.417329e+08
6.961428e+08
0
0
0
1.495475e+08
1.66873e+08
2.143021e+08
3.300505e+08
6.758201e+08
0
0
1.423365e+08
1.589939e+08
2.045873e+08
3.160772e+08
6.507939e+08
0
1.357764e+08
1.518194e+08
1.956522e+08
3.030131e+08
6.264895e+08
1.307778e+08
1.463221e+08
1.887623e+08
2.927641e+08
6.067073e+08
1.427402e+08
1.842333e+08
2.859367e+08
5.93137e+08
1.820375e+08
2.825705e+08
5.861738e+08
2.826042e+08
5.859563e+08
5.924021e+08
0
0
0
0
0
0
1.641175e+08
1.827299e+08
2.336924e+08
3.574102e+08
0
0
0
0
0
1.629103e+08
1.814165e+08
2.320725e+08
3.550749e+08
7.185182e+08
0
0
0
0
1.602225e+08
1.784858e+08
2.284991e+08
3.500437e+08
7.098864e+08
0
0
0
1.558179e+08
1.736956e+08
2.226423e+08
3.417966e+08
6.958023e+08
0
0
1.496647e+08
1.66983e+08
2.144148e+08
3.301128e+08
6.754878e+08
0
1.424369e+08
1.591042e+08
2.046874e+08
3.161374e+08
6.505114e+08
1.358712e+08
1.519113e+08
1.957493e+08
3.030656e+08
6.261995e+08
1.46408e+08
1.888445e+08
2.928121e+08
6.064638e+08
1.843089e+08
2.859798e+08
5.928733e+08
2.826043e+08
5.859563e+08
5.857043e+08
0
0
0
0
0
1.642436e+08
1.828622e+08
2.338164e+08
3.574611e+08
7.22297e+08
0
0
0
0
1.630383e+08
1.81542e+08
2.321971e+08
3.551396e+08
7.181045e+08
0
0
0
1.603428e+08
1.786123e+08
2.286172e+08
3.501104e+08
7.095408e+08
0
0
1.559434e+08
1.738123e+08
2.227589e+08
3.418624e+08
6.954664e+08
0
1.497756e+08
1.671004e+08
2.145209e+08
3.301774e+08
6.752003e+08
1.425434e+08
1.592049e+08
2.047933e+08
3.161974e+08
6.5022e+08
1.52006e+08
1.958377e+08
3.031201e+08
6.259533e+08
1.88925e+08
2.928591e+08
6.061994e+08
2.860149e+08
5.926546e+08
5.857044e+08
0
0
0
0
1.643723e+08
1.829884e+08
2.339415e+08
3.575264e+08
7.21885e+08
0
0
0
1.631626e+08
1.816701e+08
2.32317e+08
3.552073e+08
7.177558e+08
0
0
1.60477e+08
1.787329e+08
2.287383e+08
3.501794e+08
7.092024e+08
0
1.560647e+08
1.739383e+08
2.228716e+08
3.419301e+08
6.951739e+08
1.498899e+08
1.672118e+08
2.146343e+08
3.302422e+08
6.749057e+08
1.593114e+08
2.048908e+08
3.162601e+08
6.499704e+08
1.959276e+08
3.031727e+08
6.256878e+08
2.928992e+08
6.059785e+08
5.924022e+08
0
0
0
1.64499e+08
1.831172e+08
2.340621e+08
3.575944e+08
7.215347e+08
0
0
1.633e+08
1.817948e+08
2.324396e+08
3.552773e+08
7.174153e+08
0
1.60603e+08
1.788675e+08
2.28855e+08
3.502507e+08
7.08906e+08
1.561827e+08
1.740598e+08
2.229938e+08
3.420002e+08
6.948764e+08
1.673262e+08
2.147432e+08
3.303118e+08
6.746511e+08
2.049934e+08
3.163211e+08
6.497034e+08
3.03222e+08
6.25464e+08
6.057259e+08
0
0
1.646374e+08
1.832442e+08
2.341853e+08
3.576646e+08
7.21193e+08
0
1.634249e+08
1.819326e+08
2.325603e+08
3.553495e+08
7.171156e+08
1.607202e+08
1.789943e+08
2.289861e+08
3.503237e+08
7.086064e+08
1.741781e+08
2.231128e+08
3.42078e+08
6.946172e+08
2.14854e+08
3.303838e+08
6.743824e+08
3.16383e+08
6.494764e+08
6.252116e+08
0
1.647618e+08
1.83383e+08
2.343084e+08
3.577371e+08
7.208917e+08
1.63543e+08
1.820579e+08
2.326947e+08
3.554259e+08
7.168142e+08
1.791117e+08
2.291102e+08
3.5041e+08
7.083434e+08
2.232273e+08
3.421596e+08
6.943477e+08
3.304538e+08
6.741535e+08
6.492248e+08
1.648806e+08
1.835079e+08
2.344436e+08
3.578155e+08
7.205891e+08
1.821762e+08
2.328172e+08
3.555151e+08
7.165489e+08
2.292235e+08
3.504937e+08
7.080739e+08
3.422316e+08
6.941179e+08
6.739023e+08
1.836268e+08
2.345655e+08
3.579053e+08
7.203228e+08
2.329312e+08
3.555974e+08
7.162784e+08
3.505641e+08
7.078334e+08
6.938621e+08
2.346802e+08
3.579865e+08
7.200516e+08
3.556681e+08
7.16038e+08
7.075765e+08
3.580576e+08
7.198091e+08
7.157799e+08
7.195504e+08
)
;

boundaryField
{
    interconnect0
    {
        type            zeroGradient;
    }
    interconnectSides
    {
        type            zeroGradient;
    }
    cathodeSides
    {
        type            zeroGradient;
    }
    phiEC_to_phiE0
    {
        type            zeroGradient;
    }
    procBoundary1to0
    {
        type            processor;
        value           uniform 0;
    }
    procBoundary1to2
    {
        type            processor;
        value           uniform 0;
    }
}
)

// processor2

21461
(dimensions      [0 -3 0 0 0 1 0];

internalField   nonuniform List<scalar> 
5000
(
0
0
0
0
0
0
0
0
0
0
0
0
0
0
0
0
0
0
0
0
0
0
0
0
0
0
0
0
0
0
0
0
0
0
0
0
0
0
0
0
0
0
0
0
0
0
0
0
0
0
0
0
0
0
0
0
0
0
0
0
0
0
0
0
0
0
0
0
0
0
0
0
0
0
0
0
0
0
0
0
0
0
0
0
0
0
0
0
0
0
0
0
0
0
0
0
0
0
0
0
0
0
0
0
0
0
0
0
0
0
0
0
0
0
0
0
0
0
0
0
0
0
0
0
0
0
0
0
0
0
0
0
0
0
0
0
0
0
0
0
0
0
0
0
0
0
0
0
0
0
0
0
0
0
0
0
0
0
0
0
0
0
0
0
0
0
0
0
0
0
0
0
0
0
0
0
0
0
0
0
0
0
0
0
0
0
0
0
0
0
0
0
0
0
0
0
0
0
0
0
0
0
0
0
0
0
0
0
0
0
0
0
0
0
0
0
0
0
0
0
0
0
0
0
0
0
0
0
0
0
0
0
0
0
0
0
0
0
0
0
0
0
0
0
0
0
0
0
0
0
0
0
0
0
0
0
0
0
0
0
0
0
0
0
0
0
0
0
0
0
0
0
0
0
0
0
0
0
0
0
0
0
0
0
0
0
0
0
0
0
0
0
0
0
0
0
0
0
0
0
0
0
0
0
0
0
0
0
0
0
0
0
0
0
0
0
0
0
0
0
0
0
0
0
0
0
0
0
0
0
0
0
0
0
0
0
0
0
0
0
0
0
0
0
0
0
0
0
0
0
0
0
0
0
0
0
0
0
0
0
0
0
0
0
0
0
0
0
0
0
0
0
0
0
0
0
0
0
0
0
0
0
0
0
0
0
0
0
0
0
0
0
0
0
0
0
0
0
0
0
0
0
0
0
0
0
0
0
0
0
0
0
0
0
0
0
0
0
0
0
0
0
0
0
0
0
0
0
0
0
0
0
0
0
0
0
0
0
0
0
0
0
0
0
0
0
0
0
0
0
0
0
0
0
0
0
0
0
0
0
0
0
0
0
0
0
0
0
0
0
0
0
0
0
0
0
0
0
0
0
0
0
0
0
0
0
0
0
0
0
0
0
0
0
0
0
0
0
0
0
0
0
0
0
0
0
0
0
0
0
0
0
0
0
0
0
0
0
0
0
0
0
0
0
0
0
0
0
0
0
0
0
0
0
0
0
0
0
0
0
0
0
0
0
0
0
0
0
0
0
0
0
0
0
0
0
0
0
0
0
0
0
0
0
0
0
0
0
0
0
0
0
0
0
0
0
0
0
0
0
0
0
0
0
0
0
0
0
0
0
0
0
0
0
0
0
0
0
0
0
0
0
0
0
0
0
0
0
0
0
0
0
0
0
0
0
0
0
0
0
0
0
0
0
0
0
0
0
0
0
0
0
0
0
0
0
0
0
0
0
0
0
0
0
0
0
0
0
0
0
0
0
0
0
0
0
0
0
0
0
0
0
0
0
0
0
0
0
0
0
0
0
0
0
0
0
0
0
0
0
0
0
0
0
0
0
0
0
0
0
0
0
0
0
0
0
0
0
0
0
0
0
0
0
0
0
0
0
0
0
0
0
0
0
0
0
0
0
0
0
0
0
0
0
0
0
0
0
0
0
0
0
0
0
0
0
0
0
0
0
0
0
0
0
0
0
0
0
0
0
0
0
0
0
0
0
0
0
0
0
0
0
0
0
0
0
0
0
0
0
0
0
0
0
0
0
0
0
0
0
0
0
0
0
0
0
0
0
0
0
0
0
0
0
0
0
0
0
0
0
0
0
0
0
0
0
0
0
0
0
0
0
0
0
0
0
0
0
0
0
0
0
0
0
0
0
0
0
0
0
0
0
0
0
0
0
0
0
0
0
0
0
0
0
0
0
0
0
0
0
0
0
0
0
0
0
0
0
0
0
0
0
0
0
0
0
0
0
0
0
0
0
0
0
0
0
0
0
0
0
0
0
0
0
0
0
0
0
0
0
0
0
0
0
0
0
0
0
0
0
0
0
0
0
0
0
0
0
0
0
0
0
0
0
0
0
0
0
0
0
0
0
0
0
0
0
0
0
0
0
0
0
0
0
0
0
0
0
0
0
0
0
0
0
0
0
0
0
0
0
0
0
0
0
0
0
0
0
0
0
0
0
0
0
0
0
0
0
0
0
0
0
0
0
0
0
0
0
0
0
0
0
0
0
0
0
0
0
0
0
0
0
0
0
0
0
0
0
0
0
0
0
0
0
0
0
0
0
0
0
0
0
0
0
0
0
0
0
0
0
0
0
0
0
0
0
0
0
0
0
0
0
0
0
0
0
0
0
0
0
0
0
0
0
0
0
0
0
0
0
0
0
0
0
0
0
0
0
0
0
0
0
0
0
0
0
0
0
0
0
0
0
0
0
0
0
0
0
0
0
0
0
0
0
0
0
0
0
0
0
0
0
0
0
0
0
0
0
0
0
0
0
0
0
0
0
0
0
0
0
0
0
0
0
0
0
0
0
0
0
0
0
0
0
0
0
0
0
0
0
0
0
0
0
0
0
0
0
0
0
0
0
0
0
0
0
0
0
0
0
0
0
0
0
0
0
0
0
0
0
0
0
0
0
0
0
0
0
0
0
0
0
0
0
0
0
0
0
0
0
0
0
0
0
0
0
0
0
0
0
0
0
0
0
0
0
0
0
0
0
0
0
0
0
0
0
0
0
0
0
0
0
0
0
0
0
0
0
0
0
0
0
0
0
0
0
0
0
0
0
0
0
0
0
0
0
0
0
0
0
0
0
0
0
0
0
0
0
0
0
0
0
0
0
0
0
0
0
0
0
0
0
0
0
0
0
0
0
0
0
0
0
0
0
0
0
0
0
0
0
0
0
0
0
0
0
0
0
0
0
0
0
0
0
0
0
0
0
0
0
0
0
0
0
0
0
0
0
0
0
0
0
0
0
0
0
0
0
0
0
0
0
0
0
0
0
0
0
0
0
0
0
0
0
0
0
0
0
0
0
0
0
0
0
0
0
0
0
0
0
0
0
0
0
0
0
0
0
0
0
0
0
0
0
0
0
0
0
0
0
0
0
0
0
0
0
0
0
0
0
0
0
0
0
0
0
0
0
0
0
0
0
0
0
0
0
0
0
0
0
0
0
0
0
0
0
0
0
0
0
0
0
0
0
0
0
0
0
0
0
0
0
0
0
0
0
0
0
0
0
0
0
0
0
0
0
0
0
0
0
0
0
0
0
0
0
0
0
0
0
0
0
0
0
0
0
0
0
0
0
0
0
0
0
0
0
0
0
0
0
0
0
0
0
0
0
0
0
0
0
0
0
0
0
0
0
0
0
0
0
0
0
0
0
0
0
0
0
0
0
0
0
0
0
0
0
0
0
0
0
0
0
0
0
0
0
0
0
0
0
0
0
0
0
0
0
0
0
0
0
0
0
0
0
0
0
0
0
0
0
0
0
0
0
0
0
0
0
0
0
0
0
0
0
0
0
0
0
0
0
0
0
0
0
0
0
0
0
0
0
0
0
0
0
0
0
0
0
0
0
0
0
0
0
0
0
0
0
0
0
0
0
0
0
0
0
0
0
0
0
0
0
0
0
0
0
0
0
0
0
0
0
0
0
0
0
0
0
0
0
0
0
0
0
0
0
0
0
0
0
0
0
0
0
0
0
0
0
0
0
0
0
0
0
0
0
0
0
0
0
0
0
0
0
0
0
0
0
0
0
0
0
0
0
0
0
0
0
0
0
0
0
0
0
0
0
0
0
0
0
0
0
0
0
0
0
0
0
0
0
0
0
0
0
0
0
0
0
0
0
0
0
0
0
0
0
0
0
0
0
0
0
0
0
0
0
0
0
0
0
0
0
0
0
0
0
0
0
0
0
0
0
0
0
0
0
0
0
0
0
0
0
0
0
0
0
0
0
0
0
0
0
0
0
0
1.64992e+08
0
0
0
0
0
0
0
0
0
0
0
0
0
0
0
0
0
0
0
0
0
0
0
0
0
0
0
0
0
0
0
0
0
0
0
0
0
0
0
0
0
0
0
0
0
0
0
0
0
0
0
0
0
0
0
0
0
0
0
0
0
0
0
0
0
0
0
0
0
0
0
0
0
0
0
0
0
0
0
0
0
0
0
0
0
0
0
0
0
0
0
0
0
0
0
0
0
0
0
0
0
0
0
0
0
0
0
0
0
0
0
0
0
0
0
0
0
1.636529e+08
0
0
0
0
0
0
0
0
1.651146e+08
1.837384e+08
0
0
0
0
0
0
0
0
0
0
0
0
0
0
0
0
0
0
0
0
0
0
0
0
0
0
0
0
0
0
0
0
0
0
0
0
0
0
0
0
0
0
0
0
0
0
0
0
0
0
0
0
0
0
0
0
0
0
0
0
0
0
0
0
0
0
0
0
0
0
0
0
0
0
0
0
0
0
0
0
0
0
0
0
0
0
0
0
0
0
0
0
0
0
0
0
0
0
0
0
0
0
0
0
0
0
0
0
0
0
0
0
0
0
0
1.608264e+08
0
0
0
0
0
0
0
0
1.637746e+08
1.822863e+08
0
0
0
0
0
0
0
1.652364e+08
1.838613e+08
2.347884e+08
0
0
0
0
0
0
0
0
0
0
0
0
0
0
0
0
0
0
0
0
0
0
0
0
0
0
0
0
0
0
0
0
0
0
0
0
0
0
0
0
0
0
0
0
0
0
0
0
0
0
0
0
0
0
0
0
0
0
0
0
0
0
0
0
0
0
0
0
0
0
0
0
0
0
0
0
0
0
0
0
0
0
0
0
0
0
0
0
0
0
0
0
0
0
0
0
0
0
0
0
0
0
0
0
0
0
0
0
0
0
0
0
0
0
1.562844e+08
0
0
0
0
0
0
0
0
1.609455e+08
1.79218e+08
0
0
0
0
0
0
0
1.638948e+08
1.824083e+08
2.330378e+08
0
0
0
0
0
0
1.653714e+08
1.839837e+08
2.349081e+08
3.581271e+08
0
0
0
0
0
0
0
0
0
0
0
0
0
0
0
0
0
0
0
0
0
0
0
0
0
0
0
0
0
0
0
0
0
0
0
0
0
0
0
0
0
0
0
0
0
0
0
0
0
0
0
0
0
0
0
0
0
0
0
0
0
0
0
0
0
0
0
0
0
0
0
0
0
0
0
0
0
0
0
0
0
0
0
0
0
0
0
0
0
0
0
0
0
0
0
0
0
0
0
0
0
0
0
0
0
0
0
0
0
0
0
0
0
0
1.499866e+08
0
0
0
0
0
0
0
0
1.564003e+08
1.7428e+08
0
0
0
0
0
0
0
1.610631e+08
1.793372e+08
2.293264e+08
0
0
0
0
0
0
1.640281e+08
1.825292e+08
2.331568e+08
3.557361e+08
0
0
0
0
0
1.655039e+08
1.841193e+08
2.35029e+08
3.582065e+08
7.193205e+08
0
0
0
0
0
0
0
0
0
0
0
0
0
0
0
0
0
0
0
0
0
0
0
0
0
0
0
0
0
0
0
0
0
0
0
0
0
0
0
0
0
0
0
0
0
0
0
0
0
0
0
0
0
0
0
0
0
0
0
0
0
0
0
0
0
0
0
0
0
0
0
0
0
0
0
0
0
0
0
0
0
0
0
0
0
0
0
0
0
0
0
0
0
0
0
0
0
0
0
0
0
0
0
0
0
0
0
0
0
0
0
0
0
1.426323e+08
0
0
0
0
0
0
0
0
1.501006e+08
1.674226e+08
0
0
0
0
0
0
0
1.565138e+08
1.743963e+08
2.233253e+08
0
0
0
0
0
0
1.61192e+08
1.794555e+08
2.294425e+08
3.506287e+08
0
0
0
0
0
1.641592e+08
1.826631e+08
2.332762e+08
3.55815e+08
7.155501e+08
0
0
0
0
1.656416e+08
1.842527e+08
2.351632e+08
3.58293e+08
7.190816e+08
0
0
0
0
0
0
0
0
0
0
0
0
0
0
0
0
0
0
0
0
0
0
0
0
0
0
0
0
0
0
0
0
0
0
0
0
0
0
0
0
0
0
0
0
0
0
0
0
0
0
0
0
0
0
0
0
0
0
0
0
0
0
0
0
0
0
0
0
0
0
0
0
0
0
0
0
0
0
0
0
0
0
0
0
0
0
0
0
0
0
0
0
0
0
0
0
0
0
0
0
0
0
0
0
0
0
0
0
0
0
0
1.359499e+08
0
0
0
0
0
0
0
0
1.427401e+08
1.593998e+08
0
0
0
0
0
0
0
1.502081e+08
1.67537e+08
2.14946e+08
0
0
0
0
0
0
1.56636e+08
1.745104e+08
2.234389e+08
3.422909e+08
0
0
0
0
0
1.6132e+08
1.795849e+08
2.295594e+08
3.507062e+08
7.073463e+08
0
0
0
0
1.642958e+08
1.82795e+08
2.334086e+08
3.559002e+08
7.153117e+08
0
0
0
1.657758e+08
1.843911e+08
2.352967e+08
3.583903e+08
7.188774e+08
0
0
0
0
0
0
0
0
0
0
0
0
0
0
0
0
0
0
0
0
0
0
0
0
0
0
0
0
0
0
0
0
0
0
0
0
0
0
0
0
0
0
0
0
0
0
0
0
0
0
0
0
0
0
0
0
0
0
0
0
0
0
0
0
0
0
0
0
0
0
0
0
0
0
0
0
0
0
0
0
0
0
0
0
0
0
0
0
0
0
0
0
0
0
0
0
0
0
0
0
0
0
0
0
0
0
0
0
1.308465e+08
0
0
0
0
0
0
0
0
1.360532e+08
1.520837e+08
0
0
0
0
0
0
0
1.428408e+08
1.595077e+08
2.05077e+08
0
0
0
0
0
0
1.503238e+08
1.67645e+08
2.150572e+08
3.30508e+08
0
0
0
0
0
1.567581e+08
1.746331e+08
2.235514e+08
3.423651e+08
6.936297e+08
0
0
0
0
1.61454e+08
1.797138e+08
2.296871e+08
3.507893e+08
7.071123e+08
0
0
0
1.644296e+08
1.829323e+08
2.335406e+08
3.559957e+08
7.151083e+08
0
0
1.659104e+08
1.845263e+08
2.354345e+08
3.584924e+08
7.186585e+08
0
0
0
0
0
0
0
0
0
0
0
0
0
0
0
0
0
0
0
0
0
0
0
0
0
0
0
0
0
0
0
0
0
0
0
0
0
0
0
0
0
0
0
0
0
0
0
0
0
0
0
0
0
0
0
0
0
0
0
0
0
0
0
0
0
0
0
0
0
0
0
0
0
0
0
0
0
0
0
0
0
0
0
0
0
0
0
0
0
0
0
0
0
0
0
0
0
0
0
0
0
0
0
0
1.275115e+08
0
0
0
0
0
0
0
0
1.30944e+08
1.464754e+08
0
0
0
0
0
0
0
1.361488e+08
1.521871e+08
1.959998e+08
0
0
0
0
0
0
1.42949e+08
1.596089e+08
2.051818e+08
3.164284e+08
0
0
0
0
0
1.504357e+08
1.677612e+08
2.151638e+08
3.305797e+08
6.736719e+08
0
0
0
0
1.568877e+08
1.74756e+08
2.236722e+08
3.42445e+08
6.933905e+08
0
0
0
1.615861e+08
1.798485e+08
2.29816e+08
3.508804e+08
7.069077e+08
0
0
1.645633e+08
1.830672e+08
2.336773e+08
3.560968e+08
7.148892e+08
0
1.660381e+08
1.846618e+08
2.355705e+08
3.585952e+08
7.184731e+08
0
0
0
0
0
0
0
0
0
0
0
0
0
0
0
0
0
0
0
0
0
0
0
0
0
0
0
0
0
0
0
0
0
0
0
0
0
0
0
0
0
0
0
0
0
0
0
0
0
0
0
0
0
0
0
0
0
0
0
0
0
0
0
0
0
0
0
0
0
0
0
0
0
0
0
0
0
0
0
0
0
0
0
0
0
0
0
0
0
0
0
0
0
0
0
0
0
0
0
1.258799e+08
0
0
0
0
0
0
0
0
1.276046e+08
1.427993e+08
0
0
0
0
0
0
0
1.310363e+08
1.465728e+08
1.889859e+08
0
0
0
0
0
0
1.362499e+08
1.522829e+08
1.960999e+08
3.032553e+08
0
0
0
0
0
1.430502e+08
1.597174e+08
2.052813e+08
3.164954e+08
6.489894e+08
0
0
0
0
1.50558e+08
1.678736e+08
2.152778e+08
3.306544e+08
6.73434e+08
0
0
0
1.570148e+08
1.748862e+08
2.23795e+08
3.425294e+08
6.931955e+08
0
0
1.617182e+08
1.799815e+08
2.2995e+08
3.509788e+08
7.066912e+08
0
1.646896e+08
1.832017e+08
2.33813e+08
3.561985e+08
7.147045e+08
1.661725e+08
1.847904e+08
2.357055e+08
3.58702e+08
7.182664e+08
0
0
0
0
0
0
0
0
0
0
0
0
0
0
0
0
0
0
0
0
0
0
0
0
0
0
0
0
0
0
0
0
0
0
0
0
0
0
0
0
0
0
0
0
0
0
0
0
0
0
0
0
0
0
0
0
0
0
0
0
0
0
0
0
0
0
0
0
0
0
0
0
0
0
0
0
0
0
0
0
0
0
0
0
0
0
0
0
0
0
0
0
0
1.258799e+08
0
0
0
0
0
0
0
0
1.259702e+08
1.409976e+08
0
0
0
0
0
0
0
1.276932e+08
1.428922e+08
1.843606e+08
0
0
0
0
0
0
1.311325e+08
1.466651e+08
1.890798e+08
2.929203e+08
0
0
0
0
0
1.36343e+08
1.523841e+08
1.96194e+08
3.033184e+08
6.249716e+08
0
0
0
0
1.431619e+08
1.59819e+08
2.053873e+08
3.165639e+08
6.487555e+08
0
0
0
1.506776e+08
1.679965e+08
2.153897e+08
3.307321e+08
6.732375e+08
0
0
1.571436e+08
1.750142e+08
2.239243e+08
3.426221e+08
6.929722e+08
0
1.61842e+08
1.801145e+08
2.30084e+08
3.510781e+08
7.065077e+08
1.648218e+08
1.833289e+08
2.339471e+08
3.563053e+08
7.144976e+08
1.849256e+08
2.358349e+08
3.588035e+08
7.180938e+08
0
0
0
0
0
0
0
0
0
0
0
0
0
0
0
0
0
0
0
0
0
0
0
0
0
0
0
0
0
0
0
0
0
0
0
0
0
0
0
0
0
0
0
0
0
0
0
0
0
0
0
0
0
0
0
0
0
0
0
0
0
0
0
0
0
0
0
0
0
0
0
0
0
0
0
0
0
0
0
0
0
0
0
0
0
0
1.275115e+08
0
0
0
0
0
0
0
0
1.259701e+08
1.409976e+08
0
0
0
0
0
0
0
1.260563e+08
1.410876e+08
1.820854e+08
0
0
0
0
0
0
1.277878e+08
1.429808e+08
1.844498e+08
2.860263e+08
0
0
0
0
0
1.312196e+08
1.467614e+08
1.891703e+08
2.929774e+08
6.05481e+08
0
0
0
0
1.364448e+08
1.524775e+08
1.962924e+08
3.033821e+08
6.247394e+08
0
0
0
1.432716e+08
1.599309e+08
2.054878e+08
3.166343e+08
6.485622e+08
0
0
1.507998e+08
1.681168e+08
2.155114e+08
3.308144e+08
6.730144e+08
0
1.572656e+08
1.751436e+08
2.240531e+08
3.42717e+08
6.927903e+08
1.619699e+08
1.802392e+08
2.302165e+08
3.511836e+08
7.063004e+08
1.834619e+08
2.340751e+08
3.564059e+08
7.143259e+08
2.359698e+08
3.58905e+08
7.178962e+08
0
0
0
0
0
0
0
0
0
0
0
0
0
0
0
0
0
0
0
0
0
0
0
0
0
0
0
0
0
0
0
0
0
0
0
0
0
0
0
0
0
0
0
0
0
0
0
0
0
0
0
0
0
0
0
0
0
0
0
0
0
0
0
0
0
0
0
0
0
0
0
0
0
0
0
0
0
0
1.308465e+08
0
0
0
0
0
0
0
0
1.276045e+08
1.427993e+08
0
0
0
0
0
0
0
1.260561e+08
1.410876e+08
1.820854e+08
0
0
0
0
0
0
1.2615e+08
1.411736e+08
1.821715e+08
2.826115e+08
0
0
0
0
0
1.278707e+08
1.430753e+08
1.845363e+08
2.860788e+08
5.921537e+08
0
0
0
0
1.313149e+08
1.468485e+08
1.892635e+08
2.930382e+08
6.052497e+08
0
0
0
1.365431e+08
1.525794e+08
1.963843e+08
3.034452e+08
6.24549e+08
0
0
1.433852e+08
1.60041e+08
2.05598e+08
3.167058e+08
6.483412e+08
0
1.509195e+08
1.682396e+08
2.156321e+08
3.309019e+08
6.728325e+08
1.573874e+08
1.752665e+08
2.24182e+08
3.428178e+08
6.92582e+08
1.803677e+08
2.303418e+08
3.512828e+08
7.061297e+08
2.342077e+08
3.565062e+08
7.14128e+08
3.590074e+08
7.17732e+08
0
0
0
0
0
0
0
0
0
0
0
0
0
0
0
0
0
0
0
0
0
0
0
0
0
0
0
0
0
0
0
0
0
0
0
0
0
0
0
0
0
0
0
0
0
0
0
0
0
0
0
0
0
0
0
0
0
0
0
0
0
0
0
0
0
0
0
0
0
1.359499e+08
0
0
0
0
0
0
0
0
1.309439e+08
1.464754e+08
0
0
0
0
0
0
0
1.276927e+08
1.428921e+08
1.843606e+08
0
0
0
0
0
0
1.2615e+08
1.411735e+08
1.821715e+08
2.826115e+08
0
0
0
0
0
1.262314e+08
1.412672e+08
1.822554e+08
2.826609e+08
5.85454e+08
0
0
0
0
1.279619e+08
1.431581e+08
1.846277e+08
2.861359e+08
5.91923e+08
0
0
0
1.314035e+08
1.469438e+08
1.893488e+08
2.930964e+08
6.050619e+08
0
0
1.36648e+08
1.526779e+08
1.964838e+08
3.035086e+08
6.243284e+08
0
1.434985e+08
1.60155e+08
2.05708e+08
3.167817e+08
6.481602e+08
1.510349e+08
1.683599e+08
2.15754e+08
3.309951e+08
6.726228e+08
1.753889e+08
2.243056e+08
3.429136e+08
6.92412e+08
2.304698e+08
3.513808e+08
7.059314e+08
3.566063e+08
7.139641e+08
7.175413e+08
0
0
0
0
0
0
0
0
0
0
0
0
0
0
0
0
0
0
0
0
0
0
0
0
0
0
0
0
0
0
0
0
0
0
0
0
0
0
0
0
0
0
0
0
0
0
0
0
0
0
0
0
0
0
0
0
0
0
0
1.426323e+08
0
0
0
0
0
0
0
0
1.360531e+08
1.520837e+08
0
0
0
0
0
0
0
1.310357e+08
1.465727e+08
1.889859e+08
0
0
0
0
0
0
1.277876e+08
1.429803e+08
1.844497e+08
2.860263e+08
0
0
0
0
0
1.262313e+08
1.412671e+08
1.822552e+08
2.826609e+08
5.854539e+08
0
0
0
0
1.263202e+08
1.413485e+08
1.823459e+08
2.827155e+08
5.852235e+08
0
0
0
1.280445e+08
1.432491e+08
1.847085e+08
2.861926e+08
5.917365e+08
0
0
1.315011e+08
1.470323e+08
1.894413e+08
2.931535e+08
6.048422e+08
0
1.367527e+08
1.527829e+08
1.965815e+08
3.03574e+08
6.24149e+08
1.436091e+08
1.602687e+08
2.058206e+08
3.168648e+08
6.479487e+08
1.684758e+08
2.158752e+08
3.310842e+08
6.724533e+08
2.244271e+08
3.430104e+08
6.922125e+08
3.514762e+08
7.05768e+08
7.137724e+08
0
0
0
0
0
0
0
0
0
0
0
0
0
0
0
0
0
0
0
0
0
0
0
0
0
0
0
0
0
0
0
0
0
0
0
0
0
0
0
0
0
0
0
0
0
0
0
0
0
1.499865e+08
0
0
0
0
0
0
0
0
1.427399e+08
1.593997e+08
0
0
0
0
0
0
0
1.361483e+08
1.521869e+08
1.959997e+08
0
0
0
0
0
0
1.311322e+08
1.466645e+08
1.890797e+08
2.929203e+08
0
0
0
0
0
1.278703e+08
1.430751e+08
1.845359e+08
2.860787e+08
5.921535e+08
0
0
0
0
1.263201e+08
1.413483e+08
1.823458e+08
2.827153e+08
5.852236e+08
0
0
0
1.264011e+08
1.41437e+08
1.82425e+08
2.827714e+08
5.850376e+08
0
0
1.281371e+08
1.433316e+08
1.847965e+08
2.862454e+08
5.915181e+08
0
1.315984e+08
1.4713e+08
1.895285e+08
2.932121e+08
6.046644e+08
1.368586e+08
1.528878e+08
1.966847e+08
3.036449e+08
6.239365e+08
1.603796e+08
2.05935e+08
3.169446e+08
6.477794e+08
2.159898e+08
3.311793e+08
6.722518e+08
3.430993e+08
6.920504e+08
7.055744e+08
0
0
0
0
0
0
0
0
0
0
0
0
0
0
0
0
0
0
0
0
0
0
0
0
0
0
0
0
0
0
0
0
0
0
0
0
0
0
0
1.562845e+08
0
0
0
0
0
0
0
0
1.501003e+08
1.674225e+08
0
0
0
0
0
0
0
1.428404e+08
1.595075e+08
2.050769e+08
0
0
0
0
0
0
1.362494e+08
1.522824e+08
1.960998e+08
3.032552e+08
0
0
0
0
0
1.312189e+08
1.467611e+08
1.891696e+08
2.929773e+08
6.054808e+08
0
0
0
0
1.279617e+08
1.431577e+08
1.846275e+08
2.861354e+08
5.919231e+08
0
0
0
1.264012e+08
1.41437e+08
1.824249e+08
2.827713e+08
5.850375e+08
0
0
1.264911e+08
1.415177e+08
1.825103e+08
2.828226e+08
5.848199e+08
0
1.282289e+08
1.434241e+08
1.848772e+08
2.862996e+08
5.913414e+08
1.316987e+08
1.472273e+08
1.896237e+08
2.932724e+08
6.04452e+08
1.529939e+08
1.967897e+08
3.037152e+08
6.237671e+08
2.060444e+08
3.170334e+08
6.475759e+08
3.312613e+08
6.720912e+08
6.918543e+08
0
0
0
0
0
0
0
0
0
0
0
0
0
0
0
0
0
0
0
0
0
0
0
0
0
0
0
0
0
1.608265e+08
0
0
0
0
0
0
0
0
1.564e+08
1.7428e+08
0
0
0
0
0
0
0
1.502075e+08
1.675367e+08
2.149459e+08
0
0
0
0
0
0
1.429484e+08
1.596084e+08
2.051816e+08
3.164283e+08
0
0
0
0
0
1.363421e+08
1.523836e+08
1.961934e+08
3.033182e+08
6.249712e+08
0
0
0
0
1.313146e+08
1.468478e+08
1.892632e+08
2.930375e+08
6.052499e+08
0
0
0
1.28045e+08
1.432489e+08
1.847081e+08
2.861924e+08
5.917362e+08
0
0
1.26491e+08
1.415178e+08
1.825103e+08
2.828225e+08
5.848199e+08
0
1.265789e+08
1.416076e+08
1.825891e+08
2.828742e+08
5.846439e+08
1.283253e+08
1.435158e+08
1.849669e+08
2.863535e+08
5.911293e+08
1.473275e+08
1.897207e+08
2.933348e+08
6.042824e+08
1.96894e+08
3.03795e+08
6.235621e+08
3.171104e+08
6.47416e+08
6.718925e+08
0
0
0
0
0
0
0
0
0
0
0
0
0
0
0
0
0
0
0
1.636529e+08
0
0
0
0
0
0
0
0
1.609452e+08
1.792182e+08
0
0
0
0
0
0
0
1.565132e+08
1.743961e+08
2.233253e+08
0
0
0
0
0
0
1.50323e+08
1.676444e+08
2.150569e+08
3.305079e+08
0
0
0
0
0
1.430491e+08
1.597167e+08
2.052808e+08
3.164953e+08
6.48989e+08
0
0
0
0
1.364444e+08
1.524765e+08
1.962919e+08
3.033815e+08
6.247395e+08
0
0
0
1.314047e+08
1.469435e+08
1.893481e+08
2.930961e+08
6.050614e+08
0
0
1.281368e+08
1.433321e+08
1.847963e+08
2.862449e+08
5.915182e+08
0
1.265781e+08
1.416075e+08
1.825892e+08
2.828741e+08
5.846438e+08
1.266736e+08
1.416952e+08
1.826761e+08
2.829263e+08
5.84432e+08
1.43612e+08
1.85058e+08
2.864104e+08
5.909602e+08
1.898189e+08
2.934067e+08
6.040767e+08
3.038671e+08
6.234022e+08
6.472157e+08
0
0
0
0
0
0
0
0
0
1.649921e+08
0
0
0
0
0
0
0
0
1.637743e+08
1.822863e+08
0
0
0
0
0
0
0
1.610624e+08
1.79337e+08
2.293265e+08
0
0
0
0
0
0
1.566348e+08
1.745098e+08
2.234387e+08
3.422909e+08
0
0
0
0
0
1.504344e+08
1.677604e+08
2.15163e+08
3.305794e+08
6.736715e+08
0
0
0
0
1.431613e+08
1.598178e+08
2.053867e+08
3.165633e+08
6.487557e+08
0
0
0
1.365451e+08
1.52579e+08
1.963832e+08
3.034447e+08
6.245484e+08
0
0
1.315007e+08
1.470336e+08
1.89441e+08
2.931527e+08
6.048423e+08
0
1.282266e+08
1.434237e+08
1.848777e+08
2.862994e+08
5.913411e+08
1.266736e+08
1.416944e+08
1.82676e+08
2.829264e+08
5.84432e+08
1.417897e+08
1.827628e+08
2.829805e+08
5.842634e+08
1.851519e+08
2.864764e+08
5.907542e+08
2.934726e+08
6.039171e+08
6.23201e+08
0
0
0
0
0
0
0
0
1.651142e+08
1.837385e+08
0
0
0
0
0
0
0
1.63894e+08
1.82408e+08
2.330379e+08
0
0
0
0
0
0
1.611904e+08
1.794548e+08
2.294423e+08
3.506287e+08
0
0
0
0
0
1.567568e+08
1.746319e+08
2.235507e+08
3.423648e+08
6.936297e+08
0
0
0
0
1.505573e+08
1.678723e+08
2.15277e+08
3.306537e+08
6.734345e+08
0
0
0
1.43274e+08
1.599303e+08
2.054865e+08
3.166336e+08
6.485616e+08
0
0
1.366472e+08
1.526798e+08
1.964833e+08
3.035074e+08
6.243285e+08
0
1.31595e+08
1.471295e+08
1.895298e+08
2.932118e+08
6.046639e+08
1.283254e+08
1.435135e+08
1.849666e+08
2.86354e+08
5.911293e+08
1.417897e+08
1.82762e+08
2.829803e+08
5.842633e+08
1.828549e+08
2.830421e+08
5.840573e+08
2.865381e+08
5.905947e+08
6.037151e+08
0
0
0
0
0
0
0
1.652355e+08
1.838609e+08
2.347884e+08
0
0
0
0
0
0
1.640265e+08
1.825283e+08
2.331565e+08
3.557361e+08
0
0
0
0
0
1.613186e+08
1.795833e+08
2.295586e+08
3.507059e+08
7.073455e+08
0
0
0
0
1.568869e+08
1.747546e+08
2.23671e+08
3.424441e+08
6.933906e+08
0
0
0
1.506803e+08
1.679958e+08
2.153882e+08
3.307313e+08
6.73237e+08
0
0
1.433839e+08
1.600434e+08
2.055974e+08
3.167043e+08
6.483412e+08
0
1.367485e+08
1.527821e+08
1.965836e+08
3.035736e+08
6.241483e+08
1.31699e+08
1.472238e+08
1.896232e+08
2.932737e+08
6.04452e+08
1.436121e+08
1.850555e+08
2.8641e+08
5.909599e+08
1.828549e+08
2.830411e+08
5.840572e+08
2.83102e+08
5.838977e+08
5.903924e+08
0
0
0
0
0
0
1.653698e+08
1.839828e+08
2.349077e+08
3.58127e+08
0
0
0
0
0
1.641578e+08
1.826614e+08
2.332752e+08
3.558146e+08
7.155497e+08
0
0
0
0
1.614532e+08
1.797123e+08
2.296854e+08
3.507884e+08
7.07112e+08
0
0
0
1.570174e+08
1.748854e+08
2.237934e+08
3.425281e+08
6.931952e+08
0
0
1.507984e+08
1.681195e+08
2.155106e+08
3.308128e+08
6.730143e+08
0
1.434942e+08
1.601538e+08
2.057106e+08
3.167811e+08
6.481593e+08
1.368594e+08
1.528836e+08
1.966837e+08
3.036469e+08
6.239365e+08
1.473278e+08
1.89717e+08
2.933342e+08
6.042823e+08
1.851521e+08
2.864737e+08
5.907539e+08
2.83102e+08
5.838974e+08
5.836955e+08
0
0
0
0
0
1.655024e+08
1.841176e+08
2.35028e+08
3.582061e+08
7.193201e+08
0
0
0
0
1.64295e+08
1.827935e+08
2.334068e+08
3.558991e+08
7.153117e+08
0
0
0
1.615878e+08
1.798477e+08
2.298144e+08
3.508787e+08
7.069063e+08
0
0
1.571421e+08
1.750167e+08
2.239235e+08
3.426204e+08
6.929718e+08
0
1.509174e+08
1.682382e+08
2.156349e+08
3.309011e+08
6.728315e+08
1.436118e+08
1.602644e+08
2.058193e+08
3.168674e+08
6.479485e+08
1.529947e+08
1.96785e+08
3.037142e+08
6.237669e+08
1.898192e+08
2.934026e+08
6.040764e+08
2.865383e+08
5.905937e+08
5.836955e+08
0
0
0
0
1.656408e+08
1.842512e+08
2.351614e+08
3.582918e+08
7.190816e+08
0
0
0
1.644305e+08
1.829315e+08
2.33539e+08
3.559939e+08
7.151075e+08
0
0
1.617169e+08
1.799832e+08
2.299492e+08
3.50977e+08
7.066907e+08
0
1.572653e+08
1.751421e+08
2.240558e+08
3.427161e+08
6.927891e+08
1.510381e+08
1.683578e+08
2.157525e+08
3.30998e+08
6.726226e+08
1.603823e+08
2.059303e+08
3.169431e+08
6.477794e+08
1.968949e+08
3.0379e+08
6.235615e+08
2.93473e+08
6.039156e+08
5.903925e+08
0
0
0
1.657765e+08
1.843904e+08
2.35295e+08
3.583883e+08
7.188766e+08
0
0
1.64562e+08
1.83068e+08
2.336764e+08
3.560949e+08
7.148885e+08
0
1.618421e+08
1.801131e+08
2.300857e+08
3.510772e+08
7.065065e+08
1.5739e+08
1.752661e+08
2.241804e+08
3.428206e+08
6.925816e+08
1.684791e+08
2.158728e+08
3.310824e+08
6.724534e+08
2.060474e+08
3.170283e+08
6.475752e+08
3.038681e+08
6.234002e+08
6.037153e+08
0
0
1.659091e+08
1.84527e+08
2.354337e+08
3.584906e+08
7.186578e+08
0
1.646898e+08
1.832003e+08
2.338139e+08
3.561976e+08
7.147033e+08
1.619717e+08
1.802392e+08
2.302149e+08
3.511853e+08
7.062999e+08
1.753916e+08
2.243052e+08
3.429118e+08
6.924121e+08
2.159934e+08
3.311766e+08
6.722509e+08
3.171136e+08
6.474138e+08
6.232014e+08
0
1.660382e+08
1.846605e+08
2.355713e+08
3.585943e+08
7.184719e+08
1.64823e+08
1.833291e+08
2.339456e+08
3.563061e+08
7.144971e+08
1.803695e+08
2.303419e+08
3.512811e+08
7.061296e+08
2.2443e+08
3.430098e+08
6.922115e+08
3.312651e+08
6.720895e+08
6.472167e+08
1.661734e+08
1.847906e+08
2.357041e+08
3.587027e+08
7.182658e+08
1.834631e+08
2.340751e+08
3.564043e+08
7.143254e+08
2.304718e+08
3.513806e+08
7.059303e+08
3.431024e+08
6.920492e+08
6.718937e+08
1.849265e+08
2.35835e+08
3.588019e+08
7.180933e+08
2.34209e+08
3.56506e+08
7.141269e+08
3.514783e+08
7.057668e+08
6.918552e+08
2.359709e+08
3.589049e+08
7.178951e+08
3.566076e+08
7.139628e+08
7.055751e+08
3.590085e+08
7.177307e+08
7.137728e+08
7.175415e+08
)
;

boundaryField
{
    interconnect0
    {
        type            zeroGradient;
    }
    interconnectSides
    {
        type            zeroGradient;
    }
    cathodeSides
    {
        type            zeroGradient;
    }
    phiEC_to_phiE0
    {
        type            zeroGradient;
    }
    procBoundary2to1
    {
        type            processor;
        value           uniform 0;
    }
    procBoundary2to3
    {
        type            processor;
        value           uniform 0;
    }
}
)

// processor3

21372
(dimensions      [0 -3 0 0 0 1 0];

internalField   nonuniform List<scalar> 
5000
(
0
0
0
0
0
0
0
0
0
0
0
0
0
0
0
0
0
0
0
0
0
0
0
0
0
0
0
0
0
0
0
0
0
0
0
0
0
0
0
0
0
0
0
0
0
0
0
0
0
0
0
0
0
0
0
0
0
0
0
0
0
0
0
0
0
0
0
0
0
0
0
0
0
0
0
0
0
0
0
0
0
0
0
0
0
0
0
0
0
0
0
0
0
0
0
0
0
0
0
0
0
0
0
0
0
0
0
0
0
0
0
0
0
0
0
0
0
0
0
0
0
0
0
0
0
0
0
0
0
0
0
0
0
0
0
0
0
0
0
0
0
0
0
0
0
0
0
0
0
0
0
0
0
0
0
0
0
0
0
0
0
0
0
0
0
0
0
0
0
0
0
0
0
0
0
0
0
0
0
0
0
0
0
0
0
0
0
0
0
0
0
0
0
0
0
0
0
0
0
0
0
0
0
0
0
0
0
0
0
0
0
0
0
0
0
0
0
0
0
0
0
0
0
0
0
0
0
0
0
0
0
0
0
0
0
0
0
0
0
0
0
0
0
0
0
0
0
0
0
0
0
0
0
0
0
0
0
0
0
0
0
0
0
0
0
0
0
0
0
0
0
0
0
0
0
0
0
0
0
0
0
0
0
0
0
0
0
0
0
0
0
0
0
0
0
0
0
0
0
0
0
0
0
0
0
0
0
0
0
0
0
0
0
0
0
0
0
0
0
0
0
0
0
0
0
0
0
0
0
0
0
0
0
0
0
0
0
0
0
0
0
0
0
0
0
0
0
0
0
0
0
0
0
0
0
0
0
0
0
0
0
0
0
0
0
0
0
0
0
0
0
0
0
0
0
0
0
0
0
0
0
0
0
0
0
0
0
0
0
0
0
0
0
0
0
0
0
0
0
0
0
0
0
0
0
0
0
0
0
0
0
0
0
0
0
0
0
0
0
0
0
0
0
0
0
0
0
0
0
0
0
0
0
0
0
0
0
0
0
0
0
0
0
0
0
0
0
0
0
0
0
0
0
0
0
0
0
0
0
0
0
0
0
0
0
0
0
0
0
0
0
0
0
0
0
0
0
0
0
0
0
0
0
0
0
0
0
0
0
0
0
0
0
0
0
0
0
0
0
0
0
0
0
0
0
0
0
0
0
0
0
0
0
0
0
0
0
0
0
0
0
0
0
0
0
0
0
0
0
0
0
0
0
0
0
0
0
0
0
0
0
0
0
0
0
0
0
0
0
0
0
0
0
0
0
0
0
0
0
0
0
0
0
0
0
0
0
0
0
0
0
0
0
0
0
0
0
0
0
0
0
0
0
0
0
0
0
0
0
0
0
0
0
0
0
0
0
0
0
0
0
0
0
0
0
0
0
0
0
0
0
0
0
0
0
0
0
0
0
0
0
0
0
0
0
0
0
0
0
0
0
0
0
0
0
0
0
0
0
0
0
0
0
0
0
0
0
0
0
0
0
0
0
0
0
0
0
0
0
0
0
0
0
0
0
0
0
0
0
0
0
0
0
0
0
0
0
0
0
0
0
0
0
0
0
0
0
0
0
0
0
0
0
0
0
0
0
0
0
0
0
0
0
0
0
0
0
0
0
0
0
0
0
0
0
0
0
0
0
0
0
0
0
0
0
0
0
0
0
0
0
0
0
0
0
0
0
0
0
0
0
0
0
0
0
0
0
0
0
0
0
0
0
0
0
0
0
0
0
0
0
0
0
0
0
0
0
0
0
0
0
0
0
0
0
0
0
0
0
0
0
0
0
0
0
0
0
0
0
0
0
0
0
0
0
0
0
0
0
0
0
0
0
0
0
0
0
0
0
0
0
0
0
0
0
0
0
0
0
0
0
0
0
0
0
0
0
0
0
0
0
0
0
0
0
0
0
0
0
0
0
0
0
0
0
0
0
0
0
0
0
0
0
0
0
0
0
0
0
0
0
0
0
0
0
0
0
0
0
0
0
0
0
0
0
0
0
0
0
0
0
0
0
0
0
0
0
0
0
0
0
0
0
0
0
0
0
0
0
0
0
0
0
0
0
0
0
0
0
0
0
0
0
0
0
0
0
0
0
0
0
0
0
0
0
0
0
0
0
0
0
0
0
0
0
0
0
0
0
0
0
0
0
0
0
0
0
0
0
0
0
0
0
0
0
0
0
0
0
0
0
0
0
0
0
0
0
0
0
0
0
0
0
0
0
0
0
0
0
0
0
0
0
0
0
0
0
0
0
0
0
0
0
0
0
0
0
0
0
0
0
0
0
0
0
0
0
0
0
0
0
0
0
0
0
0
0
0
0
0
0
0
0
0
0
0
0
0
0
0
0
0
0
0
0
0
0
0
0
0
0
0
0
0
0
0
0
0
0
0
0
0
0
0
0
0
0
0
0
0
0
0
0
0
0
0
0
0
0
0
0
0
0
0
0
0
0
0
0
0
0
0
0
0
0
0
0
0
0
0
0
0
0
0
0
0
0
0
0
0
0
0
0
0
0
0
0
0
0
0
0
0
0
0
0
0
0
0
0
0
0
0
0
0
0
0
0
0
0
0
0
0
0
0
0
0
0
0
0
0
0
0
0
0
0
0
0
0
0
0
0
0
0
0
0
0
0
0
0
0
0
0
0
0
0
0
0
0
0
0
0
0
0
0
0
0
0
0
0
0
0
0
0
0
0
0
0
0
0
0
0
0
0
0
0
0
0
0
0
0
0
0
0
0
0
0
0
0
0
0
0
0
0
0
0
0
0
0
0
0
0
0
0
0
0
0
0
0
0
0
0
0
0
0
0
0
0
0
0
0
0
0
0
0
0
0
0
0
0
0
0
0
0
0
0
0
0
0
0
0
0
0
0
0
0
0
0
0
0
0
0
0
0
0
0
0
0
0
0
0
0
0
0
0
0
0
0
0
0
0
0
0
0
0
0
0
0
0
0
0
0
0
0
0
0
0
0
0
0
0
0
0
0
0
0
0
0
0
0
0
0
0
0
0
0
0
0
0
0
0
0
0
0
0
0
0
0
0
0
0
0
0
0
0
0
0
0
0
0
0
0
0
0
0
0
0
0
0
0
0
0
0
0
0
0
0
0
0
0
0
0
0
0
0
0
0
0
0
0
0
0
0
0
0
0
0
0
0
0
0
0
0
0
0
0
0
0
0
0
0
0
0
0
0
0
0
0
0
0
0
0
0
0
0
0
0
0
0
0
0
0
0
0
0
0
0
0
0
0
0
0
0
0
0
0
0
0
0
0
0
0
0
0
0
0
0
0
0
0
0
0
0
0
0
0
0
0
0
0
0
0
0
0
0
0
0
0
0
0
0
0
0
0
0
0
0
0
0
0
0
0
0
0
0
0
0
0
0
0
0
0
0
0
0
0
0
0
0
0
0
0
0
0
0
0
0
0
0
0
0
0
0
0
0
0
0
0
0
0
0
0
0
0
0
0
0
0
0
0
0
0
0
0
0
0
0
0
0
0
0
0
0
0
0
0
0
0
0
0
0
0
0
0
0
0
0
0
0
0
0
0
0
0
0
0
0
0
0
0
0
0
0
0
0
0
0
0
0
0
0
0
0
0
0
0
0
0
0
0
0
0
0
0
0
0
0
0
0
0
0
0
0
0
0
0
0
0
0
0
0
0
0
0
0
0
0
0
0
0
0
0
0
0
0
0
0
0
0
0
0
0
0
0
0
0
0
0
0
0
0
0
0
0
0
0
0
0
0
0
0
0
0
0
0
0
0
0
0
0
0
0
0
0
0
0
0
0
0
0
0
0
0
0
0
0
0
0
0
0
0
0
0
0
0
0
0
0
0
0
0
0
0
0
0
0
0
0
0
0
0
0
0
0
0
0
0
0
0
0
0
0
0
0
0
0
0
0
0
0
0
0
0
0
0
0
0
0
0
0
0
0
0
0
0
0
0
0
0
0
0
0
0
0
0
0
0
0
0
0
0
0
0
0
0
0
1.66297e+08
0
0
0
0
0
0
0
0
0
0
0
0
0
0
0
0
0
0
0
0
0
0
0
0
0
0
0
0
0
0
0
0
0
0
0
0
0
0
0
0
0
0
0
0
0
0
0
0
0
0
0
0
0
0
0
0
0
0
0
0
0
0
0
0
0
0
0
0
0
0
0
0
0
0
0
0
0
0
0
0
0
0
0
0
0
0
0
0
0
0
0
0
0
0
0
0
0
0
0
0
0
0
0
0
0
0
0
0
0
0
0
0
0
0
0
0
0
1.649448e+08
0
0
0
0
0
0
0
0
1.664324e+08
1.85051e+08
0
0
0
0
0
0
0
0
0
0
0
0
0
0
0
0
0
0
0
0
0
0
0
0
0
0
0
0
0
0
0
0
0
0
0
0
0
0
0
0
0
0
0
0
0
0
0
0
0
0
0
0
0
0
0
0
0
0
0
0
0
0
0
0
0
0
0
0
0
0
0
0
0
0
0
0
0
0
0
0
0
0
0
0
0
0
0
0
0
0
0
0
0
0
0
0
0
0
0
0
0
0
0
0
0
0
0
0
0
0
0
0
0
0
0
1.620891e+08
0
0
0
0
0
0
0
0
1.650791e+08
1.835857e+08
0
0
0
0
0
0
0
1.665553e+08
1.851872e+08
2.36096e+08
0
0
0
0
0
0
0
0
0
0
0
0
0
0
0
0
0
0
0
0
0
0
0
0
0
0
0
0
0
0
0
0
0
0
0
0
0
0
0
0
0
0
0
0
0
0
0
0
0
0
0
0
0
0
0
0
0
0
0
0
0
0
0
0
0
0
0
0
0
0
0
0
0
0
0
0
0
0
0
0
0
0
0
0
0
0
0
0
0
0
0
0
0
0
0
0
0
0
0
0
0
0
0
0
0
0
0
0
0
0
0
0
0
0
1.574999e+08
0
0
0
0
0
0
0
0
1.622211e+08
1.804878e+08
0
0
0
0
0
0
0
1.652005e+08
1.837208e+08
2.343322e+08
0
0
0
0
0
0
1.666879e+08
1.85311e+08
2.362323e+08
3.591065e+08
0
0
0
0
0
0
0
0
0
0
0
0
0
0
0
0
0
0
0
0
0
0
0
0
0
0
0
0
0
0
0
0
0
0
0
0
0
0
0
0
0
0
0
0
0
0
0
0
0
0
0
0
0
0
0
0
0
0
0
0
0
0
0
0
0
0
0
0
0
0
0
0
0
0
0
0
0
0
0
0
0
0
0
0
0
0
0
0
0
0
0
0
0
0
0
0
0
0
0
0
0
0
0
0
0
0
0
0
0
0
0
0
0
0
1.511381e+08
0
0
0
0
0
0
0
0
1.576275e+08
1.755021e+08
0
0
0
0
0
0
0
1.623394e+08
1.806204e+08
2.305904e+08
0
0
0
0
0
0
1.653321e+08
1.838431e+08
2.344673e+08
3.567039e+08
0
0
0
0
0
1.668082e+08
1.854444e+08
2.363569e+08
3.592109e+08
7.173823e+08
0
0
0
0
0
0
0
0
0
0
0
0
0
0
0
0
0
0
0
0
0
0
0
0
0
0
0
0
0
0
0
0
0
0
0
0
0
0
0
0
0
0
0
0
0
0
0
0
0
0
0
0
0
0
0
0
0
0
0
0
0
0
0
0
0
0
0
0
0
0
0
0
0
0
0
0
0
0
0
0
0
0
0
0
0
0
0
0
0
0
0
0
0
0
0
0
0
0
0
0
0
0
0
0
0
0
0
0
0
0
0
0
0
1.437025e+08
0
0
0
0
0
0
0
0
1.512577e+08
1.685795e+08
0
0
0
0
0
0
0
1.577408e+08
1.756304e+08
2.245406e+08
0
0
0
0
0
0
1.624698e+08
1.807396e+08
2.30723e+08
3.515702e+08
0
0
0
0
0
1.654511e+08
1.839754e+08
2.345904e+08
3.568071e+08
7.136137e+08
0
0
0
0
1.66936e+08
1.855655e+08
2.364901e+08
3.593094e+08
7.171955e+08
0
0
0
0
0
0
0
0
0
0
0
0
0
0
0
0
0
0
0
0
0
0
0
0
0
0
0
0
0
0
0
0
0
0
0
0
0
0
0
0
0
0
0
0
0
0
0
0
0
0
0
0
0
0
0
0
0
0
0
0
0
0
0
0
0
0
0
0
0
0
0
0
0
0
0
0
0
0
0
0
0
0
0
0
0
0
0
0
0
0
0
0
0
0
0
0
0
0
0
0
0
0
0
0
0
0
0
0
0
0
0
1.369447e+08
0
0
0
0
0
0
0
0
1.438108e+08
1.604733e+08
0
0
0
0
0
0
0
1.513638e+08
1.686996e+08
2.160933e+08
0
0
0
0
0
0
1.578682e+08
1.757445e+08
2.246685e+08
3.431865e+08
0
0
0
0
0
1.625937e+08
1.808712e+08
2.308429e+08
3.51671e+08
7.054161e+08
0
0
0
0
1.655777e+08
1.840953e+08
2.347226e+08
3.569044e+08
7.134264e+08
0
0
0
1.670511e+08
1.856938e+08
2.36612e+08
3.594107e+08
7.170425e+08
0
0
0
0
0
0
0
0
0
0
0
0
0
0
0
0
0
0
0
0
0
0
0
0
0
0
0
0
0
0
0
0
0
0
0
0
0
0
0
0
0
0
0
0
0
0
0
0
0
0
0
0
0
0
0
0
0
0
0
0
0
0
0
0
0
0
0
0
0
0
0
0
0
0
0
0
0
0
0
0
0
0
0
0
0
0
0
0
0
0
0
0
0
0
0
0
0
0
0
0
0
0
0
0
0
0
0
0
1.317786e+08
0
0
0
0
0
0
0
0
1.370435e+08
1.5308e+08
0
0
0
0
0
0
0
1.439078e+08
1.60582e+08
2.061374e+08
0
0
0
0
0
0
1.5148e+08
1.688062e+08
2.162126e+08
3.313388e+08
0
0
0
0
0
1.579773e+08
1.758722e+08
2.247833e+08
3.432827e+08
6.916957e+08
0
0
0
0
1.627251e+08
1.809968e+08
2.309748e+08
3.517654e+08
7.052276e+08
0
0
0
1.656982e+08
1.842225e+08
2.348432e+08
3.570047e+08
7.132739e+08
0
0
1.671801e+08
1.858097e+08
2.367396e+08
3.595068e+08
7.168563e+08
0
0
0
0
0
0
0
0
0
0
0
0
0
0
0
0
0
0
0
0
0
0
0
0
0
0
0
0
0
0
0
0
0
0
0
0
0
0
0
0
0
0
0
0
0
0
0
0
0
0
0
0
0
0
0
0
0
0
0
0
0
0
0
0
0
0
0
0
0
0
0
0
0
0
0
0
0
0
0
0
0
0
0
0
0
0
0
0
0
0
0
0
0
0
0
0
0
0
0
0
0
0
0
0
1.284006e+08
0
0
0
0
0
0
0
0
1.318732e+08
1.474073e+08
0
0
0
0
0
0
0
1.371312e+08
1.531789e+08
1.96979e+08
0
0
0
0
0
0
1.440194e+08
1.606793e+08
2.062445e+08
3.171777e+08
0
0
0
0
0
1.515763e+08
1.689225e+08
2.163194e+08
3.314263e+08
6.717335e+08
0
0
0
0
1.58095e+08
1.759809e+08
2.249098e+08
3.433722e+08
6.915052e+08
0
0
0
1.628473e+08
1.811288e+08
2.311005e+08
3.518633e+08
7.050757e+08
0
0
1.658467e+08
1.843452e+08
2.349695e+08
3.570997e+08
7.13087e+08
0
1.672706e+08
1.859392e+08
2.368557e+08
3.596015e+08
7.167053e+08
0
0
0
0
0
0
0
0
0
0
0
0
0
0
0
0
0
0
0
0
0
0
0
0
0
0
0
0
0
0
0
0
0
0
0
0
0
0
0
0
0
0
0
0
0
0
0
0
0
0
0
0
0
0
0
0
0
0
0
0
0
0
0
0
0
0
0
0
0
0
0
0
0
0
0
0
0
0
0
0
0
0
0
0
0
0
0
0
0
0
0
0
0
0
0
0
0
0
0
1.26747e+08
0
0
0
0
0
0
0
0
1.284934e+08
1.436871e+08
0
0
0
0
0
0
0
1.319534e+08
1.475019e+08
1.898972e+08
0
0
0
0
0
0
1.372344e+08
1.532668e+08
1.970758e+08
3.039267e+08
0
0
0
0
0
1.441143e+08
1.607912e+08
2.063417e+08
3.172528e+08
6.470567e+08
0
0
0
0
1.516848e+08
1.690193e+08
2.16435e+08
3.315086e+08
6.715397e+08
0
0
0
1.581974e+08
1.760988e+08
2.250191e+08
3.43467e+08
6.913518e+08
0
0
1.629838e+08
1.812493e+08
2.312309e+08
3.519576e+08
7.048725e+08
0
1.659472e+08
1.844945e+08
2.35093e+08
3.571932e+08
7.129365e+08
1.67352e+08
1.8603e+08
2.369839e+08
3.596911e+08
7.165132e+08
0
0
0
0
0
0
0
0
0
0
0
0
0
0
0
0
0
0
0
0
0
0
0
0
0
0
0
0
0
0
0
0
0
0
0
0
0
0
0
0
0
0
0
0
0
0
0
0
0
0
0
0
0
0
0
0
0
0
0
0
0
0
0
0
0
0
0
0
0
0
0
0
0
0
0
0
0
0
0
0
0
0
0
0
0
0
0
0
0
0
0
0
0
1.267474e+08
0
0
0
0
0
0
0
0
1.268388e+08
1.418629e+08
0
0
0
0
0
0
0
1.285688e+08
1.437798e+08
1.852253e+08
0
0
0
0
0
0
1.32049e+08
1.475821e+08
1.899894e+08
2.935258e+08
0
0
0
0
0
1.373216e+08
1.533701e+08
1.971629e+08
3.039914e+08
6.230424e+08
0
0
0
0
1.442198e+08
1.608864e+08
2.064523e+08
3.173258e+08
6.468592e+08
0
0
0
1.51775e+08
1.691284e+08
2.165326e+08
3.31595e+08
6.713912e+08
0
0
1.5832e+08
1.762016e+08
2.251363e+08
3.435558e+08
6.911699e+08
0
1.630806e+08
1.813844e+08
2.313497e+08
3.520519e+08
7.047004e+08
1.659941e+08
1.845948e+08
2.352392e+08
3.572829e+08
7.127438e+08
1.861105e+08
2.370719e+08
3.59784e+08
7.163581e+08
0
0
0
0
0
0
0
0
0
0
0
0
0
0
0
0
0
0
0
0
0
0
0
0
0
0
0
0
0
0
0
0
0
0
0
0
0
0
0
0
0
0
0
0
0
0
0
0
0
0
0
0
0
0
0
0
0
0
0
0
0
0
0
0
0
0
0
0
0
0
0
0
0
0
0
0
0
0
0
0
0
0
0
0
0
0
1.284019e+08
0
0
0
0
0
0
0
0
1.268392e+08
1.418633e+08
0
0
0
0
0
0
0
1.269119e+08
1.419545e+08
1.829262e+08
0
0
0
0
0
0
1.286591e+08
1.438551e+08
1.853155e+08
2.865864e+08
0
0
0
0
0
1.321295e+08
1.476776e+08
1.900686e+08
2.93586e+08
6.03557e+08
0
0
0
0
1.374199e+08
1.534573e+08
1.972645e+08
3.040545e+08
6.228428e+08
0
0
0
1.443012e+08
1.609921e+08
2.065474e+08
3.174047e+08
6.467087e+08
0
0
1.518861e+08
1.692194e+08
2.166405e+08
3.316707e+08
6.712072e+08
0
1.58411e+08
1.763247e+08
2.252401e+08
3.436421e+08
6.910373e+08
1.631635e+08
1.814811e+08
2.314846e+08
3.521497e+08
7.044971e+08
1.846404e+08
2.353362e+08
3.573846e+08
7.125529e+08
2.371434e+08
3.598408e+08
7.16152e+08
0
0
0
0
0
0
0
0
0
0
0
0
0
0
0
0
0
0
0
0
0
0
0
0
0
0
0
0
0
0
0
0
0
0
0
0
0
0
0
0
0
0
0
0
0
0
0
0
0
0
0
0
0
0
0
0
0
0
0
0
0
0
0
0
0
0
0
0
0
0
0
0
0
0
0
0
0
0
1.317805e+08
0
0
0
0
0
0
0
0
1.284945e+08
1.436884e+08
0
0
0
0
0
0
0
1.269119e+08
1.419549e+08
1.829266e+08
0
0
0
0
0
0
1.269995e+08
1.420274e+08
1.830153e+08
2.831482e+08
0
0
0
0
0
1.287348e+08
1.439453e+08
1.853894e+08
2.866448e+08
5.902346e+08
0
0
0
0
1.322215e+08
1.477581e+08
1.901617e+08
2.936413e+08
6.033572e+08
0
0
0
1.375022e+08
1.535557e+08
1.973511e+08
3.041241e+08
6.226923e+08
0
0
1.444017e+08
1.610743e+08
2.066513e+08
3.17476e+08
6.465126e+08
0
1.519711e+08
1.693312e+08
2.167318e+08
3.317466e+08
6.710655e+08
1.585092e+08
1.764162e+08
2.253628e+08
3.43724e+08
6.908474e+08
1.815652e+08
2.315795e+08
3.522562e+08
7.043792e+08
2.353755e+08
3.574486e+08
7.123161e+08
3.598603e+08
7.159676e+08
0
0
0
0
0
0
0
0
0
0
0
0
0
0
0
0
0
0
0
0
0
0
0
0
0
0
0
0
0
0
0
0
0
0
0
0
0
0
0
0
0
0
0
0
0
0
0
0
0
0
0
0
0
0
0
0
0
0
0
0
0
0
0
0
0
0
0
0
0
1.369466e+08
0
0
0
0
0
0
0
0
1.318748e+08
1.474093e+08
0
0
0
0
0
0
0
1.285691e+08
1.437809e+08
1.852266e+08
0
0
0
0
0
0
1.269995e+08
1.420275e+08
1.830158e+08
2.831486e+08
0
0
0
0
0
1.27072e+08
1.421149e+08
1.830867e+08
2.832056e+08
5.835378e+08
0
0
0
0
1.288224e+08
1.440208e+08
1.854769e+08
2.86695e+08
5.900352e+08
0
0
0
1.322992e+08
1.478501e+08
1.902413e+08
2.937024e+08
6.032071e+08
0
0
1.375963e+08
1.536382e+08
1.974472e+08
3.041873e+08
6.224939e+08
0
1.444786e+08
1.611754e+08
2.067331e+08
3.175471e+08
6.463647e+08
1.52071e+08
1.694169e+08
2.168424e+08
3.318147e+08
6.708672e+08
1.765135e+08
2.254528e+08
3.438147e+08
6.907071e+08
2.316525e+08
3.523224e+08
7.042e+08
3.574512e+08
7.121304e+08
7.156612e+08
0
0
0
0
0
0
0
0
0
0
0
0
0
0
0
0
0
0
0
0
0
0
0
0
0
0
0
0
0
0
0
0
0
0
0
0
0
0
0
0
0
0
0
0
0
0
0
0
0
0
0
0
0
0
0
0
0
0
0
1.437046e+08
0
0
0
0
0
0
0
0
1.370458e+08
1.530819e+08
0
0
0
0
0
0
0
1.319539e+08
1.475036e+08
1.898993e+08
0
0
0
0
0
0
1.28659e+08
1.438554e+08
1.853167e+08
2.865878e+08
0
0
0
0
0
1.270715e+08
1.421148e+08
1.830868e+08
2.832061e+08
5.835378e+08
0
0
0
0
1.271578e+08
1.421874e+08
1.831714e+08
2.832533e+08
5.833388e+08
0
0
0
1.288965e+08
1.441084e+08
1.855513e+08
2.867504e+08
5.898854e+08
0
0
1.323898e+08
1.479278e+08
1.903305e+08
2.937588e+08
6.03007e+08
0
1.376664e+08
1.537326e+08
1.975289e+08
3.042505e+08
6.223465e+08
1.445686e+08
1.612529e+08
2.06832e+08
3.176054e+08
6.461629e+08
1.695159e+08
2.16927e+08
3.318912e+08
6.707197e+08
2.255396e+08
3.43877e+08
6.905076e+08
3.523313e+08
7.040298e+08
7.118718e+08
0
0
0
0
0
0
0
0
0
0
0
0
0
0
0
0
0
0
0
0
0
0
0
0
0
0
0
0
0
0
0
0
0
0
0
0
0
0
0
0
0
0
0
0
0
0
0
0
0
1.511403e+08
0
0
0
0
0
0
0
0
1.438136e+08
1.604755e+08
0
0
0
0
0
0
0
1.371319e+08
1.531812e+08
1.969811e+08
0
0
0
0
0
0
1.320489e+08
1.475827e+08
1.899912e+08
2.935279e+08
0
0
0
0
0
1.287327e+08
1.439451e+08
1.853897e+08
2.866462e+08
5.902346e+08
0
0
0
0
1.271575e+08
1.421867e+08
1.831713e+08
2.832533e+08
5.83339e+08
0
0
0
1.272291e+08
1.422733e+08
1.832426e+08
2.833059e+08
5.831891e+08
0
0
1.289809e+08
1.441826e+08
1.856359e+08
2.868016e+08
5.896847e+08
0
1.324545e+08
1.480185e+08
1.904073e+08
2.938151e+08
6.028603e+08
1.377488e+08
1.538034e+08
1.976206e+08
3.04309e+08
6.221427e+08
1.613416e+08
2.069089e+08
3.176698e+08
6.460137e+08
2.170159e+08
3.319503e+08
6.705091e+08
3.439047e+08
6.903426e+08
7.036716e+08
0
0
0
0
0
0
0
0
0
0
0
0
0
0
0
0
0
0
0
0
0
0
0
0
0
0
0
0
0
0
0
0
0
0
0
0
0
0
0
1.575021e+08
0
0
0
0
0
0
0
0
1.512609e+08
1.685818e+08
0
0
0
0
0
0
0
1.439087e+08
1.605848e+08
2.061397e+08
0
0
0
0
0
0
1.372346e+08
1.532675e+08
1.970783e+08
3.039288e+08
0
0
0
0
0
1.321263e+08
1.476776e+08
1.900691e+08
2.93588e+08
6.03557e+08
0
0
0
0
1.288212e+08
1.440188e+08
1.854768e+08
2.866952e+08
5.900358e+08
0
0
0
1.272287e+08
1.42273e+08
1.832418e+08
2.833058e+08
5.83189e+08
0
0
1.273098e+08
1.423448e+08
1.833255e+08
2.83354e+08
5.829883e+08
0
1.290415e+08
1.442673e+08
1.857092e+08
2.868534e+08
5.895384e+08
1.325335e+08
1.480839e+08
1.90495e+08
2.938691e+08
6.026554e+08
1.538847e+08
1.976909e+08
3.043662e+08
6.219968e+08
2.06988e+08
3.177242e+08
6.457987e+08
3.319809e+08
6.703541e+08
6.900053e+08
0
0
0
0
0
0
0
0
0
0
0
0
0
0
0
0
0
0
0
0
0
0
0
0
0
0
0
0
0
1.620914e+08
0
0
0
0
0
0
0
0
1.576309e+08
1.755043e+08
0
0
0
0
0
0
0
1.513648e+08
1.687029e+08
2.160957e+08
0
0
0
0
0
0
1.440197e+08
1.606802e+08
2.062475e+08
3.1718e+08
0
0
0
0
0
1.373175e+08
1.533703e+08
1.971638e+08
3.039941e+08
6.230423e+08
0
0
0
0
1.322197e+08
1.477549e+08
1.901617e+08
2.936419e+08
6.033581e+08
0
0
0
1.288952e+08
1.441072e+08
1.85549e+08
2.867502e+08
5.898852e+08
0
0
1.2731e+08
1.423444e+08
1.833251e+08
2.833531e+08
5.829882e+08
0
1.273672e+08
1.42426e+08
1.833958e+08
2.834041e+08
5.82842e+08
1.291187e+08
1.443291e+08
1.857906e+08
2.869041e+08
5.893331e+08
1.48162e+08
1.905599e+08
2.939223e+08
6.025112e+08
1.977626e+08
3.044158e+08
6.217805e+08
3.177485e+08
6.456584e+08
6.700159e+08
0
0
0
0
0
0
0
0
0
0
0
0
0
0
0
0
0
0
0
1.649471e+08
0
0
0
0
0
0
0
0
1.622246e+08
1.8049e+08
0
0
0
0
0
0
0
1.57742e+08
1.756338e+08
2.24543e+08
0
0
0
0
0
0
1.514807e+08
1.688073e+08
2.162161e+08
3.313412e+08
0
0
0
0
0
1.441099e+08
1.607915e+08
2.063426e+08
3.172561e+08
6.470567e+08
0
0
0
0
1.374174e+08
1.534533e+08
1.972647e+08
3.040553e+08
6.22844e+08
0
0
0
1.322975e+08
1.478483e+08
1.902378e+08
2.937025e+08
6.032069e+08
0
0
1.289805e+08
1.441814e+08
1.856347e+08
2.867991e+08
5.896848e+08
0
1.273689e+08
1.424261e+08
1.833954e+08
2.834037e+08
5.828414e+08
1.274392e+08
1.424852e+08
1.834737e+08
2.834519e+08
5.826368e+08
1.444056e+08
1.85852e+08
2.869511e+08
5.891901e+08
1.906285e+08
2.939677e+08
6.022952e+08
3.04433e+08
6.216496e+08
6.453284e+08
0
0
0
0
0
0
0
0
0
1.662994e+08
0
0
0
0
0
0
0
0
1.650828e+08
1.835881e+08
0
0
0
0
0
0
0
1.623407e+08
1.806241e+08
2.305929e+08
0
0
0
0
0
0
1.578684e+08
1.757456e+08
2.246723e+08
3.431889e+08
0
0
0
0
0
1.515737e+08
1.689232e+08
2.163206e+08
3.314301e+08
6.717336e+08
0
0
0
0
1.442171e+08
1.60882e+08
2.064528e+08
3.173268e+08
6.468607e+08
0
0
0
1.375004e+08
1.535533e+08
1.973468e+08
3.041245e+08
6.226923e+08
0
0
1.323899e+08
1.479261e+08
1.903286e+08
2.93755e+08
6.030074e+08
0
1.290397e+08
1.44267e+08
1.857079e+08
2.868522e+08
5.895371e+08
1.274442e+08
1.424856e+08
1.834737e+08
2.834513e+08
5.826366e+08
1.425581e+08
1.835329e+08
2.834953e+08
5.824937e+08
1.859191e+08
2.869937e+08
5.889736e+08
2.939821e+08
6.021708e+08
6.213173e+08
0
0
0
0
0
0
0
0
1.664362e+08
1.850535e+08
0
0
0
0
0
0
0
1.652019e+08
1.837246e+08
2.343347e+08
0
0
0
0
0
0
1.624697e+08
1.807409e+08
2.30727e+08
3.515727e+08
0
0
0
0
0
1.579733e+08
1.758726e+08
2.247846e+08
3.432869e+08
6.916959e+08
0
0
0
0
1.516832e+08
1.690166e+08
2.164358e+08
3.315098e+08
6.715414e+08
0
0
0
1.442999e+08
1.609895e+08
2.065426e+08
3.174052e+08
6.467087e+08
0
0
1.375966e+08
1.536364e+08
1.974446e+08
3.041827e+08
6.224946e+08
0
1.324514e+08
1.480186e+08
1.904055e+08
2.938133e+08
6.028587e+08
1.291141e+08
1.443265e+08
1.857902e+08
2.869026e+08
5.893329e+08
1.425595e+08
1.835325e+08
2.834952e+08
5.824933e+08
1.835971e+08
2.835366e+08
5.822772e+08
2.870072e+08
5.888535e+08
6.018384e+08
0
0
0
0
0
0
0
1.665567e+08
1.851911e+08
2.360986e+08
0
0
0
0
0
0
1.653322e+08
1.838445e+08
2.344714e+08
3.567065e+08
0
0
0
0
0
1.625856e+08
1.808711e+08
2.308443e+08
3.516754e+08
7.054164e+08
0
0
0
0
1.580924e+08
1.75977e+08
2.249103e+08
3.433736e+08
6.915071e+08
0
0
0
1.51774e+08
1.691267e+08
2.165293e+08
3.315957e+08
6.713911e+08
0
0
1.44402e+08
1.61073e+08
2.066484e+08
3.174708e+08
6.465135e+08
0
1.376632e+08
1.537329e+08
1.97527e+08
3.042479e+08
6.223447e+08
1.325266e+08
1.480804e+08
1.90495e+08
2.93867e+08
6.026553e+08
1.443992e+08
1.858487e+08
2.869504e+08
5.891889e+08
1.835964e+08
2.835354e+08
5.822765e+08
2.835479e+08
5.821599e+08
5.885223e+08
0
0
0
0
0
0
1.66688e+08
1.853124e+08
2.362364e+08
3.591092e+08
0
0
0
0
0
1.654457e+08
1.839756e+08
2.345919e+08
3.568116e+08
7.136141e+08
0
0
0
0
1.627178e+08
1.809885e+08
2.309748e+08
3.517669e+08
7.052297e+08
0
0
0
1.581956e+08
1.760963e+08
2.250146e+08
3.434674e+08
6.913522e+08
0
0
1.518864e+08
1.692183e+08
2.166385e+08
3.316663e+08
6.712077e+08
0
1.444754e+08
1.611757e+08
2.067315e+08
3.175441e+08
6.463626e+08
1.377419e+08
1.537999e+08
1.976209e+08
3.043068e+08
6.221426e+08
1.481543e+08
1.905558e+08
2.93922e+08
6.025097e+08
1.859111e+08
2.869896e+08
5.889722e+08
2.835451e+08
5.821575e+08
5.81831e+08
0
0
0
0
0
1.668028e+08
1.854445e+08
2.363584e+08
3.592154e+08
7.173828e+08
0
0
0
0
1.655732e+08
1.840898e+08
2.347227e+08
3.569059e+08
7.134286e+08
0
0
0
1.628434e+08
1.811214e+08
2.31092e+08
3.518637e+08
7.050761e+08
0
0
1.583201e+08
1.761998e+08
2.251332e+08
3.435496e+08
6.911698e+08
0
1.51968e+08
1.693315e+08
2.167303e+08
3.317439e+08
6.710613e+08
1.445618e+08
1.612495e+08
2.068322e+08
3.176034e+08
6.461626e+08
1.538771e+08
1.976868e+08
3.043661e+08
6.219952e+08
1.906194e+08
2.939629e+08
6.022935e+08
2.869974e+08
5.888506e+08
5.818251e+08
0
0
0
0
1.669314e+08
1.8556e+08
2.364902e+08
3.59311e+08
7.171977e+08
0
0
0
1.656925e+08
1.842179e+08
2.348371e+08
3.57005e+08
7.132743e+08
0
0
1.629836e+08
1.812456e+08
2.312234e+08
3.519502e+08
7.048746e+08
0
1.584078e+08
1.763247e+08
2.252377e+08
3.436381e+08
6.910304e+08
1.520639e+08
1.694135e+08
2.168425e+08
3.318125e+08
6.708652e+08
1.613342e+08
2.069049e+08
3.176697e+08
6.46012e+08
1.977539e+08
3.04411e+08
6.217788e+08
2.939716e+08
6.021679e+08
5.885164e+08
0
0
0
1.670479e+08
1.856892e+08
2.36606e+08
3.59411e+08
7.17043e+08
0
0
1.658456e+08
1.843391e+08
2.349645e+08
3.57093e+08
7.130878e+08
0
1.630771e+08
1.81384e+08
2.313455e+08
3.520454e+08
7.047026e+08
1.585024e+08
1.764126e+08
2.253626e+08
3.437206e+08
6.90844e+08
1.695082e+08
2.16923e+08
3.318911e+08
6.707171e+08
2.069795e+08
3.177196e+08
6.45797e+08
3.044229e+08
6.216468e+08
6.018329e+08
0
0
1.671789e+08
1.858064e+08
2.367345e+08
3.595002e+08
7.16857e+08
0
1.659431e+08
1.844932e+08
2.350866e+08
3.571878e+08
7.129334e+08
1.631584e+08
1.814772e+08
2.314839e+08
3.521438e+08
7.044994e+08
1.76506e+08
2.254486e+08
3.43814e+08
6.907028e+08
2.170071e+08
3.319456e+08
6.705076e+08
3.177385e+08
6.456555e+08
6.213117e+08
0
1.672667e+08
1.859379e+08
2.36852e+08
3.595962e+08
7.167021e+08
1.659888e+08
1.845904e+08
2.352376e+08
3.572776e+08
7.127421e+08
1.81559e+08
2.31575e+08
3.52255e+08
7.043715e+08
2.25531e+08
3.43872e+08
6.905061e+08
3.319707e+08
6.703512e+08
6.453221e+08
1.673447e+08
1.860257e+08
2.369822e+08
3.596868e+08
7.165114e+08
1.846347e+08
2.353312e+08
3.573826e+08
7.125553e+08
2.316449e+08
3.523169e+08
7.04198e+08
3.438948e+08
6.903393e+08
6.700095e+08
1.861025e+08
2.37067e+08
3.597818e+08
7.16355e+08
2.353683e+08
3.574427e+08
7.123141e+08
3.523228e+08
7.04026e+08
6.899989e+08
2.371341e+08
3.598349e+08
7.161492e+08
3.574404e+08
7.121265e+08
7.036679e+08
3.598491e+08
7.159636e+08
7.118573e+08
7.156527e+08
)
;

boundaryField
{
    interconnect0
    {
        type            zeroGradient;
    }
    interconnectSides
    {
        type            zeroGradient;
    }
    cathodeSides
    {
        type            zeroGradient;
    }
    phiEC_to_phiE0
    {
        type            zeroGradient;
    }
    procBoundary3to2
    {
        type            processor;
        value           uniform 0;
    }
}
)

// processor4

375
(dimensions      [0 -3 0 0 0 1 0];

internalField   nonuniform List<scalar> 0();

boundaryField
{
    interconnect0
    {
        type            zeroGradient;
    }
    interconnectSides
    {
        type            zeroGradient;
    }
    cathodeSides
    {
        type            zeroGradient;
    }
    phiEC_to_phiE0
    {
        type            zeroGradient;
    }
}
)

// processor5

375
(dimensions      [0 -3 0 0 0 1 0];

internalField   nonuniform List<scalar> 0();

boundaryField
{
    interconnect0
    {
        type            zeroGradient;
    }
    interconnectSides
    {
        type            zeroGradient;
    }
    cathodeSides
    {
        type            zeroGradient;
    }
    phiEC_to_phiE0
    {
        type            zeroGradient;
    }
}
)

// processor6

375
(dimensions      [0 -3 0 0 0 1 0];

internalField   nonuniform List<scalar> 0();

boundaryField
{
    interconnect0
    {
        type            zeroGradient;
    }
    interconnectSides
    {
        type            zeroGradient;
    }
    cathodeSides
    {
        type            zeroGradient;
    }
    phiEC_to_phiE0
    {
        type            zeroGradient;
    }
}
)

// processor7

375
(dimensions      [0 -3 0 0 0 1 0];

internalField   nonuniform List<scalar> 0();

boundaryField
{
    interconnect0
    {
        type            zeroGradient;
    }
    interconnectSides
    {
        type            zeroGradient;
    }
    cathodeSides
    {
        type            zeroGradient;
    }
    phiEC_to_phiE0
    {
        type            zeroGradient;
    }
}
)
