/*--------------------------------*- C++ -*----------------------------------*\
| =========                 |                                                 |
| \\      /  F ield         | OpenFOAM: The Open Source CFD Toolbox           |
|  \\    /   O peration     | Version:  2306                                  |
|   \\  /    A nd           | Website:  www.openfoam.com                      |
|    \\/     M anipulation  |                                                 |
\*---------------------------------------------------------------------------*/
FoamFile
{
    version     2.0;
    format      binary;
    arch        "LSB;label=32;scalar=64";
    class       decomposedBlockData;
    object      T;
    data.format     ascii;
    data.class      volScalarField;
}
// * * * * * * * * * * * * * * * * * * * * * * * * * * * * * * * * * * * * * //


// processor0

18392
(FoamFile
{
    version     2.0;
    format      ascii;
    arch        "LSB;label=32;scalar=64";
    class       volScalarField;
    location    "1/electrolyte";
    object      T;
}
dimensions      [0 0 0 1 0 0 0];

internalField   nonuniform List<scalar> 
2000
(
355.9901
356.0195
356.0458
355.9879
356.0852
356.0843
356.0173
356.0822
356.0437
355.9856
356.1999
356.1702
356.083
356.1254
356.0822
356.015
356.1048
356.08
356.0414
355.9833
356.3754
356.3199
356.1977
356.2216
356.1681
356.0807
356.1505
356.1232
356.0799
356.0128
356.1196
356.1027
356.0778
356.0391
355.981
356.6008
356.5491
356.3731
356.389
356.3178
356.1954
356.2523
356.2194
356.1659
356.0785
356.1668
356.1484
356.121
356.0777
356.0104
356.1303
356.1174
356.1005
356.0756
356.0368
355.9786
356.8153
356.846
356.5983
356.6453
356.5469
356.3708
356.4294
356.3868
356.3156
356.1931
356.2719
356.2502
356.2172
356.1636
356.0761
356.1785
356.1647
356.1462
356.1188
356.0754
356.008
356.1377
356.1281
356.1153
356.0982
356.0733
356.0345
355.9762
356.9832
357.1357
356.8128
356.9782
356.8436
356.5959
356.7006
356.6431
356.5447
356.3684
356.4546
356.4273
356.3846
356.3133
356.1907
356.2859
356.2697
356.248
356.215
356.1613
356.0737
356.1866
356.1764
356.1625
356.144
356.1165
356.073
356.0056
356.1441
356.1356
356.1259
356.113
356.0959
356.0709
356.032
355.9737
357.0942
357.3687
356.9807
357.3066
357.1332
356.8103
357.0536
356.9758
356.8412
356.5934
356.7345
356.6984
356.6408
356.5424
356.366
356.4726
356.4525
356.4251
356.3824
356.3109
356.1883
356.2955
356.2838
356.2676
356.2458
356.2127
356.1589
356.0712
356.1936
356.1845
356.1742
356.1602
356.1417
356.1141
356.0706
356.0031
356.1489
356.1419
356.1334
356.1237
356.1107
356.0936
356.0685
356.0296
355.9712
357.1487
357.5263
357.0916
357.574
357.3663
356.9781
357.4038
357.3042
357.1308
356.8077
357.0991
357.0512
356.9734
356.8388
356.5909
356.7586
356.7323
356.6962
356.6385
356.54
356.3635
356.4847
356.4705
356.4503
356.4229
356.3801
356.3085
356.1858
356.3038
356.2934
356.2816
356.2653
356.2435
356.2103
356.1565
356.0687
356.1988
356.1915
356.1824
356.172
356.158
356.1393
356.1117
356.0681
356.0005
356.1559
356.1468
356.1398
356.1312
356.1214
356.1084
356.0912
356.066
356.027
355.9686
357.1487
357.6049
357.1461
357.7568
357.5239
357.089
357.691
357.5716
357.3638
356.9755
357.4622
357.4013
357.3017
357.1284
356.8051
357.1316
357.0968
357.0488
356.971
356.8364
356.5884
356.7746
356.7565
356.7301
356.6939
356.6362
356.5376
356.361
356.4954
356.4826
356.4683
356.4481
356.4206
356.3777
356.3061
356.1833
356.3097
356.3017
356.2912
356.2794
356.263
356.2411
356.2079
356.154
356.0662
356.2064
356.1967
356.1893
356.1801
356.1697
356.1556
356.1369
356.1092
356.0655
355.998
356.1538
356.1446
356.1375
356.1289
356.1191
356.106
356.0887
356.0635
356.0245
357.0942
357.6049
357.1461
357.8486
357.6025
357.1435
357.8884
357.7544
357.5215
357.0864
357.7611
357.6885
357.5691
357.3614
356.9729
357.5039
357.4597
357.3989
357.2993
357.1259
356.8026
357.1528
357.1292
357.0944
357.0464
356.9686
356.834
356.5858
356.7888
356.7725
356.7542
356.7278
356.6915
356.6337
356.5351
356.3584
356.5025
356.4933
356.4805
356.4661
356.4458
356.4182
356.3752
356.3035
356.1807
356.3188
356.3076
356.2995
356.289
356.2771
356.2607
356.2387
356.2054
356.1514
356.0636
356.2043
356.1945
356.1871
356.1778
356.1674
356.1532
356.1345
356.1067
356.063
356.1516
356.1424
356.1353
356.1266
356.1167
356.1035
356.0862
356.061
356.9832
357.5263
357.0916
357.8486
357.6025
357.1435
357.988
357.8462
357.6001
357.1409
357.9674
357.886
357.752
357.5191
357.0838
357.8112
357.7586
357.686
357.5667
357.359
356.9703
357.5308
357.5014
357.4572
357.3964
357.2968
357.1235
356.8
357.1719
357.1504
357.1268
357.0919
357.0439
356.9661
356.8315
356.5832
356.7979
356.7867
356.7702
356.7519
356.7254
356.6891
356.6312
356.5325
356.3558
356.514
356.5005
356.4911
356.4782
356.4638
356.4434
356.4157
356.3727
356.301
356.178
356.3167
356.3055
356.2973
356.2867
356.2748
356.2583
356.2362
356.2028
356.1488
356.2022
356.1923
356.1848
356.1755
356.165
356.1507
356.1319
356.1041
356.1494
356.1401
356.1329
356.1242
356.1143
356.101
356.0837
356.8153
357.3687
356.9807
357.7568
357.5239
357.089
357.988
357.8462
357.6001
357.1409
358.0716
357.9855
357.8437
357.5977
357.1383
358.0238
357.9649
357.8835
357.7495
357.5167
357.0812
357.8434
357.8087
357.7561
357.6835
357.5642
357.3566
356.9677
357.5552
357.5283
357.4989
357.4548
357.3939
357.2943
357.121
356.7974
357.1835
357.1695
357.148
357.1244
357.0895
357.0415
356.9636
356.829
356.5806
356.8131
356.7957
356.7844
356.7679
356.7496
356.723
356.6866
356.6287
356.5299
356.3531
356.5119
356.4983
356.4889
356.4759
356.4614
356.4409
356.4132
356.3701
356.2983
356.3145
356.3033
356.295
356.2844
356.2723
356.2558
356.2337
356.2002
356.2
356.19
356.1825
356.1731
356.1625
356.1482
356.1294
356.1471
356.1378
356.1305
356.1217
356.1118
356.0985
356.6008
357.1357
356.8128
357.574
357.3663
356.9781
357.8884
357.7544
357.5215
357.0864
358.0716
357.9855
357.8437
357.5977
357.1383
358.1315
358.0691
357.9831
357.8413
357.5953
357.1357
358.0601
358.0213
357.9624
357.881
357.7471
357.5143
357.0786
357.8728
357.8409
357.8062
357.7536
357.681
357.5618
357.3542
356.9651
357.5696
357.5527
357.5258
357.4964
357.4523
357.3914
357.2919
357.1186
356.7948
357.2036
357.1811
357.1671
357.1456
357.122
357.087
357.039
356.9611
356.8264
356.578
356.8109
356.7935
356.7821
356.7656
356.7471
356.7205
356.684
356.6261
356.5273
356.5098
356.4961
356.4866
356.4736
356.459
356.4384
356.4106
356.3674
356.3123
356.301
356.2927
356.282
356.2698
356.2532
356.231
356.1977
356.1877
356.1801
356.1707
356.16
356.1457
356.1448
356.1354
356.1281
356.1192
356.1092
356.3754
356.846
356.5983
357.3066
357.1332
356.8103
357.691
357.5716
357.3638
356.9755
357.9674
357.886
357.752
357.5191
357.0838
358.1315
358.0691
357.9831
357.8413
357.5953
357.1357
358.1698
358.129
358.0666
357.9806
357.8389
357.5929
357.1331
358.0933
358.0575
358.0188
357.9599
357.8786
357.7447
357.5119
357.076
357.8898
357.8703
357.8384
357.8037
357.7511
357.6786
357.5594
357.3517
356.9625
357.5953
357.5671
357.5502
357.5233
357.4939
357.4498
357.3889
357.2894
357.1161
356.7922
357.2013
357.1787
357.1647
357.1432
357.1195
357.0845
357.0364
356.9586
356.8239
356.8087
356.7912
356.7798
356.7631
356.7446
356.7179
356.6814
356.6234
356.5075
356.4938
356.4842
356.4711
356.4564
356.4358
356.4079
356.31
356.2986
356.2903
356.2795
356.2673
356.2506
356.1953
356.1853
356.1776
356.1682
356.1574
356.1424
356.133
356.1256
356.1167
356.1999
356.5491
356.3731
356.9782
356.8436
356.5959
357.4038
357.3042
357.1308
356.8077
357.7611
357.6885
357.5691
357.3614
356.9729
358.0238
357.9649
357.8835
357.7495
357.5167
357.0812
358.1698
358.129
358.0666
357.9806
357.8389
357.5929
357.1331
358.2051
358.1673
358.1265
358.0642
357.9782
357.8366
357.5906
357.1305
358.1121
358.0907
358.055
358.0163
357.9575
357.8762
357.7423
357.5095
357.0734
357.9204
357.8872
357.8678
357.8359
357.8012
357.7487
357.6761
357.557
357.3493
356.9599
357.5928
357.5646
357.5477
357.5208
357.4914
357.4473
357.3865
357.2869
357.1137
357.1989
357.1763
357.1622
357.1407
357.117
357.082
357.0339
356.956
356.8064
356.7889
356.7773
356.7606
356.7421
356.7153
356.6787
356.5052
356.4914
356.4817
356.4686
356.4538
356.4331
356.3077
356.2962
356.2878
356.2769
356.2647
356.193
356.1829
356.1751
356.1656
356.14
356.1305
356.1231
356.0852
356.3199
356.1977
356.6453
356.5469
356.3708
357.0536
356.9758
356.8412
356.5934
357.4622
357.4013
357.3017
357.1284
356.8051
357.8112
357.7586
357.686
357.5667
357.359
356.9703
358.0601
358.0213
357.9624
357.881
357.7471
357.5143
357.0786
358.2051
358.1673
358.1265
358.0642
357.9782
357.8366
357.5906
357.1305
358.225
358.2026
358.1648
358.124
358.0617
357.9758
357.8342
357.5882
357.1278
358.1467
358.1096
358.0882
358.0525
358.0139
357.955
357.8738
357.7399
357.5072
357.0708
357.9179
357.8847
357.8652
357.8334
357.7987
357.7462
357.6737
357.5545
357.3469
357.5903
357.5621
357.5452
357.5183
357.4889
357.4448
357.384
357.2845
357.1964
357.1738
357.1597
357.1381
357.1144
357.0794
357.0313
356.804
356.7864
356.7749
356.7581
356.7395
356.7126
356.5029
356.4889
356.4792
356.466
356.4512
356.3053
356.2937
356.2852
356.2743
356.1905
356.1804
356.1726
356.1375
356.128
356.0195
356.1702
356.083
356.389
356.3178
356.1954
356.7006
356.6431
356.5447
356.3684
357.0991
357.0512
356.9734
356.8388
356.5909
357.5039
357.4597
357.3989
357.2993
357.1259
356.8026
357.8434
357.8087
357.7561
357.6835
357.5642
357.3566
356.9677
358.0933
358.0575
358.0188
357.9599
357.8786
357.7447
357.5119
357.076
358.225
358.2026
358.1648
358.124
358.0617
357.9758
357.8342
357.5882
357.1278
358.2616
358.2225
358.2
358.1624
358.1216
358.0593
357.9734
357.8318
357.5858
357.1252
358.1441
358.1071
358.0857
358.0501
358.0114
357.9526
357.8714
357.7376
357.5048
357.9154
357.8822
357.8628
357.8309
357.7962
357.7437
357.6713
357.5521
357.5878
357.5596
357.5427
357.5158
357.4864
357.4423
357.3815
357.194
357.1713
357.1572
357.1356
357.1118
357.0768
356.8016
356.7839
356.7723
356.7554
356.7368
356.5004
356.4864
356.4766
356.4633
356.3028
356.2912
356.2826
356.188
356.1778
356.135
355.9901
356.0843
356.0173
356.2216
356.1681
356.0807
356.4294
356.3868
356.3156
356.1931
356.7345
356.6984
356.6408
356.5424
356.366
357.1316
357.0968
357.0488
356.971
356.8364
356.5884
357.5308
357.5014
357.4572
357.3964
357.2968
357.1235
356.8
357.8728
357.8409
357.8062
357.7536
357.681
357.5618
357.3542
356.9651
358.1121
358.0907
358.055
358.0163
357.9575
357.8762
357.7423
357.5095
357.0734
358.2616
358.2225
358.2
358.1624
358.1216
358.0593
357.9734
357.8318
357.5858
357.1252
358.259
358.22
358.1976
358.1599
358.1191
358.0569
357.971
357.8295
357.5835
358.1416
358.1046
358.0832
358.0476
358.009
357.9502
357.869
357.7352
357.9129
357.8797
357.8603
357.8284
357.7938
357.7413
357.6689
357.5852
357.5571
357.5402
357.5133
357.4839
357.4398
357.1915
357.1688
357.1546
357.133
357.1092
356.7991
356.7814
356.7697
356.7528
356.4979
356.4838
356.4739
356.3003
356.2886
356.1854
356.0458
355.9879
356.1254
356.0822
356.015
356.2523
356.2194
356.1659
356.0785
356.4546
356.4273
356.3846
356.3133
356.1907
356.7587
356.7323
356.6962
356.6385
356.54
356.3635
357.1528
357.1292
357.0944
357.0464
356.9686
356.834
356.5858
357.5552
357.5283
357.4989
357.4548
357.3939
357.2943
357.121
356.7974
357.8898
357.8703
357.8384
357.8037
357.7511
357.6786
357.5594
357.3517
356.9625
358.1467
358.1096
358.0882
358.0525
358.0139
357.955
357.8738
357.7399
357.5072
357.0708
358.259
358.22
358.1976
358.1599
358.1191
358.0569
357.971
357.8295
357.5835
358.2565
358.2175
358.1951
358.1575
358.1167
358.0545
357.9686
357.8271
358.1391
358.1021
358.0808
358.0452
358.0066
357.9478
357.8666
357.9104
357.8772
357.8578
357.8259
357.7913
357.7389
357.5827
357.5546
357.5377
357.5108
357.4814
357.189
357.1663
357.1521
357.1304
356.7966
356.7787
356.767
356.4953
356.4811
356.2976
356.0822
356.0437
355.9856
356.1506
356.1232
356.0799
356.0128
356.2719
356.2502
356.2172
356.1636
356.0761
356.4726
356.4525
356.4251
356.3824
356.3109
356.1883
356.7746
356.7565
356.7301
356.6939
356.6362
356.5376
356.361
357.1719
357.1504
357.1268
357.092
357.0439
356.9661
356.8315
356.5832
357.5696
357.5527
357.5258
357.4964
357.4523
357.3914
357.2919
357.1186
356.7948
357.9205
357.8872
357.8678
357.8359
357.8012
357.7487
357.6761
357.557
357.3493
356.9599
358.1441
358.1071
358.0857
358.0501
358.0114
357.9526
357.8714
357.7376
357.5048
358.2565
358.2175
358.1951
358.1575
358.1167
358.0545
357.9686
357.8271
358.254
358.215
358.1927
358.155
358.1143
358.0521
357.9663
358.1366
358.0996
358.0783
358.0427
358.0042
357.9454
357.9079
357.8747
357.8553
357.8235
357.7889
357.5802
357.5521
357.5352
357.5083
357.1864
357.1637
357.1495
356.7939
356.776
356.4926
356.1048
356.08
356.0414
355.9833
356.1668
356.1484
356.121
356.0777
356.0104
356.2859
356.2698
356.248
356.215
356.1613
356.0737
356.4847
356.4705
356.4503
356.4229
356.3801
356.3085
356.1858
356.7888
356.7725
356.7542
356.7278
356.6915
356.6337
356.5351
356.3584
357.1835
357.1695
357.148
357.1244
357.0895
357.0415
356.9636
356.829
356.5806
357.5953
357.5671
357.5502
357.5233
357.4939
357.4498
357.3889
357.2894
357.1161
356.7922
357.9179
357.8847
357.8652
357.8334
357.7987
357.7462
357.6737
357.5545
357.3469
358.1416
358.1046
358.0832
358.0476
358.009
357.9502
357.869
357.7352
358.254
358.215
358.1927
358.155
358.1143
358.0521
357.9663
358.2515
358.2126
358.1902
358.1526
358.1119
358.0498
358.1341
358.0972
358.0759
358.0403
358.0018
357.9054
357.8723
357.8529
357.8211
357.5777
357.5496
357.5327
357.1838
357.1611
356.7912
356.1196
356.1027
356.0778
356.0391
355.981
356.1785
356.1647
356.1462
356.1188
356.0754
356.008
356.2955
356.2838
356.2676
356.2458
356.2127
356.1589
356.0712
356.4954
356.4826
356.4684
356.4481
356.4206
356.3777
356.3061
356.1833
356.7979
356.7867
356.7702
356.7519
356.7254
356.6891
356.6312
356.5325
356.3558
357.2036
357.1811
357.1671
357.1456
357.122
357.087
357.039
356.9611
356.8264
356.578
357.5928
357.5646
357.5477
357.5208
357.4914
357.4473
357.3865
357.2869
357.1137
357.9154
357.8822
357.8627
357.8309
357.7962
357.7437
357.6713
357.5521
358.1391
358.1021
358.0808
358.0452
358.0066
357.9478
357.8666
358.2515
358.2126
358.1902
358.1526
358.1119
358.0498
358.2491
358.2101
358.1878
358.1502
358.1095
358.1317
358.0948
358.0735
358.0379
357.9029
357.8698
357.8504
357.5752
357.5471
357.1812
356.1303
356.1174
356.1005
356.0756
356.0368
355.9786
356.1866
356.1764
356.1625
356.144
356.1165
356.073
356.0056
356.3038
356.2934
356.2816
356.2653
356.2435
356.2103
356.1565
356.0687
356.5025
356.4933
356.4805
356.4661
356.4458
356.4182
356.3752
356.3035
356.1807
356.8131
356.7957
356.7844
356.7679
356.7496
356.723
356.6866
356.6287
356.5299
356.3531
357.2013
357.1787
357.1647
357.1432
357.1195
357.0845
357.0364
356.9586
356.8239
357.5903
357.5621
357.5452
357.5183
357.4889
357.4448
357.384
357.2845
357.9129
357.8797
357.8603
357.8284
357.7938
357.7413
357.6689
358.1366
358.0996
358.0783
358.0427
358.0042
357.9454
358.2491
358.2101
358.1878
358.1502
358.1095
358.2466
358.2077
358.1854
358.1479
358.1292
358.0923
358.0711
357.9005
357.8674
357.5727
356.1377
356.1281
356.1153
356.0982
356.0733
356.0345
355.9762
356.1936
356.1845
356.1742
356.1603
356.1417
356.1141
356.0706
356.0031
356.3097
356.3017
356.2912
356.2794
356.2631
356.2411
356.2079
356.154
356.0662
356.514
356.5004
356.4911
356.4782
356.4638
356.4434
356.4157
356.3727
356.301
356.178
356.8109
356.7935
356.7821
356.7656
356.7471
356.7205
356.684
356.6261
356.5273
357.1989
357.1763
357.1622
357.1407
357.117
357.082
357.0339
356.956
357.5878
357.5596
357.5427
357.5158
357.4864
357.4423
357.3815
357.9104
357.8772
357.8578
357.8259
357.7913
357.7389
358.1341
358.0972
358.0759
358.0403
358.0018
358.2466
358.2077
358.1854
358.1479
358.2442
358.2053
358.1831
358.1268
358.0899
357.898
356.1441
356.1356
356.1259
356.113
356.0959
356.0709
356.032
355.9737
356.1988
356.1915
356.1824
356.172
356.158
356.1393
356.1117
356.0681
356.0005
356.3188
356.3076
356.2995
356.289
356.2771
356.2607
356.2387
356.2054
356.1514
356.0636
356.5119
356.4983
356.4889
356.4759
356.4614
356.4409
356.4132
356.3701
356.2983
356.8087
356.7912
356.7798
356.7631
356.7447
356.7179
356.6814
356.6234
357.1964
357.1738
357.1597
357.1381
357.1144
357.0794
357.0313
357.5852
357.5571
357.5402
357.5133
357.4839
357.4398
357.9079
357.8747
357.8553
357.8235
357.7889
358.1317
358.0948
358.0735
358.0379
358.2442
358.2053
358.1831
358.2418
358.2029
358.1244
356.1489
356.1419
356.1334
356.1237
356.1107
356.0936
356.0685
356.0296
355.9712
356.2064
356.1967
356.1893
356.1801
356.1697
356.1556
356.1369
356.1092
356.0655
355.998
356.3167
356.3055
356.2973
356.2867
356.2748
356.2583
356.2362
356.2028
356.1488
356.5098
356.4961
356.4866
356.4736
356.459
356.4384
356.4106
356.3674
356.8064
356.7889
356.7773
356.7606
356.7421
356.7153
356.6787
357.194
357.1713
357.1572
357.1356
357.1118
357.0768
357.5827
357.5546
357.5377
357.5108
357.4814
357.9054
357.8723
357.8529
357.8211
358.1292
358.0923
358.0711
358.2418
358.2029
358.2395
356.1559
356.1468
356.1398
356.1312
356.1214
356.1084
356.0912
356.066
356.027
355.9686
356.2043
356.1945
356.1871
356.1778
356.1674
356.1532
356.1345
356.1067
356.063
356.3145
356.3033
356.295
356.2844
356.2723
356.2558
356.2337
356.2002
356.5075
356.4938
356.4842
356.4711
356.4564
356.4358
356.4079
356.804
356.7864
356.7748
356.7581
356.7395
356.7126
357.1915
357.1688
357.1546
357.133
357.1092
357.5802
357.5521
357.5352
357.5083
357.9029
357.8698
357.8504
358.1268
358.0899
358.2395
356.1538
356.1446
356.1375
356.1289
356.1191
356.106
356.0887
356.0635
356.0245
356.2022
356.1923
356.1848
356.1755
356.165
356.1508
356.1319
356.1041
356.3123
356.301
356.2927
356.282
356.2699
356.2532
356.231
356.5052
356.4914
356.4817
356.4686
356.4538
356.4331
356.8016
356.7839
356.7723
356.7554
356.7368
357.189
357.1663
357.1521
357.1304
357.5777
357.5496
357.5327
357.9005
357.8674
358.1244
356.1516
356.1424
356.1353
356.1266
356.1167
356.1035
356.0862
356.061
356.2
356.19
356.1825
356.1731
356.1625
356.1482
356.1294
356.31
356.2986
356.2903
356.2795
356.2673
356.2506
356.5029
356.4889
356.4792
356.466
356.4512
356.7991
356.7814
356.7697
356.7528
357.1864
357.1637
357.1495
357.5752
357.5471
357.898
356.1494
356.1401
356.1329
356.1242
356.1143
356.101
356.0837
356.1977
356.1877
356.1801
356.1707
356.16
356.1457
356.3077
356.2962
356.2878
356.2769
356.2647
356.5004
356.4864
356.4766
356.4633
356.7966
356.7787
356.767
357.1838
357.1611
357.5727
356.1471
356.1378
356.1305
356.1217
356.1118
356.0985
356.1953
356.1853
356.1776
356.1681
356.1574
356.3053
356.2937
356.2852
356.2743
356.4979
356.4838
356.4739
356.7939
356.776
357.1812
356.1448
356.1354
356.1281
356.1192
356.1092
356.193
356.1829
356.1751
356.1656
356.3028
356.2912
356.2826
356.4953
356.4811
356.7912
356.1424
356.133
356.1256
356.1167
356.1905
356.1803
356.1726
356.3003
356.2886
356.4926
356.14
356.1305
356.1231
356.188
356.1778
356.2976
356.1375
356.128
356.1854
356.135
)
;

boundaryField
{
    electrolyteSides
    {
        type            zeroGradient;
    }
    electrolyte_to_fuel
    {
        type            zeroGradient;
    }
    electrolyte_to_air
    {
        type            zeroGradient;
    }
    procBoundary0to1
    {
        type            processor;
        value           uniform 356.15;
    }
}
)

// processor1

18338
(dimensions      [0 0 0 1 0 0 0];

internalField   nonuniform List<scalar> 
2000
(
356.1674
356.2194
356.1711
356.1652
356.3351
356.2233
356.2173
356.1726
356.1689
356.1631
356.5362
356.3393
356.333
356.2248
356.2212
356.2151
356.1734
356.1705
356.1668
356.1609
356.8444
356.5411
356.5341
356.341
356.3373
356.3308
356.2257
356.2227
356.219
356.2129
356.1739
356.1713
356.1683
356.1646
356.1586
357.2475
356.8503
356.8422
356.543
356.539
356.5319
356.3419
356.339
356.3351
356.3286
356.2262
356.2236
356.2206
356.2168
356.2106
356.1743
356.1718
356.1691
356.1661
356.1623
356.1563
357.6531
357.2547
357.2451
356.8525
356.8481
356.84
356.544
356.5409
356.5369
356.5297
356.3425
356.3399
356.3368
356.3329
356.3263
356.2267
356.2241
356.2214
356.2184
356.2145
356.2083
356.1747
356.1722
356.1697
356.1669
356.1638
356.16
356.1539
357.9914
357.6617
357.6506
357.2572
357.2523
357.2427
356.8536
356.8503
356.8459
356.8377
356.5447
356.5419
356.5387
356.5346
356.5274
356.343
356.3405
356.3377
356.3346
356.3306
356.324
356.227
356.2246
356.222
356.2192
356.2161
356.2122
356.2059
356.1751
356.1726
356.1701
356.1674
356.1646
356.1615
356.1576
356.1515
358.2277
358.0012
357.9888
357.6645
357.6592
357.648
357.2586
357.2548
357.2499
357.2402
356.8544
356.8514
356.848
356.8436
356.8353
356.5452
356.5426
356.5397
356.5365
356.5323
356.525
356.3434
356.3409
356.3383
356.3355
356.3323
356.3283
356.3216
356.2274
356.2249
356.2224
356.2198
356.2169
356.2138
356.2098
356.2035
356.1755
356.173
356.1704
356.1678
356.1652
356.1623
356.1591
356.1551
356.149
358.348
358.2384
358.2251
358.0044
357.9986
357.9862
357.6662
357.662
357.6566
357.6455
357.2595
357.2562
357.2523
357.2474
357.2377
356.855
356.8522
356.8492
356.8457
356.8412
356.8329
356.5456
356.5431
356.5404
356.5375
356.5342
356.53
356.5226
356.3438
356.3413
356.3387
356.3361
356.3332
356.33
356.3259
356.3191
356.2278
356.2253
356.2228
356.2202
356.2175
356.2146
356.2114
356.2073
356.201
356.1758
356.1733
356.1708
356.1682
356.1656
356.1628
356.1599
356.1567
356.1527
356.1464
358.348
358.3592
358.3454
358.2418
358.2358
358.2225
358.0062
358.0018
357.996
357.9836
357.6672
357.6636
357.6594
357.6541
357.6429
357.2602
357.2571
357.2537
357.2499
357.2449
357.2352
356.8554
356.8528
356.85
356.8469
356.8434
356.8388
356.8304
356.546
356.5435
356.5409
356.5382
356.5352
356.5318
356.5275
356.52
356.3442
356.3417
356.3391
356.3365
356.3338
356.3309
356.3276
356.3234
356.3166
356.2282
356.2257
356.2232
356.2205
356.2179
356.2152
356.2122
356.2089
356.2048
356.1984
356.1737
356.1712
356.1686
356.1659
356.1632
356.1605
356.1575
356.1542
356.1501
358.2277
358.3592
358.3454
358.3628
358.3566
358.3428
358.2438
358.2392
358.2332
358.2199
358.0074
358.0036
357.9992
357.9934
357.9811
357.668
357.6647
357.661
357.6569
357.6515
357.6404
357.2607
357.2578
357.2546
357.2513
357.2474
357.2424
357.2327
356.8559
356.8533
356.8506
356.8477
356.8445
356.8409
356.8363
356.8278
356.5464
356.5439
356.5413
356.5387
356.5359
356.5328
356.5294
356.525
356.5174
356.3446
356.3421
356.3395
356.3369
356.3343
356.3315
356.3285
356.3251
356.3208
356.3139
356.2261
356.2235
356.2209
356.2183
356.2156
356.2128
356.2098
356.2064
356.2023
356.1716
356.169
356.1663
356.1636
356.1609
356.158
356.155
356.1516
357.9914
358.2384
358.2251
358.3628
358.3566
358.3428
358.3648
358.3601
358.354
358.3402
358.2451
358.2411
358.2366
358.2306
358.2173
358.0083
358.0048
358.001
357.9966
357.9909
357.9785
357.6687
357.6655
357.6621
357.6585
357.6543
357.6489
357.6378
357.2612
357.2583
357.2553
357.2522
357.2488
357.2449
357.2399
357.2301
356.8563
356.8537
356.851
356.8483
356.8453
356.8421
356.8384
356.8337
356.8251
356.5469
356.5443
356.5418
356.5391
356.5364
356.5335
356.5304
356.5268
356.5224
356.5147
356.3425
356.3399
356.3373
356.3346
356.3319
356.3291
356.326
356.3225
356.3182
356.2239
356.2213
356.2187
356.2159
356.2132
356.2103
356.2073
356.2039
356.1693
356.1667
356.164
356.1612
356.1584
356.1555
356.1525
357.6531
358.0012
357.9888
358.2418
358.2358
358.2225
358.3648
358.3601
358.354
358.3402
358.3662
358.3622
358.3575
358.3514
358.3377
358.2461
358.2424
358.2385
358.234
358.228
358.2148
358.009
358.0057
358.0022
357.9984
357.994
357.9883
357.976
357.6693
357.6661
357.6629
357.6596
357.6559
357.6518
357.6464
357.6353
357.2617
357.2588
357.2559
357.2529
357.2497
357.2463
357.2423
357.2373
357.2275
356.8569
356.8542
356.8515
356.8487
356.8459
356.8429
356.8396
356.8358
356.8311
356.8224
356.5448
356.5422
356.5395
356.5368
356.534
356.531
356.5279
356.5242
356.5197
356.3404
356.3377
356.3351
356.3323
356.3295
356.3266
356.3234
356.3199
356.2217
356.219
356.2163
356.2136
356.2107
356.2078
356.2047
356.1671
356.1644
356.1616
356.1588
356.1559
356.153
357.2475
357.6617
357.6506
358.0044
357.9986
357.9862
358.2438
358.2392
358.2332
358.2199
358.3662
358.3622
358.3575
358.3514
358.3377
358.3672
358.3635
358.3596
358.355
358.3489
358.3351
358.2468
358.2435
358.2398
358.2359
358.2314
358.2255
358.2122
358.0097
358.0064
358.0031
357.9996
357.9958
357.9915
357.9858
357.9735
357.6697
357.6667
357.6636
357.6604
357.657
357.6534
357.6492
357.6438
357.6327
357.2623
357.2593
357.2564
357.2534
357.2504
357.2472
357.2437
357.2398
357.2347
357.2248
356.8547
356.8519
356.8492
356.8464
356.8435
356.8404
356.837
356.8332
356.8283
356.5426
356.5399
356.5372
356.5344
356.5315
356.5285
356.5252
356.5216
356.3381
356.3354
356.3327
356.3299
356.327
356.324
356.3208
356.2194
356.2167
356.214
356.2111
356.2082
356.2053
356.1647
356.162
356.1592
356.1563
356.1534
356.8444
357.2547
357.2451
357.6645
357.6592
357.648
358.0062
358.0018
357.996
357.9836
358.2451
358.2411
358.2366
358.2306
358.2173
358.3672
358.3635
358.3596
358.355
358.3489
358.3351
358.368
358.3646
358.3609
358.357
358.3524
358.3463
358.3326
358.2475
358.2442
358.2409
358.2373
358.2334
358.2289
358.2229
358.2097
358.0102
358.0071
358.0038
358.0005
357.997
357.9933
357.9889
357.9832
357.9709
357.6704
357.6672
357.6642
357.661
357.6578
357.6545
357.6508
357.6467
357.6413
357.6302
357.2599
357.2569
357.254
357.2509
357.2479
357.2446
357.2411
357.2372
357.232
356.8525
356.8496
356.8468
356.8439
356.8409
356.8378
356.8344
356.8305
356.5404
356.5376
356.5348
356.532
356.529
356.5259
356.5226
356.3359
356.3331
356.3303
356.3274
356.3245
356.3214
356.2171
356.2143
356.2115
356.2086
356.2057
356.1624
356.1596
356.1567
356.1538
356.5362
356.8503
356.8422
357.2572
357.2523
357.2427
357.6661
357.662
357.6566
357.6455
358.0074
358.0036
357.9992
357.9934
357.9811
358.2461
358.2424
358.2385
358.234
358.228
358.2148
358.368
358.3646
358.3609
358.357
358.3524
358.3463
358.3326
358.3687
358.3654
358.362
358.3584
358.3544
358.3499
358.3438
358.3301
358.2481
358.2449
358.2416
358.2383
358.2347
358.2308
358.2264
358.2204
358.2073
358.011
358.0076
358.0045
358.0012
357.998
357.9945
357.9907
357.9864
357.9807
357.9684
357.6679
357.6646
357.6616
357.6585
357.6553
357.6519
357.6483
357.6441
357.6387
357.2575
357.2544
357.2515
357.2484
357.2453
357.2421
357.2385
357.2345
356.8502
356.8472
356.8444
356.8414
356.8384
356.8351
356.8317
356.5381
356.5352
356.5324
356.5294
356.5264
356.5232
356.3335
356.3307
356.3278
356.3249
356.3219
356.2147
356.2119
356.209
356.206
356.1599
356.1571
356.1542
356.3351
356.5411
356.5341
356.8525
356.8481
356.84
357.2586
357.2548
357.2499
357.2402
357.6672
357.6636
357.6594
357.6541
357.6429
358.0083
358.0048
358.001
357.9966
357.9909
357.9785
358.2468
358.2435
358.2398
358.2359
358.2314
358.2255
358.2122
358.3687
358.3654
358.362
358.3584
358.3544
358.3499
358.3438
358.3301
358.3693
358.3661
358.3627
358.3594
358.3558
358.3519
358.3474
358.3413
358.3277
358.2489
358.2454
358.2423
358.239
358.2357
358.2321
358.2283
358.2239
358.218
358.2048
358.0084
358.005
358.0019
357.9987
357.9954
357.992
357.9882
357.9839
357.9782
357.6653
357.6621
357.6591
357.6559
357.6527
357.6494
357.6457
357.6416
357.255
357.2519
357.249
357.2459
357.2428
357.2394
357.2359
356.8478
356.8448
356.8419
356.8388
356.8357
356.8324
356.5357
356.5328
356.5299
356.5268
356.5237
356.3311
356.3282
356.3253
356.3222
356.2123
356.2094
356.2064
356.1574
356.1545
356.2194
356.3393
356.333
356.543
356.539
356.5319
356.8536
356.8503
356.8459
356.8377
357.2595
357.2562
357.2523
357.2474
357.2377
357.668
357.6647
357.661
357.6569
357.6515
357.6404
358.009
358.0057
358.0022
357.9984
357.994
357.9883
357.976
358.2475
358.2442
358.2409
358.2373
358.2334
358.2289
358.2229
358.2097
358.3693
358.3661
358.3627
358.3594
358.3558
358.3519
358.3474
358.3413
358.3277
358.3701
358.3666
358.3635
358.3602
358.3569
358.3533
358.3494
358.3449
358.3388
358.3252
358.2463
358.2428
358.2397
358.2364
358.2332
358.2296
358.2258
358.2214
358.2155
358.0058
358.0024
357.9993
357.9961
357.9929
357.9894
357.9857
357.9814
357.6628
357.6595
357.6565
357.6534
357.6502
357.6468
357.6432
357.2525
357.2494
357.2464
357.2433
357.2401
357.2368
356.8453
356.8423
356.8393
356.8362
356.833
356.5333
356.5303
356.5273
356.5241
356.3286
356.3257
356.3227
356.2098
356.2068
356.1549
356.1674
356.2233
356.2173
356.341
356.3373
356.3308
356.544
356.5409
356.5369
356.5297
356.8544
356.8514
356.848
356.8436
356.8353
357.2602
357.2571
357.2537
357.2499
357.2449
357.2352
357.6687
357.6655
357.6621
357.6585
357.6543
357.6489
357.6378
358.0097
358.0064
358.0031
357.9996
357.9958
357.9915
357.9858
357.9735
358.2481
358.2449
358.2416
358.2383
358.2347
358.2308
358.2264
358.2204
358.2073
358.3701
358.3666
358.3635
358.3602
358.3569
358.3533
358.3494
358.3449
358.3388
358.3252
358.3675
358.364
358.3609
358.3576
358.3543
358.3507
358.3469
358.3424
358.3364
358.2437
358.2402
358.2372
358.2339
358.2306
358.2271
358.2233
358.2189
358.0032
357.9998
357.9968
357.9936
357.9904
357.9869
357.9832
357.6602
357.657
357.654
357.6508
357.6476
357.6442
357.25
357.2468
357.2438
357.2407
357.2375
356.8428
356.8397
356.8367
356.8335
356.5307
356.5277
356.5246
356.3261
356.323
356.2072
356.1711
356.1652
356.2248
356.2212
356.2151
356.3419
356.339
356.3351
356.3286
356.5446
356.5419
356.5387
356.5346
356.5274
356.855
356.8522
356.8492
356.8457
356.8412
356.8329
357.2607
357.2578
357.2546
357.2513
357.2474
357.2424
357.2327
357.6693
357.6661
357.6629
357.6596
357.6559
357.6518
357.6464
357.6353
358.0102
358.0071
358.0038
358.0005
357.997
357.9933
357.9889
357.9832
357.9709
358.2489
358.2454
358.2423
358.239
358.2357
358.2321
358.2283
358.2239
358.218
358.2048
358.3675
358.364
358.3609
358.3576
358.3543
358.3507
358.3469
358.3424
358.3364
358.3649
358.3614
358.3584
358.3551
358.3518
358.3483
358.3444
358.3399
358.2411
358.2377
358.2346
358.2314
358.2281
358.2246
358.2209
358.0006
357.9973
357.9942
357.991
357.9878
357.9844
357.6577
357.6544
357.6514
357.6482
357.6451
357.2475
357.2443
357.2412
357.238
356.8403
356.8371
356.8339
356.5281
356.525
356.3235
356.1726
356.1689
356.1631
356.2257
356.2227
356.219
356.2129
356.3425
356.3399
356.3368
356.3329
356.3263
356.5451
356.5426
356.5397
356.5365
356.5323
356.525
356.8554
356.8528
356.85
356.8469
356.8434
356.8388
356.8304
357.2612
357.2583
357.2553
357.2522
357.2488
357.2449
357.2399
357.2301
357.6697
357.6667
357.6636
357.6604
357.657
357.6534
357.6492
357.6438
357.6327
358.011
358.0076
358.0045
358.0012
357.998
357.9945
357.9907
357.9864
357.9807
357.9684
358.2463
358.2428
358.2397
358.2364
358.2332
358.2296
358.2258
358.2214
358.2155
358.3649
358.3614
358.3584
358.3551
358.3518
358.3483
358.3444
358.3399
358.3623
358.3589
358.3558
358.3526
358.3493
358.3458
358.342
358.2385
358.2351
358.2321
358.2289
358.2257
358.2222
357.9981
357.9947
357.9917
357.9885
357.9853
357.6551
357.6519
357.6488
357.6457
357.2449
357.2417
357.2386
356.8376
356.8344
356.5254
356.1734
356.1705
356.1668
356.1609
356.2262
356.2236
356.2206
356.2168
356.2106
356.343
356.3404
356.3377
356.3346
356.3306
356.324
356.5456
356.5431
356.5404
356.5375
356.5342
356.53
356.5226
356.8559
356.8533
356.8506
356.8477
356.8445
356.8409
356.8363
356.8278
357.2617
357.2588
357.2559
357.2529
357.2497
357.2463
357.2423
357.2373
357.2275
357.6705
357.6672
357.6642
357.661
357.6578
357.6545
357.6508
357.6467
357.6413
357.6302
358.0084
358.005
358.0019
357.9987
357.9954
357.992
357.9882
357.9839
357.9782
358.2437
358.2402
358.2372
358.2339
358.2306
358.2271
358.2233
358.2189
358.3623
358.3589
358.3558
358.3526
358.3493
358.3458
358.342
358.3598
358.3564
358.3533
358.3501
358.3468
358.3433
358.236
358.2326
358.2296
358.2264
358.2232
357.9955
357.9922
357.9892
357.986
357.6526
357.6493
357.6463
357.2423
357.239
356.8349
356.1739
356.1713
356.1683
356.1646
356.1586
356.2267
356.2241
356.2214
356.2184
356.2145
356.2083
356.3434
356.3409
356.3383
356.3355
356.3323
356.3283
356.3216
356.546
356.5435
356.5409
356.5382
356.5352
356.5318
356.5275
356.52
356.8563
356.8537
356.851
356.8483
356.8453
356.8421
356.8384
356.8337
356.8251
357.2623
357.2593
357.2564
357.2534
357.2504
357.2472
357.2437
357.2398
357.2347
357.2248
357.6679
357.6646
357.6616
357.6585
357.6553
357.6519
357.6483
357.6441
357.6387
358.0058
358.0024
357.9993
357.9961
357.9929
357.9894
357.9857
357.9814
358.2411
358.2377
358.2346
358.2314
358.2281
358.2246
358.2209
358.3598
358.3564
358.3533
358.3501
358.3468
358.3433
358.3572
358.3538
358.3508
358.3476
358.3444
358.2335
358.2301
358.2271
358.2239
357.993
357.9897
357.9867
357.65
357.6468
357.2396
356.1743
356.1718
356.1691
356.1661
356.1623
356.1563
356.227
356.2245
356.222
356.2192
356.2161
356.2122
356.2059
356.3438
356.3413
356.3387
356.3361
356.3332
356.33
356.3259
356.3191
356.5464
356.5439
356.5413
356.5387
356.5359
356.5328
356.5294
356.525
356.5174
356.8569
356.8542
356.8515
356.8487
356.8459
356.8429
356.8396
356.8358
356.8311
356.8224
357.2599
357.2569
357.254
357.2509
357.2479
357.2446
357.2411
357.2372
357.232
357.6653
357.6621
357.6591
357.6559
357.6527
357.6494
357.6457
357.6416
358.0032
357.9998
357.9968
357.9936
357.9904
357.9869
357.9832
358.2385
358.2351
358.2321
358.2289
358.2257
358.2222
358.3572
358.3538
358.3508
358.3476
358.3444
358.3547
358.3513
358.3484
358.3452
358.231
358.2276
358.2247
357.9905
357.9872
357.6475
356.1747
356.1722
356.1696
356.1669
356.1638
356.16
356.1539
356.2274
356.2249
356.2224
356.2198
356.2169
356.2138
356.2098
356.2035
356.3442
356.3417
356.3391
356.3365
356.3338
356.3309
356.3276
356.3234
356.3166
356.5469
356.5443
356.5418
356.5391
356.5364
356.5335
356.5304
356.5268
356.5224
356.5147
356.8547
356.8519
356.8492
356.8464
356.8435
356.8404
356.837
356.8332
356.8283
357.2575
357.2544
357.2515
357.2484
357.2453
357.2421
357.2385
357.2345
357.6628
357.6595
357.6565
357.6533
357.6502
357.6468
357.6432
358.0006
357.9973
357.9942
357.991
357.9878
357.9844
358.236
358.2326
358.2296
358.2264
358.2232
358.3547
358.3513
358.3484
358.3452
358.3522
358.3489
358.3459
358.2285
358.2252
357.988
356.1751
356.1726
356.1701
356.1674
356.1646
356.1615
356.1576
356.1515
356.2278
356.2253
356.2228
356.2202
356.2175
356.2146
356.2114
356.2073
356.201
356.3446
356.3421
356.3395
356.3369
356.3343
356.3315
356.3285
356.3251
356.3208
356.3139
356.5448
356.5422
356.5395
356.5368
356.534
356.531
356.5279
356.5242
356.5197
356.8525
356.8496
356.8468
356.8439
356.8409
356.8378
356.8344
356.8305
357.255
357.2519
357.249
357.2459
357.2428
357.2394
357.2359
357.6602
357.657
357.654
357.6508
357.6476
357.6442
357.9981
357.9947
357.9917
357.9885
357.9853
358.2335
358.2301
358.2271
358.2239
358.3522
358.3489
358.3459
358.3498
358.3464
358.226
356.1755
356.173
356.1704
356.1678
356.1652
356.1623
356.1591
356.1551
356.149
356.2282
356.2257
356.2232
356.2205
356.2179
356.2152
356.2122
356.2089
356.2048
356.1984
356.3425
356.3399
356.3373
356.3346
356.3319
356.329
356.326
356.3225
356.3182
356.5426
356.5399
356.5372
356.5344
356.5315
356.5285
356.5252
356.5216
356.8502
356.8472
356.8444
356.8414
356.8384
356.8351
356.8317
357.2525
357.2494
357.2464
357.2433
357.2401
357.2368
357.6577
357.6544
357.6514
357.6482
357.6451
357.9955
357.9922
357.9892
357.986
358.231
358.2276
358.2247
358.3498
358.3464
358.3473
356.1759
356.1733
356.1708
356.1682
356.1656
356.1628
356.1599
356.1567
356.1527
356.1464
356.2261
356.2235
356.2209
356.2183
356.2156
356.2128
356.2098
356.2064
356.2023
356.3404
356.3377
356.3351
356.3323
356.3295
356.3266
356.3234
356.3199
356.5404
356.5376
356.5348
356.532
356.529
356.5259
356.5226
356.8478
356.8448
356.8419
356.8388
356.8357
356.8324
357.25
357.2468
357.2438
357.2407
357.2375
357.6551
357.6519
357.6488
357.6457
357.993
357.9897
357.9867
358.2285
358.2252
358.3473
356.1737
356.1712
356.1686
356.1659
356.1632
356.1605
356.1575
356.1542
356.1501
356.2239
356.2213
356.2187
356.2159
356.2132
356.2103
356.2073
356.2039
356.3381
356.3354
356.3327
356.3299
356.327
356.324
356.3208
356.5381
356.5352
356.5324
356.5294
356.5264
356.5232
356.8453
356.8423
356.8393
356.8362
356.833
357.2475
357.2443
357.2412
357.238
357.6526
357.6493
357.6463
357.9905
357.9872
358.226
356.1716
356.169
356.1663
356.1636
356.1609
356.158
356.155
356.1516
356.2217
356.219
356.2163
356.2136
356.2107
356.2078
356.2047
356.3359
356.3331
356.3303
356.3274
356.3245
356.3214
356.5357
356.5328
356.5299
356.5268
356.5237
356.8428
356.8397
356.8367
356.8335
357.2449
357.2417
357.2386
357.65
357.6468
357.988
356.1693
356.1667
356.164
356.1612
356.1584
356.1555
356.1525
356.2194
356.2167
356.214
356.2111
356.2082
356.2052
356.3335
356.3307
356.3278
356.3249
356.3219
356.5333
356.5303
356.5273
356.5241
356.8403
356.8371
356.8339
357.2423
357.239
357.6475
356.1671
356.1644
356.1616
356.1588
356.1559
356.153
356.2171
356.2143
356.2115
356.2086
356.2057
356.3311
356.3282
356.3253
356.3222
356.5307
356.5276
356.5246
356.8376
356.8344
357.2396
356.1648
356.162
356.1592
356.1563
356.1534
356.2147
356.2119
356.209
356.206
356.3286
356.3256
356.3227
356.5281
356.525
356.8349
356.1624
356.1596
356.1567
356.1538
356.2123
356.2094
356.2064
356.3261
356.323
356.5254
356.1599
356.1571
356.1542
356.2098
356.2068
356.3235
356.1575
356.1545
356.2072
356.1549
)
;

boundaryField
{
    electrolyteSides
    {
        type            zeroGradient;
    }
    electrolyte_to_fuel
    {
        type            zeroGradient;
    }
    electrolyte_to_air
    {
        type            zeroGradient;
    }
    procBoundary1to0
    {
        type            processor;
        value           uniform 356.15;
    }
    procBoundary1to2
    {
        type            processor;
        value           uniform 356.15;
    }
}
)

// processor2

18322
(dimensions      [0 0 0 1 0 0 0];

internalField   nonuniform List<scalar> 
2000
(
356.1764
356.2288
356.1768
356.1743
356.3453
356.2292
356.2267
356.1771
356.1747
356.1721
356.5477
356.3457
356.3432
356.2295
356.2271
356.2245
356.1775
356.175
356.1725
356.1699
356.858
356.5481
356.5457
356.346
356.3436
356.3411
356.2299
356.2274
356.2249
356.2223
356.1779
356.1754
356.1728
356.1703
356.1676
357.2638
356.8584
356.8558
356.5485
356.546
356.5435
356.3464
356.3439
356.3414
356.3388
356.2303
356.2278
356.2253
356.2227
356.2201
356.1783
356.1758
356.1732
356.1706
356.168
356.1653
357.6723
357.2642
357.2614
356.8588
356.8562
356.8536
356.5488
356.5464
356.5439
356.5413
356.3468
356.3443
356.3418
356.3392
356.3366
356.2307
356.2282
356.2256
356.223
356.2204
356.2177
356.1788
356.1762
356.1736
356.171
356.1684
356.1657
356.1629
358.0132
357.6728
357.6698
357.2646
357.2618
357.259
356.8591
356.8566
356.854
356.8513
356.5492
356.5467
356.5442
356.5417
356.539
356.3472
356.3447
356.3421
356.3396
356.3369
356.3342
356.2311
356.2286
356.226
356.2234
356.2208
356.2181
356.2153
356.1792
356.1766
356.174
356.1714
356.1687
356.166
356.1633
356.1605
358.2514
358.0137
358.0106
357.6732
357.6702
357.6672
357.2649
357.2622
357.2594
357.2565
356.8595
356.8569
356.8544
356.8517
356.8489
356.5496
356.5471
356.5446
356.542
356.5393
356.5366
356.3476
356.3451
356.3425
356.3399
356.3373
356.3346
356.3318
356.2316
356.229
356.2264
356.2238
356.2211
356.2184
356.2157
356.2129
356.1796
356.1771
356.1745
356.1718
356.1691
356.1664
356.1636
356.1609
356.158
358.3728
358.2519
358.2488
358.0141
358.0111
358.008
357.6735
357.6706
357.6677
357.6647
357.2653
357.2625
357.2598
357.257
357.254
356.8598
356.8573
356.8547
356.8521
356.8493
356.8465
356.55
356.5475
356.545
356.5423
356.5397
356.537
356.5341
356.348
356.3455
356.3429
356.3403
356.3376
356.3349
356.3322
356.3293
356.232
356.2294
356.2269
356.2242
356.2215
356.2188
356.216
356.2133
356.2104
356.1801
356.1775
356.1749
356.1722
356.1695
356.1668
356.164
356.1612
356.1584
356.1555
358.3728
358.3733
358.3701
358.2523
358.2493
358.2462
358.0144
358.0115
358.0085
358.0054
357.6739
357.6709
357.6681
357.6651
357.6621
357.2657
357.2629
357.2601
357.2573
357.2545
357.2515
356.8603
356.8577
356.8551
356.8524
356.8497
356.8469
356.844
356.5504
356.5479
356.5453
356.5427
356.54
356.5373
356.5345
356.5316
356.3485
356.3459
356.3434
356.3407
356.338
356.3353
356.3325
356.3297
356.3268
356.2324
356.2299
356.2273
356.2247
356.2219
356.2192
356.2164
356.2136
356.2107
356.2078
356.1779
356.1753
356.1727
356.17
356.1672
356.1644
356.1616
356.1587
356.1558
358.2514
358.3733
358.3701
358.3737
358.3707
358.3675
358.2526
358.2497
358.2467
358.2436
358.0148
358.0118
358.0089
358.0059
358.0028
357.6742
357.6713
357.6684
357.6655
357.6626
357.6596
357.2661
357.2633
357.2605
357.2576
357.2548
357.2519
357.249
356.8607
356.8581
356.8554
356.8528
356.85
356.8472
356.8444
356.8414
356.5509
356.5483
356.5458
356.5431
356.5404
356.5376
356.5349
356.532
356.529
356.3489
356.3464
356.3438
356.3411
356.3384
356.3357
356.3329
356.33
356.3272
356.3242
356.2303
356.2277
356.2251
356.2224
356.2196
356.2168
356.214
356.2111
356.2082
356.1758
356.1731
356.1704
356.1676
356.1648
356.162
356.1591
356.1562
358.0132
358.2519
358.2488
358.3737
358.3707
358.3675
358.374
358.3711
358.3681
358.3649
358.253
358.25
358.2471
358.2441
358.241
358.0151
358.0122
358.0092
358.0063
358.0033
358.0003
357.6746
357.6717
357.6687
357.6658
357.663
357.66
357.657
357.2665
357.2637
357.2608
357.258
357.2552
357.2523
357.2494
357.2464
356.8612
356.8585
356.8559
356.8531
356.8504
356.8476
356.8447
356.8418
356.8387
356.5513
356.5488
356.5462
356.5435
356.5408
356.538
356.5352
356.5323
356.5294
356.5263
356.3468
356.3442
356.3416
356.3389
356.3361
356.3333
356.3304
356.3275
356.3245
356.2282
356.2255
356.2228
356.22
356.2172
356.2144
356.2114
356.2085
356.1735
356.1708
356.1681
356.1653
356.1624
356.1595
356.1565
357.6723
358.0137
358.0106
358.2523
358.2493
358.2462
358.374
358.3711
358.3681
358.3649
358.3744
358.3714
358.3684
358.3655
358.3624
358.2533
358.2503
358.2474
358.2445
358.2415
358.2385
358.0155
358.0125
358.0096
358.0066
358.0037
358.0008
357.9977
357.675
357.6721
357.6691
357.6662
357.6633
357.6604
357.6575
357.6544
357.267
357.2641
357.2613
357.2584
357.2555
357.2526
357.2498
357.2468
357.2438
356.8616
356.859
356.8563
356.8536
356.8507
356.8479
356.8451
356.8422
356.8392
356.836
356.5492
356.5466
356.5439
356.5412
356.5384
356.5356
356.5327
356.5297
356.5267
356.3446
356.342
356.3393
356.3365
356.3337
356.3308
356.3278
356.3249
356.2259
356.2232
356.2205
356.2177
356.2148
356.2118
356.2089
356.1713
356.1685
356.1657
356.1628
356.1599
356.1569
357.2638
357.6728
357.6698
358.0141
358.0111
358.008
358.2526
358.2497
358.2467
358.2436
358.3744
358.3714
358.3684
358.3655
358.3624
358.3747
358.3717
358.3688
358.3659
358.3629
358.3599
358.2537
358.2507
358.2477
358.2448
358.2419
358.239
358.2359
358.0159
358.0129
358.0099
358.007
358.004
358.0012
357.9982
357.9952
357.6755
357.6725
357.6695
357.6665
357.6636
357.6607
357.6579
357.6549
357.6519
357.2674
357.2646
357.2617
357.2588
357.2559
357.253
357.2501
357.2472
357.2442
357.2411
356.8594
356.8567
356.854
356.8512
356.8483
356.8454
356.8425
356.8395
356.8364
356.5471
356.5444
356.5416
356.5389
356.536
356.533
356.5301
356.527
356.3424
356.3397
356.3369
356.3341
356.3312
356.3282
356.3252
356.2237
356.2209
356.2181
356.2152
356.2122
356.2093
356.1689
356.1661
356.1632
356.1603
356.1573
356.858
357.2642
357.2614
357.6732
357.6702
357.6672
358.0144
358.0115
358.0085
358.0054
358.253
358.25
358.2471
358.2441
358.241
358.3747
358.3717
358.3688
358.3659
358.3629
358.3599
358.3751
358.3721
358.3691
358.3662
358.3633
358.3604
358.3573
358.2541
358.2511
358.2481
358.2452
358.2422
358.2394
358.2365
358.2334
358.0164
358.0133
358.0103
358.0073
358.0044
358.0015
357.9986
357.9957
357.9927
357.676
357.673
357.6699
357.667
357.664
357.6611
357.6582
357.6553
357.6524
357.6493
357.265
357.2621
357.2592
357.2563
357.2534
357.2504
357.2475
357.2446
357.2416
356.8572
356.8544
356.8516
356.8487
356.8458
356.8428
356.8398
356.8368
356.5448
356.5421
356.5393
356.5364
356.5334
356.5304
356.5274
356.3401
356.3374
356.3345
356.3316
356.3286
356.3256
356.2213
356.2185
356.2156
356.2127
356.2097
356.1666
356.1637
356.1608
356.1578
356.5477
356.8584
356.8558
357.2646
357.2618
357.259
357.6735
357.6706
357.6677
357.6647
358.0148
358.0118
358.0089
358.0059
358.0028
358.2533
358.2503
358.2474
358.2445
358.2415
358.2385
358.3751
358.372
358.3691
358.3662
358.3633
358.3604
358.3573
358.3755
358.3725
358.3694
358.3665
358.3636
358.3608
358.3579
358.3548
358.2546
358.2515
358.2485
358.2455
358.2426
358.2397
358.2368
358.234
358.231
358.0169
358.0138
358.0107
358.0077
358.0047
358.0018
357.999
357.9961
357.9932
357.9902
357.6734
357.6704
357.6674
357.6644
357.6614
357.6585
357.6556
357.6527
357.6498
357.2626
357.2597
357.2567
357.2538
357.2508
357.2479
357.2449
357.2419
356.8549
356.8521
356.8491
356.8462
356.8432
356.8402
356.8371
356.5425
356.5397
356.5368
356.5339
356.5308
356.5278
356.3378
356.335
356.332
356.3291
356.326
356.2189
356.2161
356.2131
356.2101
356.1641
356.1612
356.1582
356.3453
356.5481
356.5457
356.8588
356.8562
356.8536
357.2649
357.2622
357.2594
357.2565
357.6738
357.6709
357.6681
357.6651
357.6621
358.0151
358.0121
358.0092
358.0063
358.0033
358.0003
358.2537
358.2507
358.2477
358.2448
358.2419
358.239
358.2359
358.3755
358.3725
358.3694
358.3665
358.3636
358.3608
358.3579
358.3548
358.376
358.3728
358.3698
358.3669
358.364
358.3611
358.3583
358.3554
358.3524
358.2551
358.252
358.2489
358.2459
358.2429
358.24
358.2372
358.2343
358.2315
358.2285
358.0143
358.0112
358.0081
358.0052
358.0022
357.9993
357.9964
357.9936
357.9907
357.6709
357.6679
357.6648
357.6619
357.6589
357.656
357.6531
357.6502
357.2601
357.2572
357.2542
357.2512
357.2482
357.2453
357.2422
356.8525
356.8496
356.8466
356.8437
356.8406
356.8375
356.5401
356.5373
356.5343
356.5313
356.5281
356.3354
356.3325
356.3295
356.3265
356.2165
356.2135
356.2105
356.1616
356.1587
356.2288
356.3457
356.3432
356.5485
356.546
356.5435
356.8591
356.8566
356.854
356.8513
357.2653
357.2625
357.2598
357.2569
357.254
357.6742
357.6713
357.6684
357.6655
357.6626
357.6596
358.0155
358.0125
358.0095
358.0066
358.0037
358.0008
357.9977
358.2541
358.2511
358.2481
358.2451
358.2422
358.2394
358.2365
358.2334
358.3759
358.3728
358.3698
358.3669
358.364
358.3611
358.3583
358.3554
358.3524
358.3764
358.3733
358.3702
358.3673
358.3643
358.3614
358.3586
358.3558
358.3529
358.3499
358.2524
358.2494
358.2463
358.2433
358.2404
358.2375
358.2347
358.2319
358.229
358.0117
358.0086
358.0055
358.0026
357.9996
357.9968
357.9939
357.9911
357.6683
357.6653
357.6623
357.6593
357.6563
357.6534
357.6505
357.2576
357.2547
357.2516
357.2487
357.2456
357.2426
356.85
356.8471
356.8441
356.841
356.8379
356.5377
356.5347
356.5317
356.5286
356.3329
356.3299
356.3269
356.214
356.211
356.1591
356.1764
356.2292
356.2267
356.346
356.3436
356.3411
356.5488
356.5464
356.5439
356.5413
356.8595
356.8569
356.8544
356.8517
356.8489
357.2657
357.2629
357.2601
357.2573
357.2545
357.2515
357.6746
357.6716
357.6687
357.6658
357.663
357.66
357.657
358.0159
358.0129
358.0099
358.007
358.004
358.0012
357.9982
357.9952
358.2546
358.2515
358.2485
358.2455
358.2426
358.2397
358.2368
358.234
358.231
358.3764
358.3733
358.3702
358.3673
358.3643
358.3614
358.3586
358.3558
358.3529
358.3499
358.3738
358.3707
358.3676
358.3647
358.3618
358.3589
358.3561
358.3533
358.3505
358.2498
358.2468
358.2437
358.2408
358.2379
358.235
358.2322
358.2294
358.0091
358.006
358.003
358.0001
357.9971
357.9943
357.9914
357.6658
357.6628
357.6597
357.6568
357.6538
357.6509
357.2551
357.2521
357.2491
357.246
357.243
356.8475
356.8445
356.8414
356.8383
356.5351
356.5321
356.529
356.3303
356.3273
356.2114
356.1768
356.1743
356.2295
356.2271
356.2245
356.3464
356.3439
356.3414
356.3388
356.5492
356.5467
356.5442
356.5417
356.539
356.8598
356.8573
356.8547
356.852
356.8493
356.8465
357.2661
357.2633
357.2605
357.2576
357.2548
357.2519
357.249
357.675
357.6721
357.6691
357.6662
357.6633
357.6604
357.6575
357.6544
358.0164
358.0133
358.0103
358.0073
358.0044
358.0015
357.9986
357.9957
357.9927
358.2551
358.2519
358.2489
358.2459
358.2429
358.24
358.2372
358.2343
358.2315
358.2285
358.3738
358.3707
358.3676
358.3647
358.3618
358.3589
358.3561
358.3533
358.3505
358.3712
358.3681
358.3651
358.3622
358.3593
358.3564
358.3536
358.3508
358.2472
358.2442
358.2412
358.2383
358.2353
358.2325
358.2297
358.0065
358.0035
358.0004
357.9975
357.9946
357.9918
357.6632
357.6602
357.6571
357.6542
357.6512
357.2526
357.2495
357.2464
357.2434
356.845
356.8419
356.8387
356.5325
356.5294
356.3277
356.1771
356.1747
356.1721
356.2299
356.2274
356.2249
356.2223
356.3468
356.3443
356.3418
356.3392
356.3366
356.5496
356.5471
356.5446
356.542
356.5393
356.5366
356.8603
356.8577
356.855
356.8524
356.8497
356.8469
356.844
357.2665
357.2637
357.2608
357.258
357.2551
357.2523
357.2494
357.2464
357.6755
357.6725
357.6695
357.6665
357.6636
357.6607
357.6578
357.6549
357.6519
358.0169
358.0138
358.0107
358.0077
358.0047
358.0018
357.999
357.9961
357.9932
357.9902
358.2524
358.2493
358.2463
358.2433
358.2404
358.2375
358.2347
358.2319
358.229
358.3712
358.3681
358.3651
358.3622
358.3593
358.3564
358.3536
358.3508
358.3686
358.3656
358.3625
358.3597
358.3568
358.354
358.3512
358.2447
358.2417
358.2386
358.2358
358.2329
358.2301
358.004
358.0009
357.9979
357.995
357.9921
357.6607
357.6576
357.6546
357.6516
357.25
357.2469
357.2438
356.8423
356.8392
356.5299
356.1775
356.175
356.1725
356.1699
356.2303
356.2278
356.2253
356.2227
356.2201
356.3472
356.3447
356.3421
356.3396
356.3369
356.3342
356.55
356.5475
356.5449
356.5423
356.5397
356.537
356.5341
356.8607
356.8581
356.8554
356.8527
356.85
356.8472
356.8444
356.8414
357.267
357.2641
357.2613
357.2584
357.2555
357.2526
357.2498
357.2468
357.2438
357.676
357.673
357.6699
357.667
357.664
357.6611
357.6582
357.6553
357.6524
357.6493
358.0143
358.0112
358.0081
358.0052
358.0022
357.9993
357.9964
357.9936
357.9907
358.2498
358.2468
358.2437
358.2408
358.2378
358.235
358.2322
358.2294
358.3686
358.3656
358.3625
358.3597
358.3568
358.354
358.3512
358.3661
358.363
358.36
358.3572
358.3543
358.3515
358.2421
358.2391
358.2361
358.2333
358.2304
358.0014
357.9984
357.9954
357.9925
357.6581
357.6551
357.652
357.2474
357.2443
356.8396
356.1779
356.1754
356.1728
356.1703
356.1676
356.2307
356.2282
356.2256
356.223
356.2204
356.2177
356.3476
356.3451
356.3425
356.3399
356.3373
356.3346
356.3318
356.5504
356.548
356.5453
356.5427
356.54
356.5373
356.5345
356.5316
356.8611
356.8585
356.8559
356.8531
356.8504
356.8476
356.8447
356.8418
356.8387
357.2674
357.2646
357.2617
357.2588
357.2559
357.253
357.2501
357.2472
357.2442
357.2411
357.6734
357.6704
357.6674
357.6644
357.6614
357.6585
357.6556
357.6527
357.6498
358.0117
358.0086
358.0055
358.0026
357.9996
357.9968
357.9939
357.9911
358.2472
358.2442
358.2412
358.2383
358.2353
358.2325
358.2297
358.3661
358.363
358.36
358.3572
358.3543
358.3515
358.3635
358.3605
358.3575
358.3547
358.3518
358.2396
358.2366
358.2337
358.2308
357.9989
357.9959
357.9929
357.6555
357.6525
357.2447
356.1783
356.1758
356.1732
356.1706
356.168
356.1653
356.2311
356.2286
356.226
356.2234
356.2208
356.2181
356.2153
356.348
356.3455
356.3429
356.3403
356.3376
356.3349
356.3322
356.3293
356.5509
356.5483
356.5458
356.5431
356.5404
356.5376
356.5349
356.532
356.529
356.8616
356.859
356.8563
356.8536
356.8507
356.8479
356.8451
356.8421
356.8392
356.836
357.265
357.2621
357.2592
357.2563
357.2534
357.2504
357.2475
357.2446
357.2416
357.6709
357.6678
357.6648
357.6619
357.6589
357.656
357.6531
357.6502
358.0091
358.006
358.003
358.0001
357.9971
357.9943
357.9914
358.2447
358.2416
358.2386
358.2358
358.2329
358.2301
358.3635
358.3605
358.3575
358.3547
358.3518
358.361
358.358
358.3551
358.3522
358.2371
358.2341
358.2312
357.9964
357.9934
357.653
356.1788
356.1762
356.1736
356.171
356.1683
356.1657
356.1629
356.2315
356.229
356.2264
356.2238
356.2211
356.2184
356.2157
356.2129
356.3485
356.3459
356.3434
356.3407
356.338
356.3353
356.3325
356.3297
356.3268
356.5513
356.5488
356.5462
356.5436
356.5408
356.538
356.5352
356.5323
356.5294
356.5263
356.8594
356.8567
356.854
356.8512
356.8483
356.8454
356.8425
356.8395
356.8364
357.2626
357.2597
357.2567
357.2538
357.2508
357.2479
357.2449
357.2419
357.6683
357.6653
357.6623
357.6593
357.6563
357.6534
357.6505
358.0065
358.0035
358.0004
357.9975
357.9946
357.9918
358.2421
358.2391
358.2361
358.2333
358.2304
358.361
358.358
358.3551
358.3522
358.3585
358.3556
358.3526
358.2346
358.2317
357.9939
356.1792
356.1766
356.174
356.1714
356.1687
356.166
356.1633
356.1605
356.232
356.2294
356.2269
356.2242
356.2215
356.2188
356.216
356.2133
356.2104
356.3489
356.3464
356.3438
356.3412
356.3384
356.3357
356.3329
356.33
356.3271
356.3242
356.5492
356.5466
356.5439
356.5412
356.5384
356.5356
356.5327
356.5297
356.5267
356.8572
356.8544
356.8516
356.8488
356.8458
356.8428
356.8398
356.8368
357.2601
357.2572
357.2542
357.2512
357.2482
357.2452
357.2422
357.6658
357.6627
357.6597
357.6568
357.6538
357.6509
358.004
358.0009
357.9979
357.995
357.9921
358.2396
358.2366
358.2336
358.2308
358.3585
358.3556
358.3526
358.356
358.3531
358.2322
356.1796
356.1771
356.1745
356.1718
356.1691
356.1664
356.1636
356.1609
356.158
356.2324
356.2299
356.2273
356.2247
356.2219
356.2192
356.2164
356.2136
356.2107
356.2078
356.3468
356.3442
356.3415
356.3389
356.3361
356.3333
356.3304
356.3275
356.3245
356.5471
356.5444
356.5416
356.5389
356.536
356.533
356.5301
356.527
356.8549
356.852
356.8491
356.8462
356.8432
356.8402
356.8371
357.2576
357.2547
357.2516
357.2487
357.2456
357.2426
357.6632
357.6602
357.6571
357.6542
357.6512
358.0014
357.9984
357.9954
357.9925
358.2371
358.2341
358.2312
358.356
358.3531
358.3536
356.1801
356.1775
356.1749
356.1723
356.1695
356.1668
356.164
356.1612
356.1584
356.1555
356.2303
356.2277
356.2251
356.2224
356.2196
356.2168
356.2139
356.2111
356.2082
356.3447
356.342
356.3393
356.3365
356.3336
356.3308
356.3278
356.3249
356.5448
356.5421
356.5393
356.5364
356.5334
356.5304
356.5274
356.8525
356.8496
356.8466
356.8437
356.8406
356.8375
357.2551
357.2521
357.2491
357.2461
357.243
357.6607
357.6576
357.6546
357.6516
357.9989
357.9959
357.9929
358.2346
358.2317
358.3536
356.1779
356.1753
356.1727
356.17
356.1672
356.1644
356.1616
356.1587
356.1558
356.2282
356.2255
356.2228
356.2201
356.2172
356.2143
356.2114
356.2085
356.3424
356.3397
356.3369
356.3341
356.3312
356.3282
356.3252
356.5425
356.5397
356.5368
356.5339
356.5308
356.5277
356.8501
356.8471
356.8441
356.841
356.8378
357.2526
357.2495
357.2464
357.2434
357.6581
357.6551
357.652
357.9964
357.9934
358.2322
356.1758
356.1731
356.1704
356.1677
356.1648
356.162
356.1591
356.1562
356.2259
356.2232
356.2204
356.2177
356.2147
356.2118
356.2089
356.3402
356.3374
356.3345
356.3316
356.3286
356.3256
356.5401
356.5373
356.5343
356.5313
356.5281
356.8475
356.8445
356.8414
356.8383
357.25
357.2469
357.2438
357.6556
357.6525
357.9939
356.1736
356.1708
356.1681
356.1653
356.1624
356.1595
356.1565
356.2237
356.2209
356.2181
356.2152
356.2122
356.2093
356.3378
356.335
356.332
356.3291
356.326
356.5377
356.5347
356.5317
356.5286
356.845
356.8419
356.8387
357.2474
357.2443
357.653
356.1713
356.1685
356.1657
356.1628
356.1599
356.1569
356.2213
356.2185
356.2156
356.2127
356.2097
356.3354
356.3325
356.3295
356.3265
356.5352
356.5321
356.529
356.8423
356.8391
357.2447
356.1689
356.1661
356.1632
356.1603
356.1573
356.2189
356.2161
356.2131
356.2101
356.3329
356.3299
356.3269
356.5326
356.5294
356.8396
356.1666
356.1637
356.1607
356.1578
356.2165
356.2135
356.2105
356.3304
356.3273
356.5299
356.1641
356.1612
356.1582
356.214
356.211
356.3277
356.1616
356.1586
356.2114
356.1591
)
;

boundaryField
{
    electrolyteSides
    {
        type            zeroGradient;
    }
    electrolyte_to_fuel
    {
        type            zeroGradient;
    }
    electrolyte_to_air
    {
        type            zeroGradient;
    }
    procBoundary2to1
    {
        type            processor;
        value           uniform 356.15;
    }
    procBoundary2to3
    {
        type            processor;
        value           uniform 356.15;
    }
}
)

// processor3

18194
(dimensions      [0 0 0 1 0 0 0];

internalField   nonuniform List<scalar> 
2000
(
356.1805
356.2329
356.181
356.1784
356.3493
356.2333
356.2308
356.1814
356.1788
356.1762
356.5518
356.3498
356.3472
356.2338
356.2312
356.2286
356.1818
356.1793
356.1767
356.174
356.862
356.5522
356.5497
356.3502
356.3477
356.3451
356.2342
356.2317
356.2291
356.2264
356.1823
356.1797
356.1771
356.1744
356.1717
357.2679
356.8625
356.8599
356.5526
356.5501
356.5475
356.3507
356.3481
356.3455
356.3429
356.2347
356.2321
356.2295
356.2268
356.2241
356.1827
356.1802
356.1776
356.1749
356.1722
356.1694
357.6765
357.2683
357.2655
356.8629
356.8603
356.8576
356.5531
356.5505
356.5479
356.5453
356.3511
356.3486
356.346
356.3433
356.3406
356.2351
356.2325
356.2299
356.2273
356.2246
356.2218
356.1832
356.1806
356.178
356.1753
356.1726
356.1698
356.167
358.0174
357.6769
357.6739
357.2687
357.2659
357.2631
356.8633
356.8607
356.858
356.8553
356.5535
356.551
356.5484
356.5457
356.543
356.3515
356.349
356.3464
356.3437
356.341
356.3382
356.2355
356.233
356.2304
356.2277
356.225
356.2222
356.2194
356.1836
356.181
356.1784
356.1758
356.173
356.1703
356.1675
356.1646
358.2556
358.0178
358.0148
357.6773
357.6743
357.6714
357.2692
357.2663
357.2635
357.2606
356.8638
356.8611
356.8585
356.8557
356.8529
356.5539
356.5514
356.5488
356.5461
356.5434
356.5406
356.352
356.3494
356.3468
356.3442
356.3415
356.3387
356.3358
356.236
356.2334
356.2308
356.2282
356.2254
356.2227
356.2198
356.2169
356.1839
356.1815
356.1789
356.1762
356.1735
356.1707
356.1679
356.165
356.1621
358.377
358.256
358.253
358.0182
358.0152
358.0122
357.6777
357.6748
357.6718
357.6688
357.2696
357.2668
357.2639
357.261
357.2581
356.8642
356.8616
356.8589
356.8562
356.8534
356.8505
356.5543
356.5518
356.5492
356.5466
356.5438
356.541
356.5381
356.3524
356.3499
356.3473
356.3446
356.3419
356.3391
356.3363
356.3333
356.2363
356.2339
356.2312
356.2286
356.2259
356.2231
356.2203
356.2174
356.2144
356.184
356.1818
356.1793
356.1766
356.1739
356.1712
356.1683
356.1655
356.1625
356.1595
358.377
358.3774
358.3744
358.2564
358.2534
358.2504
358.0187
358.0156
358.0126
358.0096
357.6782
357.6752
357.6722
357.6692
357.6663
357.27
357.2672
357.2643
357.2614
357.2585
357.2556
356.8646
356.862
356.8593
356.8566
356.8538
356.8509
356.848
356.5548
356.5523
356.5497
356.547
356.5443
356.5414
356.5386
356.5356
356.3527
356.3503
356.3477
356.345
356.3423
356.3395
356.3367
356.3338
356.3308
356.2364
356.2341
356.2317
356.229
356.2263
356.2235
356.2207
356.2178
356.2149
356.2119
356.1818
356.1796
356.1771
356.1744
356.1716
356.1688
356.1659
356.163
356.16
358.2556
358.3774
358.3744
358.3778
358.3748
358.3718
358.2568
358.2538
358.2508
358.2478
358.0191
358.016
358.013
358.01
358.007
357.6786
357.6756
357.6726
357.6697
357.6667
357.6637
357.2705
357.2676
357.2648
357.2619
357.2589
357.256
357.2531
356.865
356.8624
356.8598
356.857
356.8542
356.8513
356.8484
356.8454
356.5551
356.5527
356.5501
356.5474
356.5447
356.5419
356.539
356.536
356.533
356.3528
356.3506
356.3482
356.3455
356.3428
356.34
356.3371
356.3342
356.3312
356.3282
356.2342
356.232
356.2295
356.2267
356.224
356.2211
356.2183
356.2153
356.2123
356.1797
356.1774
356.1748
356.172
356.1692
356.1663
356.1634
356.1604
358.0174
358.256
358.253
358.3778
358.3748
358.3718
358.3782
358.3752
358.3722
358.3692
358.2573
358.2542
358.2512
358.2482
358.2452
358.0195
358.0165
358.0134
358.0104
358.0074
358.0045
357.6791
357.6761
357.6731
357.6701
357.6671
357.6641
357.6612
357.2709
357.2681
357.2652
357.2623
357.2594
357.2564
357.2535
357.2505
356.8653
356.8629
356.8602
356.8574
356.8547
356.8518
356.8488
356.8458
356.8428
356.5553
356.553
356.5505
356.5479
356.5451
356.5423
356.5394
356.5364
356.5334
356.5303
356.3507
356.3485
356.346
356.3432
356.3404
356.3376
356.3346
356.3317
356.3286
356.2321
356.2298
356.2272
356.2244
356.2216
356.2187
356.2157
356.2127
356.1774
356.1751
356.1725
356.1696
356.1668
356.1638
356.1609
357.6765
358.0178
358.0148
358.2564
358.2534
358.2504
358.3782
358.3752
358.3722
358.3692
358.3787
358.3756
358.3726
358.3696
358.3666
358.2577
358.2547
358.2516
358.2486
358.2456
358.2427
358.02
358.0169
358.0139
358.0109
358.0079
358.0049
358.002
357.6795
357.6765
357.6735
357.6705
357.6675
357.6645
357.6616
357.6586
357.2712
357.2685
357.2656
357.2627
357.2598
357.2569
357.2539
357.2509
357.2479
356.8656
356.8632
356.8606
356.8579
356.8551
356.8522
356.8493
356.8463
356.8432
356.84
356.5532
356.5508
356.5483
356.5455
356.5427
356.5399
356.5369
356.5338
356.5307
356.3486
356.3462
356.3437
356.3409
356.338
356.3351
356.3321
356.329
356.2298
356.2275
356.2249
356.222
356.2191
356.2162
356.2132
356.1752
356.1727
356.1701
356.1672
356.1643
356.1613
357.2679
357.6769
357.674
358.0182
358.0152
358.0122
358.2568
358.2538
358.2508
358.2478
358.3787
358.3756
358.3726
358.3696
358.3666
358.3791
358.376
358.373
358.37
358.367
358.3641
358.2582
358.2551
358.2521
358.249
358.246
358.2431
358.2402
358.0204
358.0174
358.0143
358.0113
358.0083
358.0053
358.0023
357.9994
357.6799
357.677
357.674
357.671
357.668
357.665
357.662
357.659
357.6561
357.2716
357.2688
357.2661
357.2632
357.2602
357.2573
357.2543
357.2513
357.2483
357.2452
356.8635
356.8609
356.8583
356.8555
356.8526
356.8497
356.8467
356.8436
356.8405
356.551
356.5486
356.546
356.5432
356.5403
356.5373
356.5343
356.5312
356.3464
356.344
356.3413
356.3384
356.3355
356.3325
356.3295
356.2276
356.2251
356.2225
356.2196
356.2166
356.2136
356.1728
356.1704
356.1677
356.1647
356.1617
356.8621
357.2683
357.2655
357.6773
357.6744
357.6714
358.0187
358.0156
358.0126
358.0096
358.2573
358.2542
358.2512
358.2482
358.2452
358.3791
358.376
358.373
358.37
358.367
358.3641
358.3795
358.3764
358.3734
358.3704
358.3674
358.3645
358.3616
358.2586
358.2556
358.2525
358.2495
358.2465
358.2435
358.2406
358.2377
358.0208
358.0178
358.0148
358.0117
358.0087
358.0057
358.0028
357.9998
357.9969
357.6804
357.6773
357.6744
357.6714
357.6684
357.6654
357.6624
357.6594
357.6565
357.6535
357.2692
357.2664
357.2636
357.2607
357.2577
357.2548
357.2517
357.2487
357.2456
356.8612
356.8586
356.8559
356.853
356.8501
356.8471
356.844
356.8409
356.5488
356.5463
356.5436
356.5407
356.5377
356.5347
356.5316
356.3441
356.3416
356.3389
356.336
356.333
356.3299
356.2252
356.2227
356.22
356.217
356.214
356.1705
356.1679
356.1652
356.1622
356.5518
356.8625
356.8599
357.2687
357.2659
357.2631
357.6777
357.6748
357.6718
357.6688
358.0191
358.016
358.013
358.01
358.0071
358.2577
358.2546
358.2516
358.2486
358.2456
358.2427
358.3795
358.3764
358.3734
358.3704
358.3674
358.3645
358.3616
358.38
358.3769
358.3738
358.3708
358.3678
358.3649
358.362
358.3591
358.259
358.256
358.2529
358.2499
358.2469
358.2439
358.241
358.2381
358.2352
358.0214
358.0182
358.0152
358.0122
358.0092
358.0062
358.0032
358.0002
357.9973
357.9944
357.6778
357.6748
357.6718
357.6688
357.6658
357.6629
357.6599
357.6569
357.6539
357.2668
357.2639
357.2611
357.2582
357.2552
357.2522
357.2491
357.246
356.8589
356.8562
356.8535
356.8505
356.8475
356.8445
356.8413
356.5465
356.5439
356.5412
356.5382
356.5351
356.532
356.3417
356.3392
356.3364
356.3334
356.3303
356.2228
356.2203
356.2175
356.2145
356.168
356.1654
356.1626
356.3494
356.5522
356.5497
356.8629
356.8603
356.8576
357.2692
357.2663
357.2635
357.2606
357.6782
357.6752
357.6722
357.6692
357.6663
358.0195
358.0165
358.0134
358.0104
358.0075
358.0045
358.2582
358.2551
358.252
358.249
358.246
358.2431
358.2402
358.38
358.3769
358.3738
358.3708
358.3678
358.3649
358.362
358.3591
358.3804
358.3774
358.3743
358.3713
358.3683
358.3653
358.3624
358.3595
358.3566
358.2597
358.2564
358.2534
358.2504
358.2473
358.2444
358.2414
358.2385
358.2356
358.2327
358.0188
358.0156
358.0126
358.0096
358.0066
358.0036
358.0007
357.9977
357.9948
357.6753
357.6722
357.6693
357.6663
357.6633
357.6603
357.6573
357.6543
357.2643
357.2615
357.2586
357.2556
357.2526
357.2496
357.2465
356.8565
356.8538
356.851
356.848
356.8449
356.8417
356.5441
356.5414
356.5386
356.5356
356.5324
356.3393
356.3367
356.3339
356.3308
356.2204
356.2178
356.2149
356.1655
356.1629
356.2329
356.3498
356.3473
356.5526
356.5501
356.5475
356.8633
356.8607
356.8581
356.8553
357.2696
357.2668
357.2639
357.261
357.2581
357.6786
357.6756
357.6726
357.6697
357.6667
357.6637
358.02
358.0169
358.0139
358.0109
358.0079
358.0049
358.002
358.2586
358.2555
358.2525
358.2495
358.2465
358.2435
358.2406
358.2377
358.3804
358.3774
358.3743
358.3713
358.3683
358.3653
358.3624
358.3595
358.3566
358.3811
358.3778
358.3748
358.3717
358.3687
358.3657
358.3628
358.3599
358.357
358.3542
358.2571
358.2538
358.2508
358.2478
358.2448
358.2418
358.2389
358.236
358.2331
358.0162
358.013
358.0101
358.0071
358.0041
358.0011
357.9981
357.9952
357.6727
357.6697
357.6667
357.6637
357.6607
357.6577
357.6547
357.2619
357.2589
357.256
357.253
357.25
357.2469
356.8541
356.8513
356.8484
356.8453
356.8422
356.5416
356.5389
356.536
356.5329
356.3368
356.3341
356.3312
356.2179
356.2152
356.163
356.1805
356.2334
356.2308
356.3502
356.3477
356.3451
356.5531
356.5505
356.548
356.5453
356.8637
356.8611
356.8585
356.8558
356.853
357.27
357.2672
357.2643
357.2614
357.2585
357.2556
357.679
357.676
357.6731
357.6701
357.6671
357.6641
357.6612
358.0204
358.0174
358.0143
358.0113
358.0083
358.0053
358.0024
357.9994
358.259
358.256
358.2529
358.2499
358.2469
358.2439
358.241
358.2381
358.2352
358.3811
358.3778
358.3748
358.3717
358.3687
358.3657
358.3628
358.3599
358.357
358.3542
358.3785
358.3752
358.3722
358.3692
358.3662
358.3632
358.3603
358.3574
358.3546
358.2545
358.2512
358.2482
358.2452
358.2423
358.2393
358.2364
358.2335
358.0136
358.0105
358.0075
358.0045
358.0015
357.9986
357.9956
357.6702
357.6671
357.6642
357.6612
357.6582
357.6552
357.2593
357.2564
357.2535
357.2504
357.2473
356.8516
356.8487
356.8457
356.8426
356.5391
356.5363
356.5333
356.3343
356.3315
356.2153
356.181
356.1784
356.2338
356.2312
356.2286
356.3506
356.3481
356.3456
356.3429
356.5535
356.551
356.5484
356.5457
356.543
356.8641
356.8615
356.8589
356.8562
356.8534
356.8505
357.2704
357.2676
357.2647
357.2619
357.259
357.256
357.2531
357.6795
357.6765
357.6735
357.6705
357.6675
357.6645
357.6616
357.6586
358.0208
358.0178
358.0148
358.0117
358.0087
358.0057
358.0028
357.9998
357.9969
358.2597
358.2564
358.2534
358.2503
358.2473
358.2443
358.2414
358.2385
358.2356
358.2327
358.3785
358.3752
358.3722
358.3692
358.3662
358.3632
358.3603
358.3574
358.3546
358.3759
358.3726
358.3696
358.3666
358.3636
358.3607
358.3578
358.355
358.2519
358.2487
358.2457
358.2427
358.2398
358.2368
358.2339
358.0111
358.0079
358.005
358.002
357.999
357.9961
357.6676
357.6646
357.6616
357.6586
357.6556
357.2568
357.2538
357.2508
357.2478
356.849
356.8461
356.843
356.5365
356.5336
356.3317
356.1814
356.1789
356.1762
356.2342
356.2317
356.2291
356.2264
356.3511
356.3486
356.346
356.3433
356.3406
356.5539
356.5514
356.5488
356.5461
356.5434
356.5406
356.8646
356.862
356.8593
356.8566
356.8538
356.8509
356.848
357.2709
357.268
357.2652
357.2623
357.2594
357.2564
357.2535
357.2505
357.6799
357.6769
357.6739
357.6709
357.668
357.665
357.662
357.659
357.6561
358.0214
358.0182
358.0152
358.0122
358.0091
358.0062
358.0032
358.0002
357.9973
357.9944
358.2571
358.2538
358.2508
358.2478
358.2448
358.2418
358.2389
358.236
358.2331
358.3759
358.3726
358.3696
358.3666
358.3636
358.3607
358.3578
358.355
358.3733
358.37
358.3671
358.3641
358.3612
358.3583
358.3554
358.2493
358.2461
358.2432
358.2402
358.2373
358.2344
358.0085
358.0054
358.0024
357.9995
357.9965
357.6651
357.662
357.6591
357.6561
357.2542
357.2512
357.2482
356.8463
356.8433
356.5338
356.1818
356.1793
356.1767
356.174
356.2346
356.2321
356.2295
356.2269
356.2241
356.3515
356.349
356.3464
356.3438
356.3411
356.3383
356.5543
356.5518
356.5492
356.5466
356.5438
356.541
356.5381
356.865
356.8624
356.8597
356.857
356.8542
356.8514
356.8484
356.8454
357.2712
357.2685
357.2656
357.2627
357.2598
357.2569
357.2539
357.2509
357.2479
357.6803
357.6773
357.6744
357.6714
357.6684
357.6654
357.6624
357.6594
357.6565
357.6535
358.0188
358.0156
358.0126
358.0096
358.0066
358.0036
358.0007
357.9977
357.9948
358.2545
358.2512
358.2482
358.2452
358.2422
358.2393
358.2364
358.2335
358.3733
358.37
358.3671
358.3641
358.3612
358.3583
358.3554
358.3707
358.3675
358.3646
358.3616
358.3587
358.3558
358.2468
358.2436
358.2407
358.2377
358.2348
358.006
358.0028
357.9999
357.997
357.6625
357.6594
357.6565
357.2516
357.2485
356.8436
356.1823
356.1797
356.1771
356.1745
356.1717
356.235
356.2325
356.2299
356.2273
356.2246
356.2218
356.3519
356.3494
356.3468
356.3442
356.3415
356.3387
356.3358
356.5548
356.5522
356.5496
356.547
356.5443
356.5414
356.5386
356.5356
356.8653
356.8628
356.8602
356.8574
356.8546
356.8518
356.8488
356.8458
356.8428
357.2716
357.2688
357.2661
357.2631
357.2602
357.2573
357.2543
357.2513
357.2483
357.2452
357.6778
357.6747
357.6718
357.6688
357.6658
357.6628
357.6599
357.6569
357.6539
358.0162
358.013
358.0101
358.007
358.004
358.0011
357.9981
357.9952
358.2519
358.2486
358.2457
358.2427
358.2397
358.2368
358.2339
358.3707
358.3675
358.3646
358.3616
358.3587
358.3558
358.3682
358.365
358.3621
358.3592
358.3562
358.2443
358.2411
358.2382
358.2353
358.0035
358.0003
357.9974
357.66
357.6569
357.2489
356.1827
356.1801
356.1775
356.1749
356.1722
356.1694
356.2355
356.2329
356.2303
356.2277
356.225
356.2222
356.2194
356.3524
356.3498
356.3472
356.3446
356.3419
356.3391
356.3363
356.3334
356.5551
356.5527
356.5501
356.5474
356.5447
356.5419
356.539
356.536
356.533
356.8656
356.8631
356.8606
356.8578
356.855
356.8522
356.8493
356.8463
356.8432
356.8401
357.2692
357.2664
357.2636
357.2607
357.2577
357.2547
357.2517
357.2487
357.2456
357.6752
357.6722
357.6693
357.6663
357.6633
357.6603
357.6573
357.6543
358.0136
358.0104
358.0075
358.0045
358.0015
357.9986
357.9956
358.2493
358.2461
358.2432
358.2402
358.2373
358.2344
358.3682
358.365
358.3621
358.3592
358.3562
358.3657
358.3625
358.3596
358.3567
358.2418
358.2386
358.2357
358.0009
357.9978
357.6574
356.1831
356.1806
356.178
356.1753
356.1726
356.1699
356.167
356.236
356.2334
356.2308
356.2281
356.2254
356.2227
356.2199
356.2169
356.3527
356.3503
356.3477
356.345
356.3423
356.3395
356.3367
356.3338
356.3308
356.5552
356.553
356.5505
356.5478
356.5451
356.5423
356.5394
356.5365
356.5334
356.5303
356.8634
356.8609
356.8583
356.8555
356.8526
356.8497
356.8467
356.8436
356.8405
357.2667
357.2639
357.2611
357.2581
357.2551
357.2521
357.2491
357.246
357.6727
357.6696
357.6667
357.6637
357.6607
357.6577
357.6547
358.011
358.0079
358.005
358.002
357.999
357.9961
358.2468
358.2436
358.2407
358.2377
358.2348
358.3657
358.3625
358.3596
358.3567
358.3632
358.36
358.3572
358.2393
358.2361
357.9984
356.1836
356.181
356.1784
356.1757
356.173
356.1703
356.1675
356.1646
356.2362
356.2339
356.2312
356.2285
356.2258
356.2231
356.2203
356.2174
356.2144
356.3528
356.3506
356.3482
356.3455
356.3427
356.34
356.3371
356.3342
356.3313
356.3282
356.5531
356.5508
356.5483
356.5455
356.5427
356.5398
356.5369
356.5338
356.5308
356.8612
356.8586
356.8559
356.853
356.8501
356.8471
356.844
356.8409
357.2643
357.2614
357.2586
357.2556
357.2526
357.2495
357.2465
357.6701
357.6671
357.6642
357.6612
357.6582
357.6552
358.0085
358.0053
358.0024
357.9995
357.9965
358.2442
358.2411
358.2382
358.2353
358.3632
358.36
358.3572
358.3607
358.3576
358.2368
356.1838
356.1815
356.1788
356.1762
356.1735
356.1707
356.1679
356.165
356.1621
356.2363
356.2341
356.2317
356.229
356.2263
356.2235
356.2207
356.2178
356.2149
356.2119
356.3507
356.3484
356.3459
356.3432
356.3404
356.3375
356.3346
356.3317
356.3286
356.551
356.5486
356.546
356.5431
356.5402
356.5373
356.5343
356.5312
356.8588
356.8562
356.8535
356.8505
356.8475
356.8444
356.8413
357.2618
357.2589
357.256
357.253
357.2499
357.2469
357.6676
357.6645
357.6616
357.6586
357.6556
358.0059
358.0028
357.9999
357.997
358.2417
358.2386
358.2357
358.3607
358.3576
358.3583
356.1839
356.1817
356.1793
356.1766
356.1739
356.1711
356.1683
356.1655
356.1625
356.1595
356.2342
356.2319
356.2295
356.2267
356.2239
356.2211
356.2183
356.2153
356.2123
356.3485
356.3462
356.3437
356.3408
356.338
356.3351
356.3321
356.329
356.5487
356.5463
356.5436
356.5407
356.5377
356.5347
356.5316
356.8565
356.8538
356.851
356.8479
356.8449
356.8417
357.2593
357.2563
357.2535
357.2504
357.2473
357.665
357.662
357.6591
357.656
358.0034
358.0003
357.9974
358.2392
358.2361
358.3583
356.1818
356.1795
356.1771
356.1743
356.1716
356.1687
356.1659
356.163
356.16
356.232
356.2297
356.2272
356.2244
356.2215
356.2187
356.2157
356.2127
356.3463
356.3439
356.3413
356.3384
356.3355
356.3325
356.3295
356.5464
356.5439
356.5411
356.5381
356.5351
356.532
356.854
356.8513
356.8484
356.8453
356.8421
357.2567
357.2538
357.2508
357.2477
357.6625
357.6594
357.6565
358.0009
357.9978
358.2368
356.1796
356.1773
356.1748
356.172
356.1692
356.1663
356.1634
356.1604
356.2298
356.2274
356.2248
356.222
356.2191
356.2161
356.2132
356.344
356.3416
356.3389
356.3359
356.3329
356.3299
356.544
356.5414
356.5386
356.5355
356.5324
356.8515
356.8487
356.8457
356.8426
357.2541
357.2512
357.2482
357.6599
357.6568
357.9984
356.1774
356.175
356.1725
356.1696
356.1667
356.1638
356.1609
356.2275
356.2251
356.2225
356.2195
356.2166
356.2136
356.3417
356.3391
356.3364
356.3334
356.3303
356.5416
356.5389
356.536
356.5328
356.8489
356.846
356.843
357.2515
357.2485
357.6573
356.1751
356.1727
356.1701
356.1672
356.1642
356.1613
356.2252
356.2227
356.22
356.217
356.214
356.3392
356.3367
356.3338
356.3307
356.539
356.5363
356.5333
356.8463
356.8433
357.2489
356.1728
356.1703
356.1676
356.1647
356.1617
356.2228
356.2203
356.2175
356.2144
356.3368
356.3341
356.3312
356.5364
356.5336
356.8436
356.1704
356.1679
356.1651
356.1621
356.2203
356.2177
356.2149
356.3342
356.3315
356.5338
356.1679
356.1654
356.1626
356.2178
356.2152
356.3316
356.1655
356.1628
356.2152
356.1629
)
;

boundaryField
{
    electrolyteSides
    {
        type            zeroGradient;
    }
    electrolyte_to_fuel
    {
        type            zeroGradient;
    }
    electrolyte_to_air
    {
        type            zeroGradient;
    }
    procBoundary3to2
    {
        type            processor;
        value           uniform 356.15;
    }
}
)

// processor4

316
(dimensions      [0 0 0 1 0 0 0];

internalField   nonuniform List<scalar> 0();

boundaryField
{
    electrolyteSides
    {
        type            zeroGradient;
    }
    electrolyte_to_fuel
    {
        type            zeroGradient;
    }
    electrolyte_to_air
    {
        type            zeroGradient;
    }
}
)

// processor5

316
(dimensions      [0 0 0 1 0 0 0];

internalField   nonuniform List<scalar> 0();

boundaryField
{
    electrolyteSides
    {
        type            zeroGradient;
    }
    electrolyte_to_fuel
    {
        type            zeroGradient;
    }
    electrolyte_to_air
    {
        type            zeroGradient;
    }
}
)

// processor6

316
(dimensions      [0 0 0 1 0 0 0];

internalField   nonuniform List<scalar> 0();

boundaryField
{
    electrolyteSides
    {
        type            zeroGradient;
    }
    electrolyte_to_fuel
    {
        type            zeroGradient;
    }
    electrolyte_to_air
    {
        type            zeroGradient;
    }
}
)

// processor7

316
(dimensions      [0 0 0 1 0 0 0];

internalField   nonuniform List<scalar> 0();

boundaryField
{
    electrolyteSides
    {
        type            zeroGradient;
    }
    electrolyte_to_fuel
    {
        type            zeroGradient;
    }
    electrolyte_to_air
    {
        type            zeroGradient;
    }
}
)
