/*--------------------------------*- C++ -*----------------------------------*\
| =========                 |                                                 |
| \\      /  F ield         | OpenFOAM: The Open Source CFD Toolbox           |
|  \\    /   O peration     | Version:  2306                                  |
|   \\  /    A nd           | Website:  www.openfoam.com                      |
|    \\/     M anipulation  |                                                 |
\*---------------------------------------------------------------------------*/
FoamFile
{
    version     2.0;
    format      binary;
    arch        "LSB;label=32;scalar=64";
    class       decomposedBlockData;
    object      cellRegionAddressing;
    data.format     ascii;
    data.class      labelList;
}
// * * * * * * * * * * * * * * * * * * * * * * * * * * * * * * * * * * * * * //


// processor0

21087
(FoamFile
{
    version     2.0;
    format      ascii;
    arch        "LSB;label=32;scalar=64";
    class       labelList;
    location    "1/interconnect/polyMesh";
    object      cellRegionAddressing;
}

4000
(
0
1
2
3
4
5
6
7
8
9
10
11
12
13
14
15
16
17
18
19
20
21
22
23
24
25
26
27
28
29
30
31
32
33
34
35
36
37
38
39
40
41
42
43
44
45
46
47
48
49
50
51
52
53
54
55
56
57
58
59
60
61
62
63
64
65
66
67
68
69
70
71
72
73
74
75
76
77
78
79
80
81
82
83
84
85
86
87
88
89
90
91
92
93
94
95
96
97
98
99
100
101
102
103
104
105
106
107
108
109
110
111
112
113
114
115
116
117
118
119
120
121
122
123
124
125
126
127
128
129
130
131
132
133
134
135
136
137
138
139
140
141
142
143
144
145
146
147
148
149
150
151
152
153
154
155
156
157
158
159
160
161
162
163
164
165
166
167
168
169
170
171
172
173
174
175
176
177
178
179
180
181
182
183
184
185
186
187
188
189
190
191
192
193
194
195
196
197
198
199
200
201
202
203
204
205
206
207
208
209
210
211
212
213
214
215
216
217
218
219
220
221
222
223
224
225
226
227
228
229
230
231
232
233
234
235
236
237
238
239
241
242
243
244
245
246
247
248
249
250
251
252
253
254
255
256
257
258
259
260
261
262
263
264
265
266
267
268
269
270
271
272
273
274
275
276
277
278
279
280
281
282
283
284
285
286
287
288
289
290
291
292
293
294
295
296
297
298
299
300
301
302
303
304
306
307
308
309
310
313
314
315
316
317
318
319
320
321
322
323
324
325
326
327
328
329
330
331
332
333
334
335
336
337
338
339
340
341
342
343
344
345
346
347
348
349
350
351
352
353
354
355
356
357
358
359
360
361
362
363
364
365
366
367
368
369
370
371
372
373
374
375
376
377
378
379
381
382
383
384
385
388
389
390
391
392
396
397
398
399
400
401
402
403
404
405
406
407
408
409
410
411
412
413
414
415
416
417
418
419
420
421
422
423
424
425
426
427
428
429
430
431
432
433
434
435
436
437
438
439
440
441
442
443
444
445
446
447
448
449
450
451
452
453
454
455
456
457
458
459
460
461
462
463
464
466
467
468
469
470
473
474
475
476
477
481
482
483
484
485
490
491
492
493
494
495
496
497
498
499
500
501
502
503
504
505
506
507
508
509
510
511
512
513
514
515
516
517
518
519
520
521
522
523
524
525
526
527
528
529
530
531
532
533
534
535
536
537
538
539
540
541
542
543
544
545
546
547
548
549
550
551
552
553
554
555
556
557
558
559
561
562
563
564
565
568
569
570
571
572
576
577
578
579
580
585
586
587
588
589
595
596
597
598
599
600
601
602
603
604
605
606
607
608
609
610
611
612
613
614
615
616
617
618
619
620
621
622
623
624
625
626
627
628
629
630
631
632
633
634
635
636
637
638
639
640
641
642
643
644
645
646
647
648
649
650
651
652
653
654
655
656
657
658
659
660
661
662
663
664
666
667
668
669
670
673
674
675
676
677
681
682
683
684
685
690
691
692
693
694
700
701
702
703
710
711
712
713
714
715
716
717
718
719
720
721
722
723
724
725
726
727
728
729
730
731
732
733
734
735
736
737
738
739
740
741
742
743
744
745
746
747
748
749
750
751
752
753
754
755
756
757
758
760
761
762
763
764
765
766
767
768
769
770
771
772
773
774
775
776
777
778
779
781
782
783
784
785
788
789
790
791
792
796
797
798
799
800
805
806
807
808
809
815
816
817
818
825
826
827
835
836
837
838
839
840
841
842
843
844
845
846
847
848
849
850
851
852
853
854
855
856
857
858
859
860
861
862
863
864
865
866
867
868
869
870
871
872
873
875
876
877
878
879
880
881
882
885
886
887
888
889
890
891
892
893
894
895
896
897
898
899
900
901
902
903
904
906
907
908
909
910
913
914
915
916
917
921
922
923
924
925
930
931
932
933
934
940
941
942
943
950
951
952
960
961
970
971
972
973
974
975
976
977
978
979
980
981
982
983
984
985
986
987
988
989
990
991
992
993
994
995
996
997
998
1000
1001
1002
1003
1004
1005
1006
1007
1010
1011
1012
1013
1014
1015
1016
1020
1021
1022
1023
1024
1025
1026
1027
1028
1029
1030
1031
1032
1033
1034
1035
1036
1037
1038
1039
1041
1042
1043
1044
1045
1048
1049
1050
1051
1052
1056
1057
1058
1059
1060
1065
1066
1067
1068
1069
1075
1076
1077
1078
1085
1086
1087
1095
1096
1105
1115
1116
1117
1118
1119
1120
1121
1122
1123
1124
1125
1126
1127
1128
1129
1130
1131
1132
1133
1135
1136
1137
1138
1139
1140
1141
1142
1145
1146
1147
1148
1149
1150
1151
1155
1156
1157
1158
1159
1160
1165
1166
1167
1168
1169
1170
1171
1172
1173
1174
1175
1176
1177
1178
1179
1180
1181
1182
1183
1184
1186
1187
1188
1189
1190
1193
1194
1195
1196
1197
1201
1202
1203
1204
1205
1210
1211
1212
1213
1214
1220
1221
1222
1223
1230
1231
1232
1240
1241
1250
1270
1271
1272
1273
1274
1275
1276
1277
1278
1280
1281
1282
1283
1284
1285
1286
1287
1290
1291
1292
1293
1294
1295
1296
1300
1301
1302
1303
1304
1305
1310
1311
1312
1313
1314
1320
1321
1322
1323
1324
1325
1326
1327
1328
1329
1330
1331
1332
1333
1334
1335
1336
1337
1338
1339
1340
1341
1342
1343
1344
1347
1348
1349
1350
1351
1355
1356
1357
1358
1359
1364
1365
1366
1367
1368
1374
1375
1376
1377
1384
1385
1386
1394
1395
1404
1434
1435
1436
1437
1438
1439
1440
1441
1444
1445
1446
1447
1448
1449
1450
1454
1455
1456
1457
1458
1459
1464
1465
1466
1467
1468
1474
1475
1476
1477
1484
1485
1486
1487
1488
1489
1490
1491
1492
1493
1494
1495
1496
1497
1498
1499
1500
1501
1502
1503
1504
1505
1506
1507
1508
1509
1510
1511
1512
1513
1517
1518
1519
1520
1521
1526
1527
1528
1529
1530
1536
1537
1538
1539
1546
1547
1548
1556
1557
1566
1606
1607
1608
1609
1610
1611
1612
1616
1617
1618
1619
1620
1621
1626
1627
1628
1629
1630
1636
1637
1638
1639
1646
1647
1648
1656
1657
1658
1659
1660
1661
1662
1663
1664
1665
1666
1667
1668
1669
1670
1671
1672
1673
1674
1675
1676
1677
1678
1679
1680
1681
1682
1683
1684
1685
1686
1687
1688
1689
1690
1695
1696
1697
1698
1699
1705
1706
1707
1708
1715
1716
1717
1725
1726
1735
1785
1786
1787
1788
1789
1790
1795
1796
1797
1798
1799
1805
1806
1807
1808
1815
1816
1817
1825
1826
1835
1836
1837
1838
1839
1840
1841
1842
1843
1844
1845
1846
1847
1848
1849
1850
1851
1852
1853
1854
1855
1856
1857
1858
1859
1860
1861
1862
1863
1864
1865
1866
1867
1868
1869
1870
1871
1872
1873
1874
1880
1881
1882
1883
1890
1891
1892
1900
1901
1910
1970
1971
1972
1973
1974
1980
1981
1982
1983
1990
1991
1992
2000
2001
2010
2020
2021
2022
2023
2024
2025
2026
2027
2028
2029
2030
2031
2032
2033
2034
2035
2036
2037
2038
2039
2040
2041
2042
2043
2044
2045
2046
2047
2048
2049
2050
2051
2052
2053
2054
2055
2056
2057
2058
2059
2060
2061
2062
2063
2070
2071
2072
2080
2081
2090
2160
2161
2162
2163
2170
2171
2172
2180
2181
2190
2210
2211
2212
2213
2214
2215
2216
2217
2218
2219
2220
2221
2222
2223
2224
2225
2226
2227
2228
2229
2230
2231
2232
2233
2234
2235
2236
2237
2238
2239
2240
2241
2242
2243
2244
2245
2246
2247
2248
2249
2250
2251
2252
2253
2254
2255
2256
2264
2265
2274
2354
2355
2356
2364
2365
2374
2404
2405
2406
2407
2408
2409
2410
2411
2412
2413
2414
2415
2416
2417
2418
2419
2420
2421
2422
2423
2424
2425
2426
2427
2428
2429
2430
2431
2432
2433
2434
2435
2436
2437
2438
2439
2440
2441
2442
2443
2444
2445
2446
2447
2448
2449
2450
2451
2452
2461
2551
2552
2561
2601
2602
2603
2604
2605
2606
2607
2608
2609
2610
2611
2612
2613
2614
2615
2616
2617
2618
2619
2620
2621
2622
2623
2624
2625
2626
2627
2628
2629
2630
2631
2632
2633
2634
2635
2636
2637
2638
2639
2640
2641
2642
2643
2644
2645
2646
2647
2648
2649
2650
2750
2800
2801
2802
2803
2804
2805
2806
2807
2808
2809
2810
2811
2812
2813
2814
2815
2816
2817
2818
2819
2820
2821
2822
2823
2824
2825
2826
2827
2828
2829
2830
2831
2832
2833
2834
2835
2836
2837
2838
2839
2840
2841
2842
2843
2844
2845
2846
2847
2848
2849
3000
3001
3002
3003
3004
3005
3006
3007
3008
3009
3010
3011
3012
3013
3014
3015
3016
3017
3018
3019
3020
3021
3022
3023
3024
3025
3026
3027
3028
3029
3030
3031
3032
3033
3034
3035
3036
3037
3038
3039
3040
3041
3042
3043
3044
3045
3046
3047
3048
3049
3200
3201
3202
3203
3204
3205
3206
3207
3208
3209
3210
3211
3212
3213
3214
3215
3216
3217
3218
3219
3220
3221
3222
3223
3224
3225
3226
3227
3228
3229
3230
3231
3232
3233
3234
3235
3236
3237
3238
3239
3240
3241
3242
3243
3244
3245
3246
3247
3248
3400
3401
3402
3403
3404
3405
3406
3407
3408
3409
3410
3411
3412
3413
3414
3415
3416
3417
3418
3419
3420
3421
3422
3423
3424
3425
3426
3427
3428
3429
3430
3431
3432
3433
3434
3435
3436
3437
3438
3440
3441
3442
3443
3444
3445
3446
3447
3600
3601
3602
3603
3604
3605
3606
3607
3608
3609
3610
3611
3612
3613
3614
3615
3616
3617
3618
3619
3620
3621
3622
3623
3624
3625
3626
3627
3628
3630
3631
3632
3633
3634
3635
3636
3637
3640
3641
3642
3643
3644
3645
3646
3800
3801
3802
3803
3804
3805
3806
3807
3808
3809
3810
3811
3812
3813
3814
3815
3816
3817
3818
3820
3821
3822
3823
3824
3825
3826
3827
3830
3831
3832
3833
3834
3835
3836
3840
3841
3842
3843
3844
3845
4000
4001
4002
4003
4004
4005
4006
4007
4008
4010
4011
4012
4013
4014
4015
4016
4017
4020
4021
4022
4023
4024
4025
4026
4030
4031
4032
4033
4034
4035
4040
4041
4042
4043
4044
4200
4201
4202
4203
4204
4205
4206
4207
4210
4211
4212
4213
4214
4215
4216
4220
4221
4222
4223
4224
4225
4230
4231
4232
4233
4234
4240
4241
4242
4243
4400
4401
4402
4403
4404
4405
4406
4410
4411
4412
4413
4414
4415
4420
4421
4422
4423
4424
4430
4431
4432
4433
4440
4441
4442
4600
4601
4602
4603
4604
4605
4610
4611
4612
4613
4614
4620
4621
4622
4623
4630
4631
4632
4640
4641
4800
4801
4802
4803
4804
4810
4811
4812
4813
4820
4821
4822
4830
4831
4840
5000
5001
5002
5003
5010
5011
5012
5020
5021
5030
5200
5201
5202
5210
5211
5220
5400
5401
5410
5600
8399
8589
8598
8599
8779
8788
8789
8797
8798
8799
8969
8978
8979
8987
8988
8989
8996
8997
8998
8999
9159
9168
9169
9177
9178
9179
9186
9187
9188
9189
9195
9196
9197
9198
9199
9358
9359
9367
9368
9369
9376
9377
9378
9379
9385
9386
9387
9388
9389
9394
9395
9396
9397
9398
9399
9557
9558
9559
9566
9567
9568
9569
9575
9576
9577
9578
9579
9584
9585
9586
9587
9588
9589
9593
9594
9595
9596
9597
9598
9599
9756
9757
9758
9759
9765
9766
9767
9768
9769
9774
9775
9776
9777
9778
9779
9783
9784
9785
9786
9787
9788
9789
9792
9793
9794
9795
9796
9797
9798
9799
9955
9956
9957
9958
9959
9964
9965
9966
9967
9968
9969
9973
9974
9975
9976
9977
9978
9979
9982
9983
9984
9985
9986
9987
9988
9989
9991
9992
9993
9994
9995
9996
9997
9998
9999
10154
10155
10156
10157
10158
10159
10163
10164
10165
10166
10167
10168
10169
10172
10173
10174
10175
10176
10177
10178
10179
10181
10182
10183
10184
10185
10186
10187
10188
10189
10190
10191
10192
10193
10194
10195
10196
10197
10198
10199
10353
10354
10355
10356
10357
10358
10359
10362
10363
10364
10365
10366
10367
10368
10369
10371
10372
10373
10374
10375
10376
10377
10378
10379
10380
10381
10382
10383
10384
10385
10386
10387
10388
10389
10390
10391
10392
10393
10394
10395
10396
10397
10398
10399
10552
10553
10554
10555
10556
10557
10558
10559
10561
10562
10563
10564
10565
10566
10567
10568
10569
10570
10571
10572
10573
10574
10575
10576
10577
10578
10579
10580
10581
10582
10583
10584
10585
10586
10587
10588
10589
10590
10591
10592
10593
10594
10595
10596
10597
10598
10599
10751
10752
10753
10754
10755
10756
10757
10758
10759
10760
10761
10762
10763
10764
10765
10766
10767
10768
10769
10770
10771
10772
10773
10774
10775
10776
10777
10778
10779
10780
10781
10782
10783
10784
10785
10786
10787
10788
10789
10790
10791
10792
10793
10794
10795
10796
10797
10798
10799
10950
10951
10952
10953
10954
10955
10956
10957
10958
10959
10960
10961
10962
10963
10964
10965
10966
10967
10968
10969
10970
10971
10972
10973
10974
10975
10976
10977
10978
10979
10980
10981
10982
10983
10984
10985
10986
10987
10988
10989
10990
10991
10992
10993
10994
10995
10996
10997
10998
10999
11150
11151
11152
11153
11154
11155
11156
11157
11158
11159
11160
11161
11162
11163
11164
11165
11166
11167
11168
11169
11170
11171
11172
11173
11174
11175
11176
11177
11178
11179
11180
11181
11182
11183
11184
11185
11186
11187
11188
11189
11190
11191
11192
11193
11194
11195
11196
11197
11198
11199
11249
11349
11350
11351
11352
11353
11354
11355
11356
11357
11358
11359
11360
11361
11362
11363
11364
11365
11366
11367
11368
11369
11370
11371
11372
11373
11374
11375
11376
11377
11378
11379
11380
11381
11382
11383
11384
11385
11386
11387
11388
11389
11390
11391
11392
11393
11394
11395
11396
11397
11398
11438
11447
11448
11538
11547
11548
11549
11550
11551
11552
11553
11554
11555
11556
11557
11558
11559
11560
11561
11562
11563
11564
11565
11566
11567
11568
11569
11570
11571
11572
11573
11574
11575
11576
11577
11578
11579
11580
11581
11582
11583
11584
11585
11586
11587
11588
11589
11590
11591
11592
11593
11594
11595
11625
11634
11635
11643
11644
11645
11725
11734
11735
11743
11744
11745
11746
11747
11748
11749
11750
11751
11752
11753
11754
11755
11756
11757
11758
11759
11760
11761
11762
11763
11764
11765
11766
11767
11768
11769
11770
11771
11772
11773
11774
11775
11776
11777
11778
11779
11780
11781
11782
11783
11784
11785
11786
11787
11788
11789
11809
11818
11819
11827
11828
11829
11836
11837
11838
11839
11909
11918
11919
11927
11928
11929
11936
11937
11938
11939
11940
11941
11942
11943
11944
11945
11946
11947
11948
11949
11950
11951
11952
11953
11954
11955
11956
11957
11958
11959
11960
11961
11962
11963
11964
11965
11966
11967
11968
11969
11970
11971
11972
11973
11974
11975
11976
11977
11978
11979
11989
11998
11999
12007
12008
12009
12016
12017
12018
12019
12025
12026
12027
12028
12029
12089
12098
12099
12107
12108
12109
12116
12117
12118
12119
12125
12126
12127
12128
12129
12130
12131
12132
12133
12134
12135
12136
12137
12138
12139
12140
12141
12142
12143
12144
12145
12146
12147
12148
12149
12150
12151
12152
12153
12154
12155
12156
12157
12158
12159
12160
12161
12162
12163
12164
12173
12174
12182
12183
12184
12191
12192
12193
12194
12200
12201
12202
12203
12204
12209
12210
12211
12212
12213
12214
12264
12273
12274
12282
12283
12284
12291
12292
12293
12294
12300
12301
12302
12303
12304
12309
12310
12311
12312
12313
12314
12315
12316
12317
12318
12319
12320
12321
12322
12323
12324
12325
12326
12327
12328
12329
12330
12331
12332
12333
12334
12335
12336
12337
12338
12339
12340
12341
12342
12343
12351
12352
12353
12360
12361
12362
12363
12369
12370
12371
12372
12373
12378
12379
12380
12381
12382
12383
12387
12388
12389
12390
12391
12392
12393
12433
12442
12443
12451
12452
12453
12460
12461
12462
12463
12469
12470
12471
12472
12473
12478
12479
12480
12481
12482
12486
12487
12488
12489
12490
12491
12492
12493
12494
12495
12496
12497
12498
12499
12500
12501
12502
12503
12504
12505
12506
12507
12508
12509
12510
12511
12512
12513
12514
12515
12522
12523
12524
12525
12531
12532
12533
12534
12535
12540
12541
12542
12543
12544
12545
12549
12550
12551
12552
12553
12554
12555
12558
12559
12560
12561
12562
12563
12564
12565
12595
12604
12605
12613
12614
12615
12622
12623
12624
12625
12631
12632
12633
12634
12635
12640
12641
12642
12643
12644
12648
12649
12650
12651
12652
12655
12656
12657
12658
12659
12660
12661
12662
12663
12664
12665
12666
12667
12668
12669
12670
12671
12672
12673
12674
12675
12676
12677
12678
12679
12685
12686
12687
12688
12689
12694
12695
12696
12697
12698
12699
12703
12704
12705
12706
12707
12708
12709
12712
12713
12714
12715
12716
12717
12718
12719
12721
12722
12723
12724
12725
12726
12727
12728
12729
12749
12758
12759
12767
12768
12769
12776
12777
12778
12779
12785
12786
12787
12788
12789
12794
12795
12796
12797
12798
12802
12803
12804
12805
12806
12809
12810
12811
12812
12813
12815
12816
12817
12818
12819
12820
12821
12822
12823
12824
12825
12826
12827
12828
12829
12830
12831
12832
12833
12834
12839
12840
12841
12842
12843
12844
12848
12849
12850
12851
12852
12853
12854
12857
12858
12859
12860
12861
12862
12863
12864
12866
12867
12868
12869
12870
12871
12872
12873
12874
12875
12876
12877
12878
12879
12880
12881
12882
12883
12884
12894
12903
12904
12912
12913
12914
12921
12922
12923
12924
12930
12931
12932
12933
12934
12939
12940
12941
12942
12943
12947
12948
12949
12950
12951
12954
12955
12956
12957
12958
12960
12961
12962
12963
12964
12965
12966
12967
12968
12969
12970
12971
12972
12973
12974
12975
12976
12977
12978
12979
12983
12984
12985
12986
12987
12988
12989
12992
12993
12994
12995
12996
12997
12998
12999
13001
13002
13003
13004
13005
13006
13007
13008
13009
13010
13011
13012
13013
13014
13015
13016
13017
13018
13019
13020
13021
13022
13023
13024
13025
13026
13027
13028
13029
13038
13039
13047
13048
13049
13056
13057
13058
13059
13065
13066
13067
13068
13069
13074
13075
13076
13077
13078
13082
13083
13084
13085
13086
13089
13090
13091
13092
13093
13095
13096
13097
13098
13099
13100
13101
13102
13103
13104
13105
13106
13107
13108
13109
13110
13111
13112
13113
13114
13117
13118
13119
13120
13121
13122
13123
13124
13126
13127
13128
13129
13130
13131
13132
13133
13134
13135
13136
13137
13138
13139
13140
13141
13142
13143
13144
13145
13146
13147
13148
13149
13150
13151
13152
13153
13154
13155
13156
13157
13158
13159
13160
13161
13162
13163
13164
13172
13173
13174
13181
13182
13183
13184
13190
13191
13192
13193
13194
13199
13200
13201
13202
13203
13207
13208
13209
13210
13211
13214
13215
13216
13217
13218
13220
13221
13222
13223
13224
13225
13226
13227
13228
13229
13230
13231
13232
13233
13234
13235
13236
13237
13238
13239
13241
13242
13243
13244
13245
13246
13247
13248
13249
13250
13251
13252
13253
13254
13255
13256
13257
13258
13259
13260
13261
13262
13263
13264
13265
13266
13267
13268
13269
13270
13271
13272
13273
13274
13275
13276
13277
13278
13279
13280
13281
13282
13283
13284
13285
13286
13287
13288
13289
13296
13297
13298
13299
13305
13306
13307
13308
13309
13314
13315
13316
13317
13318
13322
13323
13324
13325
13326
13329
13330
13331
13332
13333
13335
13336
13337
13338
13339
13340
13341
13342
13343
13344
13345
13346
13347
13348
13349
13350
13351
13352
13353
13354
13355
13356
13357
13358
13359
13360
13361
13362
13363
13364
13365
13366
13367
13368
13369
13370
13371
13372
13373
13374
13375
13376
13377
13378
13379
13380
13381
13382
13383
13384
13385
13386
13387
13388
13389
13390
13391
13392
13393
13394
13395
13396
13397
13398
13399
13400
13401
13402
13403
13404
13410
13411
13412
13413
13414
13419
13420
13421
13422
13423
13427
13428
13429
13430
13431
13434
13435
13436
13437
13438
13440
13441
13442
13443
13444
13445
13446
13447
13448
13449
13450
13451
13452
13453
13454
13455
13456
13457
13458
13459
13460
13461
13462
13463
13464
13465
13466
13467
13468
13469
13470
13471
13472
13473
13474
13475
13476
13477
13478
13479
13480
13481
13482
13483
13484
13485
13486
13487
13488
13489
13490
13491
13492
13493
13494
13495
13496
13497
13498
13499
13500
13501
13502
13503
13504
13505
13506
13507
13508
13509
13514
13515
13516
13517
13518
13522
13523
13524
13525
13526
13529
13530
13531
13532
13533
13535
13536
13537
13538
13539
13540
13541
13542
13543
13544
13545
13546
13547
13548
13549
13550
13551
13552
13553
13554
13555
13556
13557
13558
13559
13560
13561
13562
13563
13564
13565
13566
13567
13568
13569
13570
13571
13572
13573
13574
13575
13576
13577
13578
13579
13580
13581
13582
13583
13584
13585
13586
13587
13588
13589
13590
13591
13592
13593
13594
13595
13596
13597
13598
13599
13600
13601
13602
13603
13607
13608
13609
13610
13611
13614
13615
13616
13617
13618
13620
13621
13622
13623
13624
13625
13626
13627
13628
13629
13630
13631
13632
13633
13634
13635
13636
13637
13638
13639
13640
13641
13642
13643
13644
13645
13646
13647
13648
13649
13650
13651
13652
13653
13654
13655
13656
13657
13658
13659
13660
13661
13662
13663
13664
13665
13666
13667
13668
13669
13670
13671
13672
13673
13674
13675
13676
13677
13678
13679
13680
13681
13682
13683
13684
13685
13686
13689
13690
13691
13692
13693
13695
13696
13697
13698
13699
13700
13701
13702
13703
13704
13705
13706
13707
13708
13709
13710
13711
13712
13713
13714
13715
13716
13717
13718
13719
13720
13721
13722
13723
13724
13725
13726
13727
13728
13729
13730
13731
13732
13733
13734
13735
13736
13737
13738
13739
13740
13741
13742
13743
13744
13745
13746
13747
13748
13749
13750
13751
13752
13753
13754
13755
13756
13757
13758
13760
13761
13762
13763
13764
13765
13766
13767
13768
13769
13770
13771
13772
13773
13774
13775
13776
13777
13778
13779
13780
13781
13782
13783
13784
13785
13786
13787
13788
13789
13790
13791
13792
13793
13794
13795
13796
13797
13798
13799
13800
13801
13802
13803
13804
13805
13806
13807
13808
13809
13810
13811
13812
13813
13814
13815
13816
13817
13818
13819
13820
13821
13822
13823
13824
13825
13826
13827
13828
13829
13830
13831
13832
13833
13834
13835
13836
13837
13838
13839
13840
13841
13842
13843
13844
13845
13846
13847
13848
13849
13850
13851
13852
13853
13854
13855
13856
13857
13858
13859
13860
13861
13862
13863
13864
13865
13866
13867
13868
13869
13870
13871
13872
13873
13874
13875
13876
13877
13878
13879
13880
13881
13882
13883
13884
13885
13886
13887
13888
13889
13890
13891
13892
13893
13894
13895
13896
13897
13898
13899
13900
13901
13902
13903
13904
13905
13906
13907
13908
13909
13910
13911
13912
13913
13914
13915
13916
13917
13918
13919
13920
13921
13922
13923
13924
13925
13926
13927
13928
13929
13930
13931
13932
13933
13934
13935
13936
13937
13938
13939
13940
13941
13942
13943
13944
13945
13946
13947
13948
13949
13950
13951
13952
13953
13954
13955
13956
13957
13958
13959
13960
13961
13962
13963
13964
13965
13966
13967
13968
13969
13970
13971
13972
13973
13974
13975
13976
13977
13978
13979
13980
13981
13982
13983
13984
13985
13986
13987
13988
13989
13990
13991
13992
13993
13994
13995
13996
13997
13998
13999
)
)

// processor1

20880
(
4000
(
0
1
2
3
4
5
6
7
8
9
10
11
12
13
14
15
16
17
18
19
20
21
22
23
24
25
26
27
28
29
30
31
32
33
34
35
36
37
38
39
40
41
42
43
44
45
46
47
48
49
50
51
52
53
54
55
56
57
58
59
60
61
62
63
64
65
66
67
68
69
70
71
72
73
74
75
76
77
78
79
80
81
82
83
84
85
86
87
88
89
90
91
92
93
94
95
96
97
98
99
100
101
102
103
104
105
106
107
108
109
110
111
112
113
114
115
116
117
118
119
120
121
122
123
124
125
126
127
128
129
130
131
132
133
134
135
136
137
138
139
140
141
142
143
144
145
146
147
148
149
150
151
152
153
154
155
156
157
158
159
160
161
162
163
164
165
166
167
168
169
170
171
172
173
174
175
176
177
178
179
180
181
182
183
184
185
186
187
188
189
190
191
192
193
194
195
196
197
198
199
200
201
202
203
204
205
206
207
208
209
210
211
212
213
214
215
216
217
218
219
220
221
222
223
224
225
226
227
228
229
230
231
232
233
234
235
236
237
238
239
241
242
243
244
245
246
247
248
249
250
251
252
253
254
255
256
257
258
259
260
261
262
263
264
265
266
267
268
269
270
271
272
273
274
275
276
277
278
279
280
281
282
283
284
285
286
287
288
289
290
291
292
293
294
295
296
297
298
299
300
301
302
303
304
306
307
308
309
310
313
314
315
316
317
318
319
320
321
322
323
324
325
326
327
328
329
330
331
332
333
334
335
336
337
338
339
340
341
342
343
344
345
346
347
348
349
350
351
352
353
354
355
356
357
358
359
360
361
362
363
364
365
366
367
368
369
370
371
372
373
374
375
376
377
378
379
381
382
383
384
385
388
389
390
391
392
396
397
398
399
400
401
402
403
404
405
406
407
408
409
410
411
412
413
414
415
416
417
418
419
420
421
422
423
424
425
426
427
428
429
430
431
432
433
434
435
436
437
438
439
440
441
442
443
444
445
446
447
448
449
450
451
452
453
454
455
456
457
458
459
460
461
462
463
464
466
467
468
469
470
473
474
475
476
477
481
482
483
484
485
490
491
492
493
494
495
496
497
498
499
500
501
502
503
504
505
506
507
508
509
510
511
512
513
514
515
516
517
518
519
520
521
522
523
524
525
526
527
528
529
530
531
532
533
534
535
536
537
538
539
540
541
542
543
544
545
546
547
548
549
550
551
552
553
554
555
556
557
558
559
561
562
563
564
565
568
569
570
571
572
576
577
578
579
580
585
586
587
588
589
595
596
597
598
599
600
601
602
603
604
605
606
607
608
609
610
611
612
613
614
615
616
617
618
619
620
621
622
623
624
625
626
627
628
629
630
631
632
633
634
635
636
637
638
639
640
641
642
643
644
645
646
647
648
649
650
651
652
653
654
655
656
657
658
659
660
661
662
663
664
666
667
668
669
670
673
674
675
676
677
681
682
683
684
685
690
691
692
693
694
700
701
702
703
710
711
712
713
714
715
716
717
718
719
720
721
722
723
724
725
726
727
728
729
730
731
732
733
734
735
736
737
738
739
740
741
742
743
744
745
746
747
748
749
750
751
752
753
754
755
756
757
758
760
761
762
763
764
765
766
767
768
769
770
771
772
773
774
775
776
777
778
779
781
782
783
784
785
788
789
790
791
792
796
797
798
799
800
805
806
807
808
809
815
816
817
818
825
826
827
835
836
837
838
839
840
841
842
843
844
845
846
847
848
849
850
851
852
853
854
855
856
857
858
859
860
861
862
863
864
865
866
867
868
869
870
871
872
873
875
876
877
878
879
880
881
882
885
886
887
888
889
890
891
892
893
894
895
896
897
898
899
900
901
902
903
904
906
907
908
909
910
913
914
915
916
917
921
922
923
924
925
930
931
932
933
934
940
941
942
943
950
951
952
960
961
970
971
972
973
974
975
976
977
978
979
980
981
982
983
984
985
986
987
988
989
990
991
992
993
994
995
996
997
998
1000
1001
1002
1003
1004
1005
1006
1007
1010
1011
1012
1013
1014
1015
1016
1020
1021
1022
1023
1024
1025
1026
1027
1028
1029
1030
1031
1032
1033
1034
1035
1036
1037
1038
1039
1041
1042
1043
1044
1045
1048
1049
1050
1051
1052
1056
1057
1058
1059
1060
1065
1066
1067
1068
1069
1075
1076
1077
1078
1085
1086
1087
1095
1096
1105
1115
1116
1117
1118
1119
1120
1121
1122
1123
1124
1125
1126
1127
1128
1129
1130
1131
1132
1133
1135
1136
1137
1138
1139
1140
1141
1142
1145
1146
1147
1148
1149
1150
1151
1155
1156
1157
1158
1159
1160
1165
1166
1167
1168
1169
1170
1171
1172
1173
1174
1175
1176
1177
1178
1179
1180
1181
1182
1183
1184
1186
1187
1188
1189
1190
1193
1194
1195
1196
1197
1201
1202
1203
1204
1205
1210
1211
1212
1213
1214
1220
1221
1222
1223
1230
1231
1232
1240
1241
1250
1270
1271
1272
1273
1274
1275
1276
1277
1278
1280
1281
1282
1283
1284
1285
1286
1287
1290
1291
1292
1293
1294
1295
1296
1300
1301
1302
1303
1304
1305
1310
1311
1312
1313
1314
1320
1321
1322
1323
1324
1325
1326
1327
1328
1329
1330
1331
1332
1333
1334
1335
1336
1337
1338
1339
1340
1341
1342
1343
1344
1347
1348
1349
1350
1351
1355
1356
1357
1358
1359
1364
1365
1366
1367
1368
1374
1375
1376
1377
1384
1385
1386
1394
1395
1404
1434
1435
1436
1437
1438
1439
1440
1441
1444
1445
1446
1447
1448
1449
1450
1454
1455
1456
1457
1458
1459
1464
1465
1466
1467
1468
1474
1475
1476
1477
1484
1485
1486
1487
1488
1489
1490
1491
1492
1493
1494
1495
1496
1497
1498
1499
1500
1501
1502
1503
1504
1505
1506
1507
1508
1509
1510
1511
1512
1513
1517
1518
1519
1520
1521
1526
1527
1528
1529
1530
1536
1537
1538
1539
1546
1547
1548
1556
1557
1566
1606
1607
1608
1609
1610
1611
1612
1616
1617
1618
1619
1620
1621
1626
1627
1628
1629
1630
1636
1637
1638
1639
1646
1647
1648
1656
1657
1658
1659
1660
1661
1662
1663
1664
1665
1666
1667
1668
1669
1670
1671
1672
1673
1674
1675
1676
1677
1678
1679
1680
1681
1682
1683
1684
1685
1686
1687
1688
1689
1690
1695
1696
1697
1698
1699
1705
1706
1707
1708
1715
1716
1717
1725
1726
1735
1785
1786
1787
1788
1789
1790
1795
1796
1797
1798
1799
1805
1806
1807
1808
1815
1816
1817
1825
1826
1835
1836
1837
1838
1839
1840
1841
1842
1843
1844
1845
1846
1847
1848
1849
1850
1851
1852
1853
1854
1855
1856
1857
1858
1859
1860
1861
1862
1863
1864
1865
1866
1867
1868
1869
1870
1871
1872
1873
1874
1880
1881
1882
1883
1890
1891
1892
1900
1901
1910
1970
1971
1972
1973
1974
1980
1981
1982
1983
1990
1991
1992
2000
2001
2010
2020
2021
2022
2023
2024
2025
2026
2027
2028
2029
2030
2031
2032
2033
2034
2035
2036
2037
2038
2039
2040
2041
2042
2043
2044
2045
2046
2047
2048
2049
2050
2051
2052
2053
2054
2055
2056
2057
2058
2059
2060
2061
2062
2063
2070
2071
2072
2080
2081
2090
2160
2161
2162
2163
2170
2171
2172
2180
2181
2190
2210
2211
2212
2213
2214
2215
2216
2217
2218
2219
2220
2221
2222
2223
2224
2225
2226
2227
2228
2229
2230
2231
2232
2233
2234
2235
2236
2237
2238
2239
2240
2241
2242
2243
2244
2245
2246
2247
2248
2249
2250
2251
2252
2253
2254
2255
2256
2264
2265
2274
2354
2355
2356
2364
2365
2374
2404
2405
2406
2407
2408
2409
2410
2411
2412
2413
2414
2415
2416
2417
2418
2419
2420
2421
2422
2423
2424
2425
2426
2427
2428
2429
2430
2431
2432
2433
2434
2435
2436
2437
2438
2439
2440
2441
2442
2443
2444
2445
2446
2447
2448
2449
2450
2451
2452
2461
2551
2552
2561
2601
2602
2603
2604
2605
2606
2607
2608
2609
2610
2611
2612
2613
2614
2615
2616
2617
2618
2619
2620
2621
2622
2623
2624
2625
2626
2627
2628
2629
2630
2631
2632
2633
2634
2635
2636
2637
2638
2639
2640
2641
2642
2643
2644
2645
2646
2647
2648
2649
2650
2750
2800
2801
2802
2803
2804
2805
2806
2807
2808
2809
2810
2811
2812
2813
2814
2815
2816
2817
2818
2819
2820
2821
2822
2823
2824
2825
2826
2827
2828
2829
2830
2831
2832
2833
2834
2835
2836
2837
2838
2839
2840
2841
2842
2843
2844
2845
2846
2847
2848
2849
3000
3001
3002
3003
3004
3005
3006
3007
3008
3009
3010
3011
3012
3013
3014
3015
3016
3017
3018
3019
3020
3021
3022
3023
3024
3025
3026
3027
3028
3029
3030
3031
3032
3033
3034
3035
3036
3037
3038
3039
3040
3041
3042
3043
3044
3045
3046
3047
3048
3049
3200
3201
3202
3203
3204
3205
3206
3207
3208
3209
3210
3211
3212
3213
3214
3215
3216
3217
3218
3219
3220
3221
3222
3223
3224
3225
3226
3227
3228
3229
3230
3231
3232
3233
3234
3235
3236
3237
3238
3239
3240
3241
3242
3243
3244
3245
3246
3247
3248
3400
3401
3402
3403
3404
3405
3406
3407
3408
3409
3410
3411
3412
3413
3414
3415
3416
3417
3418
3419
3420
3421
3422
3423
3424
3425
3426
3427
3428
3429
3430
3431
3432
3433
3434
3435
3436
3437
3438
3440
3441
3442
3443
3444
3445
3446
3447
3600
3601
3602
3603
3604
3605
3606
3607
3608
3609
3610
3611
3612
3613
3614
3615
3616
3617
3618
3619
3620
3621
3622
3623
3624
3625
3626
3627
3628
3630
3631
3632
3633
3634
3635
3636
3637
3640
3641
3642
3643
3644
3645
3646
3800
3801
3802
3803
3804
3805
3806
3807
3808
3809
3810
3811
3812
3813
3814
3815
3816
3817
3818
3820
3821
3822
3823
3824
3825
3826
3827
3830
3831
3832
3833
3834
3835
3836
3840
3841
3842
3843
3844
3845
4000
4001
4002
4003
4004
4005
4006
4007
4008
4010
4011
4012
4013
4014
4015
4016
4017
4020
4021
4022
4023
4024
4025
4026
4030
4031
4032
4033
4034
4035
4040
4041
4042
4043
4044
4200
4201
4202
4203
4204
4205
4206
4207
4210
4211
4212
4213
4214
4215
4216
4220
4221
4222
4223
4224
4225
4230
4231
4232
4233
4234
4240
4241
4242
4243
4400
4401
4402
4403
4404
4405
4406
4410
4411
4412
4413
4414
4415
4420
4421
4422
4423
4424
4430
4431
4432
4433
4440
4441
4442
4600
4601
4602
4603
4604
4605
4610
4611
4612
4613
4614
4620
4621
4622
4623
4630
4631
4632
4640
4641
4800
4801
4802
4803
4804
4810
4811
4812
4813
4820
4821
4822
4830
4831
4840
5000
5001
5002
5003
5010
5011
5012
5020
5021
5030
5200
5201
5202
5210
5211
5220
5400
5401
5410
5600
8399
8589
8598
8599
8779
8788
8789
8797
8798
8799
8969
8978
8979
8987
8988
8989
8996
8997
8998
8999
9159
9168
9169
9177
9178
9179
9186
9187
9188
9189
9195
9196
9197
9198
9199
9358
9359
9367
9368
9369
9376
9377
9378
9379
9385
9386
9387
9388
9389
9394
9395
9396
9397
9398
9399
9557
9558
9559
9566
9567
9568
9569
9575
9576
9577
9578
9579
9584
9585
9586
9587
9588
9589
9593
9594
9595
9596
9597
9598
9599
9756
9757
9758
9759
9765
9766
9767
9768
9769
9774
9775
9776
9777
9778
9779
9783
9784
9785
9786
9787
9788
9789
9792
9793
9794
9795
9796
9797
9798
9799
9955
9956
9957
9958
9959
9964
9965
9966
9967
9968
9969
9973
9974
9975
9976
9977
9978
9979
9982
9983
9984
9985
9986
9987
9988
9989
9991
9992
9993
9994
9995
9996
9997
9998
9999
10154
10155
10156
10157
10158
10159
10163
10164
10165
10166
10167
10168
10169
10172
10173
10174
10175
10176
10177
10178
10179
10181
10182
10183
10184
10185
10186
10187
10188
10189
10190
10191
10192
10193
10194
10195
10196
10197
10198
10199
10353
10354
10355
10356
10357
10358
10359
10362
10363
10364
10365
10366
10367
10368
10369
10371
10372
10373
10374
10375
10376
10377
10378
10379
10380
10381
10382
10383
10384
10385
10386
10387
10388
10389
10390
10391
10392
10393
10394
10395
10396
10397
10398
10399
10552
10553
10554
10555
10556
10557
10558
10559
10561
10562
10563
10564
10565
10566
10567
10568
10569
10570
10571
10572
10573
10574
10575
10576
10577
10578
10579
10580
10581
10582
10583
10584
10585
10586
10587
10588
10589
10590
10591
10592
10593
10594
10595
10596
10597
10598
10599
10751
10752
10753
10754
10755
10756
10757
10758
10759
10760
10761
10762
10763
10764
10765
10766
10767
10768
10769
10770
10771
10772
10773
10774
10775
10776
10777
10778
10779
10780
10781
10782
10783
10784
10785
10786
10787
10788
10789
10790
10791
10792
10793
10794
10795
10796
10797
10798
10799
10950
10951
10952
10953
10954
10955
10956
10957
10958
10959
10960
10961
10962
10963
10964
10965
10966
10967
10968
10969
10970
10971
10972
10973
10974
10975
10976
10977
10978
10979
10980
10981
10982
10983
10984
10985
10986
10987
10988
10989
10990
10991
10992
10993
10994
10995
10996
10997
10998
10999
11150
11151
11152
11153
11154
11155
11156
11157
11158
11159
11160
11161
11162
11163
11164
11165
11166
11167
11168
11169
11170
11171
11172
11173
11174
11175
11176
11177
11178
11179
11180
11181
11182
11183
11184
11185
11186
11187
11188
11189
11190
11191
11192
11193
11194
11195
11196
11197
11198
11199
11249
11349
11350
11351
11352
11353
11354
11355
11356
11357
11358
11359
11360
11361
11362
11363
11364
11365
11366
11367
11368
11369
11370
11371
11372
11373
11374
11375
11376
11377
11378
11379
11380
11381
11382
11383
11384
11385
11386
11387
11388
11389
11390
11391
11392
11393
11394
11395
11396
11397
11398
11438
11447
11448
11538
11547
11548
11549
11550
11551
11552
11553
11554
11555
11556
11557
11558
11559
11560
11561
11562
11563
11564
11565
11566
11567
11568
11569
11570
11571
11572
11573
11574
11575
11576
11577
11578
11579
11580
11581
11582
11583
11584
11585
11586
11587
11588
11589
11590
11591
11592
11593
11594
11595
11625
11634
11635
11643
11644
11645
11725
11734
11735
11743
11744
11745
11746
11747
11748
11749
11750
11751
11752
11753
11754
11755
11756
11757
11758
11759
11760
11761
11762
11763
11764
11765
11766
11767
11768
11769
11770
11771
11772
11773
11774
11775
11776
11777
11778
11779
11780
11781
11782
11783
11784
11785
11786
11787
11788
11789
11809
11818
11819
11827
11828
11829
11836
11837
11838
11839
11909
11918
11919
11927
11928
11929
11936
11937
11938
11939
11940
11941
11942
11943
11944
11945
11946
11947
11948
11949
11950
11951
11952
11953
11954
11955
11956
11957
11958
11959
11960
11961
11962
11963
11964
11965
11966
11967
11968
11969
11970
11971
11972
11973
11974
11975
11976
11977
11978
11979
11989
11998
11999
12007
12008
12009
12016
12017
12018
12019
12025
12026
12027
12028
12029
12089
12098
12099
12107
12108
12109
12116
12117
12118
12119
12125
12126
12127
12128
12129
12130
12131
12132
12133
12134
12135
12136
12137
12138
12139
12140
12141
12142
12143
12144
12145
12146
12147
12148
12149
12150
12151
12152
12153
12154
12155
12156
12157
12158
12159
12160
12161
12162
12163
12164
12173
12174
12182
12183
12184
12191
12192
12193
12194
12200
12201
12202
12203
12204
12209
12210
12211
12212
12213
12214
12264
12273
12274
12282
12283
12284
12291
12292
12293
12294
12300
12301
12302
12303
12304
12309
12310
12311
12312
12313
12314
12315
12316
12317
12318
12319
12320
12321
12322
12323
12324
12325
12326
12327
12328
12329
12330
12331
12332
12333
12334
12335
12336
12337
12338
12339
12340
12341
12342
12343
12351
12352
12353
12360
12361
12362
12363
12369
12370
12371
12372
12373
12378
12379
12380
12381
12382
12383
12387
12388
12389
12390
12391
12392
12393
12433
12442
12443
12451
12452
12453
12460
12461
12462
12463
12469
12470
12471
12472
12473
12478
12479
12480
12481
12482
12486
12487
12488
12489
12490
12491
12492
12493
12494
12495
12496
12497
12498
12499
12500
12501
12502
12503
12504
12505
12506
12507
12508
12509
12510
12511
12512
12513
12514
12515
12522
12523
12524
12525
12531
12532
12533
12534
12535
12540
12541
12542
12543
12544
12545
12549
12550
12551
12552
12553
12554
12555
12558
12559
12560
12561
12562
12563
12564
12565
12595
12604
12605
12613
12614
12615
12622
12623
12624
12625
12631
12632
12633
12634
12635
12640
12641
12642
12643
12644
12648
12649
12650
12651
12652
12655
12656
12657
12658
12659
12660
12661
12662
12663
12664
12665
12666
12667
12668
12669
12670
12671
12672
12673
12674
12675
12676
12677
12678
12679
12685
12686
12687
12688
12689
12694
12695
12696
12697
12698
12699
12703
12704
12705
12706
12707
12708
12709
12712
12713
12714
12715
12716
12717
12718
12719
12721
12722
12723
12724
12725
12726
12727
12728
12729
12749
12758
12759
12767
12768
12769
12776
12777
12778
12779
12785
12786
12787
12788
12789
12794
12795
12796
12797
12798
12802
12803
12804
12805
12806
12809
12810
12811
12812
12813
12815
12816
12817
12818
12819
12820
12821
12822
12823
12824
12825
12826
12827
12828
12829
12830
12831
12832
12833
12834
12839
12840
12841
12842
12843
12844
12848
12849
12850
12851
12852
12853
12854
12857
12858
12859
12860
12861
12862
12863
12864
12866
12867
12868
12869
12870
12871
12872
12873
12874
12875
12876
12877
12878
12879
12880
12881
12882
12883
12884
12894
12903
12904
12912
12913
12914
12921
12922
12923
12924
12930
12931
12932
12933
12934
12939
12940
12941
12942
12943
12947
12948
12949
12950
12951
12954
12955
12956
12957
12958
12960
12961
12962
12963
12964
12965
12966
12967
12968
12969
12970
12971
12972
12973
12974
12975
12976
12977
12978
12979
12983
12984
12985
12986
12987
12988
12989
12992
12993
12994
12995
12996
12997
12998
12999
13001
13002
13003
13004
13005
13006
13007
13008
13009
13010
13011
13012
13013
13014
13015
13016
13017
13018
13019
13020
13021
13022
13023
13024
13025
13026
13027
13028
13029
13038
13039
13047
13048
13049
13056
13057
13058
13059
13065
13066
13067
13068
13069
13074
13075
13076
13077
13078
13082
13083
13084
13085
13086
13089
13090
13091
13092
13093
13095
13096
13097
13098
13099
13100
13101
13102
13103
13104
13105
13106
13107
13108
13109
13110
13111
13112
13113
13114
13117
13118
13119
13120
13121
13122
13123
13124
13126
13127
13128
13129
13130
13131
13132
13133
13134
13135
13136
13137
13138
13139
13140
13141
13142
13143
13144
13145
13146
13147
13148
13149
13150
13151
13152
13153
13154
13155
13156
13157
13158
13159
13160
13161
13162
13163
13164
13172
13173
13174
13181
13182
13183
13184
13190
13191
13192
13193
13194
13199
13200
13201
13202
13203
13207
13208
13209
13210
13211
13214
13215
13216
13217
13218
13220
13221
13222
13223
13224
13225
13226
13227
13228
13229
13230
13231
13232
13233
13234
13235
13236
13237
13238
13239
13241
13242
13243
13244
13245
13246
13247
13248
13249
13250
13251
13252
13253
13254
13255
13256
13257
13258
13259
13260
13261
13262
13263
13264
13265
13266
13267
13268
13269
13270
13271
13272
13273
13274
13275
13276
13277
13278
13279
13280
13281
13282
13283
13284
13285
13286
13287
13288
13289
13296
13297
13298
13299
13305
13306
13307
13308
13309
13314
13315
13316
13317
13318
13322
13323
13324
13325
13326
13329
13330
13331
13332
13333
13335
13336
13337
13338
13339
13340
13341
13342
13343
13344
13345
13346
13347
13348
13349
13350
13351
13352
13353
13354
13355
13356
13357
13358
13359
13360
13361
13362
13363
13364
13365
13366
13367
13368
13369
13370
13371
13372
13373
13374
13375
13376
13377
13378
13379
13380
13381
13382
13383
13384
13385
13386
13387
13388
13389
13390
13391
13392
13393
13394
13395
13396
13397
13398
13399
13400
13401
13402
13403
13404
13410
13411
13412
13413
13414
13419
13420
13421
13422
13423
13427
13428
13429
13430
13431
13434
13435
13436
13437
13438
13440
13441
13442
13443
13444
13445
13446
13447
13448
13449
13450
13451
13452
13453
13454
13455
13456
13457
13458
13459
13460
13461
13462
13463
13464
13465
13466
13467
13468
13469
13470
13471
13472
13473
13474
13475
13476
13477
13478
13479
13480
13481
13482
13483
13484
13485
13486
13487
13488
13489
13490
13491
13492
13493
13494
13495
13496
13497
13498
13499
13500
13501
13502
13503
13504
13505
13506
13507
13508
13509
13514
13515
13516
13517
13518
13522
13523
13524
13525
13526
13529
13530
13531
13532
13533
13535
13536
13537
13538
13539
13540
13541
13542
13543
13544
13545
13546
13547
13548
13549
13550
13551
13552
13553
13554
13555
13556
13557
13558
13559
13560
13561
13562
13563
13564
13565
13566
13567
13568
13569
13570
13571
13572
13573
13574
13575
13576
13577
13578
13579
13580
13581
13582
13583
13584
13585
13586
13587
13588
13589
13590
13591
13592
13593
13594
13595
13596
13597
13598
13599
13600
13601
13602
13603
13607
13608
13609
13610
13611
13614
13615
13616
13617
13618
13620
13621
13622
13623
13624
13625
13626
13627
13628
13629
13630
13631
13632
13633
13634
13635
13636
13637
13638
13639
13640
13641
13642
13643
13644
13645
13646
13647
13648
13649
13650
13651
13652
13653
13654
13655
13656
13657
13658
13659
13660
13661
13662
13663
13664
13665
13666
13667
13668
13669
13670
13671
13672
13673
13674
13675
13676
13677
13678
13679
13680
13681
13682
13683
13684
13685
13686
13689
13690
13691
13692
13693
13695
13696
13697
13698
13699
13700
13701
13702
13703
13704
13705
13706
13707
13708
13709
13710
13711
13712
13713
13714
13715
13716
13717
13718
13719
13720
13721
13722
13723
13724
13725
13726
13727
13728
13729
13730
13731
13732
13733
13734
13735
13736
13737
13738
13739
13740
13741
13742
13743
13744
13745
13746
13747
13748
13749
13750
13751
13752
13753
13754
13755
13756
13757
13758
13760
13761
13762
13763
13764
13765
13766
13767
13768
13769
13770
13771
13772
13773
13774
13775
13776
13777
13778
13779
13780
13781
13782
13783
13784
13785
13786
13787
13788
13789
13790
13791
13792
13793
13794
13795
13796
13797
13798
13799
13800
13801
13802
13803
13804
13805
13806
13807
13808
13809
13810
13811
13812
13813
13814
13815
13816
13817
13818
13819
13820
13821
13822
13823
13824
13825
13826
13827
13828
13829
13830
13831
13832
13833
13834
13835
13836
13837
13838
13839
13840
13841
13842
13843
13844
13845
13846
13847
13848
13849
13850
13851
13852
13853
13854
13855
13856
13857
13858
13859
13860
13861
13862
13863
13864
13865
13866
13867
13868
13869
13870
13871
13872
13873
13874
13875
13876
13877
13878
13879
13880
13881
13882
13883
13884
13885
13886
13887
13888
13889
13890
13891
13892
13893
13894
13895
13896
13897
13898
13899
13900
13901
13902
13903
13904
13905
13906
13907
13908
13909
13910
13911
13912
13913
13914
13915
13916
13917
13918
13919
13920
13921
13922
13923
13924
13925
13926
13927
13928
13929
13930
13931
13932
13933
13934
13935
13936
13937
13938
13939
13940
13941
13942
13943
13944
13945
13946
13947
13948
13949
13950
13951
13952
13953
13954
13955
13956
13957
13958
13959
13960
13961
13962
13963
13964
13965
13966
13967
13968
13969
13970
13971
13972
13973
13974
13975
13976
13977
13978
13979
13980
13981
13982
13983
13984
13985
13986
13987
13988
13989
13990
13991
13992
13993
13994
13995
13996
13997
13998
13999
)
)

// processor2

20880
(
4000
(
0
1
2
3
4
5
6
7
8
9
10
11
12
13
14
15
16
17
18
19
20
21
22
23
24
25
26
27
28
29
30
31
32
33
34
35
36
37
38
39
40
41
42
43
44
45
46
47
48
49
50
51
52
53
54
55
56
57
58
59
60
61
62
63
64
65
66
67
68
69
70
71
72
73
74
75
76
77
78
79
80
81
82
83
84
85
86
87
88
89
90
91
92
93
94
95
96
97
98
99
100
101
102
103
104
105
106
107
108
109
110
111
112
113
114
115
116
117
118
119
120
121
122
123
124
125
126
127
128
129
130
131
132
133
134
135
136
137
138
139
140
141
142
143
144
145
146
147
148
149
150
151
152
153
154
155
156
157
158
159
160
161
162
163
164
165
166
167
168
169
170
171
172
173
174
175
176
177
178
179
180
181
182
183
184
185
186
187
188
189
190
191
192
193
194
195
196
197
198
199
200
201
202
203
204
205
206
207
208
209
210
211
212
213
214
215
216
217
218
219
220
221
222
223
224
225
226
227
228
229
230
231
232
233
234
235
236
237
238
239
241
242
243
244
245
246
247
248
249
250
251
252
253
254
255
256
257
258
259
260
261
262
263
264
265
266
267
268
269
270
271
272
273
274
275
276
277
278
279
280
281
282
283
284
285
286
287
288
289
290
291
292
293
294
295
296
297
298
299
300
301
302
303
304
306
307
308
309
310
313
314
315
316
317
318
319
320
321
322
323
324
325
326
327
328
329
330
331
332
333
334
335
336
337
338
339
340
341
342
343
344
345
346
347
348
349
350
351
352
353
354
355
356
357
358
359
360
361
362
363
364
365
366
367
368
369
370
371
372
373
374
375
376
377
378
379
381
382
383
384
385
388
389
390
391
392
396
397
398
399
400
401
402
403
404
405
406
407
408
409
410
411
412
413
414
415
416
417
418
419
420
421
422
423
424
425
426
427
428
429
430
431
432
433
434
435
436
437
438
439
440
441
442
443
444
445
446
447
448
449
450
451
452
453
454
455
456
457
458
459
460
461
462
463
464
466
467
468
469
470
473
474
475
476
477
481
482
483
484
485
490
491
492
493
494
495
496
497
498
499
500
501
502
503
504
505
506
507
508
509
510
511
512
513
514
515
516
517
518
519
520
521
522
523
524
525
526
527
528
529
530
531
532
533
534
535
536
537
538
539
540
541
542
543
544
545
546
547
548
549
550
551
552
553
554
555
556
557
558
559
561
562
563
564
565
568
569
570
571
572
576
577
578
579
580
585
586
587
588
589
595
596
597
598
599
600
601
602
603
604
605
606
607
608
609
610
611
612
613
614
615
616
617
618
619
620
621
622
623
624
625
626
627
628
629
630
631
632
633
634
635
636
637
638
639
640
641
642
643
644
645
646
647
648
649
650
651
652
653
654
655
656
657
658
659
660
661
662
663
664
666
667
668
669
670
673
674
675
676
677
681
682
683
684
685
690
691
692
693
694
700
701
702
703
710
711
712
713
714
715
716
717
718
719
720
721
722
723
724
725
726
727
728
729
730
731
732
733
734
735
736
737
738
739
740
741
742
743
744
745
746
747
748
749
750
751
752
753
754
755
756
757
758
760
761
762
763
764
765
766
767
768
769
770
771
772
773
774
775
776
777
778
779
781
782
783
784
785
788
789
790
791
792
796
797
798
799
800
805
806
807
808
809
815
816
817
818
825
826
827
835
836
837
838
839
840
841
842
843
844
845
846
847
848
849
850
851
852
853
854
855
856
857
858
859
860
861
862
863
864
865
866
867
868
869
870
871
872
873
875
876
877
878
879
880
881
882
885
886
887
888
889
890
891
892
893
894
895
896
897
898
899
900
901
902
903
904
906
907
908
909
910
913
914
915
916
917
921
922
923
924
925
930
931
932
933
934
940
941
942
943
950
951
952
960
961
970
971
972
973
974
975
976
977
978
979
980
981
982
983
984
985
986
987
988
989
990
991
992
993
994
995
996
997
998
1000
1001
1002
1003
1004
1005
1006
1007
1010
1011
1012
1013
1014
1015
1016
1020
1021
1022
1023
1024
1025
1026
1027
1028
1029
1030
1031
1032
1033
1034
1035
1036
1037
1038
1039
1041
1042
1043
1044
1045
1048
1049
1050
1051
1052
1056
1057
1058
1059
1060
1065
1066
1067
1068
1069
1075
1076
1077
1078
1085
1086
1087
1095
1096
1105
1115
1116
1117
1118
1119
1120
1121
1122
1123
1124
1125
1126
1127
1128
1129
1130
1131
1132
1133
1135
1136
1137
1138
1139
1140
1141
1142
1145
1146
1147
1148
1149
1150
1151
1155
1156
1157
1158
1159
1160
1165
1166
1167
1168
1169
1170
1171
1172
1173
1174
1175
1176
1177
1178
1179
1180
1181
1182
1183
1184
1186
1187
1188
1189
1190
1193
1194
1195
1196
1197
1201
1202
1203
1204
1205
1210
1211
1212
1213
1214
1220
1221
1222
1223
1230
1231
1232
1240
1241
1250
1270
1271
1272
1273
1274
1275
1276
1277
1278
1280
1281
1282
1283
1284
1285
1286
1287
1290
1291
1292
1293
1294
1295
1296
1300
1301
1302
1303
1304
1305
1310
1311
1312
1313
1314
1320
1321
1322
1323
1324
1325
1326
1327
1328
1329
1330
1331
1332
1333
1334
1335
1336
1337
1338
1339
1340
1341
1342
1343
1344
1347
1348
1349
1350
1351
1355
1356
1357
1358
1359
1364
1365
1366
1367
1368
1374
1375
1376
1377
1384
1385
1386
1394
1395
1404
1434
1435
1436
1437
1438
1439
1440
1441
1444
1445
1446
1447
1448
1449
1450
1454
1455
1456
1457
1458
1459
1464
1465
1466
1467
1468
1474
1475
1476
1477
1484
1485
1486
1487
1488
1489
1490
1491
1492
1493
1494
1495
1496
1497
1498
1499
1500
1501
1502
1503
1504
1505
1506
1507
1508
1509
1510
1511
1512
1513
1517
1518
1519
1520
1521
1526
1527
1528
1529
1530
1536
1537
1538
1539
1546
1547
1548
1556
1557
1566
1606
1607
1608
1609
1610
1611
1612
1616
1617
1618
1619
1620
1621
1626
1627
1628
1629
1630
1636
1637
1638
1639
1646
1647
1648
1656
1657
1658
1659
1660
1661
1662
1663
1664
1665
1666
1667
1668
1669
1670
1671
1672
1673
1674
1675
1676
1677
1678
1679
1680
1681
1682
1683
1684
1685
1686
1687
1688
1689
1690
1695
1696
1697
1698
1699
1705
1706
1707
1708
1715
1716
1717
1725
1726
1735
1785
1786
1787
1788
1789
1790
1795
1796
1797
1798
1799
1805
1806
1807
1808
1815
1816
1817
1825
1826
1835
1836
1837
1838
1839
1840
1841
1842
1843
1844
1845
1846
1847
1848
1849
1850
1851
1852
1853
1854
1855
1856
1857
1858
1859
1860
1861
1862
1863
1864
1865
1866
1867
1868
1869
1870
1871
1872
1873
1874
1880
1881
1882
1883
1890
1891
1892
1900
1901
1910
1970
1971
1972
1973
1974
1980
1981
1982
1983
1990
1991
1992
2000
2001
2010
2020
2021
2022
2023
2024
2025
2026
2027
2028
2029
2030
2031
2032
2033
2034
2035
2036
2037
2038
2039
2040
2041
2042
2043
2044
2045
2046
2047
2048
2049
2050
2051
2052
2053
2054
2055
2056
2057
2058
2059
2060
2061
2062
2063
2070
2071
2072
2080
2081
2090
2160
2161
2162
2163
2170
2171
2172
2180
2181
2190
2210
2211
2212
2213
2214
2215
2216
2217
2218
2219
2220
2221
2222
2223
2224
2225
2226
2227
2228
2229
2230
2231
2232
2233
2234
2235
2236
2237
2238
2239
2240
2241
2242
2243
2244
2245
2246
2247
2248
2249
2250
2251
2252
2253
2254
2255
2256
2264
2265
2274
2354
2355
2356
2364
2365
2374
2404
2405
2406
2407
2408
2409
2410
2411
2412
2413
2414
2415
2416
2417
2418
2419
2420
2421
2422
2423
2424
2425
2426
2427
2428
2429
2430
2431
2432
2433
2434
2435
2436
2437
2438
2439
2440
2441
2442
2443
2444
2445
2446
2447
2448
2449
2450
2451
2452
2461
2551
2552
2561
2601
2602
2603
2604
2605
2606
2607
2608
2609
2610
2611
2612
2613
2614
2615
2616
2617
2618
2619
2620
2621
2622
2623
2624
2625
2626
2627
2628
2629
2630
2631
2632
2633
2634
2635
2636
2637
2638
2639
2640
2641
2642
2643
2644
2645
2646
2647
2648
2649
2650
2750
2800
2801
2802
2803
2804
2805
2806
2807
2808
2809
2810
2811
2812
2813
2814
2815
2816
2817
2818
2819
2820
2821
2822
2823
2824
2825
2826
2827
2828
2829
2830
2831
2832
2833
2834
2835
2836
2837
2838
2839
2840
2841
2842
2843
2844
2845
2846
2847
2848
2849
3000
3001
3002
3003
3004
3005
3006
3007
3008
3009
3010
3011
3012
3013
3014
3015
3016
3017
3018
3019
3020
3021
3022
3023
3024
3025
3026
3027
3028
3029
3030
3031
3032
3033
3034
3035
3036
3037
3038
3039
3040
3041
3042
3043
3044
3045
3046
3047
3048
3049
3200
3201
3202
3203
3204
3205
3206
3207
3208
3209
3210
3211
3212
3213
3214
3215
3216
3217
3218
3219
3220
3221
3222
3223
3224
3225
3226
3227
3228
3229
3230
3231
3232
3233
3234
3235
3236
3237
3238
3239
3240
3241
3242
3243
3244
3245
3246
3247
3248
3400
3401
3402
3403
3404
3405
3406
3407
3408
3409
3410
3411
3412
3413
3414
3415
3416
3417
3418
3419
3420
3421
3422
3423
3424
3425
3426
3427
3428
3429
3430
3431
3432
3433
3434
3435
3436
3437
3438
3440
3441
3442
3443
3444
3445
3446
3447
3600
3601
3602
3603
3604
3605
3606
3607
3608
3609
3610
3611
3612
3613
3614
3615
3616
3617
3618
3619
3620
3621
3622
3623
3624
3625
3626
3627
3628
3630
3631
3632
3633
3634
3635
3636
3637
3640
3641
3642
3643
3644
3645
3646
3800
3801
3802
3803
3804
3805
3806
3807
3808
3809
3810
3811
3812
3813
3814
3815
3816
3817
3818
3820
3821
3822
3823
3824
3825
3826
3827
3830
3831
3832
3833
3834
3835
3836
3840
3841
3842
3843
3844
3845
4000
4001
4002
4003
4004
4005
4006
4007
4008
4010
4011
4012
4013
4014
4015
4016
4017
4020
4021
4022
4023
4024
4025
4026
4030
4031
4032
4033
4034
4035
4040
4041
4042
4043
4044
4200
4201
4202
4203
4204
4205
4206
4207
4210
4211
4212
4213
4214
4215
4216
4220
4221
4222
4223
4224
4225
4230
4231
4232
4233
4234
4240
4241
4242
4243
4400
4401
4402
4403
4404
4405
4406
4410
4411
4412
4413
4414
4415
4420
4421
4422
4423
4424
4430
4431
4432
4433
4440
4441
4442
4600
4601
4602
4603
4604
4605
4610
4611
4612
4613
4614
4620
4621
4622
4623
4630
4631
4632
4640
4641
4800
4801
4802
4803
4804
4810
4811
4812
4813
4820
4821
4822
4830
4831
4840
5000
5001
5002
5003
5010
5011
5012
5020
5021
5030
5200
5201
5202
5210
5211
5220
5400
5401
5410
5600
8399
8589
8598
8599
8779
8788
8789
8797
8798
8799
8969
8978
8979
8987
8988
8989
8996
8997
8998
8999
9159
9168
9169
9177
9178
9179
9186
9187
9188
9189
9195
9196
9197
9198
9199
9358
9359
9367
9368
9369
9376
9377
9378
9379
9385
9386
9387
9388
9389
9394
9395
9396
9397
9398
9399
9557
9558
9559
9566
9567
9568
9569
9575
9576
9577
9578
9579
9584
9585
9586
9587
9588
9589
9593
9594
9595
9596
9597
9598
9599
9756
9757
9758
9759
9765
9766
9767
9768
9769
9774
9775
9776
9777
9778
9779
9783
9784
9785
9786
9787
9788
9789
9792
9793
9794
9795
9796
9797
9798
9799
9955
9956
9957
9958
9959
9964
9965
9966
9967
9968
9969
9973
9974
9975
9976
9977
9978
9979
9982
9983
9984
9985
9986
9987
9988
9989
9991
9992
9993
9994
9995
9996
9997
9998
9999
10154
10155
10156
10157
10158
10159
10163
10164
10165
10166
10167
10168
10169
10172
10173
10174
10175
10176
10177
10178
10179
10181
10182
10183
10184
10185
10186
10187
10188
10189
10190
10191
10192
10193
10194
10195
10196
10197
10198
10199
10353
10354
10355
10356
10357
10358
10359
10362
10363
10364
10365
10366
10367
10368
10369
10371
10372
10373
10374
10375
10376
10377
10378
10379
10380
10381
10382
10383
10384
10385
10386
10387
10388
10389
10390
10391
10392
10393
10394
10395
10396
10397
10398
10399
10552
10553
10554
10555
10556
10557
10558
10559
10561
10562
10563
10564
10565
10566
10567
10568
10569
10570
10571
10572
10573
10574
10575
10576
10577
10578
10579
10580
10581
10582
10583
10584
10585
10586
10587
10588
10589
10590
10591
10592
10593
10594
10595
10596
10597
10598
10599
10751
10752
10753
10754
10755
10756
10757
10758
10759
10760
10761
10762
10763
10764
10765
10766
10767
10768
10769
10770
10771
10772
10773
10774
10775
10776
10777
10778
10779
10780
10781
10782
10783
10784
10785
10786
10787
10788
10789
10790
10791
10792
10793
10794
10795
10796
10797
10798
10799
10950
10951
10952
10953
10954
10955
10956
10957
10958
10959
10960
10961
10962
10963
10964
10965
10966
10967
10968
10969
10970
10971
10972
10973
10974
10975
10976
10977
10978
10979
10980
10981
10982
10983
10984
10985
10986
10987
10988
10989
10990
10991
10992
10993
10994
10995
10996
10997
10998
10999
11150
11151
11152
11153
11154
11155
11156
11157
11158
11159
11160
11161
11162
11163
11164
11165
11166
11167
11168
11169
11170
11171
11172
11173
11174
11175
11176
11177
11178
11179
11180
11181
11182
11183
11184
11185
11186
11187
11188
11189
11190
11191
11192
11193
11194
11195
11196
11197
11198
11199
11249
11349
11350
11351
11352
11353
11354
11355
11356
11357
11358
11359
11360
11361
11362
11363
11364
11365
11366
11367
11368
11369
11370
11371
11372
11373
11374
11375
11376
11377
11378
11379
11380
11381
11382
11383
11384
11385
11386
11387
11388
11389
11390
11391
11392
11393
11394
11395
11396
11397
11398
11438
11447
11448
11538
11547
11548
11549
11550
11551
11552
11553
11554
11555
11556
11557
11558
11559
11560
11561
11562
11563
11564
11565
11566
11567
11568
11569
11570
11571
11572
11573
11574
11575
11576
11577
11578
11579
11580
11581
11582
11583
11584
11585
11586
11587
11588
11589
11590
11591
11592
11593
11594
11595
11625
11634
11635
11643
11644
11645
11725
11734
11735
11743
11744
11745
11746
11747
11748
11749
11750
11751
11752
11753
11754
11755
11756
11757
11758
11759
11760
11761
11762
11763
11764
11765
11766
11767
11768
11769
11770
11771
11772
11773
11774
11775
11776
11777
11778
11779
11780
11781
11782
11783
11784
11785
11786
11787
11788
11789
11809
11818
11819
11827
11828
11829
11836
11837
11838
11839
11909
11918
11919
11927
11928
11929
11936
11937
11938
11939
11940
11941
11942
11943
11944
11945
11946
11947
11948
11949
11950
11951
11952
11953
11954
11955
11956
11957
11958
11959
11960
11961
11962
11963
11964
11965
11966
11967
11968
11969
11970
11971
11972
11973
11974
11975
11976
11977
11978
11979
11989
11998
11999
12007
12008
12009
12016
12017
12018
12019
12025
12026
12027
12028
12029
12089
12098
12099
12107
12108
12109
12116
12117
12118
12119
12125
12126
12127
12128
12129
12130
12131
12132
12133
12134
12135
12136
12137
12138
12139
12140
12141
12142
12143
12144
12145
12146
12147
12148
12149
12150
12151
12152
12153
12154
12155
12156
12157
12158
12159
12160
12161
12162
12163
12164
12173
12174
12182
12183
12184
12191
12192
12193
12194
12200
12201
12202
12203
12204
12209
12210
12211
12212
12213
12214
12264
12273
12274
12282
12283
12284
12291
12292
12293
12294
12300
12301
12302
12303
12304
12309
12310
12311
12312
12313
12314
12315
12316
12317
12318
12319
12320
12321
12322
12323
12324
12325
12326
12327
12328
12329
12330
12331
12332
12333
12334
12335
12336
12337
12338
12339
12340
12341
12342
12343
12351
12352
12353
12360
12361
12362
12363
12369
12370
12371
12372
12373
12378
12379
12380
12381
12382
12383
12387
12388
12389
12390
12391
12392
12393
12433
12442
12443
12451
12452
12453
12460
12461
12462
12463
12469
12470
12471
12472
12473
12478
12479
12480
12481
12482
12486
12487
12488
12489
12490
12491
12492
12493
12494
12495
12496
12497
12498
12499
12500
12501
12502
12503
12504
12505
12506
12507
12508
12509
12510
12511
12512
12513
12514
12515
12522
12523
12524
12525
12531
12532
12533
12534
12535
12540
12541
12542
12543
12544
12545
12549
12550
12551
12552
12553
12554
12555
12558
12559
12560
12561
12562
12563
12564
12565
12595
12604
12605
12613
12614
12615
12622
12623
12624
12625
12631
12632
12633
12634
12635
12640
12641
12642
12643
12644
12648
12649
12650
12651
12652
12655
12656
12657
12658
12659
12660
12661
12662
12663
12664
12665
12666
12667
12668
12669
12670
12671
12672
12673
12674
12675
12676
12677
12678
12679
12685
12686
12687
12688
12689
12694
12695
12696
12697
12698
12699
12703
12704
12705
12706
12707
12708
12709
12712
12713
12714
12715
12716
12717
12718
12719
12721
12722
12723
12724
12725
12726
12727
12728
12729
12749
12758
12759
12767
12768
12769
12776
12777
12778
12779
12785
12786
12787
12788
12789
12794
12795
12796
12797
12798
12802
12803
12804
12805
12806
12809
12810
12811
12812
12813
12815
12816
12817
12818
12819
12820
12821
12822
12823
12824
12825
12826
12827
12828
12829
12830
12831
12832
12833
12834
12839
12840
12841
12842
12843
12844
12848
12849
12850
12851
12852
12853
12854
12857
12858
12859
12860
12861
12862
12863
12864
12866
12867
12868
12869
12870
12871
12872
12873
12874
12875
12876
12877
12878
12879
12880
12881
12882
12883
12884
12894
12903
12904
12912
12913
12914
12921
12922
12923
12924
12930
12931
12932
12933
12934
12939
12940
12941
12942
12943
12947
12948
12949
12950
12951
12954
12955
12956
12957
12958
12960
12961
12962
12963
12964
12965
12966
12967
12968
12969
12970
12971
12972
12973
12974
12975
12976
12977
12978
12979
12983
12984
12985
12986
12987
12988
12989
12992
12993
12994
12995
12996
12997
12998
12999
13001
13002
13003
13004
13005
13006
13007
13008
13009
13010
13011
13012
13013
13014
13015
13016
13017
13018
13019
13020
13021
13022
13023
13024
13025
13026
13027
13028
13029
13038
13039
13047
13048
13049
13056
13057
13058
13059
13065
13066
13067
13068
13069
13074
13075
13076
13077
13078
13082
13083
13084
13085
13086
13089
13090
13091
13092
13093
13095
13096
13097
13098
13099
13100
13101
13102
13103
13104
13105
13106
13107
13108
13109
13110
13111
13112
13113
13114
13117
13118
13119
13120
13121
13122
13123
13124
13126
13127
13128
13129
13130
13131
13132
13133
13134
13135
13136
13137
13138
13139
13140
13141
13142
13143
13144
13145
13146
13147
13148
13149
13150
13151
13152
13153
13154
13155
13156
13157
13158
13159
13160
13161
13162
13163
13164
13172
13173
13174
13181
13182
13183
13184
13190
13191
13192
13193
13194
13199
13200
13201
13202
13203
13207
13208
13209
13210
13211
13214
13215
13216
13217
13218
13220
13221
13222
13223
13224
13225
13226
13227
13228
13229
13230
13231
13232
13233
13234
13235
13236
13237
13238
13239
13241
13242
13243
13244
13245
13246
13247
13248
13249
13250
13251
13252
13253
13254
13255
13256
13257
13258
13259
13260
13261
13262
13263
13264
13265
13266
13267
13268
13269
13270
13271
13272
13273
13274
13275
13276
13277
13278
13279
13280
13281
13282
13283
13284
13285
13286
13287
13288
13289
13296
13297
13298
13299
13305
13306
13307
13308
13309
13314
13315
13316
13317
13318
13322
13323
13324
13325
13326
13329
13330
13331
13332
13333
13335
13336
13337
13338
13339
13340
13341
13342
13343
13344
13345
13346
13347
13348
13349
13350
13351
13352
13353
13354
13355
13356
13357
13358
13359
13360
13361
13362
13363
13364
13365
13366
13367
13368
13369
13370
13371
13372
13373
13374
13375
13376
13377
13378
13379
13380
13381
13382
13383
13384
13385
13386
13387
13388
13389
13390
13391
13392
13393
13394
13395
13396
13397
13398
13399
13400
13401
13402
13403
13404
13410
13411
13412
13413
13414
13419
13420
13421
13422
13423
13427
13428
13429
13430
13431
13434
13435
13436
13437
13438
13440
13441
13442
13443
13444
13445
13446
13447
13448
13449
13450
13451
13452
13453
13454
13455
13456
13457
13458
13459
13460
13461
13462
13463
13464
13465
13466
13467
13468
13469
13470
13471
13472
13473
13474
13475
13476
13477
13478
13479
13480
13481
13482
13483
13484
13485
13486
13487
13488
13489
13490
13491
13492
13493
13494
13495
13496
13497
13498
13499
13500
13501
13502
13503
13504
13505
13506
13507
13508
13509
13514
13515
13516
13517
13518
13522
13523
13524
13525
13526
13529
13530
13531
13532
13533
13535
13536
13537
13538
13539
13540
13541
13542
13543
13544
13545
13546
13547
13548
13549
13550
13551
13552
13553
13554
13555
13556
13557
13558
13559
13560
13561
13562
13563
13564
13565
13566
13567
13568
13569
13570
13571
13572
13573
13574
13575
13576
13577
13578
13579
13580
13581
13582
13583
13584
13585
13586
13587
13588
13589
13590
13591
13592
13593
13594
13595
13596
13597
13598
13599
13600
13601
13602
13603
13607
13608
13609
13610
13611
13614
13615
13616
13617
13618
13620
13621
13622
13623
13624
13625
13626
13627
13628
13629
13630
13631
13632
13633
13634
13635
13636
13637
13638
13639
13640
13641
13642
13643
13644
13645
13646
13647
13648
13649
13650
13651
13652
13653
13654
13655
13656
13657
13658
13659
13660
13661
13662
13663
13664
13665
13666
13667
13668
13669
13670
13671
13672
13673
13674
13675
13676
13677
13678
13679
13680
13681
13682
13683
13684
13685
13686
13689
13690
13691
13692
13693
13695
13696
13697
13698
13699
13700
13701
13702
13703
13704
13705
13706
13707
13708
13709
13710
13711
13712
13713
13714
13715
13716
13717
13718
13719
13720
13721
13722
13723
13724
13725
13726
13727
13728
13729
13730
13731
13732
13733
13734
13735
13736
13737
13738
13739
13740
13741
13742
13743
13744
13745
13746
13747
13748
13749
13750
13751
13752
13753
13754
13755
13756
13757
13758
13760
13761
13762
13763
13764
13765
13766
13767
13768
13769
13770
13771
13772
13773
13774
13775
13776
13777
13778
13779
13780
13781
13782
13783
13784
13785
13786
13787
13788
13789
13790
13791
13792
13793
13794
13795
13796
13797
13798
13799
13800
13801
13802
13803
13804
13805
13806
13807
13808
13809
13810
13811
13812
13813
13814
13815
13816
13817
13818
13819
13820
13821
13822
13823
13824
13825
13826
13827
13828
13829
13830
13831
13832
13833
13834
13835
13836
13837
13838
13839
13840
13841
13842
13843
13844
13845
13846
13847
13848
13849
13850
13851
13852
13853
13854
13855
13856
13857
13858
13859
13860
13861
13862
13863
13864
13865
13866
13867
13868
13869
13870
13871
13872
13873
13874
13875
13876
13877
13878
13879
13880
13881
13882
13883
13884
13885
13886
13887
13888
13889
13890
13891
13892
13893
13894
13895
13896
13897
13898
13899
13900
13901
13902
13903
13904
13905
13906
13907
13908
13909
13910
13911
13912
13913
13914
13915
13916
13917
13918
13919
13920
13921
13922
13923
13924
13925
13926
13927
13928
13929
13930
13931
13932
13933
13934
13935
13936
13937
13938
13939
13940
13941
13942
13943
13944
13945
13946
13947
13948
13949
13950
13951
13952
13953
13954
13955
13956
13957
13958
13959
13960
13961
13962
13963
13964
13965
13966
13967
13968
13969
13970
13971
13972
13973
13974
13975
13976
13977
13978
13979
13980
13981
13982
13983
13984
13985
13986
13987
13988
13989
13990
13991
13992
13993
13994
13995
13996
13997
13998
13999
)
)

// processor3

20880
(
4000
(
0
1
2
3
4
5
6
7
8
9
10
11
12
13
14
15
16
17
18
19
20
21
22
23
24
25
26
27
28
29
30
31
32
33
34
35
36
37
38
39
40
41
42
43
44
45
46
47
48
49
50
51
52
53
54
55
56
57
58
59
60
61
62
63
64
65
66
67
68
69
70
71
72
73
74
75
76
77
78
79
80
81
82
83
84
85
86
87
88
89
90
91
92
93
94
95
96
97
98
99
100
101
102
103
104
105
106
107
108
109
110
111
112
113
114
115
116
117
118
119
120
121
122
123
124
125
126
127
128
129
130
131
132
133
134
135
136
137
138
139
140
141
142
143
144
145
146
147
148
149
150
151
152
153
154
155
156
157
158
159
160
161
162
163
164
165
166
167
168
169
170
171
172
173
174
175
176
177
178
179
180
181
182
183
184
185
186
187
188
189
190
191
192
193
194
195
196
197
198
199
200
201
202
203
204
205
206
207
208
209
210
211
212
213
214
215
216
217
218
219
220
221
222
223
224
225
226
227
228
229
230
231
232
233
234
235
236
237
238
239
241
242
243
244
245
246
247
248
249
250
251
252
253
254
255
256
257
258
259
260
261
262
263
264
265
266
267
268
269
270
271
272
273
274
275
276
277
278
279
280
281
282
283
284
285
286
287
288
289
290
291
292
293
294
295
296
297
298
299
300
301
302
303
304
306
307
308
309
310
313
314
315
316
317
318
319
320
321
322
323
324
325
326
327
328
329
330
331
332
333
334
335
336
337
338
339
340
341
342
343
344
345
346
347
348
349
350
351
352
353
354
355
356
357
358
359
360
361
362
363
364
365
366
367
368
369
370
371
372
373
374
375
376
377
378
379
381
382
383
384
385
388
389
390
391
392
396
397
398
399
400
401
402
403
404
405
406
407
408
409
410
411
412
413
414
415
416
417
418
419
420
421
422
423
424
425
426
427
428
429
430
431
432
433
434
435
436
437
438
439
440
441
442
443
444
445
446
447
448
449
450
451
452
453
454
455
456
457
458
459
460
461
462
463
464
466
467
468
469
470
473
474
475
476
477
481
482
483
484
485
490
491
492
493
494
495
496
497
498
499
500
501
502
503
504
505
506
507
508
509
510
511
512
513
514
515
516
517
518
519
520
521
522
523
524
525
526
527
528
529
530
531
532
533
534
535
536
537
538
539
540
541
542
543
544
545
546
547
548
549
550
551
552
553
554
555
556
557
558
559
561
562
563
564
565
568
569
570
571
572
576
577
578
579
580
585
586
587
588
589
595
596
597
598
599
600
601
602
603
604
605
606
607
608
609
610
611
612
613
614
615
616
617
618
619
620
621
622
623
624
625
626
627
628
629
630
631
632
633
634
635
636
637
638
639
640
641
642
643
644
645
646
647
648
649
650
651
652
653
654
655
656
657
658
659
660
661
662
663
664
666
667
668
669
670
673
674
675
676
677
681
682
683
684
685
690
691
692
693
694
700
701
702
703
710
711
712
713
714
715
716
717
718
719
720
721
722
723
724
725
726
727
728
729
730
731
732
733
734
735
736
737
738
739
740
741
742
743
744
745
746
747
748
749
750
751
752
753
754
755
756
757
758
760
761
762
763
764
765
766
767
768
769
770
771
772
773
774
775
776
777
778
779
781
782
783
784
785
788
789
790
791
792
796
797
798
799
800
805
806
807
808
809
815
816
817
818
825
826
827
835
836
837
838
839
840
841
842
843
844
845
846
847
848
849
850
851
852
853
854
855
856
857
858
859
860
861
862
863
864
865
866
867
868
869
870
871
872
873
875
876
877
878
879
880
881
882
885
886
887
888
889
890
891
892
893
894
895
896
897
898
899
900
901
902
903
904
906
907
908
909
910
913
914
915
916
917
921
922
923
924
925
930
931
932
933
934
940
941
942
943
950
951
952
960
961
970
971
972
973
974
975
976
977
978
979
980
981
982
983
984
985
986
987
988
989
990
991
992
993
994
995
996
997
998
1000
1001
1002
1003
1004
1005
1006
1007
1010
1011
1012
1013
1014
1015
1016
1020
1021
1022
1023
1024
1025
1026
1027
1028
1029
1030
1031
1032
1033
1034
1035
1036
1037
1038
1039
1041
1042
1043
1044
1045
1048
1049
1050
1051
1052
1056
1057
1058
1059
1060
1065
1066
1067
1068
1069
1075
1076
1077
1078
1085
1086
1087
1095
1096
1105
1115
1116
1117
1118
1119
1120
1121
1122
1123
1124
1125
1126
1127
1128
1129
1130
1131
1132
1133
1135
1136
1137
1138
1139
1140
1141
1142
1145
1146
1147
1148
1149
1150
1151
1155
1156
1157
1158
1159
1160
1165
1166
1167
1168
1169
1170
1171
1172
1173
1174
1175
1176
1177
1178
1179
1180
1181
1182
1183
1184
1186
1187
1188
1189
1190
1193
1194
1195
1196
1197
1201
1202
1203
1204
1205
1210
1211
1212
1213
1214
1220
1221
1222
1223
1230
1231
1232
1240
1241
1250
1270
1271
1272
1273
1274
1275
1276
1277
1278
1280
1281
1282
1283
1284
1285
1286
1287
1290
1291
1292
1293
1294
1295
1296
1300
1301
1302
1303
1304
1305
1310
1311
1312
1313
1314
1320
1321
1322
1323
1324
1325
1326
1327
1328
1329
1330
1331
1332
1333
1334
1335
1336
1337
1338
1339
1340
1341
1342
1343
1344
1347
1348
1349
1350
1351
1355
1356
1357
1358
1359
1364
1365
1366
1367
1368
1374
1375
1376
1377
1384
1385
1386
1394
1395
1404
1434
1435
1436
1437
1438
1439
1440
1441
1444
1445
1446
1447
1448
1449
1450
1454
1455
1456
1457
1458
1459
1464
1465
1466
1467
1468
1474
1475
1476
1477
1484
1485
1486
1487
1488
1489
1490
1491
1492
1493
1494
1495
1496
1497
1498
1499
1500
1501
1502
1503
1504
1505
1506
1507
1508
1509
1510
1511
1512
1513
1517
1518
1519
1520
1521
1526
1527
1528
1529
1530
1536
1537
1538
1539
1546
1547
1548
1556
1557
1566
1606
1607
1608
1609
1610
1611
1612
1616
1617
1618
1619
1620
1621
1626
1627
1628
1629
1630
1636
1637
1638
1639
1646
1647
1648
1656
1657
1658
1659
1660
1661
1662
1663
1664
1665
1666
1667
1668
1669
1670
1671
1672
1673
1674
1675
1676
1677
1678
1679
1680
1681
1682
1683
1684
1685
1686
1687
1688
1689
1690
1695
1696
1697
1698
1699
1705
1706
1707
1708
1715
1716
1717
1725
1726
1735
1785
1786
1787
1788
1789
1790
1795
1796
1797
1798
1799
1805
1806
1807
1808
1815
1816
1817
1825
1826
1835
1836
1837
1838
1839
1840
1841
1842
1843
1844
1845
1846
1847
1848
1849
1850
1851
1852
1853
1854
1855
1856
1857
1858
1859
1860
1861
1862
1863
1864
1865
1866
1867
1868
1869
1870
1871
1872
1873
1874
1880
1881
1882
1883
1890
1891
1892
1900
1901
1910
1970
1971
1972
1973
1974
1980
1981
1982
1983
1990
1991
1992
2000
2001
2010
2020
2021
2022
2023
2024
2025
2026
2027
2028
2029
2030
2031
2032
2033
2034
2035
2036
2037
2038
2039
2040
2041
2042
2043
2044
2045
2046
2047
2048
2049
2050
2051
2052
2053
2054
2055
2056
2057
2058
2059
2060
2061
2062
2063
2070
2071
2072
2080
2081
2090
2160
2161
2162
2163
2170
2171
2172
2180
2181
2190
2210
2211
2212
2213
2214
2215
2216
2217
2218
2219
2220
2221
2222
2223
2224
2225
2226
2227
2228
2229
2230
2231
2232
2233
2234
2235
2236
2237
2238
2239
2240
2241
2242
2243
2244
2245
2246
2247
2248
2249
2250
2251
2252
2253
2254
2255
2256
2264
2265
2274
2354
2355
2356
2364
2365
2374
2404
2405
2406
2407
2408
2409
2410
2411
2412
2413
2414
2415
2416
2417
2418
2419
2420
2421
2422
2423
2424
2425
2426
2427
2428
2429
2430
2431
2432
2433
2434
2435
2436
2437
2438
2439
2440
2441
2442
2443
2444
2445
2446
2447
2448
2449
2450
2451
2452
2461
2551
2552
2561
2601
2602
2603
2604
2605
2606
2607
2608
2609
2610
2611
2612
2613
2614
2615
2616
2617
2618
2619
2620
2621
2622
2623
2624
2625
2626
2627
2628
2629
2630
2631
2632
2633
2634
2635
2636
2637
2638
2639
2640
2641
2642
2643
2644
2645
2646
2647
2648
2649
2650
2750
2800
2801
2802
2803
2804
2805
2806
2807
2808
2809
2810
2811
2812
2813
2814
2815
2816
2817
2818
2819
2820
2821
2822
2823
2824
2825
2826
2827
2828
2829
2830
2831
2832
2833
2834
2835
2836
2837
2838
2839
2840
2841
2842
2843
2844
2845
2846
2847
2848
2849
3000
3001
3002
3003
3004
3005
3006
3007
3008
3009
3010
3011
3012
3013
3014
3015
3016
3017
3018
3019
3020
3021
3022
3023
3024
3025
3026
3027
3028
3029
3030
3031
3032
3033
3034
3035
3036
3037
3038
3039
3040
3041
3042
3043
3044
3045
3046
3047
3048
3049
3200
3201
3202
3203
3204
3205
3206
3207
3208
3209
3210
3211
3212
3213
3214
3215
3216
3217
3218
3219
3220
3221
3222
3223
3224
3225
3226
3227
3228
3229
3230
3231
3232
3233
3234
3235
3236
3237
3238
3239
3240
3241
3242
3243
3244
3245
3246
3247
3248
3400
3401
3402
3403
3404
3405
3406
3407
3408
3409
3410
3411
3412
3413
3414
3415
3416
3417
3418
3419
3420
3421
3422
3423
3424
3425
3426
3427
3428
3429
3430
3431
3432
3433
3434
3435
3436
3437
3438
3440
3441
3442
3443
3444
3445
3446
3447
3600
3601
3602
3603
3604
3605
3606
3607
3608
3609
3610
3611
3612
3613
3614
3615
3616
3617
3618
3619
3620
3621
3622
3623
3624
3625
3626
3627
3628
3630
3631
3632
3633
3634
3635
3636
3637
3640
3641
3642
3643
3644
3645
3646
3800
3801
3802
3803
3804
3805
3806
3807
3808
3809
3810
3811
3812
3813
3814
3815
3816
3817
3818
3820
3821
3822
3823
3824
3825
3826
3827
3830
3831
3832
3833
3834
3835
3836
3840
3841
3842
3843
3844
3845
4000
4001
4002
4003
4004
4005
4006
4007
4008
4010
4011
4012
4013
4014
4015
4016
4017
4020
4021
4022
4023
4024
4025
4026
4030
4031
4032
4033
4034
4035
4040
4041
4042
4043
4044
4200
4201
4202
4203
4204
4205
4206
4207
4210
4211
4212
4213
4214
4215
4216
4220
4221
4222
4223
4224
4225
4230
4231
4232
4233
4234
4240
4241
4242
4243
4400
4401
4402
4403
4404
4405
4406
4410
4411
4412
4413
4414
4415
4420
4421
4422
4423
4424
4430
4431
4432
4433
4440
4441
4442
4600
4601
4602
4603
4604
4605
4610
4611
4612
4613
4614
4620
4621
4622
4623
4630
4631
4632
4640
4641
4800
4801
4802
4803
4804
4810
4811
4812
4813
4820
4821
4822
4830
4831
4840
5000
5001
5002
5003
5010
5011
5012
5020
5021
5030
5200
5201
5202
5210
5211
5220
5400
5401
5410
5600
8399
8589
8598
8599
8779
8788
8789
8797
8798
8799
8969
8978
8979
8987
8988
8989
8996
8997
8998
8999
9159
9168
9169
9177
9178
9179
9186
9187
9188
9189
9195
9196
9197
9198
9199
9358
9359
9367
9368
9369
9376
9377
9378
9379
9385
9386
9387
9388
9389
9394
9395
9396
9397
9398
9399
9557
9558
9559
9566
9567
9568
9569
9575
9576
9577
9578
9579
9584
9585
9586
9587
9588
9589
9593
9594
9595
9596
9597
9598
9599
9756
9757
9758
9759
9765
9766
9767
9768
9769
9774
9775
9776
9777
9778
9779
9783
9784
9785
9786
9787
9788
9789
9792
9793
9794
9795
9796
9797
9798
9799
9955
9956
9957
9958
9959
9964
9965
9966
9967
9968
9969
9973
9974
9975
9976
9977
9978
9979
9982
9983
9984
9985
9986
9987
9988
9989
9991
9992
9993
9994
9995
9996
9997
9998
9999
10154
10155
10156
10157
10158
10159
10163
10164
10165
10166
10167
10168
10169
10172
10173
10174
10175
10176
10177
10178
10179
10181
10182
10183
10184
10185
10186
10187
10188
10189
10190
10191
10192
10193
10194
10195
10196
10197
10198
10199
10353
10354
10355
10356
10357
10358
10359
10362
10363
10364
10365
10366
10367
10368
10369
10371
10372
10373
10374
10375
10376
10377
10378
10379
10380
10381
10382
10383
10384
10385
10386
10387
10388
10389
10390
10391
10392
10393
10394
10395
10396
10397
10398
10399
10552
10553
10554
10555
10556
10557
10558
10559
10561
10562
10563
10564
10565
10566
10567
10568
10569
10570
10571
10572
10573
10574
10575
10576
10577
10578
10579
10580
10581
10582
10583
10584
10585
10586
10587
10588
10589
10590
10591
10592
10593
10594
10595
10596
10597
10598
10599
10751
10752
10753
10754
10755
10756
10757
10758
10759
10760
10761
10762
10763
10764
10765
10766
10767
10768
10769
10770
10771
10772
10773
10774
10775
10776
10777
10778
10779
10780
10781
10782
10783
10784
10785
10786
10787
10788
10789
10790
10791
10792
10793
10794
10795
10796
10797
10798
10799
10950
10951
10952
10953
10954
10955
10956
10957
10958
10959
10960
10961
10962
10963
10964
10965
10966
10967
10968
10969
10970
10971
10972
10973
10974
10975
10976
10977
10978
10979
10980
10981
10982
10983
10984
10985
10986
10987
10988
10989
10990
10991
10992
10993
10994
10995
10996
10997
10998
10999
11150
11151
11152
11153
11154
11155
11156
11157
11158
11159
11160
11161
11162
11163
11164
11165
11166
11167
11168
11169
11170
11171
11172
11173
11174
11175
11176
11177
11178
11179
11180
11181
11182
11183
11184
11185
11186
11187
11188
11189
11190
11191
11192
11193
11194
11195
11196
11197
11198
11199
11249
11349
11350
11351
11352
11353
11354
11355
11356
11357
11358
11359
11360
11361
11362
11363
11364
11365
11366
11367
11368
11369
11370
11371
11372
11373
11374
11375
11376
11377
11378
11379
11380
11381
11382
11383
11384
11385
11386
11387
11388
11389
11390
11391
11392
11393
11394
11395
11396
11397
11398
11438
11447
11448
11538
11547
11548
11549
11550
11551
11552
11553
11554
11555
11556
11557
11558
11559
11560
11561
11562
11563
11564
11565
11566
11567
11568
11569
11570
11571
11572
11573
11574
11575
11576
11577
11578
11579
11580
11581
11582
11583
11584
11585
11586
11587
11588
11589
11590
11591
11592
11593
11594
11595
11625
11634
11635
11643
11644
11645
11725
11734
11735
11743
11744
11745
11746
11747
11748
11749
11750
11751
11752
11753
11754
11755
11756
11757
11758
11759
11760
11761
11762
11763
11764
11765
11766
11767
11768
11769
11770
11771
11772
11773
11774
11775
11776
11777
11778
11779
11780
11781
11782
11783
11784
11785
11786
11787
11788
11789
11809
11818
11819
11827
11828
11829
11836
11837
11838
11839
11909
11918
11919
11927
11928
11929
11936
11937
11938
11939
11940
11941
11942
11943
11944
11945
11946
11947
11948
11949
11950
11951
11952
11953
11954
11955
11956
11957
11958
11959
11960
11961
11962
11963
11964
11965
11966
11967
11968
11969
11970
11971
11972
11973
11974
11975
11976
11977
11978
11979
11989
11998
11999
12007
12008
12009
12016
12017
12018
12019
12025
12026
12027
12028
12029
12089
12098
12099
12107
12108
12109
12116
12117
12118
12119
12125
12126
12127
12128
12129
12130
12131
12132
12133
12134
12135
12136
12137
12138
12139
12140
12141
12142
12143
12144
12145
12146
12147
12148
12149
12150
12151
12152
12153
12154
12155
12156
12157
12158
12159
12160
12161
12162
12163
12164
12173
12174
12182
12183
12184
12191
12192
12193
12194
12200
12201
12202
12203
12204
12209
12210
12211
12212
12213
12214
12264
12273
12274
12282
12283
12284
12291
12292
12293
12294
12300
12301
12302
12303
12304
12309
12310
12311
12312
12313
12314
12315
12316
12317
12318
12319
12320
12321
12322
12323
12324
12325
12326
12327
12328
12329
12330
12331
12332
12333
12334
12335
12336
12337
12338
12339
12340
12341
12342
12343
12351
12352
12353
12360
12361
12362
12363
12369
12370
12371
12372
12373
12378
12379
12380
12381
12382
12383
12387
12388
12389
12390
12391
12392
12393
12433
12442
12443
12451
12452
12453
12460
12461
12462
12463
12469
12470
12471
12472
12473
12478
12479
12480
12481
12482
12486
12487
12488
12489
12490
12491
12492
12493
12494
12495
12496
12497
12498
12499
12500
12501
12502
12503
12504
12505
12506
12507
12508
12509
12510
12511
12512
12513
12514
12515
12522
12523
12524
12525
12531
12532
12533
12534
12535
12540
12541
12542
12543
12544
12545
12549
12550
12551
12552
12553
12554
12555
12558
12559
12560
12561
12562
12563
12564
12565
12595
12604
12605
12613
12614
12615
12622
12623
12624
12625
12631
12632
12633
12634
12635
12640
12641
12642
12643
12644
12648
12649
12650
12651
12652
12655
12656
12657
12658
12659
12660
12661
12662
12663
12664
12665
12666
12667
12668
12669
12670
12671
12672
12673
12674
12675
12676
12677
12678
12679
12685
12686
12687
12688
12689
12694
12695
12696
12697
12698
12699
12703
12704
12705
12706
12707
12708
12709
12712
12713
12714
12715
12716
12717
12718
12719
12721
12722
12723
12724
12725
12726
12727
12728
12729
12749
12758
12759
12767
12768
12769
12776
12777
12778
12779
12785
12786
12787
12788
12789
12794
12795
12796
12797
12798
12802
12803
12804
12805
12806
12809
12810
12811
12812
12813
12815
12816
12817
12818
12819
12820
12821
12822
12823
12824
12825
12826
12827
12828
12829
12830
12831
12832
12833
12834
12839
12840
12841
12842
12843
12844
12848
12849
12850
12851
12852
12853
12854
12857
12858
12859
12860
12861
12862
12863
12864
12866
12867
12868
12869
12870
12871
12872
12873
12874
12875
12876
12877
12878
12879
12880
12881
12882
12883
12884
12894
12903
12904
12912
12913
12914
12921
12922
12923
12924
12930
12931
12932
12933
12934
12939
12940
12941
12942
12943
12947
12948
12949
12950
12951
12954
12955
12956
12957
12958
12960
12961
12962
12963
12964
12965
12966
12967
12968
12969
12970
12971
12972
12973
12974
12975
12976
12977
12978
12979
12983
12984
12985
12986
12987
12988
12989
12992
12993
12994
12995
12996
12997
12998
12999
13001
13002
13003
13004
13005
13006
13007
13008
13009
13010
13011
13012
13013
13014
13015
13016
13017
13018
13019
13020
13021
13022
13023
13024
13025
13026
13027
13028
13029
13038
13039
13047
13048
13049
13056
13057
13058
13059
13065
13066
13067
13068
13069
13074
13075
13076
13077
13078
13082
13083
13084
13085
13086
13089
13090
13091
13092
13093
13095
13096
13097
13098
13099
13100
13101
13102
13103
13104
13105
13106
13107
13108
13109
13110
13111
13112
13113
13114
13117
13118
13119
13120
13121
13122
13123
13124
13126
13127
13128
13129
13130
13131
13132
13133
13134
13135
13136
13137
13138
13139
13140
13141
13142
13143
13144
13145
13146
13147
13148
13149
13150
13151
13152
13153
13154
13155
13156
13157
13158
13159
13160
13161
13162
13163
13164
13172
13173
13174
13181
13182
13183
13184
13190
13191
13192
13193
13194
13199
13200
13201
13202
13203
13207
13208
13209
13210
13211
13214
13215
13216
13217
13218
13220
13221
13222
13223
13224
13225
13226
13227
13228
13229
13230
13231
13232
13233
13234
13235
13236
13237
13238
13239
13241
13242
13243
13244
13245
13246
13247
13248
13249
13250
13251
13252
13253
13254
13255
13256
13257
13258
13259
13260
13261
13262
13263
13264
13265
13266
13267
13268
13269
13270
13271
13272
13273
13274
13275
13276
13277
13278
13279
13280
13281
13282
13283
13284
13285
13286
13287
13288
13289
13296
13297
13298
13299
13305
13306
13307
13308
13309
13314
13315
13316
13317
13318
13322
13323
13324
13325
13326
13329
13330
13331
13332
13333
13335
13336
13337
13338
13339
13340
13341
13342
13343
13344
13345
13346
13347
13348
13349
13350
13351
13352
13353
13354
13355
13356
13357
13358
13359
13360
13361
13362
13363
13364
13365
13366
13367
13368
13369
13370
13371
13372
13373
13374
13375
13376
13377
13378
13379
13380
13381
13382
13383
13384
13385
13386
13387
13388
13389
13390
13391
13392
13393
13394
13395
13396
13397
13398
13399
13400
13401
13402
13403
13404
13410
13411
13412
13413
13414
13419
13420
13421
13422
13423
13427
13428
13429
13430
13431
13434
13435
13436
13437
13438
13440
13441
13442
13443
13444
13445
13446
13447
13448
13449
13450
13451
13452
13453
13454
13455
13456
13457
13458
13459
13460
13461
13462
13463
13464
13465
13466
13467
13468
13469
13470
13471
13472
13473
13474
13475
13476
13477
13478
13479
13480
13481
13482
13483
13484
13485
13486
13487
13488
13489
13490
13491
13492
13493
13494
13495
13496
13497
13498
13499
13500
13501
13502
13503
13504
13505
13506
13507
13508
13509
13514
13515
13516
13517
13518
13522
13523
13524
13525
13526
13529
13530
13531
13532
13533
13535
13536
13537
13538
13539
13540
13541
13542
13543
13544
13545
13546
13547
13548
13549
13550
13551
13552
13553
13554
13555
13556
13557
13558
13559
13560
13561
13562
13563
13564
13565
13566
13567
13568
13569
13570
13571
13572
13573
13574
13575
13576
13577
13578
13579
13580
13581
13582
13583
13584
13585
13586
13587
13588
13589
13590
13591
13592
13593
13594
13595
13596
13597
13598
13599
13600
13601
13602
13603
13607
13608
13609
13610
13611
13614
13615
13616
13617
13618
13620
13621
13622
13623
13624
13625
13626
13627
13628
13629
13630
13631
13632
13633
13634
13635
13636
13637
13638
13639
13640
13641
13642
13643
13644
13645
13646
13647
13648
13649
13650
13651
13652
13653
13654
13655
13656
13657
13658
13659
13660
13661
13662
13663
13664
13665
13666
13667
13668
13669
13670
13671
13672
13673
13674
13675
13676
13677
13678
13679
13680
13681
13682
13683
13684
13685
13686
13689
13690
13691
13692
13693
13695
13696
13697
13698
13699
13700
13701
13702
13703
13704
13705
13706
13707
13708
13709
13710
13711
13712
13713
13714
13715
13716
13717
13718
13719
13720
13721
13722
13723
13724
13725
13726
13727
13728
13729
13730
13731
13732
13733
13734
13735
13736
13737
13738
13739
13740
13741
13742
13743
13744
13745
13746
13747
13748
13749
13750
13751
13752
13753
13754
13755
13756
13757
13758
13760
13761
13762
13763
13764
13765
13766
13767
13768
13769
13770
13771
13772
13773
13774
13775
13776
13777
13778
13779
13780
13781
13782
13783
13784
13785
13786
13787
13788
13789
13790
13791
13792
13793
13794
13795
13796
13797
13798
13799
13800
13801
13802
13803
13804
13805
13806
13807
13808
13809
13810
13811
13812
13813
13814
13815
13816
13817
13818
13819
13820
13821
13822
13823
13824
13825
13826
13827
13828
13829
13830
13831
13832
13833
13834
13835
13836
13837
13838
13839
13840
13841
13842
13843
13844
13845
13846
13847
13848
13849
13850
13851
13852
13853
13854
13855
13856
13857
13858
13859
13860
13861
13862
13863
13864
13865
13866
13867
13868
13869
13870
13871
13872
13873
13874
13875
13876
13877
13878
13879
13880
13881
13882
13883
13884
13885
13886
13887
13888
13889
13890
13891
13892
13893
13894
13895
13896
13897
13898
13899
13900
13901
13902
13903
13904
13905
13906
13907
13908
13909
13910
13911
13912
13913
13914
13915
13916
13917
13918
13919
13920
13921
13922
13923
13924
13925
13926
13927
13928
13929
13930
13931
13932
13933
13934
13935
13936
13937
13938
13939
13940
13941
13942
13943
13944
13945
13946
13947
13948
13949
13950
13951
13952
13953
13954
13955
13956
13957
13958
13959
13960
13961
13962
13963
13964
13965
13966
13967
13968
13969
13970
13971
13972
13973
13974
13975
13976
13977
13978
13979
13980
13981
13982
13983
13984
13985
13986
13987
13988
13989
13990
13991
13992
13993
13994
13995
13996
13997
13998
13999
)
)

// processor4

3
(0())

// processor5

3
(0())

// processor6

3
(0())

// processor7

3
(0())
