/*--------------------------------*- C++ -*----------------------------------*\
| =========                 |                                                 |
| \\      /  F ield         | OpenFOAM: The Open Source CFD Toolbox           |
|  \\    /   O peration     | Version:  2306                                  |
|   \\  /    A nd           | Website:  www.openfoam.com                      |
|    \\/     M anipulation  |                                                 |
\*---------------------------------------------------------------------------*/
FoamFile
{
    version     2.0;
    format      binary;
    arch        "LSB;label=32;scalar=64";
    class       decomposedBlockData;
    object      j;
    data.format     ascii;
    data.class      volScalarField;
}
// * * * * * * * * * * * * * * * * * * * * * * * * * * * * * * * * * * * * * //


// processor0

19795
(FoamFile
{
    version     2.0;
    format      ascii;
    arch        "LSB;label=32;scalar=64";
    class       volScalarField;
    location    "2.5/fuel";
    object      j;
}
dimensions      [0 -3 0 0 0 1 0];

internalField   nonuniform List<scalar> 
4000
(
9.295459e+08
9.236199e+08
9.276173e+08
3.654743e+08
9.111128e+08
9.214264e+08
3.632054e+08
9.260816e+08
3.651583e+08
1.912761e+08
8.910891e+08
9.082027e+08
3.584861e+08
9.196855e+08
3.627618e+08
1.899673e+08
9.251251e+08
3.649938e+08
1.912198e+08
1.172015e+08
8.633858e+08
8.866779e+08
3.510887e+08
9.06048e+08
3.577023e+08
1.87263e+08
9.186353e+08
3.624859e+08
1.898267e+08
1.162675e+08
9.2445e+08
3.650428e+08
1.91252e+08
1.172171e+08
8.76513e+07
8.308085e+08
8.565096e+08
3.410978e+08
8.838722e+08
3.496066e+08
1.830656e+08
9.047823e+08
3.57206e+08
1.86902e+08
1.14346e+08
9.179145e+08
3.624757e+08
1.897847e+08
1.162171e+08
8.686741e+07
9.239079e+08
3.651572e+08
1.914033e+08
1.172965e+08
8.768856e+07
0
8.003949e+08
8.207357e+08
3.296393e+08
8.526831e+08
3.38492e+08
1.774638e+08
8.822257e+08
3.487758e+08
1.822609e+08
1.113832e+08
9.039538e+08
3.57067e+08
1.867134e+08
1.141261e+08
8.525874e+07
9.173438e+08
3.625557e+08
1.898946e+08
1.162389e+08
8.684639e+07
0
9.234622e+08
3.652869e+08
1.915803e+08
1.174582e+08
8.777986e+07
0
0
7.764925e+08
7.874425e+08
3.19205e+08
8.156063e+08
3.255933e+08
1.711273e+08
8.504873e+08
3.371631e+08
1.759541e+08
1.074619e+08
8.811992e+08
3.484246e+08
1.818515e+08
1.108283e+08
8.278689e+07
9.033149e+08
3.570723e+08
1.867349e+08
1.140343e+08
8.508944e+07
0
9.168865e+08
3.626612e+08
1.900466e+08
1.163678e+08
8.688717e+07
0
0
9.230414e+08
3.654148e+08
1.917562e+08
1.176333e+08
8.793907e+07
0
0
0
7.60522e+08
7.613744e+08
3.111675e+08
7.810205e+08
3.138538e+08
1.654557e+08
8.127203e+08
3.236504e+08
1.687216e+08
1.030718e+08
8.491512e+08
3.365245e+08
1.752233e+08
1.063822e+08
7.95285e+07
8.804322e+08
3.48306e+08
1.817306e+08
1.105666e+08
8.232812e+07
0
9.028277e+08
3.571255e+08
1.868337e+08
1.140937e+08
8.503084e+07
0
0
9.164536e+08
3.627743e+08
1.902045e+08
1.165226e+08
8.701727e+07
0
0
0
9.226881e+08
3.655258e+08
1.919201e+08
1.178033e+08
8.810739e+07
0
0
0
0
7.52606e+08
7.440026e+08
3.058717e+08
7.539308e+08
3.048139e+08
1.611555e+08
7.77444e+08
3.11305e+08
1.622359e+08
9.92015e+07
8.10989e+08
3.226696e+08
1.676008e+08
1.013325e+08
7.589771e+07
8.4817e+08
3.362301e+08
1.749129e+08
1.058773e+08
7.862053e+07
0
8.798826e+08
3.482722e+08
1.817434e+08
1.105155e+08
8.212133e+07
0
0
9.023636e+08
3.572066e+08
1.869533e+08
1.142058e+08
8.50996e+07
0
0
0
9.161005e+08
3.628716e+08
1.903567e+08
1.166778e+08
8.71674e+07
0
0
0
0
9.222802e+08
3.656357e+08
1.920668e+08
1.179603e+08
8.826976e+07
0
0
0
0
0
7.52606e+08
7.354076e+08
3.03268e+08
7.358884e+08
2.988542e+08
1.583563e+08
7.49793e+08
3.017797e+08
1.573061e+08
9.630956e+07
7.753182e+08
3.099902e+08
1.607332e+08
9.686592e+07
7.272979e+07
8.09729e+08
3.22167e+08
1.670698e+08
1.005376e+08
7.443006e+07
0
8.47501e+08
3.360683e+08
1.748072e+08
1.056813e+08
7.820404e+07
0
0
8.793566e+08
3.482996e+08
1.818014e+08
1.105596e+08
8.209335e+07
0
0
0
9.020065e+08
3.572739e+08
1.870809e+08
1.1433e+08
8.521163e+07
0
0
0
0
9.156759e+08
3.629742e+08
1.904927e+08
1.16825e+08
8.731639e+07
0
0
0
0
0
3.656932e+08
1.922052e+08
1.181019e+08
8.841933e+07
0
0
0
0
0
0
7.60522e+08
7.354077e+08
3.03268e+08
7.269656e+08
2.959234e+08
1.569905e+08
7.313738e+08
2.954949e+08
1.540871e+08
9.444851e+07
7.473438e+08
3.001929e+08
1.55497e+08
9.351411e+07
7.03871e+07
7.737776e+08
3.092884e+08
1.599896e+08
9.579057e+07
7.075889e+07
0
8.088972e+08
3.218532e+08
1.668273e+08
1.001759e+08
7.376642e+07
0
0
8.468676e+08
3.360134e+08
1.747778e+08
1.056336e+08
7.805043e+07
0
0
0
8.789826e+08
3.48317e+08
1.81889e+08
1.106345e+08
8.214531e+07
0
0
0
0
9.015413e+08
3.573601e+08
1.871941e+08
1.144565e+08
8.53327e+07
0
0
0
0
0
3.630172e+08
1.906246e+08
1.169575e+08
8.745692e+07
0
0
0
0
0
0
1.923037e+08
1.182342e+08
8.855456e+07
0
0
0
0
0
0
0
7.764925e+08
7.440026e+08
3.058717e+08
7.269656e+08
2.959234e+08
1.569905e+08
7.222648e+08
2.924027e+08
1.525133e+08
9.354697e+07
7.287037e+08
2.937228e+08
1.520718e+08
9.134685e+07
6.889178e+07
7.455694e+08
2.993292e+08
1.54581e+08
9.221546e+07
6.802983e+07
0
7.727772e+08
3.088297e+08
1.596186e+08
9.527213e+07
6.985886e+07
0
0
8.081144e+08
3.216995e+08
1.66697e+08
1.000244e+08
7.347098e+07
0
0
0
8.464582e+08
3.359578e+08
1.748071e+08
1.056402e+08
7.802215e+07
0
0
0
0
8.784401e+08
3.483749e+08
1.819654e+08
1.107283e+08
8.222254e+07
0
0
0
0
0
3.573714e+08
1.873119e+08
1.145701e+08
8.54544e+07
0
0
0
0
0
0
1.907123e+08
1.170841e+08
8.758392e+07
0
0
0
0
0
0
0
1.18334e+08
8.868062e+07
0
0
0
0
0
0
0
0
8.003949e+08
7.613744e+08
3.111675e+08
7.358883e+08
2.988542e+08
1.583563e+08
7.222649e+08
2.924027e+08
1.525133e+08
9.354697e+07
7.194841e+08
2.905378e+08
1.503952e+08
9.02937e+07
6.817113e+07
7.267674e+08
2.927478e+08
1.510382e+08
8.989848e+07
6.627805e+07
0
7.444263e+08
2.987527e+08
1.541066e+08
9.157118e+07
6.694294e+07
0
0
7.718362e+08
3.085822e+08
1.593945e+08
9.502496e+07
6.94309e+07
0
0
0
8.076448e+08
3.215551e+08
1.666589e+08
9.995401e+07
7.335323e+07
0
0
0
0
8.457983e+08
3.359759e+08
1.748321e+08
1.056875e+08
7.803944e+07
0
0
0
0
0
3.483334e+08
1.820604e+08
1.108119e+08
8.231466e+07
0
0
0
0
0
0
1.873766e+08
1.146845e+08
8.55642e+07
0
0
0
0
0
0
0
1.171749e+08
8.770458e+07
0
0
0
0
0
0
0
0
8.877746e+07
0
0
0
0
0
0
0
0
0
8.308085e+08
7.874426e+08
3.19205e+08
7.539307e+08
3.048139e+08
1.611555e+08
7.313738e+08
2.954949e+08
1.540871e+08
9.444851e+07
7.194842e+08
2.905378e+08
1.503952e+08
9.02937e+07
6.817113e+07
7.174659e+08
2.895065e+08
1.493025e+08
8.87708e+07
6.543064e+07
0
7.255235e+08
2.920896e+08
1.504926e+08
8.91688e+07
6.506644e+07
0
0
7.433494e+08
2.984288e+08
1.538069e+08
9.124804e+07
6.640961e+07
0
0
0
7.712956e+08
3.083516e+08
1.592941e+08
9.488434e+07
6.923184e+07
0
0
0
0
8.068287e+08
3.215235e+08
1.666235e+08
9.994893e+07
7.330381e+07
0
0
0
0
0
3.358621e+08
1.748964e+08
1.057302e+08
7.809036e+07
0
0
0
0
0
0
1.820876e+08
1.109069e+08
8.239749e+07
0
0
0
0
0
0
0
1.147565e+08
8.567354e+07
0
0
0
0
0
0
0
0
8.779335e+07
0
0
0
0
0
0
0
0
0
0
0
0
0
0
0
0
0
0
0
8.633857e+08
8.207357e+08
3.296393e+08
7.810205e+08
3.138538e+08
1.654557e+08
7.497931e+08
3.017797e+08
1.573061e+08
9.630956e+07
7.287038e+08
2.937229e+08
1.520718e+08
9.134685e+07
6.889178e+07
7.17466e+08
2.895065e+08
1.493025e+08
8.87708e+07
6.543064e+07
0
7.161709e+08
2.888067e+08
1.487209e+08
8.799832e+07
6.415709e+07
0
0
7.243485e+08
2.917127e+08
1.501409e+08
8.879383e+07
6.4462e+07
0
0
0
7.427453e+08
2.981275e+08
1.536569e+08
9.105182e+07
6.614666e+07
0
0
0
0
7.703181e+08
3.082718e+08
1.592019e+08
9.483199e+07
6.912251e+07
0
0
0
0
0
3.213231e+08
1.666516e+08
9.994471e+07
7.330892e+07
0
0
0
0
0
0
1.748736e+08
1.057996e+08
7.813676e+07
0
0
0
0
0
0
0
1.109489e+08
8.248901e+07
0
0
0
0
0
0
0
0
8.574538e+07
0
0
0
0
0
0
0
0
0
0
0
0
0
0
0
0
0
0
0
0
0
0
0
0
0
0
0
0
8.910891e+08
8.565096e+08
3.410978e+08
8.156063e+08
3.255933e+08
1.711273e+08
7.774442e+08
3.11305e+08
1.622359e+08
9.92015e+07
7.473441e+08
3.001929e+08
1.55497e+08
9.351412e+07
7.03871e+07
7.267676e+08
2.927479e+08
1.510382e+08
8.989847e+07
6.627805e+07
0
7.161709e+08
2.888068e+08
1.48721e+08
8.799833e+07
6.415709e+07
0
0
7.149448e+08
2.884028e+08
1.483428e+08
8.759721e+07
6.351711e+07
0
0
0
7.237001e+08
2.913613e+08
1.499565e+08
8.855965e+07
6.415576e+07
0
0
0
0
7.416312e+08
2.980084e+08
1.535191e+08
9.096244e+07
6.599046e+07
0
0
0
0
0
3.079879e+08
1.591964e+08
9.478483e+07
6.908691e+07
0
0
0
0
0
0
1.665711e+08
9.9985e+07
7.331433e+07
0
0
0
0
0
0
0
1.058024e+08
7.820508e+07
0
0
0
0
0
0
0
0
8.253414e+07
0
0
0
0
0
0
0
0
0
0
0
0
0
0
0
0
0
0
0
0
0
0
0
0
0
0
0
0
0
0
0
0
0
0
0
0
9.111127e+08
8.866779e+08
3.510886e+08
8.52683e+08
3.38492e+08
1.774637e+08
8.127205e+08
3.236504e+08
1.687216e+08
1.030718e+08
7.753186e+08
3.099903e+08
1.607332e+08
9.686593e+07
7.272979e+07
7.455697e+08
2.993293e+08
1.545811e+08
9.221545e+07
6.802983e+07
0
7.255234e+08
2.920897e+08
1.504927e+08
8.916882e+07
6.506643e+07
0
0
7.149447e+08
2.884028e+08
1.483428e+08
8.759723e+07
6.351711e+07
0
0
0
7.142743e+08
2.880255e+08
1.48141e+08
8.734379e+07
6.318912e+07
0
0
0
0
7.224916e+08
2.912156e+08
1.497868e+08
8.8445e+07
6.396781e+07
0
0
0
0
0
2.976564e+08
1.534869e+08
9.088142e+07
6.59234e+07
0
0
0
0
0
0
1.590618e+08
9.479878e+07
6.90554e+07
0
0
0
0
0
0
0
9.994353e+07
7.335666e+07
0
0
0
0
0
0
0
0
7.821569e+07
0
0
0
0
0
0
0
0
0
0
0
0
0
0
0
0
0
0
0
0
0
0
0
0
0
0
0
0
0
0
0
0
0
0
0
0
0
0
0
0
0
0
0
9.236199e+08
9.082027e+08
3.584861e+08
8.838721e+08
3.496066e+08
1.830656e+08
8.504875e+08
3.371631e+08
1.759541e+08
1.074619e+08
8.109894e+08
3.226697e+08
1.676008e+08
1.013325e+08
7.58977e+07
7.73778e+08
3.092885e+08
1.599897e+08
9.579057e+07
7.075889e+07
0
7.444262e+08
2.987528e+08
1.541066e+08
9.157121e+07
6.694293e+07
0
0
7.243483e+08
2.917126e+08
1.50141e+08
8.879387e+07
6.446201e+07
0
0
0
7.142743e+08
2.880254e+08
1.48141e+08
8.734381e+07
6.318913e+07
0
0
0
0
7.130187e+08
2.878667e+08
1.479548e+08
8.721643e+07
6.298515e+07
0
0
0
0
0
2.908172e+08
1.497369e+08
8.834059e+07
6.387947e+07
0
0
0
0
0
0
1.53309e+08
9.0875e+07
6.586317e+07
0
0
0
0
0
0
0
9.471688e+07
6.907463e+07
0
0
0
0
0
0
0
0
7.332885e+07
0
0
0
0
0
0
0
0
0
0
0
0
0
0
0
0
0
0
0
0
0
0
0
0
0
0
0
0
0
0
0
0
0
0
0
0
0
0
0
0
0
0
0
0
0
0
0
0
0
9.295459e+08
9.214264e+08
3.632054e+08
9.06048e+08
3.577023e+08
1.87263e+08
8.822259e+08
3.487757e+08
1.822609e+08
1.113832e+08
8.491518e+08
3.365246e+08
1.752233e+08
1.063822e+08
7.95285e+07
8.097296e+08
3.221672e+08
1.670698e+08
1.005376e+08
7.443006e+07
0
7.727771e+08
3.0883e+08
1.596187e+08
9.527217e+07
6.985886e+07
0
0
7.433492e+08
2.984288e+08
1.53807e+08
9.12481e+07
6.640963e+07
0
0
0
7.236999e+08
2.913612e+08
1.499565e+08
8.85597e+07
6.415579e+07
0
0
0
0
7.130188e+08
2.878667e+08
1.479548e+08
8.721643e+07
6.298516e+07
0
0
0
0
0
2.874451e+08
1.478962e+08
8.710003e+07
6.288615e+07
0
0
0
0
0
0
1.495297e+08
8.832078e+07
6.37996e+07
0
0
0
0
0
0
0
9.076135e+07
6.586481e+07
0
0
0
0
0
0
0
0
6.901233e+07
0
0
0
0
0
0
0
0
0
0
0
0
0
0
0
0
0
0
0
0
0
0
0
0
0
0
0
0
0
0
0
0
0
0
0
0
0
0
0
0
0
0
0
0
0
0
0
0
0
0
0
0
0
0
9.276173e+08
3.654743e+08
9.196855e+08
3.627618e+08
1.899673e+08
9.047826e+08
3.57206e+08
1.869021e+08
1.14346e+08
8.811998e+08
3.484247e+08
1.818515e+08
1.108283e+08
8.278688e+07
8.481708e+08
3.362304e+08
1.74913e+08
1.058773e+08
7.862053e+07
0
8.088971e+08
3.218534e+08
1.668274e+08
1.00176e+08
7.376641e+07
0
0
7.718359e+08
3.085822e+08
1.593946e+08
9.502505e+07
6.943093e+07
0
0
0
7.42745e+08
2.981274e+08
1.536568e+08
9.10519e+07
6.614671e+07
0
0
0
0
7.224917e+08
2.912155e+08
1.497867e+08
8.844499e+07
6.396786e+07
0
0
0
0
0
2.874451e+08
1.478962e+08
8.710002e+07
6.288615e+07
0
0
0
0
0
0
1.476744e+08
8.707369e+07
6.279626e+07
0
0
0
0
0
0
0
8.818593e+07
6.378978e+07
0
0
0
0
0
0
0
0
6.57758e+07
0
0
0
0
0
0
0
0
0
0
0
0
0
0
0
0
0
0
0
0
0
0
0
0
0
0
0
0
0
0
0
0
0
0
0
0
0
0
0
0
0
0
0
0
0
0
0
0
0
0
0
0
0
0
0
0
0
0
0
9.260816e+08
3.651583e+08
1.912761e+08
9.186356e+08
3.624859e+08
1.898267e+08
1.162675e+08
9.039545e+08
3.570671e+08
1.867133e+08
1.141261e+08
8.525873e+07
8.804332e+08
3.483063e+08
1.817307e+08
1.105666e+08
8.232813e+07
0
8.47501e+08
3.360688e+08
1.748074e+08
1.056814e+08
7.820403e+07
0
0
8.081142e+08
3.216995e+08
1.666972e+08
1.000245e+08
7.347102e+07
0
0
0
7.712953e+08
3.083515e+08
1.592941e+08
9.488445e+07
6.923191e+07
0
0
0
0
7.416313e+08
2.980082e+08
1.53519e+08
9.096243e+07
6.599053e+07
0
0
0
0
0
2.908172e+08
1.497368e+08
8.834055e+07
6.387947e+07
0
0
0
0
0
0
1.476744e+08
8.707368e+07
6.279625e+07
0
0
0
0
0
0
0
8.692835e+07
6.278089e+07
0
0
0
0
0
0
0
0
6.368311e+07
0
0
0
0
0
0
0
0
0
0
0
0
0
0
0
0
0
0
0
0
0
0
0
0
0
0
0
0
0
0
0
0
0
0
0
0
0
0
0
0
0
0
0
0
0
0
0
0
0
0
0
0
0
0
0
0
0
0
0
0
0
0
0
0
9.251254e+08
3.649938e+08
1.912198e+08
1.172015e+08
9.179151e+08
3.624758e+08
1.897847e+08
1.162171e+08
8.68674e+07
9.033158e+08
3.570727e+08
1.86735e+08
1.140343e+08
8.508945e+07
0
8.798824e+08
3.482727e+08
1.817436e+08
1.105156e+08
8.212131e+07
0
0
8.468672e+08
3.360134e+08
1.747781e+08
1.056337e+08
7.805049e+07
0
0
0
8.076444e+08
3.21555e+08
1.666589e+08
9.995415e+07
7.335332e+07
0
0
0
0
7.703182e+08
3.082716e+08
1.592019e+08
9.483198e+07
6.91226e+07
0
0
0
0
0
2.976565e+08
1.534868e+08
9.088137e+07
6.592339e+07
0
0
0
0
0
0
1.495297e+08
8.832074e+07
6.379957e+07
0
0
0
0
0
0
0
8.692836e+07
6.278088e+07
0
0
0
0
0
0
0
0
6.266553e+07
0
0
0
0
0
0
0
0
0
0
0
0
0
0
0
0
0
0
0
0
0
0
0
0
0
0
0
0
0
0
0
0
0
0
0
0
0
0
0
0
0
0
0
0
0
0
0
0
0
0
0
0
0
0
0
0
0
0
0
0
0
0
0
0
0
0
0
0
0
9.244507e+08
3.65043e+08
1.91252e+08
1.172171e+08
8.765128e+07
9.173446e+08
3.62556e+08
1.898947e+08
1.162389e+08
8.68464e+07
0
9.028275e+08
3.57126e+08
1.86834e+08
1.140938e+08
8.503083e+07
0
0
8.79356e+08
3.482995e+08
1.818017e+08
1.105598e+08
8.209342e+07
0
0
0
8.464577e+08
3.359577e+08
1.748071e+08
1.056404e+08
7.802228e+07
0
0
0
0
8.068288e+08
3.215233e+08
1.666234e+08
9.994892e+07
7.330393e+07
0
0
0
0
0
3.079879e+08
1.591963e+08
9.478478e+07
6.90869e+07
0
0
0
0
0
0
1.53309e+08
9.087493e+07
6.586313e+07
0
0
0
0
0
0
0
8.818594e+07
6.378975e+07
0
0
0
0
0
0
0
0
6.266553e+07
0
0
0
0
0
0
0
0
0
0
0
0
0
0
0
0
0
0
0
0
0
0
0
0
0
0
0
0
0
0
0
0
0
0
0
0
0
0
0
0
0
0
0
0
0
0
0
0
0
0
0
0
0
0
0
0
0
0
0
0
0
0
0
0
0
0
0
0
0
0
0
0
0
0
9.239087e+08
3.651576e+08
1.914034e+08
1.172965e+08
8.768857e+07
0
9.168864e+08
3.626617e+08
1.900469e+08
1.163679e+08
8.688717e+07
0
0
9.023631e+08
3.572065e+08
1.869537e+08
1.14206e+08
8.509967e+07
0
0
0
8.789818e+08
3.483167e+08
1.818889e+08
1.106348e+08
8.214546e+07
0
0
0
0
8.457984e+08
3.359756e+08
1.74832e+08
1.056875e+08
7.803961e+07
0
0
0
0
0
3.213231e+08
1.666515e+08
9.994465e+07
7.330891e+07
0
0
0
0
0
0
1.590618e+08
9.47987e+07
6.905535e+07
0
0
0
0
0
0
0
9.076137e+07
6.586476e+07
0
0
0
0
0
0
0
0
6.368312e+07
0
0
0
0
0
0
0
0
0
0
0
0
0
0
0
0
0
0
0
0
0
0
0
0
0
0
0
0
0
0
0
0
0
0
0
0
0
0
0
0
0
0
0
0
0
0
0
0
0
0
0
0
0
0
0
0
0
0
0
0
0
0
0
0
0
0
0
0
0
0
0
0
0
0
0
0
0
0
0
9.234621e+08
3.652874e+08
1.915806e+08
1.174583e+08
8.777986e+07
0
0
9.164532e+08
3.627742e+08
1.902048e+08
1.165228e+08
8.701735e+07
0
0
0
9.020058e+08
3.572736e+08
1.870808e+08
1.143302e+08
8.521179e+07
0
0
0
0
8.784402e+08
3.483745e+08
1.819652e+08
1.107282e+08
8.222275e+07
0
0
0
0
0
3.358621e+08
1.748962e+08
1.057301e+08
7.809035e+07
0
0
0
0
0
0
1.665711e+08
9.998491e+07
7.331428e+07
0
0
0
0
0
0
0
9.47169e+07
6.907457e+07
0
0
0
0
0
0
0
0
6.577582e+07
0
0
0
0
0
0
0
0
0
0
0
0
0
0
0
0
0
0
0
0
0
0
0
0
0
0
0
0
0
0
0
0
0
0
0
0
0
0
0
0
0
0
0
0
0
0
0
0
0
0
0
0
0
0
0
0
0
0
0
0
0
0
0
0
0
0
0
0
0
0
0
0
0
0
0
0
0
0
0
0
0
0
0
0
0
9.23041e+08
3.654147e+08
1.917565e+08
1.176335e+08
8.793915e+07
0
0
0
9.160999e+08
3.628713e+08
1.903567e+08
1.166781e+08
8.716758e+07
0
0
0
0
9.015413e+08
3.573597e+08
1.871939e+08
1.144565e+08
8.533292e+07
0
0
0
0
0
3.483335e+08
1.820602e+08
1.108118e+08
8.231462e+07
0
0
0
0
0
0
1.748736e+08
1.057995e+08
7.813668e+07
0
0
0
0
0
0
0
9.994355e+07
7.335658e+07
0
0
0
0
0
0
0
0
6.901234e+07
0
0
0
0
0
0
0
0
0
0
0
0
0
0
0
0
0
0
0
0
0
0
0
0
0
0
0
0
0
0
0
0
0
0
0
0
0
0
0
0
0
0
0
0
0
0
0
0
0
0
0
0
0
0
0
0
0
0
0
0
0
0
0
0
0
0
0
0
0
0
0
0
0
0
0
0
0
0
0
0
0
0
0
0
0
0
0
0
0
0
0
0
9.226875e+08
3.655255e+08
1.919201e+08
1.178036e+08
8.810757e+07
0
0
0
0
9.15676e+08
3.629738e+08
1.904926e+08
1.16825e+08
8.731661e+07
0
0
0
0
0
3.573715e+08
1.873117e+08
1.1457e+08
8.545437e+07
0
0
0
0
0
0
1.820876e+08
1.109067e+08
8.239735e+07
0
0
0
0
0
0
0
1.058025e+08
7.820496e+07
0
0
0
0
0
0
0
0
7.332886e+07
0
0
0
0
0
0
0
0
0
0
0
0
0
0
0
0
0
0
0
0
0
0
0
0
0
0
0
0
0
0
0
0
0
0
0
0
0
0
0
0
0
0
0
0
0
0
0
0
0
0
0
0
0
0
0
0
0
0
0
0
0
0
0
0
0
0
0
0
0
0
0
0
0
0
0
0
0
0
0
0
0
0
0
0
0
0
0
0
0
0
0
0
0
0
0
0
0
0
0
0
9.222803e+08
3.656354e+08
1.920666e+08
1.179603e+08
8.826998e+07
0
0
0
0
0
3.630172e+08
1.906243e+08
1.169574e+08
8.745689e+07
0
0
0
0
0
0
1.873766e+08
1.146843e+08
8.556408e+07
0
0
0
0
0
0
0
1.109489e+08
8.248882e+07
0
0
0
0
0
0
0
0
7.821571e+07
0
0
0
0
0
0
0
0
0
0
0
0
0
0
0
0
0
0
0
0
0
0
0
0
0
0
0
0
0
0
0
0
0
0
0
0
0
0
0
0
0
0
0
0
0
0
0
0
0
0
0
0
0
0
0
0
0
0
0
0
0
0
0
0
0
0
0
0
0
0
0
0
0
0
0
0
0
0
0
0
0
0
0
0
0
0
0
0
0
0
0
0
0
0
0
0
0
0
0
0
0
0
0
0
0
0
0
0
0
3.656932e+08
1.922049e+08
1.181018e+08
8.841931e+07
0
0
0
0
0
0
1.907123e+08
1.170839e+08
8.758379e+07
0
0
0
0
0
0
0
1.147565e+08
8.567338e+07
0
0
0
0
0
0
0
0
8.253416e+07
0
0
0
0
0
0
0
0
0
0
0
0
0
0
0
0
0
0
0
0
0
0
0
0
0
0
0
0
0
0
0
0
0
0
0
0
0
0
0
0
0
0
0
0
0
0
0
0
0
0
0
0
0
0
0
0
0
0
0
0
0
0
0
0
0
0
0
0
0
0
0
0
0
0
0
0
0
0
0
0
0
0
0
0
0
0
0
0
0
0
0
0
0
0
0
0
0
0
0
0
0
0
0
0
0
0
0
0
0
0
0
0
0
0
0
0
0
0
0
1.923037e+08
1.18234e+08
8.855443e+07
0
0
0
0
0
0
0
1.171749e+08
8.770442e+07
0
0
0
0
0
0
0
0
8.574539e+07
0
0
0
0
0
0
0
0
0
0
0
0
0
0
0
0
0
0
0
0
0
0
0
0
0
0
0
0
0
0
0
0
0
0
0
0
0
0
0
0
0
0
0
0
0
0
0
0
0
0
0
0
0
0
0
0
0
0
0
0
0
0
0
0
0
0
0
0
0
0
0
0
0
0
0
0
0
0
0
0
0
0
0
0
0
0
0
0
0
0
0
0
0
0
0
0
0
0
0
0
0
0
0
0
0
0
0
0
0
0
0
0
0
0
0
0
0
0
0
0
0
0
0
0
0
0
0
1.18334e+08
8.868046e+07
0
0
0
0
0
0
0
0
8.779336e+07
0
0
0
0
0
0
0
0
0
0
0
0
0
0
0
0
0
0
0
0
0
0
0
0
0
0
0
0
0
0
0
0
0
0
0
0
0
0
0
0
0
0
0
0
0
0
0
0
0
0
0
0
0
0
0
0
0
0
0
0
0
0
0
0
0
0
0
0
0
0
0
0
0
0
0
0
0
0
0
0
0
0
0
0
0
0
0
0
0
0
0
0
0
0
0
0
0
0
0
0
0
0
0
0
0
0
0
0
0
0
0
0
0
0
0
0
0
0
0
0
0
0
0
0
0
0
0
0
0
0
0
0
0
8.877747e+07
0
0
0
0
0
0
0
0
0
0
0
0
0
0
0
0
0
0
0
0
0
0
0
0
0
0
0
0
0
0
0
0
0
0
0
0
0
0
0
0
0
0
0
0
0
0
0
0
0
0
0
0
0
0
0
0
0
0
0
0
0
0
0
0
0
0
0
0
0
0
0
0
0
0
0
0
0
0
0
0
0
0
0
0
0
0
0
0
0
0
0
0
0
0
0
0
0
0
0
0
0
0
0
0
0
0
0
0
0
0
0
0
0
0
0
0
0
0
0
0
0
0
0
0
0
0
0
0
0
0
0
0
0
0
0
0
0
0
0
0
0
0
0
0
0
0
0
0
0
0
0
0
0
0
0
0
0
0
0
0
0
0
0
0
0
0
0
0
0
0
0
0
0
0
0
0
0
0
0
0
0
0
0
0
0
0
0
0
0
0
0
0
0
0
0
0
0
0
0
0
0
0
0
0
0
0
0
0
0
0
0
0
0
0
0
0
0
0
0
0
0
0
0
0
0
0
0
0
0
0
0
0
0
0
0
0
0
0
0
0
0
0
0
0
0
0
0
0
0
0
0
0
0
0
0
0
0
0
0
0
0
0
0
0
0
0
0
0
0
0
0
0
0
0
0
0
0
0
0
0
0
0
0
0
0
0
0
0
0
0
0
0
0
0
0
0
0
0
0
0
0
0
0
0
0
0
0
0
0
0
0
0
0
0
0
0
0
0
0
0
0
0
0
0
0
0
0
0
0
0
0
0
0
0
0
0
0
0
0
0
0
0
0
0
0
0
0
0
0
0
0
0
0
0
0
0
0
0
0
0
0
0
0
0
0
0
0
0
0
0
0
0
0
0
0
0
0
0
0
0
0
0
0
0
0
0
0
0
0
0
0
0
0
0
0
0
0
0
0
0
0
0
0
0
0
0
0
0
0
0
0
0
0
0
0
0
0
0
0
0
0
0
0
0
0
0
0
0
0
0
0
0
0
0
0
0
0
0
0
0
0
0
0
0
0
0
0
0
0
0
0
0
0
0
0
0
0
0
0
0
0
0
0
0
0
0
0
0
0
0
0
0
0
0
0
0
0
0
0
0
0
0
0
0
0
0
0
0
0
0
0
0
0
0
0
0
0
0
0
0
0
0
0
0
0
0
0
0
0
0
0
0
0
0
0
0
0
0
0
0
0
0
0
0
0
0
0
0
0
0
0
0
0
0
0
0
0
0
0
0
0
0
0
0
0
0
0
0
0
0
0
0
0
0
0
0
0
0
0
0
0
0
0
0
0
0
0
0
0
0
0
0
0
0
0
0
0
0
0
0
0
0
0
0
0
0
0
0
0
0
0
0
0
0
0
0
0
0
0
0
0
0
0
0
0
0
0
0
0
0
0
0
0
0
0
0
0
0
0
0
0
0
0
0
0
0
0
0
0
0
0
0
0
0
0
0
0
0
0
0
0
0
0
0
0
0
0
0
0
0
0
0
0
0
0
0
0
0
0
0
0
0
0
0
0
0
0
0
0
0
0
0
0
0
0
0
0
0
0
0
0
0
0
0
0
0
0
0
0
0
0
0
0
0
0
0
0
0
0
0
0
0
0
0
0
0
0
0
0
0
0
0
0
0
0
0
0
0
0
0
0
0
0
0
0
0
0
0
0
0
0
0
0
0
0
0
0
0
0
0
0
0
0
0
0
0
0
0
0
0
0
0
0
0
0
0
0
0
0
0
0
0
0
0
0
0
0
0
0
0
0
0
0
0
0
0
0
0
0
0
0
0
0
0
0
0
0
0
0
0
0
0
0
0
0
0
0
0
0
0
0
0
0
0
0
0
0
0
0
0
0
0
0
0
0
0
0
0
0
0
0
0
0
0
0
0
0
0
0
0
0
0
0
0
0
0
0
0
0
0
0
0
0
0
0
0
0
0
0
0
0
0
0
0
0
0
0
0
0
0
0
0
0
0
0
0
0
0
0
0
0
0
0
0
0
0
0
0
0
0
0
0
0
0
0
0
0
0
0
0
0
0
0
0
0
0
0
0
0
0
0
0
0
0
0
0
0
0
0
0
0
0
0
0
0
0
0
0
0
0
0
0
0
0
0
0
0
0
0
0
0
0
)
;

boundaryField
{
    anodeSides
    {
        type            calculated;
        value           uniform 0;
    }
    fuelInlet
    {
        type            calculated;
        value           uniform 0;
    }
    fuelOutlet
    {
        type            calculated;
        value           nonuniform List<scalar> 0();
    }
    fuel_to_electrolyte
    {
        type            calculated;
        value           uniform 0;
    }
    fuel_to_interconnect
    {
        type            calculated;
        value           uniform 0;
    }
    procBoundary0to1
    {
        type            processor;
        value           uniform 0;
    }
}
)

// processor1

19750
(dimensions      [0 -3 0 0 0 1 0];

internalField   nonuniform List<scalar> 
4000
(
9.217481e+08
9.150786e+08
9.214786e+08
3.656492e+08
9.007973e+08
9.148148e+08
3.629369e+08
9.212652e+08
3.657537e+08
1.923276e+08
8.774421e+08
9.005414e+08
3.572128e+08
9.146109e+08
3.630381e+08
1.907118e+08
9.210668e+08
3.658758e+08
1.924519e+08
1.183732e+08
8.444294e+08
8.771878e+08
3.480464e+08
9.00356e+08
3.573056e+08
1.87324e+08
9.144223e+08
3.631589e+08
1.908324e+08
1.171951e+08
9.208892e+08
3.660063e+08
1.925855e+08
1.184909e+08
8.882024e+07
8.049998e+08
8.441666e+08
3.353982e+08
8.770271e+08
3.481227e+08
1.819513e+08
9.001853e+08
3.574237e+08
1.874364e+08
1.147365e+08
9.142539e+08
3.632887e+08
1.909638e+08
1.173093e+08
8.781941e+07
9.20715e+08
3.661297e+08
1.927249e+08
1.186149e+08
8.893202e+07
0
7.680336e+08
8.047175e+08
3.206508e+08
8.44026e+08
3.354503e+08
1.746246e+08
8.768793e+08
3.482357e+08
1.820492e+08
1.108651e+08
9.000339e+08
3.575513e+08
1.875632e+08
1.148431e+08
8.573628e+07
9.140887e+08
3.634112e+08
1.911014e+08
1.17431e+08
8.79278e+07
0
9.205596e+08
3.662566e+08
1.928558e+08
1.187435e+08
8.904904e+07
0
0
7.389712e+08
7.677241e+08
3.071152e+08
8.04584e+08
3.206746e+08
1.661921e+08
8.439012e+08
3.355525e+08
1.747024e+08
1.05634e+08
8.767492e+08
3.483582e+08
1.821686e+08
1.109588e+08
8.246973e+07
8.998855e+08
3.576714e+08
1.876967e+08
1.149599e+08
8.583741e+07
0
9.139408e+08
3.635375e+08
1.912304e+08
1.175576e+08
8.804246e+07
0
0
9.204094e+08
3.663765e+08
1.929894e+08
1.188641e+08
8.917017e+07
0
0
0
7.195723e+08
7.386352e+08
2.966202e+08
7.675851e+08
3.071123e+08
1.585601e+08
8.044739e+08
3.207604e+08
1.662477e+08
9.967974e+07
8.437917e+08
3.356665e+08
1.748103e+08
1.057106e+08
7.807874e+07
8.766219e+08
3.484731e+08
1.822952e+08
1.110683e+08
8.255884e+07
0
8.997521e+08
3.577958e+08
1.878216e+08
1.150822e+08
8.594726e+07
0
0
9.13799e+08
3.63656e+08
1.913624e+08
1.176761e+08
8.816152e+07
0
0
0
9.202665e+08
3.66504e+08
1.931148e+08
1.18987e+08
8.928373e+07
0
0
0
0
7.099656e+08
7.192168e+08
2.896678e+08
7.384872e+08
2.96596e+08
1.527082e+08
7.674755e+08
3.07181e+08
1.585959e+08
9.436484e+07
8.043773e+08
3.208621e+08
1.663408e+08
9.973771e+07
7.311127e+07
8.436858e+08
3.357725e+08
1.749269e+08
1.058091e+08
7.815202e+07
0
8.765082e+08
3.485929e+08
1.824131e+08
1.111835e+08
8.266129e+07
0
0
8.99625e+08
3.579114e+08
1.8795e+08
1.151965e+08
8.606194e+07
0
0
0
9.136656e+08
3.637829e+08
1.914858e+08
1.177973e+08
8.827303e+07
0
0
0
0
9.201116e+08
3.666188e+08
1.932463e+08
1.191023e+08
8.939947e+07
0
0
0
0
0
7.099655e+08
7.096001e+08
2.862371e+08
7.190613e+08
2.896293e+08
1.488607e+08
7.38368e+08
2.966511e+08
1.527287e+08
9.033914e+07
7.673815e+08
3.072687e+08
1.58675e+08
9.440668e+07
6.872135e+07
8.042844e+08
3.209561e+08
1.664453e+08
9.982295e+07
7.316763e+07
0
8.435913e+08
3.358845e+08
1.750349e+08
1.059146e+08
7.824387e+07
0
0
8.763981e+08
3.487036e+08
1.825351e+08
1.112908e+08
8.276894e+07
0
0
0
8.995091e+08
3.580358e+08
1.880691e+08
1.153138e+08
8.616912e+07
0
0
0
0
9.135186e+08
3.638975e+08
1.916156e+08
1.179104e+08
8.838691e+07
0
0
0
0
0
3.667329e+08
1.933659e+08
1.192226e+08
8.950788e+07
0
0
0
0
0
0
7.195723e+08
7.096001e+08
2.862371e+08
7.094412e+08
2.861915e+08
1.469701e+08
7.189321e+08
2.896755e+08
1.488712e+08
8.77159e+07
7.38272e+08
2.967254e+08
1.527973e+08
9.036893e+07
6.542721e+07
7.672891e+08
3.073503e+08
1.587675e+08
9.447996e+07
6.876327e+07
0
8.042025e+08
3.210564e+08
1.665415e+08
9.991728e+07
7.324704e+07
0
0
8.434977e+08
3.359868e+08
1.751477e+08
1.060123e+08
7.834205e+07
0
0
0
8.76301e+08
3.488221e+08
1.826476e+08
1.114015e+08
8.286917e+07
0
0
0
0
8.993776e+08
3.581495e+08
1.881951e+08
1.154225e+08
8.627902e+07
0
0
0
0
0
3.640111e+08
1.91734e+08
1.180289e+08
8.849319e+07
0
0
0
0
0
0
1.934865e+08
1.193325e+08
8.962093e+07
0
0
0
0
0
0
0
7.389712e+08
7.192168e+08
2.896678e+08
7.094412e+08
2.861915e+08
1.469701e+08
7.093073e+08
2.862336e+08
1.469757e+08
8.643373e+07
7.188317e+08
2.897401e+08
1.489331e+08
8.773792e+07
6.329562e+07
7.381744e+08
2.967973e+08
1.528795e+08
9.043346e+07
6.545851e+07
0
7.67209e+08
3.074376e+08
1.588528e+08
9.456382e+07
6.883165e+07
0
0
8.041197e+08
3.211475e+08
1.666429e+08
1.000041e+08
7.333447e+07
0
0
0
8.434165e+08
3.360962e+08
1.752509e+08
1.061141e+08
7.843299e+07
0
0
0
0
8.761909e+08
3.489311e+08
1.827666e+08
1.115036e+08
8.297257e+07
0
0
0
0
0
3.582619e+08
1.883106e+08
1.15537e+08
8.638098e+07
0
0
0
0
0
0
1.918531e+08
1.181373e+08
8.86044e+07
0
0
0
0
0
0
0
1.194437e+08
8.972434e+07
0
0
0
0
0
0
0
0
7.680336e+08
7.386352e+08
2.966202e+08
7.190613e+08
2.896293e+08
1.488607e+08
7.093072e+08
2.862336e+08
1.469757e+08
8.643373e+07
7.092022e+08
2.862937e+08
1.470345e+08
8.645199e+07
6.225812e+07
7.187295e+08
2.89805e+08
1.490082e+08
8.779695e+07
6.332014e+07
0
7.380908e+08
2.968738e+08
1.529569e+08
9.050871e+07
6.551893e+07
0
0
7.671274e+08
3.075169e+08
1.589432e+08
9.464103e+07
6.890927e+07
0
0
0
8.040473e+08
3.212452e+08
1.66735e+08
1.000954e+08
7.341496e+07
0
0
0
0
8.433256e+08
3.361962e+08
1.753601e+08
1.062073e+08
7.852763e+07
0
0
0
0
0
3.490408e+08
1.828758e+08
1.116113e+08
8.3068e+07
0
0
0
0
0
0
1.884268e+08
1.156421e+08
8.648816e+07
0
0
0
0
0
0
0
1.18247e+08
8.870623e+07
0
0
0
0
0
0
0
0
8.982919e+07
0
0
0
0
0
0
0
0
0
8.049998e+08
7.677241e+08
3.071152e+08
7.384873e+08
2.96596e+08
1.527082e+08
7.189319e+08
2.896755e+08
1.488712e+08
8.771589e+07
7.092022e+08
2.862937e+08
1.470345e+08
8.645199e+07
6.225812e+07
7.090978e+08
2.863543e+08
1.471064e+08
8.650852e+07
6.22794e+07
0
7.186416e+08
2.898746e+08
1.490801e+08
8.786641e+07
6.33756e+07
0
0
7.380047e+08
2.969433e+08
1.530386e+08
9.057903e+07
6.558869e+07
0
0
0
7.67056e+08
3.076024e+08
1.59025e+08
9.472255e+07
6.898075e+07
0
0
0
0
8.039653e+08
3.21333e+08
1.668331e+08
1.001784e+08
7.349952e+07
0
0
0
0
0
3.36299e+08
1.754597e+08
1.063057e+08
7.86143e+07
0
0
0
0
0
0
1.829872e+08
1.117101e+08
8.316842e+07
0
0
0
0
0
0
0
1.157485e+08
8.658658e+07
0
0
0
0
0
0
0
0
8.880945e+07
0
0
0
0
0
0
0
0
0
0
0
0
0
0
0
0
0
0
0
8.444294e+08
8.047175e+08
3.206508e+08
7.675851e+08
3.071123e+08
1.585601e+08
7.383677e+08
2.966511e+08
1.527287e+08
9.033914e+07
7.188314e+08
2.8974e+08
1.489331e+08
8.773791e+07
6.329561e+07
7.090977e+08
2.863542e+08
1.471064e+08
8.650852e+07
6.22794e+07
0
7.090075e+08
2.864206e+08
1.471751e+08
8.657533e+07
6.23326e+07
0
0
7.185503e+08
2.899375e+08
1.491565e+08
8.793217e+07
6.344016e+07
0
0
0
7.379307e+08
2.970188e+08
1.531125e+08
9.065326e+07
6.565376e+07
0
0
0
0
7.669708e+08
3.076787e+08
1.591125e+08
9.479639e+07
6.905614e+07
0
0
0
0
0
3.214244e+08
1.669213e+08
1.002665e+08
7.357643e+07
0
0
0
0
0
0
1.75563e+08
1.063955e+08
7.870576e+07
0
0
0
0
0
0
0
1.118113e+08
8.326061e+07
0
0
0
0
0
0
0
0
8.668643e+07
0
0
0
0
0
0
0
0
0
0
0
0
0
0
0
0
0
0
0
0
0
0
0
0
0
0
0
0
8.774421e+08
8.441665e+08
3.353982e+08
8.04584e+08
3.206746e+08
1.661921e+08
7.674753e+08
3.07181e+08
1.585959e+08
9.436483e+07
7.382717e+08
2.967253e+08
1.527973e+08
9.036892e+07
6.542721e+07
7.187295e+08
2.898049e+08
1.490081e+08
8.779695e+07
6.332014e+07
0
7.090075e+08
2.864206e+08
1.471751e+08
8.657532e+07
6.23326e+07
0
0
7.089131e+08
2.864803e+08
1.472491e+08
8.663853e+07
6.239477e+07
0
0
0
7.184728e+08
2.90006e+08
1.492252e+08
8.800192e+07
6.350105e+07
0
0
0
0
7.378382e+08
2.970861e+08
1.53192e+08
9.07203e+07
6.572242e+07
0
0
0
0
0
3.077567e+08
1.591907e+08
9.48753e+07
6.912447e+07
0
0
0
0
0
0
1.670137e+08
1.003459e+08
7.365803e+07
0
0
0
0
0
0
0
1.064888e+08
7.878921e+07
0
0
0
0
0
0
0
0
8.33552e+07
0
0
0
0
0
0
0
0
0
0
0
0
0
0
0
0
0
0
0
0
0
0
0
0
0
0
0
0
0
0
0
0
0
0
0
0
9.007972e+08
8.771876e+08
3.480464e+08
8.440261e+08
3.354503e+08
1.746246e+08
8.044737e+08
3.207604e+08
1.662477e+08
9.967973e+07
7.673812e+08
3.072686e+08
1.58675e+08
9.440668e+07
6.872134e+07
7.381743e+08
2.967972e+08
1.528795e+08
9.043347e+07
6.54585e+07
0
7.186415e+08
2.898746e+08
1.4908e+08
8.786638e+07
6.33756e+07
0
0
7.089132e+08
2.864803e+08
1.472491e+08
8.663852e+07
6.239476e+07
0
0
0
7.088337e+08
2.865454e+08
1.473153e+08
8.67062e+07
6.245336e+07
0
0
0
0
7.183745e+08
2.900672e+08
1.492994e+08
8.806462e+07
6.356559e+07
0
0
0
0
0
2.971531e+08
1.532628e+08
9.079233e+07
6.578446e+07
0
0
0
0
0
0
1.592722e+08
9.494587e+07
6.919743e+07
0
0
0
0
0
0
0
1.004293e+08
7.373166e+07
0
0
0
0
0
0
0
0
7.887603e+07
0
0
0
0
0
0
0
0
0
0
0
0
0
0
0
0
0
0
0
0
0
0
0
0
0
0
0
0
0
0
0
0
0
0
0
0
0
0
0
0
0
0
0
9.150785e+08
9.005413e+08
3.572128e+08
8.770272e+08
3.481226e+08
1.819513e+08
8.43901e+08
3.355525e+08
1.747024e+08
1.05634e+08
8.04377e+08
3.208621e+08
1.663408e+08
9.973769e+07
7.311126e+07
7.67289e+08
3.073501e+08
1.587675e+08
9.447996e+07
6.876327e+07
0
7.380907e+08
2.968738e+08
1.529568e+08
9.050866e+07
6.551894e+07
0
0
7.185503e+08
2.899374e+08
1.491565e+08
8.793213e+07
6.344014e+07
0
0
0
7.088337e+08
2.865454e+08
1.473153e+08
8.67062e+07
6.245335e+07
0
0
0
0
7.087328e+08
2.866037e+08
1.47387e+08
8.676688e+07
6.2516e+07
0
0
0
0
0
2.901273e+08
1.493655e+08
8.813221e+07
6.362365e+07
0
0
0
0
0
0
1.533358e+08
9.085654e+07
6.585104e+07
0
0
0
0
0
0
0
9.501975e+07
6.926275e+07
0
0
0
0
0
0
0
0
7.380898e+07
0
0
0
0
0
0
0
0
0
0
0
0
0
0
0
0
0
0
0
0
0
0
0
0
0
0
0
0
0
0
0
0
0
0
0
0
0
0
0
0
0
0
0
0
0
0
0
0
0
9.217479e+08
9.148147e+08
3.629369e+08
9.00356e+08
3.573056e+08
1.873239e+08
8.76879e+08
3.482357e+08
1.820491e+08
1.108651e+08
8.437913e+08
3.356664e+08
1.748103e+08
1.057106e+08
7.807874e+07
8.042843e+08
3.209559e+08
1.664453e+08
9.982295e+07
7.316762e+07
0
7.672089e+08
3.074375e+08
1.588527e+08
9.456377e+07
6.883166e+07
0
0
7.380048e+08
2.969433e+08
1.530386e+08
9.057896e+07
6.558865e+07
0
0
0
7.184728e+08
2.90006e+08
1.492252e+08
8.800191e+07
6.350101e+07
0
0
0
0
7.087328e+08
2.866037e+08
1.47387e+08
8.676687e+07
6.2516e+07
0
0
0
0
0
2.866607e+08
1.474508e+08
8.683233e+07
6.257221e+07
0
0
0
0
0
0
1.494332e+08
8.81924e+07
6.368617e+07
0
0
0
0
0
0
0
9.09233e+07
6.591045e+07
0
0
0
0
0
0
0
0
6.933125e+07
0
0
0
0
0
0
0
0
0
0
0
0
0
0
0
0
0
0
0
0
0
0
0
0
0
0
0
0
0
0
0
0
0
0
0
0
0
0
0
0
0
0
0
0
0
0
0
0
0
0
0
0
0
0
9.214785e+08
3.656491e+08
9.14611e+08
3.63038e+08
1.907117e+08
9.00185e+08
3.574237e+08
1.874363e+08
1.147365e+08
8.767485e+08
3.483581e+08
1.821687e+08
1.109588e+08
8.246972e+07
8.436856e+08
3.357723e+08
1.749268e+08
1.058091e+08
7.8152e+07
0
8.042023e+08
3.210564e+08
1.665413e+08
9.991724e+07
7.324704e+07
0
0
7.671274e+08
3.075168e+08
1.589431e+08
9.464095e+07
6.890923e+07
0
0
0
7.379308e+08
2.970188e+08
1.531125e+08
9.065324e+07
6.565371e+07
0
0
0
0
7.183747e+08
2.900672e+08
1.492994e+08
8.806461e+07
6.356558e+07
0
0
0
0
0
2.866607e+08
1.474508e+08
8.683233e+07
6.25722e+07
0
0
0
0
0
0
1.475162e+08
8.689063e+07
6.263278e+07
0
0
0
0
0
0
0
8.825478e+07
6.374188e+07
0
0
0
0
0
0
0
0
6.597242e+07
0
0
0
0
0
0
0
0
0
0
0
0
0
0
0
0
0
0
0
0
0
0
0
0
0
0
0
0
0
0
0
0
0
0
0
0
0
0
0
0
0
0
0
0
0
0
0
0
0
0
0
0
0
0
0
0
0
0
0
9.212652e+08
3.657537e+08
1.923275e+08
9.14422e+08
3.631589e+08
1.908324e+08
1.171951e+08
9.000334e+08
3.575511e+08
1.875632e+08
1.14843e+08
8.573625e+07
8.766217e+08
3.484727e+08
1.822951e+08
1.110683e+08
8.25588e+07
0
8.435912e+08
3.358844e+08
1.750347e+08
1.059145e+08
7.824388e+07
0
0
8.041198e+08
3.211475e+08
1.666429e+08
1.00004e+08
7.333443e+07
0
0
0
7.67056e+08
3.076024e+08
1.590249e+08
9.472253e+07
6.898068e+07
0
0
0
0
7.378384e+08
2.970861e+08
1.53192e+08
9.072028e+07
6.572241e+07
0
0
0
0
0
2.901274e+08
1.493655e+08
8.813221e+07
6.362363e+07
0
0
0
0
0
0
1.475162e+08
8.689063e+07
6.263278e+07
0
0
0
0
0
0
0
8.695103e+07
6.268676e+07
0
0
0
0
0
0
0
0
6.379986e+07
0
0
0
0
0
0
0
0
0
0
0
0
0
0
0
0
0
0
0
0
0
0
0
0
0
0
0
0
0
0
0
0
0
0
0
0
0
0
0
0
0
0
0
0
0
0
0
0
0
0
0
0
0
0
0
0
0
0
0
0
0
0
0
0
9.210666e+08
3.658758e+08
1.924519e+08
1.183731e+08
9.142534e+08
3.632885e+08
1.909638e+08
1.173093e+08
8.781938e+07
8.998853e+08
3.57671e+08
1.876966e+08
1.149599e+08
8.583738e+07
0
8.765081e+08
3.485928e+08
1.824129e+08
1.111834e+08
8.26613e+07
0
0
8.434977e+08
3.359867e+08
1.751477e+08
1.060122e+08
7.834201e+07
0
0
0
8.040472e+08
3.212452e+08
1.66735e+08
1.000954e+08
7.341488e+07
0
0
0
0
7.66971e+08
3.076786e+08
1.591126e+08
9.479636e+07
6.905612e+07
0
0
0
0
0
2.971532e+08
1.532628e+08
9.079233e+07
6.578444e+07
0
0
0
0
0
0
1.494333e+08
8.81924e+07
6.368617e+07
0
0
0
0
0
0
0
8.695104e+07
6.268676e+07
0
0
0
0
0
0
0
0
6.274293e+07
0
0
0
0
0
0
0
0
0
0
0
0
0
0
0
0
0
0
0
0
0
0
0
0
0
0
0
0
0
0
0
0
0
0
0
0
0
0
0
0
0
0
0
0
0
0
0
0
0
0
0
0
0
0
0
0
0
0
0
0
0
0
0
0
0
0
0
0
0
9.208887e+08
3.660062e+08
1.925855e+08
1.184908e+08
8.882021e+07
9.140885e+08
3.634108e+08
1.911013e+08
1.17431e+08
8.792777e+07
0
8.997519e+08
3.577956e+08
1.878214e+08
1.150821e+08
8.594727e+07
0
0
8.76398e+08
3.487034e+08
1.82535e+08
1.112906e+08
8.276886e+07
0
0
0
8.434164e+08
3.360961e+08
1.752508e+08
1.061141e+08
7.843288e+07
0
0
0
0
8.039654e+08
3.21333e+08
1.668331e+08
1.001783e+08
7.349949e+07
0
0
0
0
0
3.077567e+08
1.591907e+08
9.487531e+07
6.912445e+07
0
0
0
0
0
0
1.533359e+08
9.085653e+07
6.585104e+07
0
0
0
0
0
0
0
8.825481e+07
6.374188e+07
0
0
0
0
0
0
0
0
6.274294e+07
0
0
0
0
0
0
0
0
0
0
0
0
0
0
0
0
0
0
0
0
0
0
0
0
0
0
0
0
0
0
0
0
0
0
0
0
0
0
0
0
0
0
0
0
0
0
0
0
0
0
0
0
0
0
0
0
0
0
0
0
0
0
0
0
0
0
0
0
0
0
0
0
0
0
9.207147e+08
3.661294e+08
1.927248e+08
1.186149e+08
8.893199e+07
0
9.139405e+08
3.635373e+08
1.912302e+08
1.175575e+08
8.804247e+07
0
0
8.996249e+08
3.579113e+08
1.879499e+08
1.151963e+08
8.606187e+07
0
0
0
8.763008e+08
3.48822e+08
1.826475e+08
1.114014e+08
8.286903e+07
0
0
0
0
8.433257e+08
3.361961e+08
1.753601e+08
1.062072e+08
7.852759e+07
0
0
0
0
0
3.214244e+08
1.669213e+08
1.002665e+08
7.357639e+07
0
0
0
0
0
0
1.592722e+08
9.494587e+07
6.919744e+07
0
0
0
0
0
0
0
9.092334e+07
6.591045e+07
0
0
0
0
0
0
0
0
6.379988e+07
0
0
0
0
0
0
0
0
0
0
0
0
0
0
0
0
0
0
0
0
0
0
0
0
0
0
0
0
0
0
0
0
0
0
0
0
0
0
0
0
0
0
0
0
0
0
0
0
0
0
0
0
0
0
0
0
0
0
0
0
0
0
0
0
0
0
0
0
0
0
0
0
0
0
0
0
0
0
0
9.205593e+08
3.662564e+08
1.928555e+08
1.187434e+08
8.904905e+07
0
0
9.137989e+08
3.636558e+08
1.913623e+08
1.17676e+08
8.816145e+07
0
0
0
8.995091e+08
3.580357e+08
1.88069e+08
1.153137e+08
8.616898e+07
0
0
0
0
8.761911e+08
3.48931e+08
1.827666e+08
1.115036e+08
8.297251e+07
0
0
0
0
0
3.362991e+08
1.754597e+08
1.063057e+08
7.861426e+07
0
0
0
0
0
0
1.670138e+08
1.003459e+08
7.365804e+07
0
0
0
0
0
0
0
9.501979e+07
6.926274e+07
0
0
0
0
0
0
0
0
6.597246e+07
0
0
0
0
0
0
0
0
0
0
0
0
0
0
0
0
0
0
0
0
0
0
0
0
0
0
0
0
0
0
0
0
0
0
0
0
0
0
0
0
0
0
0
0
0
0
0
0
0
0
0
0
0
0
0
0
0
0
0
0
0
0
0
0
0
0
0
0
0
0
0
0
0
0
0
0
0
0
0
0
0
0
0
0
0
9.204093e+08
3.663763e+08
1.929893e+08
1.188639e+08
8.917009e+07
0
0
0
9.136656e+08
3.637828e+08
1.914856e+08
1.177972e+08
8.827289e+07
0
0
0
0
8.993779e+08
3.581495e+08
1.881951e+08
1.154224e+08
8.627895e+07
0
0
0
0
0
3.490409e+08
1.828757e+08
1.116113e+08
8.306795e+07
0
0
0
0
0
0
1.755631e+08
1.063954e+08
7.870575e+07
0
0
0
0
0
0
0
1.004293e+08
7.373164e+07
0
0
0
0
0
0
0
0
6.933128e+07
0
0
0
0
0
0
0
0
0
0
0
0
0
0
0
0
0
0
0
0
0
0
0
0
0
0
0
0
0
0
0
0
0
0
0
0
0
0
0
0
0
0
0
0
0
0
0
0
0
0
0
0
0
0
0
0
0
0
0
0
0
0
0
0
0
0
0
0
0
0
0
0
0
0
0
0
0
0
0
0
0
0
0
0
0
0
0
0
0
0
0
0
9.202665e+08
3.66504e+08
1.931147e+08
1.18987e+08
8.928358e+07
0
0
0
0
9.135188e+08
3.638975e+08
1.916156e+08
1.179103e+08
8.838684e+07
0
0
0
0
0
3.582621e+08
1.883105e+08
1.15537e+08
8.638092e+07
0
0
0
0
0
0
1.829872e+08
1.117101e+08
8.316839e+07
0
0
0
0
0
0
0
1.064888e+08
7.878918e+07
0
0
0
0
0
0
0
0
7.380902e+07
0
0
0
0
0
0
0
0
0
0
0
0
0
0
0
0
0
0
0
0
0
0
0
0
0
0
0
0
0
0
0
0
0
0
0
0
0
0
0
0
0
0
0
0
0
0
0
0
0
0
0
0
0
0
0
0
0
0
0
0
0
0
0
0
0
0
0
0
0
0
0
0
0
0
0
0
0
0
0
0
0
0
0
0
0
0
0
0
0
0
0
0
0
0
0
0
0
0
0
0
9.201119e+08
3.666188e+08
1.932463e+08
1.191022e+08
8.93994e+07
0
0
0
0
0
3.640113e+08
1.91734e+08
1.180289e+08
8.84931e+07
0
0
0
0
0
0
1.884269e+08
1.156421e+08
8.648813e+07
0
0
0
0
0
0
0
1.118114e+08
8.326058e+07
0
0
0
0
0
0
0
0
7.887606e+07
0
0
0
0
0
0
0
0
0
0
0
0
0
0
0
0
0
0
0
0
0
0
0
0
0
0
0
0
0
0
0
0
0
0
0
0
0
0
0
0
0
0
0
0
0
0
0
0
0
0
0
0
0
0
0
0
0
0
0
0
0
0
0
0
0
0
0
0
0
0
0
0
0
0
0
0
0
0
0
0
0
0
0
0
0
0
0
0
0
0
0
0
0
0
0
0
0
0
0
0
0
0
0
0
0
0
0
0
0
3.667331e+08
1.933659e+08
1.192226e+08
8.950779e+07
0
0
0
0
0
0
1.918532e+08
1.181373e+08
8.860436e+07
0
0
0
0
0
0
0
1.157486e+08
8.658656e+07
0
0
0
0
0
0
0
0
8.335525e+07
0
0
0
0
0
0
0
0
0
0
0
0
0
0
0
0
0
0
0
0
0
0
0
0
0
0
0
0
0
0
0
0
0
0
0
0
0
0
0
0
0
0
0
0
0
0
0
0
0
0
0
0
0
0
0
0
0
0
0
0
0
0
0
0
0
0
0
0
0
0
0
0
0
0
0
0
0
0
0
0
0
0
0
0
0
0
0
0
0
0
0
0
0
0
0
0
0
0
0
0
0
0
0
0
0
0
0
0
0
0
0
0
0
0
0
0
0
0
0
1.934866e+08
1.193325e+08
8.962089e+07
0
0
0
0
0
0
0
1.182471e+08
8.870622e+07
0
0
0
0
0
0
0
0
8.66865e+07
0
0
0
0
0
0
0
0
0
0
0
0
0
0
0
0
0
0
0
0
0
0
0
0
0
0
0
0
0
0
0
0
0
0
0
0
0
0
0
0
0
0
0
0
0
0
0
0
0
0
0
0
0
0
0
0
0
0
0
0
0
0
0
0
0
0
0
0
0
0
0
0
0
0
0
0
0
0
0
0
0
0
0
0
0
0
0
0
0
0
0
0
0
0
0
0
0
0
0
0
0
0
0
0
0
0
0
0
0
0
0
0
0
0
0
0
0
0
0
0
0
0
0
0
0
0
0
1.194438e+08
8.972433e+07
0
0
0
0
0
0
0
0
8.880952e+07
0
0
0
0
0
0
0
0
0
0
0
0
0
0
0
0
0
0
0
0
0
0
0
0
0
0
0
0
0
0
0
0
0
0
0
0
0
0
0
0
0
0
0
0
0
0
0
0
0
0
0
0
0
0
0
0
0
0
0
0
0
0
0
0
0
0
0
0
0
0
0
0
0
0
0
0
0
0
0
0
0
0
0
0
0
0
0
0
0
0
0
0
0
0
0
0
0
0
0
0
0
0
0
0
0
0
0
0
0
0
0
0
0
0
0
0
0
0
0
0
0
0
0
0
0
0
0
0
0
0
0
0
0
8.982926e+07
0
0
0
0
0
0
0
0
0
0
0
0
0
0
0
0
0
0
0
0
0
0
0
0
0
0
0
0
0
0
0
0
0
0
0
0
0
0
0
0
0
0
0
0
0
0
0
0
0
0
0
0
0
0
0
0
0
0
0
0
0
0
0
0
0
0
0
0
0
0
0
0
0
0
0
0
0
0
0
0
0
0
0
0
0
0
0
0
0
0
0
0
0
0
0
0
0
0
0
0
0
0
0
0
0
0
0
0
0
0
0
0
0
0
0
0
0
0
0
0
0
0
0
0
0
0
0
0
0
0
0
0
0
0
0
0
0
0
0
0
0
0
0
0
0
0
0
0
0
0
0
0
0
0
0
0
0
0
0
0
0
0
0
0
0
0
0
0
0
0
0
0
0
0
0
0
0
0
0
0
0
0
0
0
0
0
0
0
0
0
0
0
0
0
0
0
0
0
0
0
0
0
0
0
0
0
0
0
0
0
0
0
0
0
0
0
0
0
0
0
0
0
0
0
0
0
0
0
0
0
0
0
0
0
0
0
0
0
0
0
0
0
0
0
0
0
0
0
0
0
0
0
0
0
0
0
0
0
0
0
0
0
0
0
0
0
0
0
0
0
0
0
0
0
0
0
0
0
0
0
0
0
0
0
0
0
0
0
0
0
0
0
0
0
0
0
0
0
0
0
0
0
0
0
0
0
0
0
0
0
0
0
0
0
0
0
0
0
0
0
0
0
0
0
0
0
0
0
0
0
0
0
0
0
0
0
0
0
0
0
0
0
0
0
0
0
0
0
0
0
0
0
0
0
0
0
0
0
0
0
0
0
0
0
0
0
0
0
0
0
0
0
0
0
0
0
0
0
0
0
0
0
0
0
0
0
0
0
0
0
0
0
0
0
0
0
0
0
0
0
0
0
0
0
0
0
0
0
0
0
0
0
0
0
0
0
0
0
0
0
0
0
0
0
0
0
0
0
0
0
0
0
0
0
0
0
0
0
0
0
0
0
0
0
0
0
0
0
0
0
0
0
0
0
0
0
0
0
0
0
0
0
0
0
0
0
0
0
0
0
0
0
0
0
0
0
0
0
0
0
0
0
0
0
0
0
0
0
0
0
0
0
0
0
0
0
0
0
0
0
0
0
0
0
0
0
0
0
0
0
0
0
0
0
0
0
0
0
0
0
0
0
0
0
0
0
0
0
0
0
0
0
0
0
0
0
0
0
0
0
0
0
0
0
0
0
0
0
0
0
0
0
0
0
0
0
0
0
0
0
0
0
0
0
0
0
0
0
0
0
0
0
0
0
0
0
0
0
0
0
0
0
0
0
0
0
0
0
0
0
0
0
0
0
0
0
0
0
0
0
0
0
0
0
0
0
0
0
0
0
0
0
0
0
0
0
0
0
0
0
0
0
0
0
0
0
0
0
0
0
0
0
0
0
0
0
0
0
0
0
0
0
0
0
0
0
0
0
0
0
0
0
0
0
0
0
0
0
0
0
0
0
0
0
0
0
0
0
0
0
0
0
0
0
0
0
0
0
0
0
0
0
0
0
0
0
0
0
0
0
0
0
0
0
0
0
0
0
0
0
0
0
0
0
0
0
0
0
0
0
0
0
0
0
0
0
0
0
0
0
0
0
0
0
0
0
0
0
0
0
0
0
0
0
0
0
0
0
0
0
0
0
0
0
0
0
0
0
0
0
0
0
0
0
0
0
0
0
0
0
0
0
0
0
0
0
0
0
0
0
0
0
0
0
0
0
0
0
0
0
0
0
0
0
0
0
0
0
0
0
0
0
0
0
0
0
0
0
0
0
0
0
0
0
0
0
0
0
0
0
0
0
0
0
0
0
0
0
0
0
0
0
0
0
0
0
0
0
0
0
0
0
0
0
0
0
0
0
0
0
0
0
0
0
0
0
0
0
0
0
0
0
0
0
0
0
0
0
0
0
0
0
0
0
0
0
0
0
0
0
0
0
0
0
0
0
0
0
0
0
0
0
0
0
0
0
0
0
0
0
0
0
0
0
0
0
0
0
0
0
0
0
0
0
0
0
0
0
0
0
0
0
0
0
0
0
0
0
0
0
0
0
0
0
0
0
0
0
0
0
0
0
)
;

boundaryField
{
    anodeSides
    {
        type            calculated;
        value           uniform 0;
    }
    fuelInlet
    {
        type            calculated;
        value           nonuniform List<scalar> 0();
    }
    fuelOutlet
    {
        type            calculated;
        value           nonuniform List<scalar> 0();
    }
    fuel_to_electrolyte
    {
        type            calculated;
        value           uniform 0;
    }
    fuel_to_interconnect
    {
        type            calculated;
        value           uniform 0;
    }
    procBoundary1to0
    {
        type            processor;
        value           uniform 0;
    }
    procBoundary1to2
    {
        type            processor;
        value           uniform 0;
    }
}
)

// processor2

19738
(dimensions      [0 -3 0 0 0 1 0];

internalField   nonuniform List<scalar> 
4000
(
9.199642e+08
9.133766e+08
9.198235e+08
3.668342e+08
8.992452e+08
9.132434e+08
3.641107e+08
9.197003e+08
3.669484e+08
1.935949e+08
8.760699e+08
8.991261e+08
3.583575e+08
9.131273e+08
3.642244e+08
1.919594e+08
9.195781e+08
3.670561e+08
1.937139e+08
1.195442e+08
8.432132e+08
8.759703e+08
3.491293e+08
8.990236e+08
3.584695e+08
1.885284e+08
9.130116e+08
3.643313e+08
1.920771e+08
1.183453e+08
9.194713e+08
3.671751e+08
1.938253e+08
1.196537e+08
8.992409e+07
8.038528e+08
8.431337e+08
3.363767e+08
8.758841e+08
3.492383e+08
1.830813e+08
8.989196e+08
3.585745e+08
1.886431e+08
1.158423e+08
9.129117e+08
3.644493e+08
1.921869e+08
1.184533e+08
8.890224e+07
9.19357e+08
3.672859e+08
1.939466e+08
1.19756e+08
9.002725e+07
0
7.668479e+08
8.037865e+08
3.214874e+08
8.430648e+08
3.364799e+08
1.756467e+08
8.75797e+08
3.493386e+08
1.83191e+08
1.11898e+08
8.988329e+08
3.586899e+08
1.887495e+08
1.15947e+08
8.67748e+07
9.128047e+08
3.645592e+08
1.923065e+08
1.185539e+08
8.900383e+07
0
9.192576e+08
3.67405e+08
1.940588e+08
1.198668e+08
9.012357e+07
0
0
7.377006e+08
7.667858e+08
3.078041e+08
8.037293e+08
3.215816e+08
1.670848e+08
8.429942e+08
3.365733e+08
1.757492e+08
1.065659e+08
8.757231e+08
3.4945e+08
1.832916e+08
1.119976e+08
8.343672e+07
8.987397e+08
3.587978e+08
1.888655e+08
1.160441e+08
8.687303e+07
0
9.127137e+08
3.646778e+08
1.924171e+08
1.18663e+08
8.90984e+07
0
0
9.191457e+08
3.675147e+08
1.941793e+08
1.199693e+08
9.022771e+07
0
0
0
7.182242e+08
7.376358e+08
2.971871e+08
7.66733e+08
3.078887e+08
1.59331e+08
8.036692e+08
3.216656e+08
1.67178e+08
1.004953e+08
8.429338e+08
3.366776e+08
1.758418e+08
1.066582e+08
7.894839e+07
8.756454e+08
3.495517e+08
1.834021e+08
1.120888e+08
8.352974e+07
0
8.986618e+08
3.58915e+08
1.889727e+08
1.161495e+08
8.696406e+07
0
0
9.126093e+08
3.647875e+08
1.925363e+08
1.187638e+08
8.920082e+07
0
0
0
9.190471e+08
3.676312e+08
1.942898e+08
1.200793e+08
9.0324e+07
0
0
0
0
7.085759e+08
7.18155e+08
2.901516e+08
7.37583e+08
2.97263e+08
1.533847e+08
7.666754e+08
3.079635e+08
1.594156e+08
9.507549e+07
8.036166e+08
3.217599e+08
1.672612e+08
1.005789e+08
7.387095e+07
8.428719e+08
3.367709e+08
1.759443e+08
1.067417e+08
7.903424e+07
0
8.755791e+08
3.496644e+08
1.835024e+08
1.121886e+08
8.361494e+07
0
0
8.985709e+08
3.590228e+08
1.890891e+08
1.162467e+08
8.706279e+07
0
0
0
9.125192e+08
3.649039e+08
1.926458e+08
1.188724e+08
8.929539e+07
0
0
0
0
9.18939e+08
3.677363e+08
1.94408e+08
1.201802e+08
9.042739e+07
0
0
0
0
0
7.085759e+08
7.085035e+08
2.866802e+08
7.180995e+08
2.902213e+08
1.494753e+08
7.375236e+08
2.973306e+08
1.534623e+08
9.097095e+07
7.666241e+08
3.080477e+08
1.594904e+08
9.515132e+07
6.938378e+07
8.035626e+08
3.218423e+08
1.67354e+08
1.006536e+08
7.394839e+07
0
8.428215e+08
3.368765e+08
1.760358e+08
1.068338e+08
7.911189e+07
0
0
8.755037e+08
3.497658e+08
1.836131e+08
1.122793e+08
8.370813e+07
0
0
0
8.984892e+08
3.59138e+08
1.891953e+08
1.163522e+08
8.715376e+07
0
0
0
0
9.124177e+08
3.650092e+08
1.92763e+08
1.189719e+08
8.939726e+07
0
0
0
0
0
3.678515e+08
1.945145e+08
1.202883e+08
9.052216e+07
0
0
0
0
0
0
7.182242e+08
7.085035e+08
2.866802e+08
7.084457e+08
2.867466e+08
1.475549e+08
7.180382e+08
2.902836e+08
1.49548e+08
8.8297e+07
7.3747e+08
2.974068e+08
1.535309e+08
9.10407e+07
6.601769e+07
7.665698e+08
3.081197e+08
1.595743e+08
9.521848e+07
6.945381e+07
0
8.035202e+08
3.219371e+08
1.674352e+08
1.007368e+08
7.40176e+07
0
0
8.427625e+08
3.369708e+08
1.761386e+08
1.069161e+08
7.919752e+07
0
0
0
8.754368e+08
3.498769e+08
1.837124e+08
1.123791e+08
8.379274e+07
0
0
0
0
8.983969e+08
3.592394e+08
1.893098e+08
1.164483e+08
8.725244e+07
0
0
0
0
0
3.651238e+08
1.928686e+08
1.190787e+08
8.949062e+07
0
0
0
0
0
0
1.946313e+08
1.203857e+08
9.062378e+07
0
0
0
0
0
0
0
7.377006e+08
7.18155e+08
2.901516e+08
7.084456e+08
2.867465e+08
1.475549e+08
7.083831e+08
2.86806e+08
1.476252e+08
8.699066e+07
7.179815e+08
2.903547e+08
1.496125e+08
8.836272e+07
6.384031e+07
7.37412e+08
2.974707e+08
1.536081e+08
9.110241e+07
6.608204e+07
0
7.665258e+08
3.082033e+08
1.596465e+08
9.529364e+07
6.951587e+07
0
0
8.034704e+08
3.220208e+08
1.675278e+08
1.008097e+08
7.409458e+07
0
0
0
8.427154e+08
3.370755e+08
1.762299e+08
1.070083e+08
7.927407e+07
0
0
0
0
8.753586e+08
3.499738e+08
1.838215e+08
1.124686e+08
8.38858e+07
0
0
0
0
0
3.59351e+08
1.89411e+08
1.165521e+08
8.734234e+07
0
0
0
0
0
0
1.92984e+08
1.19175e+08
8.95909e+07
0
0
0
0
0
0
0
1.204925e+08
9.071546e+07
0
0
0
0
0
0
0
0
7.668478e+08
7.376358e+08
2.971871e+08
7.180991e+08
2.902213e+08
1.494753e+08
7.083831e+08
2.86806e+08
1.476252e+08
8.699066e+07
7.083248e+08
2.868747e+08
1.476874e+08
8.705433e+07
6.278109e+07
7.179196e+08
2.904132e+08
1.496856e+08
8.842082e+07
6.390095e+07
0
7.373623e+08
2.975454e+08
1.536737e+08
9.117177e+07
6.613899e+07
0
0
7.664762e+08
3.082756e+08
1.597296e+08
9.53586e+07
6.958529e+07
0
0
0
8.034344e+08
3.221156e+08
1.676091e+08
1.008925e+08
7.41622e+07
0
0
0
0
8.426522e+08
3.371677e+08
1.763316e+08
1.070901e+08
7.935961e+07
0
0
0
0
0
3.500811e+08
1.839171e+08
1.12567e+08
8.396929e+07
0
0
0
0
0
0
1.895227e+08
1.166442e+08
8.743956e+07
0
0
0
0
0
0
0
1.192803e+08
8.96813e+07
0
0
0
0
0
0
0
0
9.081585e+07
0
0
0
0
0
0
0
0
0
8.038528e+08
7.667857e+08
3.078041e+08
7.375825e+08
2.97263e+08
1.533847e+08
7.180381e+08
2.902834e+08
1.49548e+08
8.8297e+07
7.083247e+08
2.868746e+08
1.476874e+08
8.705433e+07
6.278108e+07
7.082602e+08
2.869306e+08
1.477586e+08
8.71106e+07
6.283988e+07
0
7.178651e+08
2.904821e+08
1.497469e+08
8.848668e+07
6.395455e+07
0
0
7.373083e+08
2.976083e+08
1.537496e+08
9.123094e+07
6.620298e+07
0
0
0
7.66441e+08
3.083597e+08
1.598012e+08
9.543303e+07
6.964539e+07
0
0
0
0
8.033823e+08
3.221992e+08
1.677013e+08
1.009652e+08
7.423884e+07
0
0
0
0
0
3.372685e+08
1.764208e+08
1.071813e+08
7.943559e+07
0
0
0
0
0
0
1.840234e+08
1.126535e+08
8.406116e+07
0
0
0
0
0
0
0
1.167458e+08
8.752585e+07
0
0
0
0
0
0
0
0
8.978023e+07
0
0
0
0
0
0
0
0
0
0
0
0
0
0
0
0
0
0
0
8.432131e+08
8.037864e+08
3.214874e+08
7.667326e+08
3.078887e+08
1.59331e+08
7.375234e+08
2.973304e+08
1.534622e+08
9.097094e+07
7.179812e+08
2.903547e+08
1.496123e+08
8.836271e+07
6.38403e+07
7.082602e+08
2.869306e+08
1.477586e+08
8.711057e+07
6.283987e+07
0
7.082039e+08
2.869965e+08
1.478179e+08
8.717479e+07
6.28918e+07
0
0
7.178064e+08
2.905388e+08
1.498183e+08
8.854219e+07
6.401528e+07
0
0
0
7.372693e+08
2.976833e+08
1.538138e+08
9.129925e+07
6.625768e+07
0
0
0
0
7.663921e+08
3.084332e+08
1.598842e+08
9.549726e+07
6.971415e+07
0
0
0
0
0
3.222914e+08
1.677817e+08
1.010476e+08
7.43061e+07
0
0
0
0
0
0
1.765197e+08
1.072612e+08
7.952033e+07
0
0
0
0
0
0
0
1.127497e+08
8.41419e+07
0
0
0
0
0
0
0
0
8.76211e+07
0
0
0
0
0
0
0
0
0
0
0
0
0
0
0
0
0
0
0
0
0
0
0
0
0
0
0
0
8.760699e+08
8.431335e+08
3.363766e+08
8.037288e+08
3.215815e+08
1.670847e+08
7.666751e+08
3.079633e+08
1.594156e+08
9.507548e+07
7.374694e+08
2.974066e+08
1.535308e+08
9.104069e+07
6.601768e+07
7.179194e+08
2.904131e+08
1.496856e+08
8.842074e+07
6.390095e+07
0
7.08204e+08
2.869964e+08
1.478179e+08
8.717478e+07
6.289178e+07
0
0
7.081423e+08
2.870505e+08
1.47887e+08
8.722861e+07
6.295098e+07
0
0
0
7.177629e+08
2.906077e+08
1.498777e+08
8.860664e+07
6.406661e+07
0
0
0
0
7.372174e+08
2.977484e+08
1.538896e+08
9.135713e+07
6.632076e+07
0
0
0
0
0
3.085163e+08
1.599558e+08
9.557155e+07
6.977352e+07
0
0
0
0
0
0
1.67872e+08
1.011193e+08
7.438236e+07
0
0
0
0
0
0
0
1.073503e+08
7.959457e+07
0
0
0
0
0
0
0
0
8.423182e+07
0
0
0
0
0
0
0
0
0
0
0
0
0
0
0
0
0
0
0
0
0
0
0
0
0
0
0
0
0
0
0
0
0
0
0
0
8.992453e+08
8.759702e+08
3.491293e+08
8.430643e+08
3.364798e+08
1.756467e+08
8.036688e+08
3.216653e+08
1.67178e+08
1.004953e+08
7.666233e+08
3.080476e+08
1.594903e+08
9.515131e+07
6.938377e+07
7.374118e+08
2.974704e+08
1.53608e+08
9.11023e+07
6.608203e+07
0
7.178655e+08
2.90482e+08
1.497468e+08
8.848665e+07
6.395449e+07
0
0
7.081422e+08
2.870506e+08
1.47887e+08
8.722859e+07
6.295097e+07
0
0
0
7.080953e+08
2.871163e+08
1.479444e+08
8.729117e+07
6.300074e+07
0
0
0
0
7.17707e+08
2.906668e+08
1.499488e+08
8.866058e+07
6.412612e+07
0
0
0
0
0
2.978233e+08
1.539544e+08
9.142527e+07
6.637428e+07
0
0
0
0
0
0
1.60038e+08
9.563545e+07
6.984213e+07
0
0
0
0
0
0
0
1.012002e+08
7.444864e+07
0
0
0
0
0
0
0
0
7.967746e+07
0
0
0
0
0
0
0
0
0
0
0
0
0
0
0
0
0
0
0
0
0
0
0
0
0
0
0
0
0
0
0
0
0
0
0
0
0
0
0
0
0
0
0
9.133766e+08
8.99126e+08
3.583575e+08
8.758836e+08
3.492383e+08
1.830813e+08
8.429937e+08
3.36573e+08
1.757491e+08
1.065659e+08
8.036156e+08
3.217597e+08
1.67261e+08
1.005789e+08
7.387094e+07
7.665696e+08
3.081193e+08
1.595742e+08
9.521837e+07
6.945379e+07
0
7.373633e+08
2.975454e+08
1.536735e+08
9.117172e+07
6.61389e+07
0
0
7.178061e+08
2.90539e+08
1.498182e+08
8.854211e+07
6.401525e+07
0
0
0
7.080947e+08
2.871163e+08
1.479444e+08
8.729116e+07
6.300072e+07
0
0
0
0
7.080372e+08
2.871721e+08
1.480132e+08
8.734337e+07
6.305852e+07
0
0
0
0
0
2.90736e+08
1.50009e+08
8.872475e+07
6.417603e+07
0
0
0
0
0
0
1.540299e+08
9.14833e+07
6.643718e+07
0
0
0
0
0
0
0
9.570906e+07
6.990109e+07
0
0
0
0
0
0
0
0
7.452366e+07
0
0
0
0
0
0
0
0
0
0
0
0
0
0
0
0
0
0
0
0
0
0
0
0
0
0
0
0
0
0
0
0
0
0
0
0
0
0
0
0
0
0
0
0
0
0
0
0
0
9.199642e+08
9.132433e+08
3.641107e+08
8.990231e+08
3.584695e+08
1.885284e+08
8.757962e+08
3.493383e+08
1.83191e+08
1.11898e+08
8.429328e+08
3.366773e+08
1.758416e+08
1.066582e+08
7.894837e+07
8.035623e+08
3.218417e+08
1.673538e+08
1.006535e+08
7.394837e+07
0
7.665273e+08
3.082032e+08
1.596463e+08
9.529357e+07
6.951578e+07
0
0
7.373079e+08
2.976087e+08
1.537496e+08
9.12308e+07
6.620293e+07
0
0
0
7.177609e+08
2.906076e+08
1.498778e+08
8.860662e+07
6.406654e+07
0
0
0
0
7.080373e+08
2.871718e+08
1.480131e+08
8.734338e+07
6.305851e+07
0
0
0
0
0
2.872386e+08
1.480709e+08
8.740561e+07
6.310683e+07
0
0
0
0
0
0
1.500801e+08
8.877895e+07
6.423529e+07
0
0
0
0
0
0
0
9.155114e+07
6.649069e+07
0
0
0
0
0
0
0
0
6.996912e+07
0
0
0
0
0
0
0
0
0
0
0
0
0
0
0
0
0
0
0
0
0
0
0
0
0
0
0
0
0
0
0
0
0
0
0
0
0
0
0
0
0
0
0
0
0
0
0
0
0
0
0
0
0
0
9.198233e+08
3.668342e+08
9.131267e+08
3.642243e+08
1.919594e+08
8.989186e+08
3.585741e+08
1.88643e+08
1.158423e+08
8.757221e+08
3.494495e+08
1.832914e+08
1.119975e+08
8.343672e+07
8.428716e+08
3.367703e+08
1.759441e+08
1.067415e+08
7.90342e+07
0
8.035222e+08
3.219369e+08
1.674349e+08
1.007367e+08
7.40175e+07
0
0
7.664755e+08
3.082764e+08
1.597295e+08
9.535841e+07
6.958523e+07
0
0
0
7.372663e+08
2.976832e+08
1.53814e+08
9.129922e+07
6.625757e+07
0
0
0
0
7.17707e+08
2.906659e+08
1.499487e+08
8.866066e+07
6.41261e+07
0
0
0
0
0
2.872386e+08
1.480707e+08
8.740559e+07
6.310685e+07
0
0
0
0
0
0
1.481399e+08
8.745779e+07
6.316433e+07
0
0
0
0
0
0
0
8.884305e+07
6.428529e+07
0
0
0
0
0
0
0
0
6.655334e+07
0
0
0
0
0
0
0
0
0
0
0
0
0
0
0
0
0
0
0
0
0
0
0
0
0
0
0
0
0
0
0
0
0
0
0
0
0
0
0
0
0
0
0
0
0
0
0
0
0
0
0
0
0
0
0
0
0
0
0
9.196997e+08
3.669483e+08
1.935949e+08
9.130105e+08
3.643308e+08
1.92077e+08
1.183453e+08
8.988318e+08
3.586893e+08
1.887493e+08
1.15947e+08
8.677482e+07
8.75645e+08
3.49551e+08
1.834017e+08
1.120886e+08
8.35297e+07
0
8.428234e+08
3.368763e+08
1.760354e+08
1.068337e+08
7.911176e+07
0
0
8.034695e+08
3.220218e+08
1.675277e+08
1.008095e+08
7.409449e+07
0
0
0
7.664373e+08
3.083594e+08
1.598017e+08
9.543299e+07
6.964522e+07
0
0
0
0
7.372176e+08
2.977469e+08
1.538895e+08
9.135733e+07
6.632073e+07
0
0
0
0
0
2.907361e+08
1.500085e+08
8.87247e+07
6.41761e+07
0
0
0
0
0
0
1.481399e+08
8.745765e+07
6.316431e+07
0
0
0
0
0
0
0
8.752014e+07
6.321251e+07
0
0
0
0
0
0
0
0
6.434448e+07
0
0
0
0
0
0
0
0
0
0
0
0
0
0
0
0
0
0
0
0
0
0
0
0
0
0
0
0
0
0
0
0
0
0
0
0
0
0
0
0
0
0
0
0
0
0
0
0
0
0
0
0
0
0
0
0
0
0
0
0
0
0
0
0
9.19577e+08
3.670557e+08
1.937139e+08
1.195442e+08
9.129107e+08
3.644486e+08
1.921866e+08
1.184533e+08
8.890224e+07
8.987393e+08
3.587971e+08
1.888651e+08
1.160439e+08
8.6873e+07
0
8.755802e+08
3.496642e+08
1.83502e+08
1.121884e+08
8.36148e+07
0
0
8.427615e+08
3.369717e+08
1.761385e+08
1.069158e+08
7.919738e+07
0
0
0
8.03431e+08
3.221152e+08
1.676097e+08
1.008925e+08
7.416199e+07
0
0
0
0
7.663928e+08
3.084314e+08
1.59884e+08
9.549758e+07
6.971412e+07
0
0
0
0
0
2.978234e+08
1.539535e+08
9.142519e+07
6.637444e+07
0
0
0
0
0
0
1.500802e+08
8.877853e+07
6.423524e+07
0
0
0
0
0
0
0
8.752016e+07
6.321239e+07
0
0
0
0
0
0
0
0
6.327008e+07
0
0
0
0
0
0
0
0
0
0
0
0
0
0
0
0
0
0
0
0
0
0
0
0
0
0
0
0
0
0
0
0
0
0
0
0
0
0
0
0
0
0
0
0
0
0
0
0
0
0
0
0
0
0
0
0
0
0
0
0
0
0
0
0
0
0
0
0
0
9.194702e+08
3.671744e+08
1.93825e+08
1.196536e+08
8.992409e+07
9.128043e+08
3.645585e+08
1.923061e+08
1.185537e+08
8.900378e+07
0
8.986627e+08
3.589148e+08
1.889722e+08
1.161492e+08
8.69639e+07
0
0
8.755029e+08
3.497664e+08
1.83613e+08
1.12279e+08
8.370792e+07
0
0
0
8.427136e+08
3.37075e+08
1.762305e+08
1.070082e+08
7.927381e+07
0
0
0
0
8.033845e+08
3.221975e+08
1.677011e+08
1.009656e+08
7.423879e+07
0
0
0
0
0
3.085167e+08
1.599547e+08
9.557142e+07
6.977378e+07
0
0
0
0
0
0
1.5403e+08
9.148266e+07
6.643712e+07
0
0
0
0
0
0
0
8.884309e+07
6.428495e+07
0
0
0
0
0
0
0
0
6.327009e+07
0
0
0
0
0
0
0
0
0
0
0
0
0
0
0
0
0
0
0
0
0
0
0
0
0
0
0
0
0
0
0
0
0
0
0
0
0
0
0
0
0
0
0
0
0
0
0
0
0
0
0
0
0
0
0
0
0
0
0
0
0
0
0
0
0
0
0
0
0
0
0
0
0
0
9.193567e+08
3.672852e+08
1.939461e+08
1.197558e+08
9.00272e+07
0
9.127148e+08
3.646776e+08
1.924166e+08
1.186627e+08
8.909821e+07
0
0
8.985702e+08
3.590233e+08
1.890889e+08
1.162464e+08
8.706251e+07
0
0
0
8.754364e+08
3.498765e+08
1.837128e+08
1.12379e+08
8.379246e+07
0
0
0
0
8.426547e+08
3.371668e+08
1.763313e+08
1.070905e+08
7.935953e+07
0
0
0
0
0
3.222925e+08
1.677807e+08
1.010474e+08
7.430645e+07
0
0
0
0
0
0
1.600383e+08
9.563467e+07
6.984202e+07
0
0
0
0
0
0
0
9.155122e+07
6.649017e+07
0
0
0
0
0
0
0
0
6.434451e+07
0
0
0
0
0
0
0
0
0
0
0
0
0
0
0
0
0
0
0
0
0
0
0
0
0
0
0
0
0
0
0
0
0
0
0
0
0
0
0
0
0
0
0
0
0
0
0
0
0
0
0
0
0
0
0
0
0
0
0
0
0
0
0
0
0
0
0
0
0
0
0
0
0
0
0
0
0
0
0
9.192581e+08
3.674047e+08
1.940583e+08
1.198665e+08
9.012336e+07
0
0
9.126086e+08
3.647881e+08
1.925362e+08
1.187634e+08
8.920051e+07
0
0
0
8.984893e+08
3.591376e+08
1.891957e+08
1.163521e+08
8.715345e+07
0
0
0
0
8.753602e+08
3.499735e+08
1.838213e+08
1.124689e+08
8.388571e+07
0
0
0
0
0
3.372699e+08
1.764202e+08
1.071811e+08
7.943596e+07
0
0
0
0
0
0
1.678727e+08
1.011186e+08
7.43822e+07
0
0
0
0
0
0
0
9.570928e+07
6.990044e+07
0
0
0
0
0
0
0
0
6.655341e+07
0
0
0
0
0
0
0
0
0
0
0
0
0
0
0
0
0
0
0
0
0
0
0
0
0
0
0
0
0
0
0
0
0
0
0
0
0
0
0
0
0
0
0
0
0
0
0
0
0
0
0
0
0
0
0
0
0
0
0
0
0
0
0
0
0
0
0
0
0
0
0
0
0
0
0
0
0
0
0
0
0
0
0
0
0
9.19145e+08
3.67515e+08
1.941791e+08
1.199689e+08
9.022739e+07
0
0
0
9.125197e+08
3.649035e+08
1.926462e+08
1.188722e+08
8.929506e+07
0
0
0
0
8.983982e+08
3.592393e+08
1.893095e+08
1.164486e+08
8.725234e+07
0
0
0
0
0
3.500821e+08
1.839169e+08
1.125668e+08
8.396954e+07
0
0
0
0
0
0
1.765206e+08
1.072608e+08
7.952015e+07
0
0
0
0
0
0
0
1.012008e+08
7.444801e+07
0
0
0
0
0
0
0
0
6.996931e+07
0
0
0
0
0
0
0
0
0
0
0
0
0
0
0
0
0
0
0
0
0
0
0
0
0
0
0
0
0
0
0
0
0
0
0
0
0
0
0
0
0
0
0
0
0
0
0
0
0
0
0
0
0
0
0
0
0
0
0
0
0
0
0
0
0
0
0
0
0
0
0
0
0
0
0
0
0
0
0
0
0
0
0
0
0
0
0
0
0
0
0
0
9.190474e+08
3.676308e+08
1.9429e+08
1.200792e+08
9.032367e+07
0
0
0
0
9.124192e+08
3.650093e+08
1.927627e+08
1.189722e+08
8.939715e+07
0
0
0
0
0
3.593519e+08
1.89411e+08
1.165519e+08
8.734257e+07
0
0
0
0
0
0
1.840241e+08
1.126533e+08
8.406099e+07
0
0
0
0
0
0
0
1.073509e+08
7.959419e+07
0
0
0
0
0
0
0
0
7.45241e+07
0
0
0
0
0
0
0
0
0
0
0
0
0
0
0
0
0
0
0
0
0
0
0
0
0
0
0
0
0
0
0
0
0
0
0
0
0
0
0
0
0
0
0
0
0
0
0
0
0
0
0
0
0
0
0
0
0
0
0
0
0
0
0
0
0
0
0
0
0
0
0
0
0
0
0
0
0
0
0
0
0
0
0
0
0
0
0
0
0
0
0
0
0
0
0
0
0
0
0
0
9.189398e+08
3.677364e+08
1.944077e+08
1.201804e+08
9.042728e+07
0
0
0
0
0
3.651248e+08
1.928686e+08
1.190785e+08
8.94909e+07
0
0
0
0
0
0
1.895233e+08
1.166441e+08
8.743938e+07
0
0
0
0
0
0
0
1.127502e+08
8.414174e+07
0
0
0
0
0
0
0
0
7.967801e+07
0
0
0
0
0
0
0
0
0
0
0
0
0
0
0
0
0
0
0
0
0
0
0
0
0
0
0
0
0
0
0
0
0
0
0
0
0
0
0
0
0
0
0
0
0
0
0
0
0
0
0
0
0
0
0
0
0
0
0
0
0
0
0
0
0
0
0
0
0
0
0
0
0
0
0
0
0
0
0
0
0
0
0
0
0
0
0
0
0
0
0
0
0
0
0
0
0
0
0
0
0
0
0
0
0
0
0
0
0
3.678522e+08
1.945146e+08
1.202881e+08
9.052231e+07
0
0
0
0
0
0
1.929847e+08
1.19175e+08
8.959072e+07
0
0
0
0
0
0
0
1.167463e+08
8.752579e+07
0
0
0
0
0
0
0
0
8.423225e+07
0
0
0
0
0
0
0
0
0
0
0
0
0
0
0
0
0
0
0
0
0
0
0
0
0
0
0
0
0
0
0
0
0
0
0
0
0
0
0
0
0
0
0
0
0
0
0
0
0
0
0
0
0
0
0
0
0
0
0
0
0
0
0
0
0
0
0
0
0
0
0
0
0
0
0
0
0
0
0
0
0
0
0
0
0
0
0
0
0
0
0
0
0
0
0
0
0
0
0
0
0
0
0
0
0
0
0
0
0
0
0
0
0
0
0
0
0
0
0
1.946317e+08
1.203857e+08
9.062359e+07
0
0
0
0
0
0
0
1.192808e+08
8.968133e+07
0
0
0
0
0
0
0
0
8.762151e+07
0
0
0
0
0
0
0
0
0
0
0
0
0
0
0
0
0
0
0
0
0
0
0
0
0
0
0
0
0
0
0
0
0
0
0
0
0
0
0
0
0
0
0
0
0
0
0
0
0
0
0
0
0
0
0
0
0
0
0
0
0
0
0
0
0
0
0
0
0
0
0
0
0
0
0
0
0
0
0
0
0
0
0
0
0
0
0
0
0
0
0
0
0
0
0
0
0
0
0
0
0
0
0
0
0
0
0
0
0
0
0
0
0
0
0
0
0
0
0
0
0
0
0
0
0
0
0
1.204928e+08
9.071546e+07
0
0
0
0
0
0
0
0
8.978069e+07
0
0
0
0
0
0
0
0
0
0
0
0
0
0
0
0
0
0
0
0
0
0
0
0
0
0
0
0
0
0
0
0
0
0
0
0
0
0
0
0
0
0
0
0
0
0
0
0
0
0
0
0
0
0
0
0
0
0
0
0
0
0
0
0
0
0
0
0
0
0
0
0
0
0
0
0
0
0
0
0
0
0
0
0
0
0
0
0
0
0
0
0
0
0
0
0
0
0
0
0
0
0
0
0
0
0
0
0
0
0
0
0
0
0
0
0
0
0
0
0
0
0
0
0
0
0
0
0
0
0
0
0
0
9.081618e+07
0
0
0
0
0
0
0
0
0
0
0
0
0
0
0
0
0
0
0
0
0
0
0
0
0
0
0
0
0
0
0
0
0
0
0
0
0
0
0
0
0
0
0
0
0
0
0
0
0
0
0
0
0
0
0
0
0
0
0
0
0
0
0
0
0
0
0
0
0
0
0
0
0
0
0
0
0
0
0
0
0
0
0
0
0
0
0
0
0
0
0
0
0
0
0
0
0
0
0
0
0
0
0
0
0
0
0
0
0
0
0
0
0
0
0
0
0
0
0
0
0
0
0
0
0
0
0
0
0
0
0
0
0
0
0
0
0
0
0
0
0
0
0
0
0
0
0
0
0
0
0
0
0
0
0
0
0
0
0
0
0
0
0
0
0
0
0
0
0
0
0
0
0
0
0
0
0
0
0
0
0
0
0
0
0
0
0
0
0
0
0
0
0
0
0
0
0
0
0
0
0
0
0
0
0
0
0
0
0
0
0
0
0
0
0
0
0
0
0
0
0
0
0
0
0
0
0
0
0
0
0
0
0
0
0
0
0
0
0
0
0
0
0
0
0
0
0
0
0
0
0
0
0
0
0
0
0
0
0
0
0
0
0
0
0
0
0
0
0
0
0
0
0
0
0
0
0
0
0
0
0
0
0
0
0
0
0
0
0
0
0
0
0
0
0
0
0
0
0
0
0
0
0
0
0
0
0
0
0
0
0
0
0
0
0
0
0
0
0
0
0
0
0
0
0
0
0
0
0
0
0
0
0
0
0
0
0
0
0
0
0
0
0
0
0
0
0
0
0
0
0
0
0
0
0
0
0
0
0
0
0
0
0
0
0
0
0
0
0
0
0
0
0
0
0
0
0
0
0
0
0
0
0
0
0
0
0
0
0
0
0
0
0
0
0
0
0
0
0
0
0
0
0
0
0
0
0
0
0
0
0
0
0
0
0
0
0
0
0
0
0
0
0
0
0
0
0
0
0
0
0
0
0
0
0
0
0
0
0
0
0
0
0
0
0
0
0
0
0
0
0
0
0
0
0
0
0
0
0
0
0
0
0
0
0
0
0
0
0
0
0
0
0
0
0
0
0
0
0
0
0
0
0
0
0
0
0
0
0
0
0
0
0
0
0
0
0
0
0
0
0
0
0
0
0
0
0
0
0
0
0
0
0
0
0
0
0
0
0
0
0
0
0
0
0
0
0
0
0
0
0
0
0
0
0
0
0
0
0
0
0
0
0
0
0
0
0
0
0
0
0
0
0
0
0
0
0
0
0
0
0
0
0
0
0
0
0
0
0
0
0
0
0
0
0
0
0
0
0
0
0
0
0
0
0
0
0
0
0
0
0
0
0
0
0
0
0
0
0
0
0
0
0
0
0
0
0
0
0
0
0
0
0
0
0
0
0
0
0
0
0
0
0
0
0
0
0
0
0
0
0
0
0
0
0
0
0
0
0
0
0
0
0
0
0
0
0
0
0
0
0
0
0
0
0
0
0
0
0
0
0
0
0
0
0
0
0
0
0
0
0
0
0
0
0
0
0
0
0
0
0
0
0
0
0
0
0
0
0
0
0
0
0
0
0
0
0
0
0
0
0
0
0
0
0
0
0
0
0
0
0
0
0
0
0
0
0
0
0
0
0
0
0
0
0
0
0
0
0
0
0
0
0
0
0
0
0
0
0
0
0
0
0
0
0
0
0
0
0
0
0
0
0
0
0
0
0
0
0
0
0
0
0
0
0
0
0
0
0
0
0
0
0
0
0
0
0
0
0
0
0
0
0
0
0
0
0
0
0
0
0
0
0
0
0
0
0
0
0
0
0
0
0
0
0
0
0
0
0
0
0
0
0
0
0
0
0
0
0
0
0
0
0
0
0
0
0
0
0
0
0
0
0
0
0
0
0
0
0
0
0
0
0
0
0
0
0
0
0
0
0
0
0
0
0
0
0
0
0
0
0
0
0
0
0
0
0
0
0
0
0
0
0
0
0
0
0
0
0
0
0
0
0
0
0
0
0
0
0
0
0
0
0
0
0
0
0
0
0
0
0
0
0
0
0
0
0
0
0
0
0
0
0
0
0
0
0
0
0
0
0
0
0
0
0
0
0
0
0
0
0
0
)
;

boundaryField
{
    anodeSides
    {
        type            calculated;
        value           uniform 0;
    }
    fuelInlet
    {
        type            calculated;
        value           nonuniform List<scalar> 0();
    }
    fuelOutlet
    {
        type            calculated;
        value           nonuniform List<scalar> 0();
    }
    fuel_to_electrolyte
    {
        type            calculated;
        value           uniform 0;
    }
    fuel_to_interconnect
    {
        type            calculated;
        value           uniform 0;
    }
    procBoundary2to1
    {
        type            processor;
        value           uniform 0;
    }
    procBoundary2to3
    {
        type            processor;
        value           uniform 0;
    }
}
)

// processor3

19607
(dimensions      [0 -3 0 0 0 1 0];

internalField   nonuniform List<scalar> 
4000
(
9.188445e+08
9.123309e+08
9.187421e+08
3.679537e+08
8.983162e+08
9.122372e+08
3.652258e+08
9.186528e+08
3.680696e+08
1.947348e+08
8.752885e+08
8.982311e+08
3.594481e+08
9.121582e+08
3.653424e+08
1.930864e+08
9.185533e+08
3.681705e+08
1.948515e+08
1.205872e+08
8.425942e+08
8.752173e+08
3.50172e+08
8.981558e+08
3.595614e+08
1.896201e+08
9.120649e+08
3.654446e+08
1.932027e+08
1.193737e+08
9.184719e+08
3.682863e+08
1.949535e+08
1.206939e+08
9.090503e+07
8.033305e+08
8.425379e+08
3.373516e+08
8.751527e+08
3.502811e+08
1.841142e+08
8.980716e+08
3.596576e+08
1.897326e+08
1.168346e+08
9.119852e+08
3.655597e+08
1.933045e+08
1.194796e+08
8.986804e+07
9.183722e+08
3.683875e+08
1.9507e+08
1.207872e+08
9.100537e+07
0
7.663406e+08
8.032811e+08
3.22364e+08
8.424866e+08
3.374542e+08
1.766023e+08
8.750821e+08
3.503714e+08
1.842213e+08
1.128322e+08
8.979977e+08
3.597701e+08
1.898287e+08
1.169367e+08
8.770446e+07
9.118899e+08
3.656579e+08
1.934197e+08
1.195722e+08
8.996737e+07
0
9.18292e+08
3.685022e+08
1.951713e+08
1.208936e+08
9.109323e+07
0
0
7.371628e+08
7.662909e+08
3.08579e+08
8.032392e+08
3.224563e+08
1.679448e+08
8.424303e+08
3.375374e+08
1.767021e+08
1.07425e+08
8.750186e+08
3.504796e+08
1.843109e+08
1.12929e+08
8.430904e+07
8.979121e+08
3.598634e+08
1.899404e+08
1.170242e+08
8.78001e+07
0
9.118101e+08
3.657712e+08
1.935181e+08
1.196772e+08
9.005437e+07
0
0
9.181923e+08
3.686011e+08
1.952869e+08
1.209861e+08
9.11933e+07
0
0
0
7.176485e+08
7.371114e+08
2.97878e+08
7.662493e+08
3.086607e+08
1.601022e+08
8.031936e+08
3.225306e+08
1.680349e+08
1.012661e+08
8.423789e+08
3.376393e+08
1.76784e+08
1.075147e+08
7.974715e+07
8.749462e+08
3.50567e+08
1.844174e+08
1.130103e+08
8.439941e+07
0
8.978385e+08
3.599744e+08
1.900339e+08
1.171258e+08
8.788226e+07
0
0
9.117127e+08
3.658664e+08
1.93632e+08
1.197671e+08
9.015301e+07
0
0
0
9.180778e+08
3.687202e+08
1.953862e+08
1.210919e+08
9.128027e+07
0
0
0
0
7.079768e+08
7.175953e+08
2.907853e+08
7.370661e+08
2.979521e+08
1.540876e+08
7.662045e+08
3.087252e+08
1.601833e+08
9.576728e+07
8.031527e+08
3.226241e+08
1.681081e+08
1.01347e+08
7.458491e+07
8.423197e+08
3.377192e+08
1.768833e+08
1.075887e+08
7.983057e+07
0
8.748829e+08
3.50674e+08
1.845045e+08
1.131067e+08
8.447557e+07
0
0
8.97751e+08
3.60065e+08
1.901447e+08
1.17211e+08
8.797744e+07
0
0
0
9.116096e+08
3.65983e+08
1.937279e+08
1.198712e+08
9.023751e+07
0
0
0
0
9.178591e+08
3.688074e+08
1.955058e+08
1.211826e+08
9.137988e+07
0
0
0
0
0
7.079772e+08
7.079223e+08
2.872853e+08
7.175466e+08
2.908548e+08
1.501335e+08
7.370166e+08
2.980086e+08
1.541624e+08
9.160375e+07
7.661653e+08
3.088088e+08
1.602479e+08
9.584021e+07
7.00232e+07
8.031035e+08
3.226961e+08
1.68199e+08
1.014128e+08
7.465987e+07
0
8.422668e+08
3.378195e+08
1.769625e+08
1.07678e+08
7.989953e+07
0
0
8.74809e+08
3.507586e+08
1.846102e+08
1.131858e+08
8.45656e+07
0
0
0
8.976613e+08
3.601791e+08
1.902358e+08
1.173119e+08
8.805754e+07
0
0
0
0
9.114245e+08
3.660719e+08
1.938451e+08
1.19959e+08
9.033542e+07
0
0
0
0
0
3.688933e+08
1.955991e+08
1.21292e+08
9.146521e+07
0
0
0
0
0
0
7.176496e+08
7.079227e+08
2.872855e+08
7.078716e+08
2.873524e+08
1.481913e+08
7.174921e+08
2.909058e+08
1.502046e+08
8.889206e+07
7.369743e+08
2.980832e+08
1.542205e+08
9.167118e+07
6.660221e+07
7.661176e+08
3.088717e+08
1.603303e+08
9.589849e+07
7.00907e+07
0
8.030581e+08
3.227879e+08
1.6827e+08
1.014942e+08
7.4721e+07
0
0
8.422054e+08
3.37896e+08
1.770609e+08
1.077497e+08
7.99827e+07
0
0
0
8.747351e+08
3.508684e+08
1.846948e+08
1.132816e+08
8.463975e+07
0
0
0
0
8.97507e+08
3.602664e+08
1.903496e+08
1.173952e+08
8.81522e+07
0
0
0
0
0
3.66173e+08
1.939384e+08
1.20066e+08
9.041803e+07
0
0
0
0
0
0
1.957048e+08
1.213789e+08
9.15681e+07
0
0
0
0
0
0
0
7.371643e+08
7.175962e+08
2.907858e+08
7.078717e+08
2.873526e+08
1.481915e+08
7.078143e+08
2.874009e+08
1.482606e+08
8.756747e+07
7.174461e+08
2.909744e+08
1.502585e+08
8.895618e+07
6.439004e+07
7.369231e+08
2.981384e+08
1.542958e+08
9.172382e+07
6.666454e+07
0
7.66077e+08
3.08954e+08
1.603932e+08
9.597228e+07
7.014473e+07
0
0
8.030043e+08
3.22855e+08
1.6836e+08
1.015582e+08
7.479649e+07
0
0
0
8.421466e+08
3.379983e+08
1.771372e+08
1.078385e+08
8.00496e+07
0
0
0
0
8.74603e+08
3.509514e+08
1.848034e+08
1.133587e+08
8.472937e+07
0
0
0
0
0
3.603783e+08
1.904399e+08
1.174989e+08
8.823047e+07
0
0
0
0
0
0
1.940532e+08
1.201525e+08
9.051872e+07
0
0
0
0
0
0
0
1.214811e+08
9.165058e+07
0
0
0
0
0
0
0
0
7.663422e+08
7.371127e+08
2.978787e+08
7.175468e+08
2.908552e+08
1.501338e+08
7.078144e+08
2.874009e+08
1.482607e+08
8.756755e+07
7.077659e+08
2.874665e+08
1.483124e+08
8.762999e+07
6.33141e+07
7.173911e+08
2.910242e+08
1.503291e+08
8.900525e+07
6.444926e+07
0
7.368818e+08
2.982124e+08
1.543524e+08
9.179158e+07
6.671334e+07
0
0
7.66025e+08
3.090136e+08
1.604749e+08
9.602906e+07
7.021298e+07
0
0
0
8.029565e+08
3.229472e+08
1.684272e+08
1.016391e+08
7.485592e+07
0
0
0
0
8.420292e+08
3.380739e+08
1.772379e+08
1.079078e+08
8.013236e+07
0
0
0
0
0
3.510657e+08
1.848879e+08
1.134571e+08
8.480165e+07
0
0
0
0
0
0
1.905603e+08
1.17582e+08
8.832778e+07
0
0
0
0
0
0
0
1.20261e+08
9.060049e+07
0
0
0
0
0
0
0
0
9.174874e+07
0
0
0
0
0
0
0
0
0
8.033323e+08
7.662928e+08
3.085798e+08
7.370665e+08
2.979529e+08
1.54088e+08
7.174921e+08
2.90906e+08
1.502049e+08
8.889228e+07
7.077656e+08
2.874665e+08
1.483125e+08
8.763009e+07
6.331416e+07
7.07709e+08
2.875135e+08
1.483808e+08
8.767738e+07
6.337184e+07
0
7.173476e+08
2.910927e+08
1.503815e+08
8.906911e+07
6.449479e+07
0
0
7.368283e+08
2.982654e+08
1.544274e+08
9.184287e+07
6.677599e+07
0
0
0
7.659804e+08
3.090959e+08
1.605351e+08
9.610254e+07
7.026563e+07
0
0
0
0
8.028507e+08
3.230135e+08
1.685183e+08
1.017001e+08
7.493102e+07
0
0
0
0
0
3.381828e+08
1.773141e+08
1.079987e+08
8.019711e+07
0
0
0
0
0
0
1.850079e+08
1.135346e+08
8.489376e+07
0
0
0
0
0
0
0
1.176941e+08
8.840624e+07
0
0
0
0
0
0
0
0
9.07039e+07
0
0
0
0
0
0
0
0
0
0
0
0
0
0
0
0
0
0
0
8.425958e+08
8.032833e+08
3.223649e+08
7.662499e+08
3.086617e+08
1.601026e+08
7.370165e+08
2.980088e+08
1.541629e+08
9.160407e+07
7.174448e+08
2.909744e+08
1.502585e+08
8.89564e+07
6.439022e+07
7.077089e+08
2.875133e+08
1.483808e+08
8.76774e+07
6.337192e+07
0
7.076637e+08
2.875794e+08
1.484311e+08
8.773936e+07
6.341582e+07
0
0
7.172898e+08
2.91141e+08
1.504522e+08
8.911684e+07
6.455384e+07
0
0
0
7.36783e+08
2.9834e+08
1.544819e+08
9.191059e+07
6.682355e+07
0
0
0
0
7.658756e+08
3.091526e+08
1.606175e+08
9.6157e+07
7.033369e+07
0
0
0
0
0
3.231134e+08
1.685852e+08
1.017822e+08
7.498784e+07
0
0
0
0
0
0
1.774281e+08
1.080682e+08
8.028188e+07
0
0
0
0
0
0
0
1.136453e+08
8.496657e+07
0
0
0
0
0
0
0
0
8.851227e+07
0
0
0
0
0
0
0
0
0
0
0
0
0
0
0
0
0
0
0
0
0
0
0
0
0
0
0
0
8.752896e+08
8.425399e+08
3.373525e+08
8.032399e+08
3.224575e+08
1.679453e+08
7.662046e+08
3.087255e+08
1.60184e+08
9.576763e+07
7.369719e+08
2.980833e+08
1.542206e+08
9.167153e+07
6.660247e+07
7.173906e+08
2.910236e+08
1.503291e+08
8.900531e+07
6.444945e+07
0
7.076636e+08
2.875793e+08
1.48431e+08
8.773938e+07
6.341584e+07
0
0
7.07603e+08
2.876252e+08
1.484998e+08
8.778533e+07
6.347316e+07
0
0
0
7.17243e+08
2.912096e+08
1.505029e+08
8.918087e+07
6.459813e+07
0
0
0
0
7.366771e+08
2.983893e+08
1.545579e+08
9.196004e+07
6.688623e+07
0
0
0
0
0
3.092406e+08
1.606756e+08
9.62314e+07
7.038428e+07
0
0
0
0
0
0
1.686902e+08
1.018429e+08
7.506416e+07
0
0
0
0
0
0
0
1.08173e+08
8.034702e+07
0
0
0
0
0
0
0
0
8.507081e+07
0
0
0
0
0
0
0
0
0
0
0
0
0
0
0
0
0
0
0
0
0
0
0
0
0
0
0
0
0
0
0
0
0
0
0
0
8.983175e+08
8.752191e+08
3.501727e+08
8.424873e+08
3.374554e+08
1.766029e+08
8.03194e+08
3.22531e+08
1.680358e+08
1.012665e+08
7.661623e+08
3.088089e+08
1.602481e+08
9.58407e+07
7.002349e+07
7.36922e+08
2.981372e+08
1.542958e+08
9.172391e+07
6.666484e+07
0
7.173473e+08
2.910925e+08
1.503811e+08
8.906913e+07
6.449483e+07
0
0
7.07603e+08
2.876251e+08
1.484998e+08
8.778525e+07
6.347317e+07
0
0
0
7.07555e+08
2.876906e+08
1.485486e+08
8.784768e+07
6.351583e+07
0
0
0
0
7.171344e+08
2.912541e+08
1.505743e+08
8.922709e+07
6.46574e+07
0
0
0
0
0
2.984678e+08
1.546096e+08
9.202878e+07
6.693212e+07
0
0
0
0
0
0
1.607705e+08
9.628434e+07
7.045328e+07
0
0
0
0
0
0
0
1.019394e+08
7.512089e+07
0
0
0
0
0
0
0
0
8.044525e+07
0
0
0
0
0
0
0
0
0
0
0
0
0
0
0
0
0
0
0
0
0
0
0
0
0
0
0
0
0
0
0
0
0
0
0
0
0
0
0
0
0
0
0
9.123332e+08
8.982334e+08
3.59449e+08
8.751534e+08
3.502823e+08
1.841147e+08
8.42431e+08
3.375378e+08
1.767029e+08
1.074255e+08
8.031499e+08
3.226244e+08
1.681083e+08
1.013476e+08
7.458526e+07
7.66116e+08
3.088702e+08
1.603304e+08
9.589863e+07
7.009111e+07
0
7.368811e+08
2.98212e+08
1.543516e+08
9.179161e+07
6.671342e+07
0
0
7.172898e+08
2.911408e+08
1.504521e+08
8.911653e+07
6.455386e+07
0
0
0
7.075547e+08
2.876906e+08
1.485485e+08
8.784766e+07
6.351576e+07
0
0
0
0
7.074432e+08
2.877328e+08
1.486176e+08
8.789225e+07
6.357354e+07
0
0
0
0
0
2.91326e+08
1.50622e+08
8.92919e+07
6.470029e+07
0
0
0
0
0
0
1.546966e+08
9.207612e+07
6.69958e+07
0
0
0
0
0
0
0
9.637173e+07
7.050267e+07
0
0
0
0
0
0
0
0
7.521104e+07
0
0
0
0
0
0
0
0
0
0
0
0
0
0
0
0
0
0
0
0
0
0
0
0
0
0
0
0
0
0
0
0
0
0
0
0
0
0
0
0
0
0
0
0
0
0
0
0
0
9.188462e+08
9.122412e+08
3.652272e+08
8.981566e+08
3.59563e+08
1.896208e+08
8.750826e+08
3.503718e+08
1.842221e+08
1.128326e+08
8.423771e+08
3.376397e+08
1.767843e+08
1.075153e+08
7.974753e+07
8.031022e+08
3.226946e+08
1.681992e+08
1.01413e+08
7.466039e+07
0
7.660763e+08
3.089533e+08
1.603923e+08
9.597238e+07
7.014485e+07
0
0
7.368284e+08
2.98265e+08
1.544271e+08
9.184232e+07
6.677602e+07
0
0
0
7.172412e+08
2.912096e+08
1.505027e+08
8.918079e+07
6.459787e+07
0
0
0
0
7.074432e+08
2.877324e+08
1.486175e+08
8.789221e+07
6.357353e+07
0
0
0
0
0
2.878007e+08
1.486634e+08
8.795509e+07
6.361493e+07
0
0
0
0
0
0
1.507037e+08
8.933579e+07
6.476034e+07
0
0
0
0
0
0
0
9.215663e+07
6.703996e+07
0
0
0
0
0
0
0
0
7.058423e+07
0
0
0
0
0
0
0
0
0
0
0
0
0
0
0
0
0
0
0
0
0
0
0
0
0
0
0
0
0
0
0
0
0
0
0
0
0
0
0
0
0
0
0
0
0
0
0
0
0
0
0
0
0
0
9.18745e+08
3.679548e+08
9.121594e+08
3.653448e+08
1.930874e+08
8.98072e+08
3.596582e+08
1.897337e+08
1.168351e+08
8.750169e+08
3.5048e+08
1.843112e+08
1.129296e+08
8.430937e+07
8.42319e+08
3.377181e+08
1.768836e+08
1.075889e+08
7.983111e+07
0
8.03058e+08
3.227872e+08
1.68269e+08
1.014944e+08
7.472116e+07
0
0
7.660256e+08
3.090131e+08
1.604745e+08
9.602836e+07
7.021306e+07
0
0
0
7.367808e+08
2.983401e+08
1.544816e+08
9.191039e+07
6.682309e+07
0
0
0
0
7.171313e+08
2.91253e+08
1.505742e+08
8.922698e+07
6.465733e+07
0
0
0
0
0
2.878002e+08
1.486631e+08
8.795508e+07
6.361489e+07
0
0
0
0
0
0
1.48742e+08
8.799736e+07
6.367318e+07
0
0
0
0
0
0
0
8.941171e+07
6.480132e+07
0
0
0
0
0
0
0
0
6.711505e+07
0
0
0
0
0
0
0
0
0
0
0
0
0
0
0
0
0
0
0
0
0
0
0
0
0
0
0
0
0
0
0
0
0
0
0
0
0
0
0
0
0
0
0
0
0
0
0
0
0
0
0
0
0
0
0
0
0
0
0
9.186543e+08
3.680715e+08
1.947356e+08
9.120651e+08
3.654453e+08
1.932043e+08
1.193745e+08
8.979954e+08
3.597704e+08
1.898291e+08
1.169375e+08
8.770488e+07
8.749453e+08
3.505658e+08
1.844177e+08
1.130106e+08
8.439999e+07
0
8.422669e+08
3.378191e+08
1.769617e+08
1.076782e+08
7.98997e+07
0
0
8.030053e+08
3.228548e+08
1.683596e+08
1.015575e+08
7.479663e+07
0
0
0
7.659782e+08
3.090963e+08
1.605348e+08
9.610224e+07
7.026505e+07
0
0
0
0
7.366732e+08
2.983879e+08
1.54558e+08
9.195983e+07
6.688606e+07
0
0
0
0
0
2.91324e+08
1.506212e+08
8.929188e+07
6.47002e+07
0
0
0
0
0
0
1.487416e+08
8.799712e+07
6.367317e+07
0
0
0
0
0
0
0
8.807072e+07
6.371265e+07
0
0
0
0
0
0
0
0
6.487213e+07
0
0
0
0
0
0
0
0
0
0
0
0
0
0
0
0
0
0
0
0
0
0
0
0
0
0
0
0
0
0
0
0
0
0
0
0
0
0
0
0
0
0
0
0
0
0
0
0
0
0
0
0
0
0
0
0
0
0
0
0
0
0
0
0
9.18554e+08
3.681715e+08
1.948529e+08
1.205878e+08
9.119814e+08
3.6556e+08
1.93305e+08
1.194808e+08
8.986868e+07
8.979104e+08
3.598618e+08
1.899406e+08
1.170245e+08
8.780084e+07
0
8.748826e+08
3.506734e+08
1.845037e+08
1.131068e+08
8.447577e+07
0
0
8.422064e+08
3.378958e+08
1.770606e+08
1.077491e+08
7.998288e+07
0
0
0
8.029548e+08
3.229478e+08
1.684271e+08
1.016388e+08
7.48553e+07
0
0
0
0
7.658717e+08
3.091513e+08
1.606178e+08
9.615677e+07
7.033344e+07
0
0
0
0
0
2.984655e+08
1.546087e+08
9.202884e+07
6.693195e+07
0
0
0
0
0
0
1.507023e+08
8.93352e+07
6.476033e+07
0
0
0
0
0
0
0
8.807039e+07
6.371245e+07
0
0
0
0
0
0
0
0
6.378111e+07
0
0
0
0
0
0
0
0
0
0
0
0
0
0
0
0
0
0
0
0
0
0
0
0
0
0
0
0
0
0
0
0
0
0
0
0
0
0
0
0
0
0
0
0
0
0
0
0
0
0
0
0
0
0
0
0
0
0
0
0
0
0
0
0
0
0
0
0
0
9.18467e+08
3.682867e+08
1.949542e+08
1.20695e+08
9.090559e+07
9.118868e+08
3.656555e+08
1.934198e+08
1.195726e+08
8.996846e+07
0
8.978376e+08
3.599733e+08
1.900328e+08
1.171259e+08
8.788252e+07
0
0
8.748095e+08
3.507582e+08
1.846098e+08
1.131852e+08
8.456575e+07
0
0
0
8.421453e+08
3.379989e+08
1.77137e+08
1.078383e+08
8.004909e+07
0
0
0
0
8.028474e+08
3.230124e+08
1.685187e+08
1.016999e+08
7.493076e+07
0
0
0
0
0
3.092382e+08
1.606747e+08
9.623158e+07
7.038409e+07
0
0
0
0
0
0
1.54695e+08
9.207544e+07
6.699585e+07
0
0
0
0
0
0
0
8.941067e+07
6.480082e+07
0
0
0
0
0
0
0
0
6.378083e+07
0
0
0
0
0
0
0
0
0
0
0
0
0
0
0
0
0
0
0
0
0
0
0
0
0
0
0
0
0
0
0
0
0
0
0
0
0
0
0
0
0
0
0
0
0
0
0
0
0
0
0
0
0
0
0
0
0
0
0
0
0
0
0
0
0
0
0
0
0
0
0
0
0
0
9.183673e+08
3.683845e+08
1.950703e+08
1.207878e+08
9.100631e+07
0
9.11808e+08
3.657694e+08
1.935164e+08
1.196774e+08
9.005473e+07
0
0
8.97751e+08
3.600643e+08
1.901439e+08
1.172102e+08
8.797757e+07
0
0
0
8.747336e+08
3.508688e+08
1.846945e+08
1.132813e+08
8.463918e+07
0
0
0
0
8.420261e+08
3.380729e+08
1.772383e+08
1.079076e+08
8.013216e+07
0
0
0
0
0
3.231113e+08
1.685844e+08
1.017825e+08
7.49877e+07
0
0
0
0
0
0
1.607689e+08
9.628366e+07
7.045343e+07
0
0
0
0
0
0
0
9.215544e+07
6.703939e+07
0
0
0
0
0
0
0
0
6.487124e+07
0
0
0
0
0
0
0
0
0
0
0
0
0
0
0
0
0
0
0
0
0
0
0
0
0
0
0
0
0
0
0
0
0
0
0
0
0
0
0
0
0
0
0
0
0
0
0
0
0
0
0
0
0
0
0
0
0
0
0
0
0
0
0
0
0
0
0
0
0
0
0
0
0
0
0
0
0
0
0
9.18288e+08
3.684993e+08
1.951692e+08
1.208939e+08
9.109367e+07
0
0
9.117124e+08
3.658651e+08
1.936308e+08
1.197658e+08
9.015312e+07
0
0
0
8.976597e+08
3.601792e+08
1.902352e+08
1.173113e+08
8.805677e+07
0
0
0
0
8.745998e+08
3.509503e+08
1.848036e+08
1.133584e+08
8.472907e+07
0
0
0
0
0
3.381807e+08
1.773134e+08
1.07999e+08
8.019698e+07
0
0
0
0
0
0
1.686888e+08
1.018423e+08
7.50644e+07
0
0
0
0
0
0
0
9.637054e+07
7.050208e+07
0
0
0
0
0
0
0
0
6.711405e+07
0
0
0
0
0
0
0
0
0
0
0
0
0
0
0
0
0
0
0
0
0
0
0
0
0
0
0
0
0
0
0
0
0
0
0
0
0
0
0
0
0
0
0
0
0
0
0
0
0
0
0
0
0
0
0
0
0
0
0
0
0
0
0
0
0
0
0
0
0
0
0
0
0
0
0
0
0
0
0
0
0
0
0
0
0
9.181913e+08
3.685988e+08
1.952851e+08
1.209845e+08
9.11935e+07
0
0
0
9.116078e+08
3.659829e+08
1.93727e+08
1.198702e+08
9.023642e+07
0
0
0
0
8.975041e+08
3.602652e+08
1.903497e+08
1.173947e+08
8.815169e+07
0
0
0
0
0
3.510635e+08
1.848871e+08
1.134573e+08
8.480142e+07
0
0
0
0
0
0
1.774266e+08
1.080676e+08
8.028211e+07
0
0
0
0
0
0
0
1.019383e+08
7.512036e+07
0
0
0
0
0
0
0
0
7.058322e+07
0
0
0
0
0
0
0
0
0
0
0
0
0
0
0
0
0
0
0
0
0
0
0
0
0
0
0
0
0
0
0
0
0
0
0
0
0
0
0
0
0
0
0
0
0
0
0
0
0
0
0
0
0
0
0
0
0
0
0
0
0
0
0
0
0
0
0
0
0
0
0
0
0
0
0
0
0
0
0
0
0
0
0
0
0
0
0
0
0
0
0
0
9.180758e+08
3.687198e+08
1.953846e+08
1.210905e+08
9.127891e+07
0
0
0
0
9.114231e+08
3.660705e+08
1.938451e+08
1.199582e+08
9.033459e+07
0
0
0
0
0
3.603762e+08
1.90439e+08
1.174989e+08
8.823007e+07
0
0
0
0
0
0
1.850064e+08
1.135339e+08
8.489389e+07
0
0
0
0
0
0
0
1.081718e+08
8.034651e+07
0
0
0
0
0
0
0
0
7.521007e+07
0
0
0
0
0
0
0
0
0
0
0
0
0
0
0
0
0
0
0
0
0
0
0
0
0
0
0
0
0
0
0
0
0
0
0
0
0
0
0
0
0
0
0
0
0
0
0
0
0
0
0
0
0
0
0
0
0
0
0
0
0
0
0
0
0
0
0
0
0
0
0
0
0
0
0
0
0
0
0
0
0
0
0
0
0
0
0
0
0
0
0
0
0
0
0
0
0
0
0
0
9.17856e+08
3.688059e+08
1.955056e+08
1.211814e+08
9.137863e+07
0
0
0
0
0
3.661715e+08
1.939374e+08
1.20066e+08
9.041739e+07
0
0
0
0
0
0
1.905588e+08
1.175813e+08
8.832783e+07
0
0
0
0
0
0
0
1.136441e+08
8.4966e+07
0
0
0
0
0
0
0
0
8.044424e+07
0
0
0
0
0
0
0
0
0
0
0
0
0
0
0
0
0
0
0
0
0
0
0
0
0
0
0
0
0
0
0
0
0
0
0
0
0
0
0
0
0
0
0
0
0
0
0
0
0
0
0
0
0
0
0
0
0
0
0
0
0
0
0
0
0
0
0
0
0
0
0
0
0
0
0
0
0
0
0
0
0
0
0
0
0
0
0
0
0
0
0
0
0
0
0
0
0
0
0
0
0
0
0
0
0
0
0
0
0
3.68891e+08
1.95598e+08
1.212918e+08
9.146417e+07
0
0
0
0
0
0
1.94052e+08
1.201517e+08
9.05187e+07
0
0
0
0
0
0
0
1.176929e+08
8.84056e+07
0
0
0
0
0
0
0
0
8.506973e+07
0
0
0
0
0
0
0
0
0
0
0
0
0
0
0
0
0
0
0
0
0
0
0
0
0
0
0
0
0
0
0
0
0
0
0
0
0
0
0
0
0
0
0
0
0
0
0
0
0
0
0
0
0
0
0
0
0
0
0
0
0
0
0
0
0
0
0
0
0
0
0
0
0
0
0
0
0
0
0
0
0
0
0
0
0
0
0
0
0
0
0
0
0
0
0
0
0
0
0
0
0
0
0
0
0
0
0
0
0
0
0
0
0
0
0
0
0
0
0
1.957031e+08
1.213781e+08
9.156794e+07
0
0
0
0
0
0
0
1.202601e+08
9.059979e+07
0
0
0
0
0
0
0
0
8.85112e+07
0
0
0
0
0
0
0
0
0
0
0
0
0
0
0
0
0
0
0
0
0
0
0
0
0
0
0
0
0
0
0
0
0
0
0
0
0
0
0
0
0
0
0
0
0
0
0
0
0
0
0
0
0
0
0
0
0
0
0
0
0
0
0
0
0
0
0
0
0
0
0
0
0
0
0
0
0
0
0
0
0
0
0
0
0
0
0
0
0
0
0
0
0
0
0
0
0
0
0
0
0
0
0
0
0
0
0
0
0
0
0
0
0
0
0
0
0
0
0
0
0
0
0
0
0
0
0
1.214797e+08
9.164983e+07
0
0
0
0
0
0
0
0
9.070305e+07
0
0
0
0
0
0
0
0
0
0
0
0
0
0
0
0
0
0
0
0
0
0
0
0
0
0
0
0
0
0
0
0
0
0
0
0
0
0
0
0
0
0
0
0
0
0
0
0
0
0
0
0
0
0
0
0
0
0
0
0
0
0
0
0
0
0
0
0
0
0
0
0
0
0
0
0
0
0
0
0
0
0
0
0
0
0
0
0
0
0
0
0
0
0
0
0
0
0
0
0
0
0
0
0
0
0
0
0
0
0
0
0
0
0
0
0
0
0
0
0
0
0
0
0
0
0
0
0
0
0
0
0
0
9.174755e+07
0
0
0
0
0
0
0
0
0
0
0
0
0
0
0
0
0
0
0
0
0
0
0
0
0
0
0
0
0
0
0
0
0
0
0
0
0
0
0
0
0
0
0
0
0
0
0
0
0
0
0
0
0
0
0
0
0
0
0
0
0
0
0
0
0
0
0
0
0
0
0
0
0
0
0
0
0
0
0
0
0
0
0
0
0
0
0
0
0
0
0
0
0
0
0
0
0
0
0
0
0
0
0
0
0
0
0
0
0
0
0
0
0
0
0
0
0
0
0
0
0
0
0
0
0
0
0
0
0
0
0
0
0
0
0
0
0
0
0
0
0
0
0
0
0
0
0
0
0
0
0
0
0
0
0
0
0
0
0
0
0
0
0
0
0
0
0
0
0
0
0
0
0
0
0
0
0
0
0
0
0
0
0
0
0
0
0
0
0
0
0
0
0
0
0
0
0
0
0
0
0
0
0
0
0
0
0
0
0
0
0
0
0
0
0
0
0
0
0
0
0
0
0
0
0
0
0
0
0
0
0
0
0
0
0
0
0
0
0
0
0
0
0
0
0
0
0
0
0
0
0
0
0
0
0
0
0
0
0
0
0
0
0
0
0
0
0
0
0
0
0
0
0
0
0
0
0
0
0
0
0
0
0
0
0
0
0
0
0
0
0
0
0
0
0
0
0
0
0
0
0
0
0
0
0
0
0
0
0
0
0
0
0
0
0
0
0
0
0
0
0
0
0
0
0
0
0
0
0
0
0
0
0
0
0
0
0
0
0
0
0
0
0
0
0
0
0
0
0
0
0
0
0
0
0
0
0
0
0
0
0
0
0
0
0
0
0
0
0
0
0
0
0
0
0
0
0
0
0
0
0
0
0
0
0
0
0
0
0
0
0
0
0
0
0
0
0
0
0
0
0
0
0
0
0
0
0
0
0
0
0
0
0
0
0
0
0
0
0
0
0
0
0
0
0
0
0
0
0
0
0
0
0
0
0
0
0
0
0
0
0
0
0
0
0
0
0
0
0
0
0
0
0
0
0
0
0
0
0
0
0
0
0
0
0
0
0
0
0
0
0
0
0
0
0
0
0
0
0
0
0
0
0
0
0
0
0
0
0
0
0
0
0
0
0
0
0
0
0
0
0
0
0
0
0
0
0
0
0
0
0
0
0
0
0
0
0
0
0
0
0
0
0
0
0
0
0
0
0
0
0
0
0
0
0
0
0
0
0
0
0
0
0
0
0
0
0
0
0
0
0
0
0
0
0
0
0
0
0
0
0
0
0
0
0
0
0
0
0
0
0
0
0
0
0
0
0
0
0
0
0
0
0
0
0
0
0
0
0
0
0
0
0
0
0
0
0
0
0
0
0
0
0
0
0
0
0
0
0
0
0
0
0
0
0
0
0
0
0
0
0
0
0
0
0
0
0
0
0
0
0
0
0
0
0
0
0
0
0
0
0
0
0
0
0
0
0
0
0
0
0
0
0
0
0
0
0
0
0
0
0
0
0
0
0
0
0
0
0
0
0
0
0
0
0
0
0
0
0
0
0
0
0
0
0
0
0
0
0
0
0
0
0
0
0
0
0
0
0
0
0
0
0
0
0
0
0
0
0
0
0
0
0
0
0
0
0
0
0
0
0
0
0
0
0
0
0
0
0
0
0
0
0
0
0
0
0
0
0
0
0
0
0
0
0
0
0
0
0
0
0
0
0
0
0
0
0
0
0
0
0
0
0
0
0
0
0
0
0
0
0
0
0
0
0
0
0
0
0
0
0
0
0
0
0
0
0
0
0
0
0
0
0
0
0
0
0
0
0
0
0
0
0
0
0
0
0
0
0
0
0
0
0
0
0
0
0
0
0
0
0
0
0
0
0
0
0
0
0
0
0
0
0
0
0
0
0
0
0
0
0
0
0
0
0
0
0
0
0
0
0
0
0
0
0
0
0
0
0
0
0
0
0
0
0
0
0
0
0
0
0
0
0
0
0
0
0
0
0
0
0
0
0
0
0
0
0
0
0
0
0
0
0
0
0
0
0
0
0
0
0
0
0
0
0
0
0
0
0
0
0
0
0
0
0
0
0
0
0
0
0
0
0
0
0
0
0
0
0
0
0
0
)
;

boundaryField
{
    anodeSides
    {
        type            calculated;
        value           uniform 0;
    }
    fuelInlet
    {
        type            calculated;
        value           nonuniform List<scalar> 0();
    }
    fuelOutlet
    {
        type            calculated;
        value           uniform 0;
    }
    fuel_to_electrolyte
    {
        type            calculated;
        value           uniform 0;
    }
    fuel_to_interconnect
    {
        type            calculated;
        value           uniform 0;
    }
    procBoundary3to2
    {
        type            processor;
        value           uniform 0;
    }
}
)

// processor4

697
(dimensions      [0 -3 0 0 0 1 0];

internalField   nonuniform List<scalar> 0();

boundaryField
{
    anodeSides
    {
        type            calculated;
        value           nonuniform List<scalar> 0();
    }
    fuelInlet
    {
        type            calculated;
        value           nonuniform List<scalar> 0();
    }
    fuelOutlet
    {
        type            calculated;
        value           nonuniform List<scalar> 0();
    }
    fuel_to_electrolyte
    {
        type            calculated;
        value           nonuniform List<scalar> 0();
    }
    fuel_to_interconnect
    {
        type            calculated;
        value           nonuniform List<scalar> 0();
    }
}
)

// processor5

697
(dimensions      [0 -3 0 0 0 1 0];

internalField   nonuniform List<scalar> 0();

boundaryField
{
    anodeSides
    {
        type            calculated;
        value           nonuniform List<scalar> 0();
    }
    fuelInlet
    {
        type            calculated;
        value           nonuniform List<scalar> 0();
    }
    fuelOutlet
    {
        type            calculated;
        value           nonuniform List<scalar> 0();
    }
    fuel_to_electrolyte
    {
        type            calculated;
        value           nonuniform List<scalar> 0();
    }
    fuel_to_interconnect
    {
        type            calculated;
        value           nonuniform List<scalar> 0();
    }
}
)

// processor6

697
(dimensions      [0 -3 0 0 0 1 0];

internalField   nonuniform List<scalar> 0();

boundaryField
{
    anodeSides
    {
        type            calculated;
        value           nonuniform List<scalar> 0();
    }
    fuelInlet
    {
        type            calculated;
        value           nonuniform List<scalar> 0();
    }
    fuelOutlet
    {
        type            calculated;
        value           nonuniform List<scalar> 0();
    }
    fuel_to_electrolyte
    {
        type            calculated;
        value           nonuniform List<scalar> 0();
    }
    fuel_to_interconnect
    {
        type            calculated;
        value           nonuniform List<scalar> 0();
    }
}
)

// processor7

697
(dimensions      [0 -3 0 0 0 1 0];

internalField   nonuniform List<scalar> 0();

boundaryField
{
    anodeSides
    {
        type            calculated;
        value           nonuniform List<scalar> 0();
    }
    fuelInlet
    {
        type            calculated;
        value           nonuniform List<scalar> 0();
    }
    fuelOutlet
    {
        type            calculated;
        value           nonuniform List<scalar> 0();
    }
    fuel_to_electrolyte
    {
        type            calculated;
        value           nonuniform List<scalar> 0();
    }
    fuel_to_interconnect
    {
        type            calculated;
        value           nonuniform List<scalar> 0();
    }
}
)
