/*--------------------------------*- C++ -*----------------------------------*\
| =========                 |                                                 |
| \\      /  F ield         | OpenFOAM: The Open Source CFD Toolbox           |
|  \\    /   O peration     | Version:  2306                                  |
|   \\  /    A nd           | Website:  www.openfoam.com                      |
|    \\/     M anipulation  |                                                 |
\*---------------------------------------------------------------------------*/
FoamFile
{
    version     2.0;
    format      binary;
    arch        "LSB;label=32;scalar=64";
    class       decomposedBlockData;
    object      T;
    data.format     ascii;
    data.class      volScalarField;
}
// * * * * * * * * * * * * * * * * * * * * * * * * * * * * * * * * * * * * * //


// processor0

18405
(FoamFile
{
    version     2.0;
    format      ascii;
    arch        "LSB;label=32;scalar=64";
    class       volScalarField;
    location    "2/electrolyte";
    object      T;
}
dimensions      [0 0 0 1 0 0 0];

internalField   nonuniform List<scalar> 
2000
(
355.9737
356.0006
356.0287
355.9715
356.0613
356.0646
355.9984
356.0645
356.0265
355.9692
356.1688
356.1452
356.0591
356.105
356.0624
355.9961
356.0871
356.0623
356.0242
355.9669
356.3352
356.2869
356.1666
356.1956
356.143
356.0569
356.1301
356.1028
356.0602
355.9938
356.1019
356.085
356.0601
356.022
355.9646
356.5504
356.5056
356.3329
356.3546
356.2847
356.1643
356.2262
356.1935
356.1408
356.0546
356.1463
356.1279
356.1006
356.0579
355.9915
356.1125
356.0997
356.0827
356.0579
356.0196
355.9622
356.7555
356.7905
356.548
356.5998
356.5035
356.3306
356.3947
356.3525
356.2825
356.162
356.2456
356.2241
356.1913
356.1385
356.0523
356.158
356.1441
356.1257
356.0983
356.0556
355.9891
356.1201
356.1104
356.0975
356.0805
356.0555
356.0173
355.9598
356.9157
357.0688
356.753
356.92
356.7882
356.5456
356.6545
356.5977
356.5012
356.3283
356.4196
356.3926
356.3503
356.2803
356.1597
356.2596
356.2435
356.2219
356.189
356.1362
356.0499
356.1662
356.1558
356.1419
356.1235
356.096
356.0532
355.9867
356.1266
356.1179
356.1082
356.0953
356.0782
356.0532
356.0149
355.9573
357.0214
357.2926
356.9132
357.2361
357.0664
356.7505
356.9941
356.9176
356.7858
356.5431
356.6879
356.6523
356.5954
356.4989
356.3259
356.4375
356.4175
356.3904
356.348
356.2779
356.1573
356.2693
356.2575
356.2413
356.2196
356.1867
356.1339
356.0474
356.1733
356.1641
356.1537
356.1397
356.1212
356.0937
356.0508
355.9842
356.1316
356.1244
356.1158
356.106
356.093
356.0759
356.0508
356.0124
355.9548
357.0733
357.4438
357.0189
357.4935
357.2902
356.9106
357.3316
357.2337
357.064
356.7479
357.0391
356.9918
356.9153
356.7834
356.5406
356.7119
356.6858
356.6501
356.5932
356.4966
356.3234
356.4497
356.4354
356.4153
356.3881
356.3457
356.2755
356.1548
356.2777
356.2671
356.2553
356.2391
356.2174
356.1844
356.1314
356.0449
356.1786
356.1711
356.1619
356.1514
356.1374
356.1188
356.0913
356.0483
355.9817
356.1387
356.1295
356.1222
356.1135
356.1037
356.0906
356.0735
356.0483
356.0099
355.9523
357.0733
357.5192
357.0708
357.6693
357.4414
357.0164
357.6082
357.491
357.2878
356.9081
357.3891
357.3292
357.2313
357.0616
356.7454
357.0712
357.0367
356.9894
356.9129
356.7811
356.5381
356.7278
356.7097
356.6835
356.6478
356.5908
356.4942
356.3209
356.4604
356.4476
356.4333
356.4131
356.3858
356.3434
356.2731
356.1523
356.2838
356.2756
356.265
356.2531
356.2368
356.215
356.1819
356.129
356.0424
356.1863
356.1765
356.169
356.1596
356.1491
356.1351
356.1164
356.0888
356.0458
355.9791
356.1365
356.1273
356.12
356.1112
356.1013
356.0882
356.071
356.0459
356.0074
357.0214
357.5192
357.0708
357.7575
357.5168
357.0682
357.7984
357.6669
357.4391
357.0138
357.6772
357.6058
357.4886
357.2854
356.9056
357.4302
357.3867
357.3267
357.2289
357.0592
356.7429
357.0923
357.0688
357.0344
356.987
356.9105
356.7786
356.5356
356.742
356.7256
356.7075
356.6812
356.6454
356.5884
356.4917
356.3184
356.4677
356.4583
356.4454
356.431
356.4108
356.3835
356.3409
356.2706
356.1498
356.2928
356.2817
356.2734
356.2628
356.2508
356.2344
356.2126
356.1795
356.1264
356.0398
356.1842
356.1743
356.1667
356.1574
356.1468
356.1327
356.114
356.0863
356.0433
356.1343
356.125
356.1177
356.1089
356.099
356.0858
356.0685
356.0433
356.9157
357.4438
357.0189
357.7575
357.5168
357.0682
357.8942
357.7551
357.5144
357.0657
357.876
357.796
357.6645
357.4367
357.0113
357.7266
357.6748
357.6034
357.4862
357.283
356.903
357.4569
357.4277
357.3842
357.3243
357.2264
357.0568
356.7403
357.1113
357.0899
357.0665
357.032
356.9846
356.9081
356.7762
356.5331
356.7513
356.7399
356.7234
356.7052
356.6789
356.643
356.5859
356.4892
356.3158
356.4792
356.4656
356.4561
356.4432
356.4287
356.4084
356.381
356.3384
356.268
356.1471
356.2907
356.2795
356.2712
356.2605
356.2485
356.232
356.2101
356.1769
356.1238
356.182
356.1721
356.1645
356.155
356.1444
356.1302
356.1115
356.0837
356.1321
356.1228
356.1154
356.1065
356.0965
356.0833
356.066
356.7555
357.2926
356.9132
357.6693
357.4414
357.0164
357.8942
357.7551
357.5144
357.0657
357.9764
357.8918
357.7527
357.5121
357.0631
357.9316
357.8735
357.7936
357.6621
357.4343
357.0087
357.7585
357.7241
357.6723
357.6009
357.4838
357.2806
356.9005
357.4812
357.4545
357.4253
357.3818
357.3219
357.224
357.0544
356.7378
357.123
357.1089
357.0875
357.0641
357.0295
356.9822
356.9056
356.7737
356.5305
356.7664
356.7491
356.7377
356.7211
356.7028
356.6765
356.6406
356.5834
356.4866
356.3132
356.4771
356.4635
356.4539
356.4409
356.4264
356.406
356.3785
356.3359
356.2654
356.2886
356.2773
356.2689
356.2581
356.2461
356.2296
356.2076
356.1743
356.1798
356.1698
356.1621
356.1526
356.142
356.1277
356.1089
356.1298
356.1204
356.113
356.1041
356.094
356.0808
356.5504
357.0688
356.753
357.4935
357.2902
356.9106
357.7984
357.6669
357.4391
357.0138
357.9764
357.8918
357.7527
357.5121
357.0631
358.0354
357.974
357.8894
357.7504
357.5097
357.0606
357.9675
357.9291
357.8711
357.7911
357.6597
357.432
357.0062
357.7877
357.756
357.7216
357.6699
357.5985
357.4814
357.2783
356.8979
357.4957
357.4788
357.452
357.4228
357.3793
357.3194
357.2216
357.052
356.7352
357.143
357.1207
357.1065
357.0851
357.0616
357.0271
356.9797
356.9031
356.7712
356.5279
356.7642
356.7469
356.7354
356.7188
356.7004
356.674
356.638
356.5808
356.484
356.4749
356.4612
356.4516
356.4385
356.4239
356.4035
356.3759
356.3332
356.2864
356.275
356.2666
356.2557
356.2436
356.227
356.205
356.1775
356.1675
356.1597
356.1502
356.1395
356.1252
356.1275
356.1181
356.1106
356.1016
356.0915
356.3352
356.7905
356.548
357.2361
357.0664
356.7505
357.6082
357.491
357.2878
356.9081
357.876
357.796
357.6645
357.4367
357.0113
358.0354
357.974
357.8894
357.7504
357.5097
357.0606
358.0733
358.0329
357.9715
357.887
357.748
357.5074
357.058
358.0004
357.965
357.9267
357.8687
357.7887
357.6574
357.4297
357.0036
357.8047
357.7852
357.7535
357.7192
357.6674
357.5961
357.4791
357.2759
356.8953
357.5211
357.4933
357.4763
357.4495
357.4204
357.3769
357.317
357.2192
357.0496
356.7326
357.1407
357.1183
357.1041
357.0827
357.0592
357.0246
356.9772
356.9006
356.7687
356.762
356.7446
356.733
356.7164
356.698
356.6715
356.6354
356.5782
356.4727
356.4589
356.4492
356.4361
356.4214
356.4009
356.3733
356.2841
356.2727
356.2642
356.2533
356.2411
356.2245
356.1752
356.1651
356.1573
356.1477
356.1369
356.1251
356.1156
356.1081
356.0991
356.1688
356.5056
356.3329
356.92
356.7882
356.5456
357.3316
357.2337
357.064
356.7479
357.6772
357.6058
357.4886
357.2854
356.9056
357.9316
357.8735
357.7936
357.6621
357.4343
357.0087
358.0733
358.0329
357.9715
357.887
357.748
357.5074
357.058
358.1082
358.0708
358.0305
357.9691
357.8846
357.7457
357.5051
357.0554
358.0193
357.9979
357.9625
357.9243
357.8663
357.7864
357.655
357.4273
357.001
357.8351
357.8022
357.7827
357.7511
357.7167
357.665
357.5937
357.4767
357.2735
356.8928
357.5187
357.4908
357.4738
357.4471
357.4179
357.3744
357.3145
357.2167
357.0471
357.1383
357.1159
357.1017
357.0803
357.0567
357.0221
356.9747
356.8981
356.7597
356.7423
356.7306
356.7139
356.6954
356.6689
356.6328
356.4704
356.4566
356.4468
356.4336
356.4189
356.3983
356.2818
356.2703
356.2617
356.2507
356.2385
356.1728
356.1627
356.1548
356.1452
356.1227
356.1132
356.1056
356.0613
356.2869
356.1666
356.5998
356.5035
356.3306
356.9941
356.9176
356.7858
356.5431
357.3891
357.3292
357.2313
357.0616
356.7454
357.7266
357.6748
357.6034
357.4862
357.283
356.903
357.9675
357.9291
357.8711
357.7911
357.6597
357.432
357.0062
358.1082
358.0708
358.0305
357.9691
357.8846
357.7457
357.5051
357.0554
358.1281
358.1057
358.0684
358.028
357.9667
357.8823
357.7433
357.5028
357.0529
358.0534
358.0168
357.9954
357.9601
357.9218
357.8639
357.784
357.6527
357.425
356.9984
357.8326
357.7997
357.7802
357.7486
357.7143
357.6626
357.5913
357.4743
357.2712
357.5162
357.4883
357.4714
357.4446
357.4155
357.372
357.3121
357.2143
357.1359
357.1135
357.0993
357.0778
357.0542
357.0196
356.9721
356.7574
356.7399
356.7282
356.7114
356.6929
356.6663
356.4681
356.4542
356.4443
356.431
356.4162
356.2794
356.2678
356.2592
356.2482
356.1704
356.1602
356.1523
356.1202
356.1106
356.0006
356.1452
356.0591
356.3546
356.2847
356.1643
356.6545
356.5977
356.5012
356.3283
357.0391
356.9918
356.9153
356.7834
356.5406
357.4302
357.3867
357.3267
357.2289
357.0592
356.7429
357.7585
357.7241
357.6723
357.6009
357.4838
357.2806
356.9005
358.0004
357.965
357.9267
357.8687
357.7887
357.6574
357.4297
357.0036
358.1281
358.1057
358.0684
358.028
357.9667
357.8823
357.7433
357.5028
357.0529
358.1643
358.1257
358.1033
358.0659
358.0256
357.9643
357.8799
357.741
357.5004
357.0503
358.0509
358.0143
357.9929
357.9576
357.9194
357.8615
357.7816
357.6504
357.4227
357.8301
357.7973
357.7778
357.7462
357.7119
357.6602
357.5889
357.472
357.5137
357.4859
357.4689
357.4422
357.413
357.3695
357.3096
357.1335
357.111
357.0968
357.0753
357.0517
357.017
356.755
356.7374
356.7256
356.7088
356.6902
356.4656
356.4517
356.4417
356.4284
356.2769
356.2653
356.2566
356.1679
356.1576
356.1177
355.9737
356.0646
355.9984
356.1956
356.143
356.0569
356.3947
356.3525
356.2825
356.162
356.6879
356.6523
356.5954
356.4989
356.3259
357.0712
357.0367
356.9894
356.9129
356.7811
356.5381
357.4569
357.4278
357.3842
357.3243
357.2264
357.0568
356.7403
357.7877
357.756
357.7216
357.6699
357.5985
357.4814
357.2783
356.8979
358.0193
357.9979
357.9625
357.9243
357.8663
357.7864
357.655
357.4273
357.001
358.1643
358.1257
358.1033
358.0659
358.0256
357.9643
357.8799
357.741
357.5004
357.0503
358.1618
358.1232
358.1008
358.0635
358.0232
357.962
357.8776
357.7387
357.4981
358.0484
358.0119
357.9905
357.9552
357.917
357.8591
357.7793
357.6481
357.8276
357.7948
357.7754
357.7438
357.7095
357.6578
357.5865
357.5113
357.4834
357.4664
357.4397
357.4105
357.367
357.131
357.1085
357.0943
357.0727
357.0491
356.7525
356.7349
356.723
356.7062
356.4631
356.4491
356.4391
356.2744
356.2627
356.1653
356.0287
355.9715
356.105
356.0624
355.9961
356.2262
356.1935
356.1408
356.0546
356.4196
356.3926
356.3503
356.2803
356.1597
356.7119
356.6858
356.6501
356.5932
356.4966
356.3234
357.0923
357.0688
357.0344
356.987
356.9105
356.7786
356.5356
357.4812
357.4545
357.4253
357.3818
357.3219
357.224
357.0544
356.7378
357.8047
357.7852
357.7535
357.7192
357.6674
357.5961
357.4791
357.2759
356.8953
358.0534
358.0168
357.9954
357.9601
357.9218
357.8639
357.784
357.6527
357.425
356.9984
358.1618
358.1232
358.1008
358.0635
358.0232
357.962
357.8776
357.7387
357.4981
358.1593
358.1208
358.0984
358.0611
358.0209
357.9596
357.8753
357.7364
358.046
358.0094
357.9881
357.9528
357.9147
357.8568
357.777
357.8252
357.7924
357.7729
357.7414
357.7071
357.6554
357.5088
357.4809
357.464
357.4372
357.4081
357.1285
357.106
357.0917
357.0702
356.75
356.7323
356.7204
356.4606
356.4465
356.2718
356.0645
356.0265
355.9692
356.1301
356.1028
356.0602
355.9938
356.2456
356.2241
356.1913
356.1385
356.0523
356.4375
356.4175
356.3904
356.348
356.2779
356.1573
356.7278
356.7097
356.6835
356.6478
356.5908
356.4942
356.3209
357.1113
357.0899
357.0665
357.032
356.9846
356.9081
356.7762
356.5331
357.4957
357.4788
357.452
357.4228
357.3793
357.3194
357.2216
357.052
356.7352
357.8351
357.8022
357.7827
357.7511
357.7167
357.665
357.5937
357.4767
357.2735
356.8928
358.0509
358.0143
357.9929
357.9576
357.9194
357.8615
357.7816
357.6504
357.4227
358.1593
358.1208
358.0984
358.0611
358.0209
357.9596
357.8753
357.7364
358.1569
358.1183
358.096
358.0588
358.0185
357.9573
357.8729
358.0435
358.007
357.9857
357.9505
357.9123
357.8544
357.8227
357.7899
357.7705
357.739
357.7047
357.5063
357.4785
357.4615
357.4348
357.126
357.1035
357.0892
356.7474
356.7296
356.4579
356.0871
356.0623
356.0242
355.9669
356.1463
356.1279
356.1006
356.0579
355.9915
356.2596
356.2435
356.2219
356.189
356.1362
356.0499
356.4497
356.4354
356.4153
356.3881
356.3457
356.2755
356.1548
356.742
356.7256
356.7075
356.6812
356.6454
356.5884
356.4917
356.3184
357.123
357.1089
357.0875
357.0641
357.0295
356.9822
356.9056
356.7737
356.5305
357.5211
357.4933
357.4763
357.4495
357.4204
357.3769
357.317
357.2192
357.0496
356.7326
357.8326
357.7997
357.7802
357.7486
357.7143
357.6626
357.5913
357.4743
357.2712
358.0484
358.0119
357.9905
357.9552
357.917
357.8591
357.7793
357.6481
358.1569
358.1183
358.096
358.0588
358.0185
357.9573
357.8729
358.1545
358.1159
358.0936
358.0564
358.0162
357.955
358.0411
358.0046
357.9833
357.9481
357.91
357.8203
357.7875
357.7681
357.7366
357.5039
357.476
357.459
357.1235
357.1009
356.7447
356.1019
356.085
356.0601
356.022
355.9646
356.158
356.1441
356.1257
356.0983
356.0556
355.9891
356.2693
356.2575
356.2413
356.2196
356.1867
356.1339
356.0474
356.4604
356.4476
356.4333
356.4131
356.3858
356.3434
356.2731
356.1523
356.7513
356.7399
356.7234
356.7052
356.6789
356.643
356.5859
356.4892
356.3158
357.143
357.1207
357.1065
357.0851
357.0616
357.0271
356.9797
356.9031
356.7712
356.5279
357.5187
357.4908
357.4738
357.4471
357.4179
357.3744
357.3145
357.2167
357.0471
357.8301
357.7973
357.7778
357.7462
357.7119
357.6602
357.5889
357.472
358.046
358.0094
357.9881
357.9528
357.9147
357.8568
357.777
358.1545
358.1159
358.0936
358.0564
358.0162
357.955
358.1521
358.1135
358.0913
358.0541
358.0139
358.0387
358.0022
357.981
357.9458
357.8179
357.7851
357.7657
357.5014
357.4735
357.1209
356.1125
356.0997
356.0827
356.0579
356.0196
355.9622
356.1662
356.1558
356.1419
356.1235
356.096
356.0532
355.9867
356.2777
356.2671
356.2553
356.2391
356.2174
356.1844
356.1314
356.0449
356.4677
356.4583
356.4454
356.431
356.4108
356.3835
356.3409
356.2706
356.1498
356.7664
356.7491
356.7377
356.7211
356.7028
356.6765
356.6406
356.5834
356.4866
356.3132
357.1407
357.1183
357.1041
357.0827
357.0592
357.0246
356.9772
356.9006
356.7687
357.5162
357.4883
357.4714
357.4446
357.4155
357.372
357.3121
357.2143
357.8276
357.7948
357.7754
357.7438
357.7095
357.6578
357.5865
358.0435
358.007
357.9857
357.9505
357.9123
357.8544
358.1521
358.1135
358.0913
358.0541
358.0139
358.1497
358.1112
358.0889
358.0517
358.0363
357.9999
357.9786
357.8154
357.7827
357.4989
356.1201
356.1104
356.0975
356.0805
356.0555
356.0173
355.9598
356.1733
356.1641
356.1537
356.1397
356.1212
356.0937
356.0508
355.9842
356.2838
356.2756
356.265
356.2531
356.2368
356.215
356.1819
356.129
356.0424
356.4792
356.4656
356.4561
356.4432
356.4287
356.4084
356.381
356.3384
356.268
356.1471
356.7642
356.7469
356.7354
356.7188
356.7004
356.674
356.638
356.5808
356.484
357.1383
357.1159
357.1017
357.0803
357.0567
357.0221
356.9747
356.8981
357.5137
357.4859
357.4689
357.4422
357.413
357.3695
357.3096
357.8252
357.7924
357.7729
357.7414
357.7071
357.6554
358.0411
358.0046
357.9833
357.9481
357.91
358.1497
358.1112
358.0889
358.0517
358.1473
358.1088
358.0866
358.034
357.9975
357.8131
356.1266
356.1179
356.1082
356.0953
356.0782
356.0532
356.0149
355.9573
356.1786
356.1711
356.1619
356.1514
356.1374
356.1188
356.0913
356.0483
355.9817
356.2928
356.2817
356.2734
356.2628
356.2508
356.2345
356.2126
356.1795
356.1264
356.0398
356.4771
356.4635
356.4539
356.4409
356.4264
356.406
356.3785
356.3359
356.2654
356.762
356.7446
356.733
356.7164
356.698
356.6715
356.6354
356.5782
357.1359
357.1135
357.0993
357.0778
357.0542
357.0196
356.9721
357.5113
357.4834
357.4664
357.4397
357.4105
357.3671
357.8227
357.7899
357.7705
357.739
357.7047
358.0387
358.0022
357.981
357.9458
358.1473
358.1088
358.0866
358.145
358.1065
358.0316
356.1316
356.1244
356.1158
356.106
356.093
356.0759
356.0508
356.0124
355.9548
356.1863
356.1765
356.169
356.1596
356.1491
356.1351
356.1164
356.0888
356.0458
355.9791
356.2907
356.2795
356.2712
356.2605
356.2485
356.232
356.2101
356.1769
356.1238
356.4749
356.4612
356.4516
356.4385
356.4239
356.4035
356.3759
356.3332
356.7597
356.7423
356.7306
356.7139
356.6954
356.6689
356.6328
357.1335
357.111
357.0968
357.0753
357.0517
357.017
357.5088
357.4809
357.464
357.4372
357.4081
357.8203
357.7875
357.7681
357.7366
358.0363
357.9999
357.9786
358.145
358.1065
358.1426
356.1387
356.1295
356.1222
356.1135
356.1037
356.0906
356.0735
356.0483
356.0099
355.9523
356.1842
356.1743
356.1667
356.1574
356.1468
356.1327
356.114
356.0863
356.0433
356.2886
356.2773
356.2689
356.2581
356.2461
356.2296
356.2076
356.1743
356.4727
356.4589
356.4492
356.4361
356.4214
356.4009
356.3733
356.7574
356.7399
356.7282
356.7114
356.6929
356.6663
357.131
357.1085
357.0943
357.0727
357.0491
357.5063
357.4785
357.4615
357.4348
357.8179
357.7851
357.7657
358.034
357.9975
358.1426
356.1365
356.1273
356.12
356.1112
356.1013
356.0882
356.071
356.0459
356.0074
356.182
356.1721
356.1645
356.155
356.1444
356.1302
356.1115
356.0837
356.2864
356.275
356.2666
356.2557
356.2436
356.227
356.205
356.4704
356.4566
356.4468
356.4336
356.4189
356.3983
356.755
356.7374
356.7256
356.7088
356.6902
357.1285
357.106
357.0917
357.0702
357.5039
357.476
357.459
357.8154
357.7827
358.0316
356.1343
356.125
356.1177
356.1089
356.099
356.0858
356.0685
356.0433
356.1798
356.1698
356.1621
356.1526
356.142
356.1277
356.1089
356.2841
356.2727
356.2642
356.2533
356.2411
356.2245
356.4681
356.4542
356.4443
356.431
356.4162
356.7525
356.7349
356.723
356.7062
357.126
357.1035
357.0892
357.5014
357.4735
357.8131
356.1321
356.1228
356.1154
356.1065
356.0965
356.0833
356.066
356.1775
356.1675
356.1597
356.1502
356.1395
356.1252
356.2818
356.2703
356.2617
356.2507
356.2385
356.4656
356.4517
356.4417
356.4284
356.75
356.7323
356.7204
357.1235
357.1009
357.4989
356.1298
356.1204
356.113
356.1041
356.094
356.0808
356.1752
356.1651
356.1573
356.1477
356.1369
356.2794
356.2678
356.2592
356.2482
356.4631
356.4491
356.4391
356.7474
356.7296
357.1209
356.1275
356.1181
356.1106
356.1016
356.0915
356.1728
356.1627
356.1548
356.1452
356.2769
356.2653
356.2566
356.4606
356.4465
356.7447
356.1251
356.1156
356.1081
356.0991
356.1704
356.1602
356.1523
356.2744
356.2627
356.4579
356.1227
356.1132
356.1056
356.1679
356.1576
356.2718
356.1202
356.1106
356.1653
356.1177
)
;

boundaryField
{
    electrolyteSides
    {
        type            zeroGradient;
    }
    electrolyte_to_fuel
    {
        type            zeroGradient;
    }
    electrolyte_to_air
    {
        type            zeroGradient;
    }
    procBoundary0to1
    {
        type            processor;
        value           uniform 356.15;
    }
}
)

// processor1

18293
(dimensions      [0 0 0 1 0 0 0];

internalField   nonuniform List<scalar> 
2000
(
356.1499
356.199
356.1537
356.1478
356.3088
356.203
356.1969
356.1554
356.1515
356.1456
356.5009
356.3132
356.3067
356.2048
356.2009
356.1947
356.1564
356.1532
356.1494
356.1433
356.797
356.506
356.4988
356.3151
356.3111
356.3046
356.2058
356.2026
356.1987
356.1925
356.1571
356.1543
356.1511
356.1471
356.1411
357.1859
356.8031
356.7949
356.508
356.5039
356.4966
356.3162
356.313
356.309
356.3024
356.2066
356.2037
356.2005
356.1965
356.1902
356.1577
356.155
356.1521
356.1488
356.1449
356.1388
357.5778
357.1933
357.1836
356.8055
356.8009
356.7926
356.5093
356.5059
356.5017
356.4944
356.317
356.3141
356.3108
356.3068
356.3001
356.2072
356.2045
356.2015
356.1983
356.1942
356.1879
356.1582
356.1556
356.1528
356.1499
356.1466
356.1425
356.1364
357.9046
357.5865
357.5752
357.196
357.1909
357.1812
356.8069
356.8033
356.7987
356.7904
356.5102
356.5072
356.5038
356.4995
356.4921
356.3177
356.3149
356.312
356.3086
356.3045
356.2977
356.2077
356.2051
356.2023
356.1993
356.196
356.1919
356.1855
356.1588
356.1561
356.1534
356.1506
356.1476
356.1442
356.1402
356.134
358.1327
357.9145
357.902
357.5896
357.584
357.5727
357.1978
357.1937
357.1885
357.1787
356.808
356.8048
356.8011
356.7964
356.788
356.511
356.5081
356.5051
356.5016
356.4972
356.4898
356.3183
356.3156
356.3128
356.3098
356.3064
356.3021
356.2953
356.2083
356.2056
356.2029
356.2001
356.197
356.1937
356.1895
356.1831
356.1592
356.1566
356.1539
356.1512
356.1483
356.1453
356.1419
356.1377
356.1315
358.2489
358.1436
358.1302
357.918
357.9119
357.8994
357.5916
357.5871
357.5815
357.5702
357.199
357.1954
357.1913
357.1861
357.1763
356.8088
356.8058
356.8025
356.7988
356.7941
356.7856
356.5116
356.5089
356.506
356.5028
356.4993
356.4948
356.4873
356.3189
356.3162
356.3135
356.3106
356.3075
356.304
356.2997
356.2929
356.2088
356.2062
356.2034
356.2007
356.1978
356.1947
356.1913
356.1871
356.1806
356.1598
356.1571
356.1545
356.1517
356.1489
356.146
356.1429
356.1394
356.1353
356.129
358.2489
358.2603
358.2464
358.1473
358.141
358.1276
357.9202
357.9154
357.9094
357.8969
357.593
357.5891
357.5846
357.5789
357.5677
357.2
357.1966
357.193
357.1888
357.1836
357.1738
356.8095
356.8067
356.8036
356.8003
356.7964
356.7917
356.7831
356.5122
356.5095
356.5067
356.5037
356.5005
356.4969
356.4924
356.4848
356.3194
356.3168
356.314
356.3112
356.3083
356.3052
356.3016
356.2973
356.2904
356.2093
356.2066
356.204
356.2012
356.1984
356.1955
356.1923
356.1888
356.1846
356.1781
356.1576
356.1549
356.1522
356.1494
356.1466
356.1436
356.1405
356.137
356.1327
358.1327
358.2603
358.2464
358.2642
358.2577
358.2438
358.1497
358.1448
358.1384
358.1251
357.9218
357.9176
357.9129
357.9068
357.8944
357.5942
357.5905
357.5866
357.5821
357.5764
357.5652
357.2008
357.1976
357.1942
357.1906
357.1864
357.1812
357.1713
356.8103
356.8074
356.8045
356.8013
356.7979
356.794
356.7892
356.7806
356.5128
356.5101
356.5073
356.5045
356.5014
356.4982
356.4945
356.4899
356.4822
356.32
356.3173
356.3146
356.3118
356.309
356.306
356.3028
356.2992
356.2948
356.2878
356.2072
356.2045
356.2018
356.1989
356.1961
356.1931
356.1899
356.1864
356.182
356.1555
356.1527
356.1499
356.1471
356.1442
356.1412
356.138
356.1344
357.9046
358.1436
358.1302
358.2642
358.2577
358.2438
358.2666
358.2616
358.2551
358.2413
358.1514
358.1471
358.1422
358.1359
358.1225
357.9231
357.9192
357.9151
357.9103
357.9043
357.8919
357.5951
357.5917
357.588
357.5841
357.5796
357.5739
357.5627
357.2017
357.1985
357.1952
357.1918
357.1881
357.1839
357.1786
357.1688
356.8109
356.8081
356.8052
356.8022
356.7989
356.7955
356.7915
356.7866
356.778
356.5135
356.5107
356.508
356.5051
356.5022
356.4991
356.4958
356.492
356.4873
356.4796
356.3179
356.3151
356.3124
356.3095
356.3066
356.3036
356.3003
356.2966
356.2922
356.205
356.2023
356.1995
356.1966
356.1937
356.1906
356.1874
356.1838
356.1532
356.1504
356.1476
356.1447
356.1418
356.1387
356.1355
357.5778
357.9145
357.902
358.1473
358.141
358.1276
358.2666
358.2616
358.2551
358.2413
358.2684
358.264
358.259
358.2526
358.2388
358.1528
358.1488
358.1446
358.1397
358.1334
358.1201
357.9241
357.9205
357.9166
357.9125
357.9078
357.9018
357.8894
357.5961
357.5926
357.5892
357.5855
357.5815
357.5771
357.5714
357.5602
357.2023
357.1993
357.1961
357.1928
357.1893
357.1856
357.1814
357.1761
357.1662
356.8117
356.8087
356.8059
356.8029
356.7998
356.7965
356.793
356.789
356.784
356.7753
356.5114
356.5085
356.5058
356.5028
356.4998
356.4966
356.4932
356.4894
356.4847
356.3157
356.3129
356.3101
356.3072
356.3042
356.3011
356.2978
356.294
356.2028
356.2
356.1972
356.1942
356.1913
356.1882
356.1849
356.151
356.1481
356.1452
356.1423
356.1393
356.1362
357.1859
357.5865
357.5752
357.918
357.9119
357.8994
358.1497
358.1448
358.1384
358.1251
358.2684
358.264
358.259
358.2526
358.2388
358.2698
358.2658
358.2615
358.2565
358.2501
358.2363
358.1539
358.1502
358.1462
358.142
358.1371
358.1309
358.1176
357.9252
357.9215
357.918
357.9141
357.91
357.9053
357.8993
357.8869
357.5968
357.5936
357.5901
357.5866
357.5829
357.579
357.5745
357.5689
357.5577
357.2033
357.2
357.1969
357.1936
357.1903
357.1868
357.1831
357.1789
357.1735
357.1636
356.8095
356.8065
356.8036
356.8005
356.7974
356.794
356.7905
356.7864
356.7813
356.5092
356.5063
356.5035
356.5005
356.4974
356.4941
356.4907
356.4868
356.3135
356.3106
356.3078
356.3048
356.3018
356.2986
356.2952
356.2005
356.1976
356.1948
356.1918
356.1888
356.1856
356.1486
356.1457
356.1428
356.1398
356.1368
356.797
357.1933
357.1836
357.5896
357.584
357.5727
357.9202
357.9154
357.9094
357.8969
358.1514
358.1471
358.1422
358.1359
358.1225
358.2698
358.2658
358.2615
358.2565
358.2501
358.2363
358.271
358.2673
358.2632
358.2589
358.254
358.2476
358.2338
358.155
358.1513
358.1477
358.1437
358.1395
358.1346
358.1284
358.1151
357.926
357.9226
357.919
357.9154
357.9116
357.9075
357.9028
357.8968
357.8844
357.5979
357.5943
357.591
357.5876
357.5841
357.5804
357.5765
357.572
357.5664
357.5552
357.2009
357.1976
357.1945
357.1912
357.1879
357.1843
357.1806
357.1763
357.1709
356.8073
356.8042
356.8012
356.7981
356.7949
356.7915
356.7879
356.7837
356.507
356.504
356.5011
356.498
356.4949
356.4916
356.488
356.3112
356.3083
356.3054
356.3023
356.2992
356.296
356.1982
356.1953
356.1923
356.1893
356.1862
356.1463
356.1433
356.1403
356.1373
356.5009
356.8031
356.7949
357.196
357.1909
357.1812
357.5916
357.5871
357.5815
357.5702
357.9217
357.9176
357.9129
357.9068
357.8944
358.1528
358.1488
358.1446
358.1397
358.1334
358.1201
358.271
358.2673
358.2632
358.2589
358.254
358.2476
358.2338
358.2721
358.2684
358.2647
358.2607
358.2564
358.2515
358.2451
358.2314
358.1559
358.1524
358.1488
358.1451
358.1412
358.137
358.1322
358.126
358.1127
357.9272
357.9234
357.92
357.9164
357.9129
357.9091
357.905
357.9003
357.8944
357.882
357.5954
357.5918
357.5885
357.5851
357.5816
357.5779
357.574
357.5695
357.5639
357.1985
357.1951
357.192
357.1887
357.1854
357.1818
357.178
357.1737
356.805
356.8019
356.7988
356.7956
356.7924
356.7889
356.7852
356.5047
356.5016
356.4987
356.4955
356.4923
356.4889
356.3089
356.3059
356.3029
356.2998
356.2967
356.1958
356.1928
356.1898
356.1868
356.1438
356.1408
356.1378
356.3088
356.506
356.4988
356.8055
356.8009
356.7926
357.1978
357.1937
357.1885
357.1787
357.593
357.5891
357.5846
357.5789
357.5677
357.9231
357.9192
357.9151
357.9103
357.9043
357.8919
358.1539
358.1502
358.1462
358.142
358.1371
358.1309
358.1176
358.2721
358.2684
358.2647
358.2607
358.2564
358.2515
358.2451
358.2314
358.273
358.2695
358.2658
358.2622
358.2582
358.2539
358.249
358.2427
358.229
358.1571
358.1533
358.1499
358.1462
358.1426
358.1387
358.1345
358.1297
358.1235
358.1103
357.9246
357.9208
357.9175
357.9139
357.9104
357.9066
357.9025
357.8979
357.8919
357.5929
357.5893
357.586
357.5826
357.5791
357.5754
357.5715
357.567
357.1961
357.1927
357.1895
357.1862
357.1828
357.1792
357.1754
356.8027
356.7994
356.7964
356.7931
356.7898
356.7862
356.5023
356.4992
356.4962
356.4929
356.4897
356.3065
356.3034
356.3004
356.2972
356.1934
356.1903
356.1873
356.1414
356.1383
356.199
356.3132
356.3067
356.508
356.5039
356.4966
356.8069
356.8033
356.7987
356.7904
357.199
357.1954
357.1913
357.1861
357.1763
357.5942
357.5905
357.5866
357.5821
357.5764
357.5652
357.9241
357.9205
357.9166
357.9125
357.9078
357.9018
357.8894
358.155
358.1513
358.1477
358.1437
358.1395
358.1346
358.1284
358.1151
358.273
358.2695
358.2658
358.2622
358.2582
358.2539
358.249
358.2427
358.229
358.2743
358.2704
358.267
358.2633
358.2597
358.2557
358.2515
358.2466
358.2403
358.2266
358.1546
358.1507
358.1473
358.1437
358.1401
358.1362
358.1321
358.1273
358.1211
357.922
357.9183
357.915
357.9114
357.9079
357.9041
357.9001
357.8954
357.5903
357.5868
357.5835
357.58
357.5766
357.5729
357.569
357.1936
357.1902
357.187
357.1836
357.1802
357.1766
356.8002
356.797
356.7938
356.7905
356.7871
356.4999
356.4967
356.4936
356.4903
356.304
356.3009
356.2978
356.1909
356.1878
356.1388
356.1499
356.203
356.1969
356.3151
356.3111
356.3046
356.5093
356.5059
356.5017
356.4944
356.808
356.8048
356.8011
356.7964
356.788
357.2
357.1966
357.193
357.1888
357.1836
357.1738
357.5951
357.5917
357.588
357.5841
357.5796
357.5739
357.5627
357.9252
357.9215
357.918
357.9141
357.91
357.9053
357.8993
357.8869
358.1559
358.1524
358.1488
358.1451
358.1412
358.137
358.1322
358.126
358.1127
358.2743
358.2704
358.267
358.2633
358.2597
358.2557
358.2515
358.2466
358.2403
358.2266
358.2717
358.2678
358.2645
358.2608
358.2572
358.2532
358.249
358.2442
358.2379
358.152
358.1482
358.1448
358.1412
358.1376
358.1338
358.1296
358.1249
357.9195
357.9158
357.9125
357.9089
357.9054
357.9016
357.8976
357.5878
357.5842
357.581
357.5775
357.5741
357.5704
357.1911
357.1877
357.1845
357.1811
357.1776
356.7978
356.7944
356.7912
356.7878
356.4974
356.4941
356.4909
356.3015
356.2983
356.1883
356.1537
356.1478
356.2048
356.2009
356.1947
356.3162
356.313
356.309
356.3024
356.5102
356.5072
356.5038
356.4995
356.4921
356.8088
356.8058
356.8025
356.7988
356.7941
356.7856
357.2008
357.1976
357.1942
357.1906
357.1864
357.1812
357.1713
357.5961
357.5926
357.5892
357.5855
357.5815
357.5771
357.5714
357.5602
357.926
357.9226
357.919
357.9154
357.9116
357.9075
357.9028
357.8968
357.8844
358.1571
358.1533
358.1499
358.1462
358.1426
358.1387
358.1345
358.1297
358.1235
358.1103
358.2717
358.2678
358.2645
358.2608
358.2572
358.2532
358.249
358.2442
358.2379
358.2692
358.2653
358.2619
358.2583
358.2547
358.2508
358.2466
358.2418
358.1495
358.1457
358.1423
358.1387
358.1352
358.1313
358.1272
357.917
357.9133
357.91
357.9064
357.903
357.8992
357.5853
357.5817
357.5785
357.575
357.5716
357.1886
357.1851
357.1819
357.1785
356.7952
356.7918
356.7885
356.4948
356.4915
356.2989
356.1554
356.1515
356.1456
356.2058
356.2026
356.1987
356.1925
356.317
356.3141
356.3108
356.3068
356.3001
356.511
356.5081
356.5051
356.5016
356.4972
356.4898
356.8095
356.8067
356.8036
356.8003
356.7964
356.7917
356.7831
357.2017
357.1985
357.1952
357.1918
357.1881
357.1839
357.1786
357.1688
357.5968
357.5936
357.5901
357.5866
357.5829
357.579
357.5745
357.5689
357.5577
357.9272
357.9234
357.92
357.9164
357.9129
357.9091
357.905
357.9003
357.8944
357.882
358.1546
358.1507
358.1473
358.1437
358.1401
358.1362
358.1321
358.1273
358.1211
358.2692
358.2653
358.2619
358.2583
358.2547
358.2508
358.2466
358.2418
358.2666
358.2628
358.2595
358.2558
358.2523
358.2484
358.2442
358.147
358.1432
358.1399
358.1363
358.1328
358.1289
357.9145
357.9108
357.9075
357.904
357.9005
357.5828
357.5792
357.576
357.5725
357.1861
357.1826
357.1793
356.7926
356.7891
356.4922
356.1564
356.1532
356.1494
356.1433
356.2066
356.2037
356.2005
356.1965
356.1902
356.3177
356.3149
356.312
356.3086
356.3045
356.2977
356.5116
356.5089
356.506
356.5028
356.4993
356.4948
356.4873
356.8103
356.8074
356.8045
356.8013
356.7979
356.794
356.7892
356.7806
357.2023
357.1993
357.1961
357.1928
357.1893
357.1856
357.1814
357.1761
357.1662
357.5979
357.5943
357.591
357.5876
357.5841
357.5804
357.5765
357.572
357.5664
357.5552
357.9246
357.9208
357.9175
357.9139
357.9104
357.9066
357.9025
357.8979
357.8919
358.152
358.1482
358.1448
358.1412
358.1376
358.1338
358.1296
358.1249
358.2666
358.2628
358.2595
358.2558
358.2523
358.2484
358.2442
358.2641
358.2603
358.257
358.2534
358.2499
358.246
358.1445
358.1407
358.1374
358.1339
358.1304
357.912
357.9083
357.905
357.9015
357.5803
357.5767
357.5735
357.1835
357.18
356.7899
356.1571
356.1543
356.1511
356.1471
356.1411
356.2072
356.2045
356.2015
356.1983
356.1942
356.1879
356.3183
356.3156
356.3128
356.3098
356.3064
356.3021
356.2953
356.5122
356.5095
356.5067
356.5037
356.5005
356.4969
356.4924
356.4848
356.8109
356.8081
356.8052
356.8022
356.7989
356.7955
356.7915
356.7866
356.778
357.2033
357.2
357.1969
357.1936
357.1903
357.1868
357.1831
357.1789
357.1735
357.1636
357.5954
357.5918
357.5885
357.5851
357.5816
357.5779
357.574
357.5695
357.5639
357.922
357.9183
357.915
357.9114
357.9079
357.9041
357.9001
357.8954
358.1495
358.1457
358.1423
358.1387
358.1352
358.1313
358.1272
358.2641
358.2603
358.257
358.2534
358.2499
358.246
358.2616
358.2579
358.2546
358.251
358.2475
358.142
358.1382
358.135
358.1314
357.9095
357.9058
357.9026
357.5778
357.5742
357.1809
356.1577
356.155
356.1521
356.1488
356.1449
356.1388
356.2077
356.2051
356.2023
356.1993
356.196
356.1919
356.1855
356.3189
356.3162
356.3135
356.3106
356.3075
356.304
356.2997
356.2929
356.5128
356.5101
356.5073
356.5045
356.5014
356.4982
356.4945
356.4899
356.4822
356.8117
356.8087
356.8059
356.8029
356.7998
356.7965
356.793
356.789
356.784
356.7753
357.2009
357.1976
357.1945
357.1912
357.1879
357.1843
357.1806
357.1763
357.1709
357.5929
357.5893
357.586
357.5826
357.5791
357.5754
357.5715
357.567
357.9195
357.9158
357.9125
357.9089
357.9054
357.9016
357.8976
358.147
358.1432
358.1399
358.1363
358.1328
358.1289
358.2616
358.2579
358.2546
358.251
358.2475
358.2592
358.2554
358.2521
358.2486
358.1395
358.1358
358.1326
357.907
357.9034
357.5753
356.1582
356.1556
356.1528
356.1499
356.1466
356.1425
356.1364
356.2083
356.2056
356.2029
356.2001
356.197
356.1937
356.1895
356.1831
356.3194
356.3168
356.314
356.3112
356.3083
356.3052
356.3016
356.2973
356.2904
356.5135
356.5107
356.508
356.5051
356.5022
356.4991
356.4958
356.492
356.4873
356.4796
356.8095
356.8065
356.8036
356.8005
356.7974
356.794
356.7905
356.7864
356.7813
357.1985
357.1951
357.192
357.1887
357.1854
357.1818
357.178
357.1737
357.5903
357.5868
357.5835
357.58
357.5766
357.5729
357.569
357.917
357.9133
357.91
357.9064
357.903
357.8992
358.1445
358.1407
358.1374
358.1339
358.1304
358.2592
358.2554
358.2521
358.2486
358.2568
358.253
358.2498
358.1371
358.1334
357.9046
356.1588
356.1561
356.1534
356.1506
356.1476
356.1442
356.1402
356.134
356.2088
356.2062
356.2034
356.2007
356.1978
356.1947
356.1913
356.1871
356.1806
356.32
356.3173
356.3146
356.3118
356.309
356.306
356.3028
356.2992
356.2948
356.2878
356.5114
356.5085
356.5058
356.5028
356.4998
356.4966
356.4932
356.4894
356.4847
356.8073
356.8042
356.8012
356.7981
356.7949
356.7915
356.7879
356.7837
357.1961
357.1927
357.1895
357.1862
357.1828
357.1792
357.1754
357.5878
357.5842
357.581
357.5775
357.5741
357.5704
357.9145
357.9108
357.9075
357.904
357.9005
358.142
358.1382
358.135
358.1314
358.2568
358.253
358.2498
358.2543
358.2506
358.1347
356.1592
356.1566
356.1539
356.1512
356.1483
356.1453
356.1419
356.1377
356.1315
356.2093
356.2066
356.204
356.2012
356.1984
356.1955
356.1923
356.1888
356.1846
356.1781
356.3179
356.3151
356.3124
356.3095
356.3066
356.3036
356.3003
356.2966
356.2922
356.5092
356.5063
356.5035
356.5005
356.4974
356.4941
356.4907
356.4868
356.805
356.8019
356.7988
356.7956
356.7924
356.7889
356.7852
357.1936
357.1902
357.187
357.1836
357.1802
357.1766
357.5853
357.5817
357.5785
357.575
357.5716
357.912
357.9083
357.905
357.9015
358.1395
358.1358
358.1326
358.2543
358.2506
358.2519
356.1598
356.1571
356.1544
356.1517
356.1489
356.146
356.1429
356.1394
356.1353
356.129
356.2072
356.2045
356.2018
356.1989
356.1961
356.1931
356.1899
356.1864
356.182
356.3157
356.3129
356.3101
356.3072
356.3042
356.3011
356.2978
356.294
356.507
356.504
356.5011
356.498
356.4949
356.4916
356.488
356.8027
356.7994
356.7964
356.7931
356.7898
356.7862
357.1911
357.1877
357.1845
357.1811
357.1776
357.5828
357.5792
357.576
357.5725
357.9095
357.9058
357.9026
358.1371
358.1334
358.2519
356.1576
356.1549
356.1522
356.1494
356.1466
356.1436
356.1405
356.137
356.1327
356.205
356.2023
356.1995
356.1966
356.1937
356.1906
356.1874
356.1838
356.3135
356.3106
356.3078
356.3048
356.3018
356.2986
356.2952
356.5047
356.5016
356.4987
356.4955
356.4923
356.4889
356.8002
356.797
356.7938
356.7905
356.7871
357.1886
357.1851
357.1819
357.1785
357.5803
357.5767
357.5735
357.907
357.9034
358.1347
356.1555
356.1527
356.1499
356.1471
356.1442
356.1412
356.138
356.1344
356.2028
356.2
356.1972
356.1942
356.1913
356.1882
356.1849
356.3112
356.3083
356.3054
356.3023
356.2992
356.296
356.5023
356.4992
356.4962
356.4929
356.4897
356.7978
356.7944
356.7912
356.7878
357.1861
357.1826
357.1793
357.5778
357.5742
357.9046
356.1532
356.1504
356.1476
356.1447
356.1418
356.1387
356.1355
356.2005
356.1976
356.1948
356.1918
356.1888
356.1856
356.3089
356.3059
356.3029
356.2998
356.2967
356.4999
356.4967
356.4936
356.4903
356.7952
356.7918
356.7885
357.1835
357.18
357.5753
356.151
356.1481
356.1452
356.1423
356.1393
356.1362
356.1982
356.1953
356.1923
356.1893
356.1862
356.3065
356.3034
356.3004
356.2972
356.4974
356.4941
356.4909
356.7926
356.7891
357.1809
356.1486
356.1457
356.1428
356.1398
356.1368
356.1958
356.1928
356.1898
356.1868
356.304
356.3009
356.2978
356.4948
356.4915
356.7899
356.1463
356.1433
356.1403
356.1373
356.1934
356.1903
356.1873
356.3015
356.2983
356.4922
356.1438
356.1408
356.1378
356.1909
356.1878
356.2989
356.1414
356.1383
356.1883
356.1388
)
;

boundaryField
{
    electrolyteSides
    {
        type            zeroGradient;
    }
    electrolyte_to_fuel
    {
        type            zeroGradient;
    }
    electrolyte_to_air
    {
        type            zeroGradient;
    }
    procBoundary1to0
    {
        type            processor;
        value           uniform 356.15;
    }
    procBoundary1to2
    {
        type            processor;
        value           uniform 356.15;
    }
}
)

// processor2

18256
(dimensions      [0 0 0 1 0 0 0];

internalField   nonuniform List<scalar> 
2000
(
356.1605
356.2101
356.1609
356.1583
356.3208
356.2105
356.2079
356.1613
356.1588
356.1561
356.5145
356.3213
356.3187
356.211
356.2084
356.2058
356.1618
356.1592
356.1566
356.1539
356.813
356.515
356.5124
356.3218
356.3192
356.3166
356.2114
356.2088
356.2062
356.2035
356.1622
356.1596
356.157
356.1544
356.1516
357.205
356.8136
356.8108
356.5155
356.513
356.5103
356.3222
356.3197
356.3171
356.3144
356.2118
356.2093
356.2067
356.204
356.2013
356.1626
356.16
356.1574
356.1548
356.1521
356.1493
357.6
357.2057
357.2026
356.8141
356.8114
356.8086
356.5159
356.5134
356.5108
356.508
356.3226
356.3201
356.3175
356.3149
356.3121
356.2122
356.2097
356.2071
356.2044
356.2017
356.1989
356.163
356.1605
356.1578
356.1552
356.1525
356.1498
356.1469
357.9297
357.6008
357.5975
357.2062
357.2033
357.2002
356.8146
356.8119
356.8092
356.8063
356.5164
356.5139
356.5112
356.5086
356.5057
356.3231
356.3205
356.3179
356.3153
356.3126
356.3097
356.2127
356.2101
356.2075
356.2049
356.2022
356.1994
356.1966
356.1634
356.1609
356.1583
356.1556
356.1529
356.1502
356.1474
356.1445
358.16
357.9305
357.9271
357.6013
357.5983
357.595
357.2067
357.2038
357.2009
357.1978
356.815
356.8124
356.8097
356.8069
356.804
356.5168
356.5143
356.5117
356.509
356.5063
356.5034
356.3235
356.321
356.3184
356.3157
356.313
356.3102
356.3073
356.2131
356.2105
356.2079
356.2053
356.2026
356.1998
356.197
356.1941
356.1639
356.1613
356.1587
356.156
356.1533
356.1506
356.1478
356.145
356.142
358.2773
358.1608
358.1574
357.931
357.9279
357.9246
357.6019
357.5988
357.5957
357.5925
357.2072
357.2043
357.2014
357.1985
357.1953
356.8155
356.8129
356.8102
356.8074
356.8046
356.8016
356.5173
356.5148
356.5121
356.5095
356.5067
356.5039
356.5009
356.324
356.3214
356.3188
356.3161
356.3134
356.3107
356.3078
356.3049
356.2135
356.211
356.2084
356.2057
356.203
356.2002
356.1974
356.1946
356.1916
356.1643
356.1617
356.1591
356.1565
356.1538
356.151
356.1482
356.1454
356.1425
356.1395
358.2773
358.2781
358.2747
358.1614
358.1582
358.1548
357.9316
357.9285
357.9253
357.922
357.6024
357.5993
357.5963
357.5932
357.59
357.2077
357.2048
357.2019
357.199
357.196
357.1928
356.816
356.8133
356.8106
356.8079
356.8051
356.8022
356.7991
356.5178
356.5152
356.5126
356.5099
356.5072
356.5044
356.5015
356.4984
356.3244
356.3219
356.3192
356.3166
356.3139
356.3111
356.3083
356.3054
356.3024
356.214
356.2114
356.2088
356.2061
356.2034
356.2007
356.1979
356.195
356.1921
356.1891
356.1622
356.1595
356.1569
356.1542
356.1514
356.1486
356.1458
356.1429
356.14
358.16
358.2781
358.2747
358.2787
358.2755
358.2722
358.162
358.1588
358.1556
358.1523
357.9321
357.929
357.9259
357.9228
357.9195
357.6029
357.5999
357.5968
357.5938
357.5907
357.5875
357.2082
357.2053
357.2024
357.1995
357.1965
357.1935
357.1903
356.8165
356.8138
356.8111
356.8083
356.8055
356.8026
356.7997
356.7965
356.5182
356.5157
356.513
356.5104
356.5076
356.5048
356.5019
356.499
356.4959
356.3248
356.3223
356.3197
356.317
356.3143
356.3115
356.3087
356.3058
356.3029
356.2998
356.2118
356.2092
356.2066
356.2039
356.2011
356.1983
356.1954
356.1925
356.1896
356.16
356.1573
356.1546
356.1519
356.1491
356.1462
356.1433
356.1404
357.9297
358.1608
358.1574
358.2787
358.2755
358.2722
358.2793
358.2761
358.273
358.2696
358.1625
358.1594
358.1562
358.1531
358.1498
357.9327
357.9296
357.9265
357.9234
357.9203
357.917
357.6034
357.6004
357.5973
357.5943
357.5913
357.5882
357.585
357.2087
357.2058
357.2029
357.2
357.197
357.194
357.191
357.1878
356.817
356.8143
356.8116
356.8088
356.806
356.8031
356.8002
356.7971
356.7939
356.5187
356.5161
356.5135
356.5108
356.5081
356.5052
356.5024
356.4994
356.4964
356.4932
356.3227
356.3201
356.3175
356.3147
356.312
356.3091
356.3062
356.3033
356.3003
356.2097
356.207
356.2043
356.2015
356.1987
356.1958
356.1929
356.19
356.1577
356.155
356.1523
356.1495
356.1466
356.1437
356.1408
357.6001
357.9305
357.9271
358.1614
358.1582
358.1548
358.2793
358.2761
358.273
358.2696
358.2798
358.2767
358.2736
358.2705
358.2671
358.1631
358.1599
358.1568
358.1537
358.1506
358.1473
357.9332
357.9301
357.927
357.9239
357.9208
357.9178
357.9145
357.604
357.6009
357.5979
357.5948
357.5918
357.5887
357.5857
357.5825
357.2092
357.2063
357.2034
357.2005
357.1975
357.1945
357.1915
357.1885
357.1852
356.8175
356.8148
356.8121
356.8093
356.8065
356.8036
356.8006
356.7976
356.7945
356.7912
356.5166
356.514
356.5113
356.5085
356.5057
356.5028
356.4999
356.4968
356.4937
356.3206
356.3179
356.3152
356.3124
356.3096
356.3067
356.3037
356.3007
356.2074
356.2047
356.202
356.1991
356.1963
356.1933
356.1904
356.1555
356.1527
356.1499
356.1471
356.1442
356.1412
357.205
357.6008
357.5975
357.931
357.9279
357.9246
358.162
358.1588
358.1556
358.1523
358.2798
358.2767
358.2736
358.2705
358.2671
358.2804
358.2773
358.2742
358.271
358.2679
358.2646
358.1636
358.1605
358.1573
358.1543
358.1512
358.1481
358.1448
357.9338
357.9307
357.9276
357.9245
357.9214
357.9183
357.9153
357.912
357.6045
357.6015
357.5984
357.5954
357.5923
357.5893
357.5862
357.5832
357.5799
357.2098
357.2069
357.2039
357.201
357.198
357.195
357.192
357.189
357.1859
357.1826
356.8153
356.8126
356.8098
356.807
356.8041
356.8011
356.7981
356.795
356.7918
356.5145
356.5117
356.509
356.5062
356.5033
356.5003
356.4973
356.4942
356.3184
356.3156
356.3129
356.31
356.3071
356.3041
356.3011
356.2052
356.2024
356.1996
356.1967
356.1938
356.1908
356.1531
356.1503
356.1475
356.1446
356.1416
356.813
357.2057
357.2026
357.6013
357.5983
357.595
357.9316
357.9285
357.9253
357.922
358.1625
358.1594
358.1562
358.1531
358.1498
358.2804
358.2773
358.2742
358.271
358.2679
358.2646
358.281
358.2778
358.2747
358.2716
358.2685
358.2655
358.2622
358.1642
358.161
358.1579
358.1548
358.1518
358.1487
358.1456
358.1424
357.9344
357.9312
357.9281
357.925
357.9219
357.9189
357.9158
357.9128
357.9096
357.6052
357.602
357.599
357.5959
357.5928
357.5898
357.5868
357.5837
357.5807
357.5774
357.2074
357.2045
357.2015
357.1985
357.1955
357.1925
357.1895
357.1864
357.1833
356.8131
356.8103
356.8075
356.8045
356.8016
356.7985
356.7955
356.7923
356.5122
356.5094
356.5066
356.5037
356.5008
356.4977
356.4946
356.3161
356.3133
356.3105
356.3075
356.3046
356.3015
356.2028
356.2
356.1971
356.1942
356.1912
356.1508
356.1479
356.145
356.142
356.5145
356.8136
356.8108
357.2062
357.2033
357.2002
357.6019
357.5988
357.5957
357.5925
357.9321
357.929
357.9259
357.9228
357.9195
358.1631
358.1599
358.1568
358.1537
358.1506
358.1473
358.281
358.2778
358.2747
358.2716
358.2685
358.2655
358.2622
358.2816
358.2784
358.2753
358.2722
358.2691
358.266
358.263
358.2597
358.1648
358.1616
358.1585
358.1554
358.1523
358.1493
358.1462
358.1432
358.1399
357.935
357.9318
357.9287
357.9256
357.9225
357.9194
357.9164
357.9134
357.9103
357.9071
357.6026
357.5995
357.5964
357.5934
357.5903
357.5873
357.5843
357.5812
357.5782
357.205
357.202
357.1991
357.196
357.193
357.19
357.1869
357.1838
356.8108
356.8079
356.805
356.8021
356.799
356.7959
356.7928
356.5099
356.5071
356.5042
356.5012
356.4982
356.4951
356.3137
356.3109
356.308
356.305
356.302
356.2004
356.1975
356.1946
356.1917
356.1483
356.1454
356.1425
356.3208
356.515
356.5124
356.8141
356.8114
356.8086
357.2067
357.2038
357.2009
357.1978
357.6024
357.5993
357.5963
357.5932
357.59
357.9327
357.9296
357.9265
357.9234
357.9203
357.917
358.1636
358.1605
358.1573
358.1543
358.1512
358.1481
358.1448
358.2816
358.2784
358.2753
358.2722
358.2691
358.266
358.263
358.2597
358.2821
358.279
358.2758
358.2727
358.2697
358.2666
358.2636
358.2606
358.2573
358.1654
358.1622
358.159
358.1559
358.1529
358.1498
358.1468
358.1437
358.1407
358.1375
357.9324
357.9292
357.9261
357.923
357.92
357.9169
357.9139
357.9109
357.9079
357.6001
357.597
357.5939
357.5909
357.5878
357.5848
357.5818
357.5787
357.2026
357.1996
357.1966
357.1935
357.1905
357.1874
357.1843
356.8085
356.8055
356.8025
356.7995
356.7964
356.7932
356.5076
356.5046
356.5017
356.4986
356.4955
356.3113
356.3084
356.3055
356.3024
356.198
356.1951
356.1921
356.1458
356.1429
356.2101
356.3213
356.3187
356.5155
356.513
356.5103
356.8146
356.8119
356.8092
356.8063
357.2072
357.2043
357.2014
357.1985
357.1953
357.6029
357.5998
357.5968
357.5938
357.5907
357.5875
357.9332
357.9301
357.927
357.9239
357.9208
357.9178
357.9145
358.1642
358.161
358.1579
358.1548
358.1518
358.1487
358.1456
358.1424
358.2821
358.279
358.2758
358.2727
358.2697
358.2666
358.2636
358.2606
358.2573
358.2828
358.2795
358.2764
358.2733
358.2702
358.2672
358.2642
358.2611
358.2581
358.2549
358.1628
358.1596
358.1565
358.1534
358.1504
358.1473
358.1443
358.1413
358.1383
357.9299
357.9267
357.9236
357.9205
357.9175
357.9145
357.9115
357.9084
357.5976
357.5945
357.5914
357.5883
357.5853
357.5823
357.5792
357.2001
357.1971
357.1941
357.191
357.1879
357.1848
356.806
356.803
356.8
356.7969
356.7937
356.5051
356.5021
356.4991
356.496
356.3089
356.3059
356.3029
356.1955
356.1925
356.1433
356.1605
356.2105
356.2079
356.3218
356.3192
356.3166
356.5159
356.5134
356.5108
356.508
356.815
356.8124
356.8097
356.8069
356.804
357.2077
357.2048
357.2019
357.199
357.196
357.1928
357.6034
357.6004
357.5973
357.5943
357.5913
357.5882
357.585
357.9338
357.9307
357.9276
357.9245
357.9214
357.9183
357.9153
357.912
358.1648
358.1616
358.1585
358.1554
358.1523
358.1493
358.1462
358.1432
358.1399
358.2828
358.2795
358.2764
358.2733
358.2702
358.2672
358.2642
358.2611
358.2581
358.2549
358.2802
358.277
358.2739
358.2708
358.2677
358.2647
358.2617
358.2587
358.2557
358.1603
358.1571
358.154
358.1509
358.1479
358.1449
358.1419
358.1389
357.9273
357.9242
357.9211
357.918
357.915
357.912
357.909
357.5951
357.592
357.5889
357.5858
357.5828
357.5797
357.1977
357.1946
357.1915
357.1884
357.1853
356.8036
356.8005
356.7974
356.7942
356.5026
356.4995
356.4964
356.3063
356.3033
356.1929
356.1609
356.1583
356.2109
356.2084
356.2058
356.3222
356.3197
356.3171
356.3144
356.5164
356.5139
356.5112
356.5086
356.5057
356.8155
356.8129
356.8102
356.8074
356.8046
356.8016
357.2082
357.2053
357.2024
357.1995
357.1965
357.1935
357.1903
357.604
357.6009
357.5979
357.5948
357.5918
357.5887
357.5857
357.5825
357.9344
357.9312
357.9281
357.925
357.9219
357.9189
357.9158
357.9128
357.9096
358.1654
358.1622
358.159
358.1559
358.1529
358.1498
358.1468
358.1437
358.1407
358.1375
358.2802
358.277
358.2739
358.2708
358.2677
358.2647
358.2617
358.2587
358.2557
358.2777
358.2744
358.2714
358.2683
358.2653
358.2623
358.2593
358.2563
358.1577
358.1546
358.1515
358.1484
358.1454
358.1424
358.1395
357.9248
357.9217
357.9186
357.9155
357.9125
357.9095
357.5926
357.5894
357.5864
357.5833
357.5803
357.1951
357.192
357.1889
357.1858
356.801
356.7979
356.7947
356.5
356.4969
356.3037
356.1613
356.1588
356.1561
356.2114
356.2088
356.2062
356.2035
356.3226
356.3201
356.3175
356.3149
356.3121
356.5168
356.5143
356.5117
356.509
356.5063
356.5034
356.816
356.8133
356.8106
356.8079
356.8051
356.8022
356.7991
357.2087
357.2058
357.2029
357.2
357.197
357.194
357.191
357.1878
357.6045
357.6015
357.5984
357.5954
357.5923
357.5893
357.5862
357.5832
357.5799
357.935
357.9318
357.9287
357.9256
357.9225
357.9194
357.9164
357.9134
357.9103
357.9071
358.1628
358.1596
358.1565
358.1534
358.1504
358.1473
358.1443
358.1413
358.1383
358.2777
358.2744
358.2714
358.2683
358.2653
358.2623
358.2593
358.2563
358.2751
358.2719
358.2689
358.2658
358.2628
358.2598
358.2569
358.1552
358.1521
358.149
358.146
358.143
358.14
357.9223
357.9192
357.9161
357.9131
357.9101
357.5901
357.5869
357.5839
357.5808
357.1926
357.1895
357.1863
356.7984
356.7952
356.4974
356.1617
356.1592
356.1566
356.1539
356.2118
356.2092
356.2067
356.204
356.2013
356.3231
356.3205
356.3179
356.3153
356.3126
356.3097
356.5173
356.5148
356.5121
356.5095
356.5067
356.5039
356.5009
356.8165
356.8138
356.8111
356.8083
356.8055
356.8026
356.7997
356.7965
357.2092
357.2063
357.2034
357.2005
357.1975
357.1945
357.1915
357.1885
357.1852
357.6052
357.602
357.599
357.5959
357.5928
357.5898
357.5868
357.5837
357.5807
357.5774
357.9324
357.9292
357.9261
357.923
357.92
357.9169
357.9139
357.9109
357.9079
358.1603
358.1571
358.154
358.1509
358.1479
358.1449
358.1419
358.1389
358.2751
358.2719
358.2689
358.2658
358.2628
358.2598
358.2569
358.2726
358.2695
358.2664
358.2634
358.2604
358.2575
358.1527
358.1496
358.1466
358.1435
358.1406
357.9198
357.9167
357.9137
357.9106
357.5875
357.5844
357.5814
357.19
357.1869
356.7957
356.1622
356.1596
356.157
356.1544
356.1516
356.2122
356.2097
356.2071
356.2044
356.2017
356.1989
356.3235
356.321
356.3184
356.3157
356.313
356.3102
356.3073
356.5178
356.5152
356.5126
356.5099
356.5072
356.5044
356.5015
356.4984
356.817
356.8143
356.8116
356.8088
356.806
356.8031
356.8002
356.7971
356.7939
357.2098
357.2069
357.2039
357.201
357.198
357.195
357.192
357.189
357.1859
357.1826
357.6026
357.5995
357.5964
357.5934
357.5903
357.5873
357.5843
357.5812
357.5781
357.9299
357.9267
357.9236
357.9205
357.9175
357.9145
357.9115
357.9084
358.1577
358.1545
358.1515
358.1484
358.1454
358.1424
358.1395
358.2726
358.2695
358.2664
358.2634
358.2604
358.2575
358.2701
358.267
358.264
358.261
358.258
358.1503
358.1471
358.1441
358.1411
357.9173
357.9142
357.9112
357.585
357.5819
357.1874
356.1626
356.16
356.1574
356.1548
356.1521
356.1493
356.2127
356.2101
356.2075
356.2048
356.2022
356.1994
356.1966
356.324
356.3214
356.3188
356.3161
356.3134
356.3107
356.3078
356.3049
356.5182
356.5157
356.5131
356.5104
356.5076
356.5048
356.5019
356.499
356.4959
356.8175
356.8148
356.8121
356.8093
356.8065
356.8036
356.8006
356.7976
356.7945
356.7912
357.2074
357.2045
357.2015
357.1985
357.1955
357.1925
357.1895
357.1864
357.1833
357.6001
357.597
357.5939
357.5909
357.5878
357.5848
357.5818
357.5787
357.9273
357.9242
357.9211
357.918
357.915
357.912
357.909
358.1552
358.1521
358.149
358.146
358.143
358.14
358.2701
358.267
358.264
358.261
358.258
358.2677
358.2645
358.2616
358.2586
358.1478
358.1447
358.1417
357.9149
357.9118
357.5825
356.163
356.1605
356.1578
356.1552
356.1525
356.1498
356.1469
356.2131
356.2105
356.2079
356.2053
356.2026
356.1998
356.197
356.1941
356.3244
356.3219
356.3193
356.3166
356.3139
356.3111
356.3083
356.3054
356.3024
356.5187
356.5161
356.5135
356.5108
356.5081
356.5052
356.5024
356.4994
356.4964
356.4932
356.8153
356.8126
356.8098
356.807
356.8041
356.8011
356.7981
356.795
356.7918
357.205
357.202
357.199
357.196
357.193
357.19
357.1869
357.1838
357.5976
357.5945
357.5914
357.5883
357.5853
357.5823
357.5792
357.9248
357.9217
357.9186
357.9156
357.9125
357.9095
358.1527
358.1496
358.1466
358.1435
358.1406
358.2677
358.2645
358.2616
358.2586
358.2652
358.2621
358.2592
358.1454
358.1423
357.9124
356.1634
356.1609
356.1583
356.1556
356.1529
356.1502
356.1474
356.1445
356.2135
356.211
356.2084
356.2057
356.203
356.2002
356.1974
356.1946
356.1916
356.3249
356.3223
356.3197
356.317
356.3143
356.3115
356.3087
356.3058
356.3029
356.2998
356.5166
356.514
356.5113
356.5085
356.5057
356.5028
356.4999
356.4968
356.4937
356.8131
356.8103
356.8074
356.8045
356.8016
356.7985
356.7955
356.7923
357.2026
357.1996
357.1966
357.1935
357.1905
357.1874
357.1843
357.5951
357.5919
357.5889
357.5858
357.5828
357.5797
357.9223
357.9192
357.9161
357.9131
357.9101
358.1503
358.1471
358.1441
358.1411
358.2652
358.2621
358.2592
358.2628
358.2597
358.143
356.1639
356.1613
356.1587
356.156
356.1533
356.1506
356.1478
356.145
356.142
356.214
356.2114
356.2088
356.2061
356.2034
356.2007
356.1979
356.195
356.1921
356.1891
356.3228
356.3201
356.3175
356.3148
356.312
356.3091
356.3062
356.3033
356.3003
356.5145
356.5117
356.509
356.5062
356.5033
356.5003
356.4973
356.4942
356.8108
356.8079
356.805
356.8021
356.799
356.7959
356.7928
357.2001
357.1971
357.194
357.191
357.1879
357.1848
357.5926
357.5894
357.5864
357.5833
357.5803
357.9198
357.9167
357.9137
357.9106
358.1478
358.1447
358.1417
358.2628
358.2597
358.2604
356.1643
356.1617
356.1591
356.1565
356.1538
356.151
356.1482
356.1454
356.1425
356.1395
356.2118
356.2092
356.2066
356.2039
356.2011
356.1983
356.1954
356.1925
356.1896
356.3206
356.3179
356.3152
356.3124
356.3096
356.3067
356.3037
356.3007
356.5122
356.5094
356.5066
356.5037
356.5008
356.4977
356.4946
356.8085
356.8055
356.8025
356.7995
356.7964
356.7932
357.1977
357.1946
357.1915
357.1884
357.1853
357.5901
357.5869
357.5839
357.5808
357.9173
357.9142
357.9112
358.1454
358.1423
358.2604
356.1622
356.1595
356.1569
356.1542
356.1514
356.1486
356.1458
356.1429
356.14
356.2097
356.207
356.2043
356.2015
356.1987
356.1958
356.1929
356.19
356.3184
356.3156
356.3129
356.31
356.3071
356.3041
356.3011
356.5099
356.5071
356.5042
356.5012
356.4982
356.4951
356.806
356.803
356.8
356.7969
356.7937
357.1951
357.192
357.1889
357.1858
357.5876
357.5844
357.5814
357.9149
357.9118
358.143
356.16
356.1573
356.1546
356.1519
356.1491
356.1462
356.1433
356.1404
356.2074
356.2047
356.202
356.1991
356.1963
356.1933
356.1904
356.3161
356.3133
356.3104
356.3075
356.3046
356.3015
356.5076
356.5046
356.5017
356.4986
356.4955
356.8036
356.8005
356.7974
356.7942
357.1926
357.1894
357.1863
357.585
357.5819
357.9124
356.1577
356.155
356.1523
356.1495
356.1466
356.1437
356.1408
356.2052
356.2024
356.1996
356.1967
356.1938
356.1908
356.3138
356.3109
356.308
356.305
356.302
356.5051
356.5021
356.4991
356.496
356.801
356.7979
356.7947
357.19
357.1868
357.5825
356.1555
356.1527
356.1499
356.1471
356.1441
356.1412
356.2028
356.2
356.1971
356.1942
356.1912
356.3113
356.3084
356.3055
356.3024
356.5026
356.4995
356.4964
356.7984
356.7952
357.1874
356.1531
356.1503
356.1475
356.1446
356.1416
356.2004
356.1975
356.1946
356.1917
356.3089
356.3059
356.3029
356.5
356.4969
356.7957
356.1508
356.1479
356.145
356.142
356.198
356.1951
356.1921
356.3063
356.3033
356.4974
356.1483
356.1454
356.1425
356.1955
356.1925
356.3038
356.1459
356.1429
356.193
356.1433
)
;

boundaryField
{
    electrolyteSides
    {
        type            zeroGradient;
    }
    electrolyte_to_fuel
    {
        type            zeroGradient;
    }
    electrolyte_to_air
    {
        type            zeroGradient;
    }
    procBoundary2to1
    {
        type            processor;
        value           uniform 356.15;
    }
    procBoundary2to3
    {
        type            processor;
        value           uniform 356.15;
    }
}
)

// processor3

18237
(dimensions      [0 0 0 1 0 0 0];

internalField   nonuniform List<scalar> 
2000
(
356.1647
356.2144
356.1652
356.1626
356.3253
356.2148
356.2123
356.1656
356.163
356.1604
356.5192
356.3257
356.3232
356.2152
356.2127
356.2101
356.166
356.1634
356.1608
356.1582
356.818
356.5196
356.5171
356.3262
356.3236
356.321
356.2157
356.2131
356.2105
356.2079
356.1664
356.1639
356.1612
356.1586
356.1559
357.2104
356.8185
356.8158
356.5201
356.5176
356.5149
356.3266
356.3241
356.3215
356.3188
356.2161
356.2136
356.2109
356.2083
356.2056
356.1668
356.1643
356.1617
356.159
356.1563
356.1536
357.6058
357.2109
357.208
356.8189
356.8163
356.8136
356.5205
356.518
356.5154
356.5127
356.327
356.3245
356.3219
356.3193
356.3165
356.2165
356.214
356.2114
356.2087
356.206
356.2033
356.1672
356.1647
356.1621
356.1594
356.1567
356.154
356.1512
357.9357
357.6063
357.6033
357.2114
357.2085
357.2056
356.8194
356.8168
356.8141
356.8113
356.5209
356.5184
356.5158
356.5132
356.5104
356.3275
356.3249
356.3223
356.3197
356.317
356.3142
356.2169
356.2144
356.2118
356.2092
356.2064
356.2037
356.2009
356.1677
356.1651
356.1625
356.1598
356.1572
356.1544
356.1516
356.1488
358.1661
357.9362
357.9331
357.6068
357.6038
357.6007
357.2119
357.209
357.2061
357.2032
356.8199
356.8173
356.8145
356.8118
356.809
356.5214
356.5188
356.5163
356.5136
356.5109
356.508
356.3278
356.3253
356.3227
356.3201
356.3174
356.3146
356.3118
356.2174
356.2148
356.2122
356.2096
356.2069
356.2041
356.2013
356.1984
356.168
356.1655
356.1629
356.1603
356.1576
356.1548
356.152
356.1492
356.1463
358.2835
358.1667
358.1635
357.9367
357.9337
357.9306
357.6073
357.6043
357.6013
357.5982
357.2123
357.2095
357.2066
357.2037
357.2007
356.8203
356.8177
356.815
356.8122
356.8095
356.8065
356.5218
356.5193
356.5167
356.514
356.5113
356.5085
356.5056
356.3283
356.3257
356.3232
356.3205
356.3178
356.315
356.3122
356.3093
356.2177
356.2152
356.2126
356.21
356.2073
356.2045
356.2017
356.1989
356.1959
356.1682
356.1658
356.1633
356.1607
356.158
356.1552
356.1524
356.1496
356.1467
356.1437
358.2835
358.2841
358.2809
358.1672
358.1641
358.161
357.9373
357.9341
357.9311
357.928
357.6078
357.6048
357.6017
357.5988
357.5957
357.2129
357.21
357.2071
357.2041
357.2012
357.1982
356.8208
356.8182
356.8155
356.8127
356.8099
356.807
356.8041
356.5223
356.5197
356.5171
356.5145
356.5117
356.5089
356.5061
356.5031
356.3286
356.3262
356.3236
356.321
356.3182
356.3155
356.3126
356.3098
356.3068
356.218
356.2155
356.2131
356.2104
356.2077
356.2049
356.2021
356.1993
356.1964
356.1934
356.1661
356.1637
356.1611
356.1584
356.1557
356.1528
356.15
356.1471
356.1442
358.1661
358.2841
358.2809
358.2846
358.2815
358.2784
358.1678
358.1646
358.1615
358.1584
357.9378
357.9347
357.9316
357.9286
357.9255
357.6084
357.6053
357.6023
357.5992
357.5962
357.5932
357.2133
357.2105
357.2076
357.2047
357.2017
357.1987
357.1957
356.8213
356.8186
356.8159
356.8132
356.8104
356.8075
356.8045
356.8015
356.5226
356.5202
356.5175
356.5149
356.5122
356.5094
356.5065
356.5035
356.5005
356.329
356.3265
356.324
356.3214
356.3187
356.3159
356.3131
356.3102
356.3072
356.3042
356.2158
356.2134
356.2108
356.2081
356.2054
356.2025
356.1997
356.1968
356.1938
356.1639
356.1614
356.1588
356.156
356.1533
356.1504
356.1475
356.1446
357.9357
358.1667
358.1635
358.2846
358.2815
358.2784
358.2852
358.282
358.2789
358.2759
358.1683
358.1652
358.162
358.159
358.1559
357.9384
357.9352
357.9322
357.929
357.926
357.923
357.6089
357.6059
357.6028
357.5998
357.5967
357.5937
357.5907
357.2139
357.2109
357.2081
357.2051
357.2022
357.1992
357.1962
357.1932
356.8217
356.8191
356.8164
356.8137
356.8108
356.808
356.805
356.802
356.7989
356.5231
356.5205
356.518
356.5153
356.5126
356.5098
356.5069
356.504
356.501
356.4978
356.3269
356.3244
356.3218
356.3191
356.3163
356.3135
356.3106
356.3076
356.3046
356.2137
356.2111
356.2085
356.2058
356.203
356.2001
356.1972
356.1942
356.1617
356.1591
356.1565
356.1537
356.1508
356.1479
356.145
357.6058
357.9362
357.9331
358.1672
358.1641
358.161
358.2852
358.282
358.279
358.2759
358.2857
358.2826
358.2794
358.2764
358.2733
358.1689
358.1657
358.1626
358.1595
358.1565
358.1534
357.9389
357.9358
357.9327
357.9296
357.9265
357.9235
357.9205
357.6095
357.6063
357.6033
357.6003
357.5973
357.5942
357.5912
357.5882
357.2143
357.2115
357.2085
357.2056
357.2027
357.1997
357.1967
357.1937
357.1906
356.8222
356.8195
356.8169
356.8141
356.8113
356.8084
356.8055
356.8024
356.7994
356.7962
356.521
356.5184
356.5158
356.513
356.5102
356.5073
356.5044
356.5014
356.4983
356.3247
356.3221
356.3195
356.3167
356.3139
356.311
356.3081
356.305
356.2114
356.2089
356.2062
356.2034
356.2005
356.1976
356.1947
356.1594
356.1568
356.1541
356.1512
356.1484
356.1454
357.2104
357.6063
357.6033
357.9367
357.9337
357.9306
358.1678
358.1646
358.1615
358.1584
358.2857
358.2826
358.2794
358.2764
358.2733
358.2863
358.2831
358.28
358.2769
358.2739
358.2709
358.1694
358.1663
358.1631
358.1601
358.157
358.154
358.151
357.9395
357.9363
357.9332
357.9301
357.9271
357.924
357.921
357.918
357.6099
357.6069
357.6038
357.6008
357.5978
357.5948
357.5917
357.5887
357.5857
357.215
357.2119
357.2091
357.2061
357.2032
357.2002
357.1972
357.1941
357.1911
357.188
356.8201
356.8173
356.8146
356.8117
356.8089
356.8059
356.8029
356.7998
356.7967
356.5188
356.5162
356.5135
356.5106
356.5078
356.5048
356.5018
356.4987
356.3225
356.3199
356.3172
356.3143
356.3115
356.3085
356.3055
356.2092
356.2065
356.2038
356.2009
356.198
356.1951
356.1571
356.1544
356.1517
356.1488
356.1458
356.818
357.2109
357.208
357.6068
357.6038
357.6007
357.9373
357.9341
357.9311
357.928
358.1683
358.1652
358.162
358.159
358.1559
358.2863
358.2831
358.28
358.2769
358.2739
358.2709
358.2868
358.2837
358.2805
358.2775
358.2744
358.2714
358.2684
358.17
358.1668
358.1637
358.1606
358.1576
358.1545
358.1515
358.1485
357.94
357.9369
357.9337
357.9307
357.9276
357.9246
357.9215
357.9186
357.9155
357.6108
357.6074
357.6044
357.6013
357.5983
357.5952
357.5922
357.5892
357.5862
357.5831
357.2126
357.2095
357.2066
357.2036
357.2007
357.1977
357.1947
357.1916
357.1885
356.8178
356.815
356.8122
356.8093
356.8064
356.8034
356.8003
356.7971
356.5166
356.5138
356.5111
356.5082
356.5053
356.5023
356.4992
356.3202
356.3175
356.3148
356.3119
356.3089
356.3059
356.2068
356.2041
356.2014
356.1984
356.1955
356.1547
356.152
356.1492
356.1462
356.5192
356.8185
356.8158
357.2114
357.2085
357.2056
357.6073
357.6043
357.6013
357.5982
357.9378
357.9347
357.9316
357.9286
357.9255
358.1689
358.1657
358.1626
358.1595
358.1565
358.1534
358.2868
358.2837
358.2805
358.2775
358.2744
358.2714
358.2684
358.2875
358.2842
358.2811
358.278
358.275
358.2719
358.269
358.266
358.1706
358.1674
358.1642
358.1612
358.1581
358.1551
358.152
358.1491
358.1461
357.941
357.9374
357.9344
357.9312
357.9282
357.9251
357.9221
357.919
357.9161
357.9131
357.6083
357.6049
357.6019
357.5988
357.5958
357.5927
357.5897
357.5867
357.5837
357.2102
357.2071
357.2042
357.2011
357.1982
357.1951
357.1921
357.189
356.8155
356.8126
356.8098
356.8068
356.8038
356.8007
356.7976
356.5143
356.5115
356.5087
356.5057
356.5027
356.4996
356.3179
356.3151
356.3123
356.3093
356.3063
356.2044
356.2017
356.1989
356.1959
356.1522
356.1495
356.1467
356.3253
356.5197
356.5171
356.8189
356.8163
356.8136
357.2119
357.209
357.2061
357.2032
357.6078
357.6048
357.6018
357.5988
357.5957
357.9384
357.9352
357.9322
357.9291
357.926
357.923
358.1694
358.1663
358.1631
358.1601
358.157
358.154
358.151
358.2875
358.2842
358.2811
358.278
358.275
358.2719
358.269
358.266
358.288
358.2849
358.2817
358.2786
358.2755
358.2725
358.2695
358.2665
358.2635
358.1716
358.168
358.1649
358.1617
358.1587
358.1556
358.1526
358.1496
358.1466
358.1437
357.9384
357.9349
357.9318
357.9287
357.9257
357.9226
357.9196
357.9166
357.9136
357.6057
357.6024
357.5994
357.5963
357.5933
357.5902
357.5872
357.5842
357.2078
357.2046
357.2017
357.1986
357.1956
357.1925
357.1895
356.8132
356.8102
356.8073
356.8043
356.8012
356.7981
356.5119
356.509
356.5062
356.5031
356.5001
356.3155
356.3126
356.3098
356.3067
356.202
356.1992
356.1963
356.1498
356.147
356.2144
356.3258
356.3232
356.5201
356.5176
356.5149
356.8194
356.8168
356.8141
356.8113
357.2123
357.2095
357.2066
357.2037
357.2007
357.6084
357.6053
357.6023
357.5992
357.5963
357.5932
357.9389
357.9358
357.9327
357.9296
357.9265
357.9235
357.9205
358.17
358.1668
358.1637
358.1606
358.1576
358.1545
358.1515
358.1485
358.288
358.2849
358.2817
358.2786
358.2755
358.2725
358.2695
358.2665
358.2635
358.2891
358.2854
358.2823
358.2791
358.2761
358.273
358.27
358.267
358.2641
358.2611
358.169
358.1654
358.1623
358.1592
358.1562
358.1531
358.1501
358.1471
358.1442
357.9359
357.9323
357.9293
357.9262
357.9232
357.9201
357.9171
357.9141
357.6032
357.5999
357.5969
357.5938
357.5908
357.5877
357.5847
357.2053
357.2021
357.1992
357.1961
357.1931
357.1899
356.8108
356.8077
356.8048
356.8016
356.7985
356.5095
356.5065
356.5036
356.5005
356.313
356.3101
356.3072
356.1995
356.1966
356.1472
356.1647
356.2149
356.2123
356.3262
356.3237
356.321
356.5205
356.518
356.5154
356.5127
356.8198
356.8173
356.8145
356.8118
356.809
357.2129
357.21
357.2071
357.2041
357.2012
357.1982
357.6089
357.6059
357.6028
357.5998
357.5967
357.5937
357.5907
357.9395
357.9363
357.9332
357.9301
357.9271
357.924
357.921
357.918
358.1706
358.1674
358.1642
358.1612
358.1581
358.1551
358.152
358.1491
358.1461
358.2891
358.2854
358.2823
358.2791
358.2761
358.273
358.27
358.267
358.2641
358.2611
358.2865
358.2829
358.2798
358.2766
358.2736
358.2706
358.2676
358.2646
358.2617
358.1665
358.1629
358.1598
358.1567
358.1537
358.1507
358.1477
358.1447
357.9333
357.9298
357.9268
357.9237
357.9207
357.9177
357.9147
357.6007
357.5974
357.5943
357.5913
357.5883
357.5852
357.2028
357.1996
357.1966
357.1935
357.1905
356.8083
356.8052
356.8022
356.799
356.507
356.5039
356.5009
356.3105
356.3075
356.1969
356.1652
356.1626
356.2152
356.2127
356.2101
356.3266
356.3241
356.3215
356.3188
356.5209
356.5184
356.5158
356.5132
356.5104
356.8203
356.8177
356.815
356.8122
356.8095
356.8066
357.2133
357.2105
357.2075
357.2047
357.2017
357.1987
357.1957
357.6095
357.6063
357.6033
357.6003
357.5973
357.5942
357.5912
357.5882
357.94
357.9369
357.9337
357.9307
357.9276
357.9246
357.9215
357.9186
357.9155
358.1716
358.168
358.1649
358.1617
358.1587
358.1556
358.1526
358.1496
358.1466
358.1437
358.2865
358.2829
358.2798
358.2766
358.2736
358.2706
358.2676
358.2646
358.2617
358.284
358.2803
358.2773
358.2741
358.2711
358.2681
358.2652
358.2622
358.1639
358.1604
358.1573
358.1542
358.1512
358.1482
358.1453
357.9308
357.9273
357.9243
357.9212
357.9182
357.9152
357.5982
357.5948
357.5918
357.5887
357.5857
357.2003
357.1971
357.1941
357.1909
356.8057
356.8025
356.7995
356.5044
356.5013
356.3079
356.1656
356.163
356.1604
356.2157
356.2131
356.2105
356.2079
356.327
356.3245
356.3219
356.3193
356.3165
356.5214
356.5188
356.5163
356.5136
356.5109
356.508
356.8208
356.8182
356.8154
356.8127
356.8099
356.807
356.8041
357.2139
357.2109
357.2081
357.2051
357.2022
357.1992
357.1962
357.1932
357.6099
357.6069
357.6038
357.6008
357.5977
357.5948
357.5917
357.5887
357.5857
357.941
357.9374
357.9344
357.9312
357.9282
357.9251
357.9221
357.919
357.9161
357.9131
358.169
358.1654
358.1623
358.1592
358.1562
358.1531
358.1501
358.1471
358.1442
358.284
358.2803
358.2773
358.2741
358.2711
358.2681
358.2652
358.2622
358.2814
358.2778
358.2748
358.2717
358.2687
358.2657
358.2628
358.1614
358.1579
358.1548
358.1518
358.1488
358.1458
357.9283
357.9248
357.9218
357.9187
357.9158
357.5957
357.5923
357.5893
357.5862
357.1978
357.1945
357.1915
356.8031
356.7999
356.5017
356.166
356.1634
356.1609
356.1582
356.2161
356.2136
356.2109
356.2083
356.2056
356.3274
356.3249
356.3223
356.3197
356.317
356.3142
356.5218
356.5193
356.5167
356.514
356.5113
356.5085
356.5056
356.8213
356.8186
356.8159
356.8132
356.8104
356.8075
356.8046
356.8015
357.2143
357.2115
357.2085
357.2056
357.2026
357.1997
357.1967
357.1937
357.1906
357.6108
357.6074
357.6044
357.6013
357.5983
357.5952
357.5922
357.5892
357.5862
357.5832
357.9384
357.9349
357.9318
357.9287
357.9257
357.9226
357.9196
357.9166
357.9136
358.1665
358.1629
358.1598
358.1567
358.1537
358.1506
358.1477
358.1447
358.2814
358.2778
358.2748
358.2717
358.2687
358.2657
358.2628
358.2789
358.2753
358.2723
358.2692
358.2663
358.2633
358.1589
358.1554
358.1524
358.1493
358.1464
357.9258
357.9223
357.9193
357.9163
357.5932
357.5898
357.5868
357.1952
357.1919
356.8004
356.1664
356.1639
356.1612
356.1586
356.1559
356.2165
356.2139
356.2114
356.2087
356.206
356.2033
356.3278
356.3253
356.3227
356.3201
356.3174
356.3147
356.3118
356.5223
356.5197
356.5171
356.5144
356.5117
356.5089
356.5061
356.5031
356.8217
356.8191
356.8164
356.8136
356.8108
356.808
356.805
356.802
356.7989
357.215
357.2119
357.2091
357.2061
357.2032
357.2002
357.1972
357.1941
357.1911
357.188
357.6083
357.6049
357.6019
357.5988
357.5958
357.5927
357.5897
357.5867
357.5837
357.9359
357.9323
357.9293
357.9262
357.9232
357.9201
357.9171
357.9141
358.1639
358.1604
358.1573
358.1542
358.1512
358.1482
358.1453
358.2789
358.2753
358.2723
358.2692
358.2663
358.2633
358.2764
358.2729
358.2699
358.2668
358.2639
358.1564
358.1529
358.15
358.1469
357.9233
357.9199
357.9169
357.5907
357.5873
357.1926
356.1668
356.1643
356.1617
356.159
356.1563
356.1536
356.2169
356.2144
356.2118
356.2092
356.2064
356.2037
356.2009
356.3283
356.3257
356.3232
356.3205
356.3178
356.3151
356.3122
356.3093
356.5227
356.5202
356.5175
356.5149
356.5121
356.5094
356.5065
356.5036
356.5005
356.8222
356.8195
356.8169
356.8141
356.8113
356.8084
356.8055
356.8024
356.7994
356.7962
357.2126
357.2095
357.2066
357.2036
357.2007
357.1976
357.1947
357.1916
357.1885
357.6058
357.6024
357.5994
357.5963
357.5933
357.5902
357.5872
357.5842
357.9333
357.9298
357.9268
357.9237
357.9207
357.9176
357.9147
358.1614
358.1579
358.1548
358.1518
358.1488
358.1458
358.2764
358.2729
358.2699
358.2668
358.2639
358.274
358.2704
358.2675
358.2644
358.154
358.1505
358.1475
357.9208
357.9174
357.5882
356.1672
356.1647
356.1621
356.1594
356.1567
356.154
356.1512
356.2174
356.2148
356.2122
356.2095
356.2069
356.2041
356.2013
356.1984
356.3286
356.3262
356.3236
356.321
356.3182
356.3155
356.3126
356.3098
356.3068
356.5231
356.5206
356.518
356.5153
356.5126
356.5098
356.5069
356.504
356.501
356.4979
356.8201
356.8173
356.8146
356.8117
356.8089
356.8059
356.8029
356.7998
356.7967
357.2102
357.2071
357.2042
357.2011
357.1982
357.1951
357.1921
357.189
357.6032
357.5999
357.5969
357.5938
357.5908
357.5877
357.5847
357.9308
357.9273
357.9243
357.9212
357.9182
357.9152
358.1589
358.1554
358.1524
358.1493
358.1464
358.274
358.2704
358.2675
358.2644
358.2715
358.268
358.2651
358.1516
358.1481
357.9184
356.1677
356.1651
356.1625
356.1598
356.1572
356.1544
356.1516
356.1488
356.2177
356.2152
356.2126
356.21
356.2073
356.2045
356.2017
356.1989
356.1959
356.329
356.3265
356.324
356.3214
356.3187
356.3159
356.3131
356.3102
356.3072
356.3042
356.521
356.5184
356.5158
356.513
356.5102
356.5073
356.5044
356.5014
356.4983
356.8178
356.815
356.8122
356.8093
356.8064
356.8033
356.8003
356.7971
357.2078
357.2046
357.2017
357.1986
357.1956
357.1925
357.1895
357.6007
357.5974
357.5944
357.5913
357.5883
357.5852
357.9283
357.9248
357.9218
357.9187
357.9158
358.1564
358.1529
358.15
358.1469
358.2715
358.268
358.2651
358.2691
358.2656
358.1491
356.168
356.1655
356.1629
356.1603
356.1575
356.1548
356.152
356.1492
356.1463
356.218
356.2156
356.2131
356.2104
356.2077
356.2049
356.2022
356.1993
356.1964
356.1934
356.3269
356.3244
356.3218
356.3191
356.3163
356.3135
356.3106
356.3076
356.3047
356.5189
356.5162
356.5135
356.5106
356.5078
356.5048
356.5018
356.4987
356.8156
356.8126
356.8098
356.8068
356.8038
356.8007
356.7976
357.2053
357.2021
357.1992
357.1961
357.1931
357.1899
357.5982
357.5948
357.5918
357.5887
357.5857
357.9258
357.9223
357.9194
357.9163
358.154
358.1505
358.1475
358.2691
358.2656
358.2667
356.1683
356.1658
356.1634
356.1607
356.158
356.1552
356.1525
356.1496
356.1467
356.1438
356.2159
356.2134
356.2108
356.2081
356.2054
356.2025
356.1997
356.1968
356.1938
356.3248
356.3222
356.3195
356.3167
356.3139
356.311
356.3081
356.3051
356.5166
356.5139
356.5111
356.5082
356.5053
356.5022
356.4992
356.8132
356.8102
356.8073
356.8043
356.8012
356.798
357.2028
357.1996
357.1966
357.1935
357.1905
357.5957
357.5923
357.5893
357.5862
357.9233
357.9199
357.9169
358.1516
358.1481
358.2667
356.1661
356.1637
356.1611
356.1584
356.1556
356.1528
356.15
356.1471
356.1442
356.2137
356.2111
356.2085
356.2058
356.203
356.2001
356.1972
356.1942
356.3225
356.3199
356.3172
356.3143
356.3115
356.3085
356.3055
356.5143
356.5115
356.5087
356.5057
356.5027
356.4996
356.8108
356.8077
356.8048
356.8016
356.7985
357.2003
357.1971
357.1941
357.1909
357.5932
357.5898
357.5868
357.9208
357.9174
358.1491
356.1639
356.1614
356.1588
356.156
356.1533
356.1504
356.1475
356.1446
356.2115
356.2089
356.2062
356.2034
356.2005
356.1976
356.1947
356.3202
356.3175
356.3148
356.3119
356.3089
356.3059
356.5119
356.509
356.5062
356.5031
356.5001
356.8083
356.8052
356.8022
356.799
357.1978
357.1945
357.1915
357.5907
357.5873
357.9184
356.1617
356.1591
356.1565
356.1537
356.1508
356.1479
356.145
356.2092
356.2065
356.2038
356.2009
356.198
356.195
356.3179
356.3151
356.3123
356.3093
356.3063
356.5095
356.5065
356.5036
356.5005
356.8057
356.8026
356.7995
357.1952
357.1919
357.5882
356.1594
356.1568
356.1541
356.1512
356.1484
356.1454
356.2068
356.2041
356.2014
356.1984
356.1955
356.3155
356.3126
356.3098
356.3067
356.507
356.504
356.5009
356.8031
356.7999
357.1926
356.1571
356.1544
356.1517
356.1487
356.1458
356.2044
356.2017
356.1989
356.1959
356.313
356.3101
356.3072
356.5044
356.5013
356.8004
356.1547
356.152
356.1492
356.1462
356.202
356.1992
356.1963
356.3105
356.3075
356.5018
356.1522
356.1495
356.1467
356.1995
356.1966
356.3079
356.1498
356.147
356.1969
356.1472
)
;

boundaryField
{
    electrolyteSides
    {
        type            zeroGradient;
    }
    electrolyte_to_fuel
    {
        type            zeroGradient;
    }
    electrolyte_to_air
    {
        type            zeroGradient;
    }
    procBoundary3to2
    {
        type            processor;
        value           uniform 356.15;
    }
}
)

// processor4

316
(dimensions      [0 0 0 1 0 0 0];

internalField   nonuniform List<scalar> 0();

boundaryField
{
    electrolyteSides
    {
        type            zeroGradient;
    }
    electrolyte_to_fuel
    {
        type            zeroGradient;
    }
    electrolyte_to_air
    {
        type            zeroGradient;
    }
}
)

// processor5

316
(dimensions      [0 0 0 1 0 0 0];

internalField   nonuniform List<scalar> 0();

boundaryField
{
    electrolyteSides
    {
        type            zeroGradient;
    }
    electrolyte_to_fuel
    {
        type            zeroGradient;
    }
    electrolyte_to_air
    {
        type            zeroGradient;
    }
}
)

// processor6

316
(dimensions      [0 0 0 1 0 0 0];

internalField   nonuniform List<scalar> 0();

boundaryField
{
    electrolyteSides
    {
        type            zeroGradient;
    }
    electrolyte_to_fuel
    {
        type            zeroGradient;
    }
    electrolyte_to_air
    {
        type            zeroGradient;
    }
}
)

// processor7

316
(dimensions      [0 0 0 1 0 0 0];

internalField   nonuniform List<scalar> 0();

boundaryField
{
    electrolyteSides
    {
        type            zeroGradient;
    }
    electrolyte_to_fuel
    {
        type            zeroGradient;
    }
    electrolyte_to_air
    {
        type            zeroGradient;
    }
}
)
