/*--------------------------------*- C++ -*----------------------------------*\
| =========                 |                                                 |
| \\      /  F ield         | OpenFOAM: The Open Source CFD Toolbox           |
|  \\    /   O peration     | Version:  2306                                  |
|   \\  /    A nd           | Website:  www.openfoam.com                      |
|    \\/     M anipulation  |                                                 |
\*---------------------------------------------------------------------------*/
FoamFile
{
    version     2.0;
    format      binary;
    arch        "LSB;label=32;scalar=64";
    class       decomposedBlockData;
    object      T;
    data.format     ascii;
    data.class      volScalarField;
}
// * * * * * * * * * * * * * * * * * * * * * * * * * * * * * * * * * * * * * //


// processor0

18367
(FoamFile
{
    version     2.0;
    format      ascii;
    arch        "LSB;label=32;scalar=64";
    class       volScalarField;
    location    "2.5/electrolyte";
    object      T;
}
dimensions      [0 0 0 1 0 0 0];

internalField   nonuniform List<scalar> 
2000
(
355.9696
355.9958
356.0245
355.9674
356.0552
356.0597
355.9936
356.0601
356.0223
355.9651
356.1607
356.1388
356.053
356.0998
356.0575
355.9913
356.0827
356.058
356.0201
355.9628
356.3246
356.2783
356.1585
356.189
356.1367
356.0507
356.1249
356.0977
356.0553
355.989
356.0974
356.0805
356.0557
356.0178
355.9605
356.537
356.4942
356.3223
356.3457
356.2761
356.1563
356.2195
356.1868
356.1344
356.0485
356.1411
356.1227
356.0955
356.053
355.9867
356.1081
356.0953
356.0783
356.0535
356.0155
355.9581
356.7394
356.7757
356.5346
356.5878
356.492
356.32
356.3856
356.3435
356.2739
356.154
356.2388
356.2174
356.1846
356.1322
356.0461
356.1528
356.1389
356.1205
356.0932
356.0507
355.9843
356.1157
356.1059
356.0931
356.0761
356.0512
356.0131
355.9556
356.8975
357.0509
356.7369
356.9044
356.7734
356.5322
356.6422
356.5857
356.4898
356.3177
356.4105
356.3835
356.3414
356.2717
356.1516
356.2528
356.2367
356.2152
356.1824
356.1299
356.0437
356.161
356.1506
356.1367
356.1183
356.0909
356.0483
355.9819
356.1222
356.1135
356.1037
356.0908
356.0738
356.0488
356.0107
355.9532
357.0018
357.272
356.895
357.2171
357.0485
356.7344
356.9782
356.9021
356.7711
356.5297
356.6755
356.64
356.5834
356.4875
356.3153
356.4283
356.4083
356.3813
356.3391
356.2694
356.1492
356.2625
356.2507
356.2345
356.2129
356.1801
356.1275
356.0413
356.1681
356.1588
356.1484
356.1345
356.116
356.0885
356.0459
355.9794
356.1272
356.12
356.1113
356.1015
356.0885
356.0714
356.0464
356.0083
355.9507
357.0529
357.4215
356.9992
357.4717
357.2696
356.8924
357.3121
357.2147
357.0461
356.7319
357.023
356.9759
356.8997
356.7687
356.5273
356.6994
356.6734
356.6378
356.5812
356.4851
356.3129
356.4405
356.4262
356.4062
356.379
356.3368
356.267
356.1468
356.2709
356.2604
356.2485
356.2323
356.2106
356.1777
356.1251
356.0388
356.1735
356.166
356.1566
356.1462
356.1322
356.1136
356.0861
356.0434
355.9769
356.1343
356.1251
356.1178
356.1091
356.0992
356.0862
356.069
356.044
356.0058
355.9481
357.0529
357.4959
357.0503
357.6455
357.4191
356.9967
357.5858
357.4693
357.2673
356.8899
357.3693
357.3097
357.2123
357.0437
356.7294
357.0549
357.0206
356.9735
356.8974
356.7663
356.5248
356.7153
356.6972
356.6712
356.6355
356.5788
356.4827
356.3104
356.4512
356.4384
356.424
356.4039
356.3767
356.3344
356.2645
356.1443
356.277
356.2688
356.2582
356.2463
356.23
356.2083
356.1753
356.1226
356.0363
356.1812
356.1714
356.1638
356.1544
356.1439
356.1298
356.1112
356.0837
356.0409
355.9743
356.1321
356.1229
356.1156
356.1068
356.0969
356.0838
356.0666
356.0415
356.0032
357.0018
357.4959
357.0503
357.7327
357.4936
357.0478
357.7739
357.6431
357.4168
356.9942
357.6545
357.5834
357.4669
357.2649
356.8874
357.4103
357.3669
357.3073
357.2099
357.0413
356.7269
357.076
357.0526
357.0183
356.9711
356.895
356.7639
356.5223
356.7296
356.7132
356.695
356.6689
356.6332
356.5764
356.4803
356.3079
356.4585
356.4491
356.4362
356.4218
356.4016
356.3744
356.332
356.262
356.1417
356.2861
356.2749
356.2666
356.256
356.244
356.2277
356.2059
356.1728
356.1201
356.0337
356.179
356.1692
356.1615
356.1521
356.1416
356.1274
356.1088
356.0812
356.0384
356.13
356.1207
356.1133
356.1044
356.0945
356.0813
356.0641
356.0389
356.8975
357.4215
356.9992
357.7327
357.4936
357.0478
357.8687
357.7304
357.4912
357.0453
357.8511
357.7715
357.6408
357.4144
356.9916
357.7036
357.652
357.5809
357.4645
357.2625
356.8849
357.4369
357.4078
357.3645
357.3048
357.2075
357.0389
356.7243
357.0949
357.0736
357.0502
357.0159
356.9687
356.8925
356.7615
356.5197
356.7388
356.7274
356.711
356.6927
356.6665
356.6308
356.574
356.4778
356.3053
356.47
356.4564
356.4469
356.434
356.4195
356.3993
356.3719
356.3295
356.2595
356.1391
356.284
356.2728
356.2644
356.2537
356.2417
356.2253
356.2034
356.1703
356.1175
356.1769
356.1669
356.1593
356.1498
356.1392
356.125
356.1063
356.0786
356.1277
356.1184
356.111
356.1021
356.092
356.0789
356.0616
356.7394
357.272
356.895
357.6455
357.4191
356.9967
357.8687
357.7304
357.4912
357.0453
357.9504
357.8663
357.728
357.4889
357.0428
357.9065
357.8487
357.7691
357.6384
357.4121
356.9891
357.7354
357.7011
357.6495
357.5785
357.4621
357.2602
356.8823
357.4611
357.4345
357.4054
357.362
357.3024
357.2051
357.0365
356.7218
357.1067
357.0926
357.0713
357.0478
357.0135
356.9663
356.8901
356.759
356.5172
356.7539
356.7367
356.7252
356.7087
356.6904
356.6641
356.6283
356.5715
356.4752
356.3026
356.4679
356.4543
356.4447
356.4317
356.4171
356.3968
356.3694
356.3269
356.2569
356.2818
356.2705
356.2621
356.2513
356.2392
356.2228
356.2009
356.1677
356.1746
356.1647
356.1569
356.1474
356.1367
356.1225
356.1037
356.1254
356.116
356.1086
356.0996
356.0896
356.0763
356.537
357.0509
356.7369
357.4717
357.2696
356.8924
357.7739
357.6431
357.4168
356.9942
357.9504
357.8663
357.728
357.4889
357.0428
358.0091
357.948
357.8639
357.7257
357.4866
357.0402
357.9422
357.904
357.8462
357.7667
357.636
357.4097
356.9865
357.7645
357.7329
357.6987
357.6471
357.5761
357.4597
357.2578
356.8798
357.4757
357.4587
357.432
357.4029
357.3596
357.3
357.2027
357.0341
356.7192
357.1267
357.1044
357.0902
357.0689
357.0454
357.011
356.9638
356.8876
356.7565
356.5146
356.7518
356.7344
356.7229
356.7063
356.688
356.6617
356.6258
356.5689
356.4726
356.4657
356.4521
356.4424
356.4293
356.4147
356.3943
356.3669
356.3243
356.2796
356.2683
356.2598
356.2489
356.2368
356.2203
356.1983
356.1724
356.1623
356.1545
356.145
356.1342
356.12
356.1231
356.1137
356.1062
356.0972
356.087
356.3246
356.7757
356.5346
357.2171
357.0485
356.7344
357.5858
357.4693
357.2673
356.8899
357.8511
357.7715
357.6408
357.4144
356.9916
358.0091
357.948
357.8639
357.7257
357.4866
357.0402
358.0469
358.0067
357.9456
357.8615
357.7233
357.4843
357.0377
357.975
357.9397
357.9016
357.8438
357.7643
357.6337
357.4074
356.984
357.7815
357.762
357.7305
357.6962
357.6447
357.5737
357.4573
357.2555
356.8772
357.501
357.4732
357.4562
357.4296
357.4005
357.3572
357.2976
357.2003
357.0317
356.7167
357.1244
357.102
357.0878
357.0664
357.043
357.0085
356.9614
356.8851
356.754
356.7495
356.7322
356.7206
356.7039
356.6855
356.6592
356.6232
356.5663
356.4635
356.4498
356.44
356.4269
356.4122
356.3918
356.3643
356.2773
356.2659
356.2574
356.2465
356.2343
356.2177
356.17
356.1599
356.1521
356.1425
356.1317
356.1207
356.1112
356.1037
356.0946
356.1607
356.4942
356.3223
356.9044
356.7734
356.5322
357.3121
357.2147
357.0461
356.7319
357.6545
357.5834
357.4669
357.2649
356.8874
357.9065
357.8487
357.7691
357.6384
357.4121
356.9891
358.0469
358.0067
357.9456
357.8615
357.7233
357.4843
357.0377
358.0817
358.0445
358.0042
357.9432
357.8592
357.721
357.4819
357.0351
357.9939
357.9725
357.9373
357.8991
357.8414
357.762
357.6314
357.4051
356.9814
357.8118
357.779
357.7595
357.728
357.6938
357.6423
357.5713
357.455
357.2531
356.8746
357.4986
357.4708
357.4538
357.4271
357.398
357.3547
357.2951
357.1979
357.0293
357.122
357.0996
357.0854
357.064
357.0405
357.0061
356.9588
356.8826
356.7473
356.7298
356.7182
356.7015
356.683
356.6566
356.6206
356.4612
356.4474
356.4376
356.4244
356.4097
356.3891
356.275
356.2635
356.2549
356.2439
356.2317
356.1676
356.1575
356.1496
356.1399
356.1183
356.1088
356.1012
356.0552
356.2783
356.1585
356.5878
356.492
356.32
356.9782
356.9021
356.7711
356.5297
357.3693
357.3097
357.2123
357.0437
356.7294
357.7036
357.652
357.5809
357.4645
357.2625
356.8849
357.9422
357.904
357.8462
357.7667
357.636
357.4097
356.9865
358.0817
358.0445
358.0042
357.9432
357.8592
357.721
357.4819
357.0351
358.1016
358.0792
358.042
358.0018
357.9408
357.8568
357.7187
357.4796
357.0325
358.0279
357.9914
357.97
357.9348
357.8967
357.8391
357.7596
357.629
357.4028
356.9789
357.8093
357.7766
357.7571
357.7256
357.6914
357.6399
357.569
357.4526
357.2508
357.4961
357.4683
357.4513
357.4247
357.3956
357.3523
357.2927
357.1954
357.1196
357.0972
357.083
357.0615
357.038
357.0035
356.9563
356.7449
356.7274
356.7157
356.699
356.6804
356.6539
356.4589
356.445
356.4351
356.4218
356.407
356.2726
356.2611
356.2524
356.2414
356.1652
356.155
356.1471
356.1158
356.1062
355.9958
356.1388
356.053
356.3457
356.2761
356.1563
356.6422
356.5857
356.4898
356.3177
357.023
356.9759
356.8997
356.7687
356.5273
357.4103
357.3669
357.3073
357.2099
357.0413
356.7269
357.7354
357.7011
357.6495
357.5785
357.4621
357.2602
356.8823
357.975
357.9397
357.9016
357.8438
357.7643
357.6337
357.4074
356.984
358.1016
358.0792
358.042
358.0018
357.9408
357.8568
357.7187
357.4796
357.0325
358.1377
358.0992
358.0768
358.0396
357.9994
357.9385
357.8545
357.7164
357.4773
357.03
358.0254
357.989
357.9676
357.9324
357.8943
357.8367
357.7573
357.6267
357.4005
357.8068
357.7741
357.7547
357.7231
357.689
357.6375
357.5666
357.4503
357.4936
357.4658
357.4489
357.4222
357.3931
357.3498
357.2903
357.1172
357.0948
357.0805
357.059
357.0355
357.001
356.7425
356.725
356.7132
356.6964
356.6778
356.4564
356.4425
356.4325
356.4192
356.2702
356.2585
356.2498
356.1627
356.1525
356.1133
355.9696
356.0597
355.9936
356.189
356.1367
356.0507
356.3856
356.3435
356.2739
356.154
356.6755
356.64
356.5834
356.4875
356.3153
357.0549
357.0206
356.9735
356.8974
356.7663
356.5248
357.4369
357.4078
357.3645
357.3048
357.2075
357.0389
356.7243
357.7645
357.7329
357.6987
357.6471
357.5761
357.4597
357.2578
356.8798
357.9939
357.9725
357.9373
357.8991
357.8414
357.762
357.6314
357.4051
356.9814
358.1377
358.0992
358.0768
358.0396
357.9994
357.9385
357.8545
357.7164
357.4773
357.03
358.1352
358.0967
358.0744
358.0372
357.9971
357.9361
357.8522
357.7141
357.475
358.023
357.9865
357.9652
357.93
357.892
357.8343
357.7549
357.6244
357.8044
357.7717
357.7522
357.7207
357.6866
357.6351
357.5642
357.4912
357.4634
357.4464
357.4198
357.3907
357.3474
357.1147
357.0923
357.078
357.0565
357.0329
356.7401
356.7225
356.7106
356.6937
356.454
356.4399
356.4299
356.2676
356.256
356.1602
356.0245
355.9674
356.0998
356.0575
355.9913
356.2195
356.1868
356.1344
356.0485
356.4105
356.3835
356.3414
356.2717
356.1516
356.6994
356.6734
356.6378
356.5812
356.4851
356.3129
357.076
357.0526
357.0183
356.9711
356.895
356.7639
356.5223
357.4611
357.4345
357.4054
357.362
357.3024
357.2051
357.0365
356.7218
357.7815
357.762
357.7305
357.6962
357.6447
357.5737
357.4573
357.2555
356.8772
358.0279
357.9914
357.97
357.9348
357.8967
357.8391
357.7596
357.629
357.4028
356.9789
358.1352
358.0967
358.0744
358.0372
357.9971
357.9361
357.8522
357.7141
357.475
358.1327
358.0943
358.072
358.0348
357.9947
357.9338
357.8499
357.7118
358.0205
357.9841
357.9628
357.9276
357.8896
357.832
357.7526
357.8019
357.7692
357.7498
357.7183
357.6842
357.6327
357.4887
357.4609
357.444
357.4173
357.3882
357.1122
357.0898
357.0755
357.054
356.7376
356.7199
356.708
356.4514
356.4373
356.265
356.0601
356.0223
355.9651
356.1249
356.0977
356.0553
355.989
356.2388
356.2174
356.1846
356.1322
356.0461
356.4283
356.4083
356.3813
356.3391
356.2694
356.1492
356.7153
356.6972
356.6712
356.6355
356.5788
356.4827
356.3104
357.0949
357.0736
357.0502
357.0159
356.9687
356.8925
356.7615
356.5197
357.4757
357.4587
357.432
357.4029
357.3596
357.3
357.2027
357.0341
356.7192
357.8118
357.779
357.7595
357.728
357.6938
357.6423
357.5713
357.455
357.2531
356.8746
358.0254
357.989
357.9676
357.9324
357.8943
357.8367
357.7573
357.6267
357.4005
358.1327
358.0943
358.072
358.0348
357.9947
357.9338
357.8499
357.7118
358.1303
358.0919
358.0696
358.0325
357.9924
357.9315
357.8476
358.0181
357.9817
357.9604
357.9253
357.8873
357.8297
357.7995
357.7668
357.7474
357.7159
357.6818
357.4863
357.4585
357.4415
357.4149
357.1097
357.0873
357.0729
356.735
356.7172
356.4488
356.0827
356.058
356.0201
355.9628
356.1411
356.1227
356.0955
356.053
355.9867
356.2528
356.2367
356.2152
356.1824
356.1299
356.0437
356.4405
356.4262
356.4062
356.379
356.3368
356.267
356.1468
356.7296
356.7132
356.695
356.6689
356.6332
356.5764
356.4803
356.3079
357.1067
357.0926
357.0713
357.0478
357.0135
356.9663
356.8901
356.759
356.5172
357.501
357.4732
357.4562
357.4296
357.4005
357.3572
357.2976
357.2003
357.0317
356.7167
357.8093
357.7766
357.7571
357.7256
357.6914
357.6399
357.569
357.4526
357.2508
358.023
357.9865
357.9652
357.93
357.892
357.8343
357.7549
357.6244
358.1303
358.0919
358.0696
358.0325
357.9924
357.9315
357.8476
358.1279
358.0895
358.0672
358.0301
357.99
357.9292
358.0157
357.9793
357.958
357.9229
357.8849
357.7971
357.7644
357.745
357.7136
357.4838
357.456
357.4391
357.1072
357.0847
356.7323
356.0974
356.0805
356.0557
356.0178
355.9605
356.1528
356.1389
356.1205
356.0932
356.0507
355.9843
356.2625
356.2507
356.2345
356.2129
356.1801
356.1275
356.0413
356.4512
356.4384
356.424
356.4039
356.3767
356.3344
356.2645
356.1443
356.7388
356.7274
356.711
356.6927
356.6665
356.6308
356.574
356.4778
356.3053
357.1267
357.1044
357.0902
357.0689
357.0454
357.011
356.9638
356.8876
356.7565
356.5146
357.4986
357.4708
357.4538
357.4271
357.398
357.3547
357.2951
357.1979
357.0293
357.8068
357.7741
357.7547
357.7231
357.689
357.6375
357.5666
357.4503
358.0205
357.9841
357.9628
357.9276
357.8896
357.832
357.7526
358.1279
358.0895
358.0672
358.0301
357.99
357.9292
358.1255
358.0871
358.0649
358.0278
357.9877
358.0133
357.9769
357.9557
357.9206
357.7947
357.762
357.7426
357.4814
357.4536
357.1047
356.1081
356.0953
356.0783
356.0535
356.0155
355.9581
356.161
356.1506
356.1367
356.1183
356.0909
356.0483
355.9819
356.2709
356.2604
356.2485
356.2323
356.2106
356.1777
356.1251
356.0388
356.4585
356.4491
356.4362
356.4218
356.4016
356.3744
356.332
356.262
356.1417
356.7539
356.7367
356.7252
356.7087
356.6904
356.6641
356.6283
356.5715
356.4752
356.3026
357.1244
357.102
357.0878
357.0664
357.043
357.0085
356.9614
356.8851
356.754
357.4961
357.4683
357.4513
357.4247
357.3956
357.3523
357.2927
357.1954
357.8044
357.7717
357.7522
357.7207
357.6866
357.6351
357.5642
358.0181
357.9817
357.9604
357.9253
357.8873
357.8297
358.1255
358.0871
358.0649
358.0278
357.9877
358.1231
358.0848
358.0625
358.0255
358.0109
357.9746
357.9534
357.7923
357.7596
357.4789
356.1157
356.1059
356.0931
356.0761
356.0512
356.0131
355.9556
356.1681
356.1588
356.1484
356.1345
356.116
356.0885
356.0459
355.9794
356.277
356.2688
356.2582
356.2463
356.23
356.2083
356.1753
356.1226
356.0363
356.47
356.4564
356.4469
356.434
356.4195
356.3993
356.3719
356.3295
356.2595
356.1391
356.7518
356.7344
356.7229
356.7063
356.688
356.6617
356.6258
356.5689
356.4726
357.122
357.0996
357.0854
357.064
357.0405
357.0061
356.9588
356.8826
357.4936
357.4658
357.4489
357.4222
357.3931
357.3498
357.2903
357.8019
357.7692
357.7498
357.7183
357.6842
357.6328
358.0157
357.9793
357.958
357.9229
357.8849
358.1231
358.0848
358.0625
358.0255
358.1208
358.0825
358.0602
358.0086
357.9723
357.7899
356.1222
356.1135
356.1037
356.0908
356.0738
356.0488
356.0107
355.9532
356.1735
356.1659
356.1566
356.1462
356.1322
356.1136
356.0861
356.0434
355.9769
356.2861
356.2749
356.2666
356.256
356.244
356.2277
356.2059
356.1728
356.1201
356.0337
356.4679
356.4543
356.4447
356.4317
356.4172
356.3968
356.3694
356.3269
356.2569
356.7495
356.7322
356.7206
356.7039
356.6855
356.6592
356.6232
356.5663
357.1196
357.0972
357.083
357.0615
357.038
357.0035
356.9563
357.4912
357.4634
357.4464
357.4198
357.3907
357.3474
357.7995
357.7668
357.7474
357.7159
357.6818
358.0133
357.9769
357.9557
357.9206
358.1208
358.0825
358.0602
358.1185
358.0801
358.0062
356.1272
356.12
356.1113
356.1015
356.0885
356.0714
356.0464
356.0083
355.9507
356.1812
356.1714
356.1638
356.1544
356.1439
356.1298
356.1112
356.0837
356.0409
355.9743
356.284
356.2728
356.2644
356.2537
356.2417
356.2253
356.2034
356.1703
356.1175
356.4657
356.4521
356.4424
356.4293
356.4147
356.3943
356.3669
356.3243
356.7473
356.7298
356.7182
356.7015
356.683
356.6566
356.6206
357.1172
357.0947
357.0805
357.059
357.0355
357.001
357.4887
357.4609
357.444
357.4173
357.3882
357.7971
357.7644
357.745
357.7136
358.0109
357.9746
357.9534
358.1185
358.0801
358.1161
356.1343
356.1251
356.1178
356.1091
356.0992
356.0862
356.069
356.044
356.0058
355.9481
356.179
356.1692
356.1615
356.1521
356.1416
356.1274
356.1088
356.0812
356.0384
356.2818
356.2705
356.2621
356.2513
356.2392
356.2228
356.2009
356.1677
356.4635
356.4498
356.44
356.4269
356.4122
356.3918
356.3643
356.7449
356.7274
356.7157
356.699
356.6804
356.6539
357.1147
357.0923
357.078
357.0565
357.0329
357.4863
357.4585
357.4415
357.4149
357.7947
357.762
357.7426
358.0086
357.9723
358.1161
356.1321
356.1229
356.1156
356.1068
356.0969
356.0838
356.0666
356.0415
356.0032
356.1769
356.1669
356.1593
356.1498
356.1392
356.125
356.1063
356.0786
356.2796
356.2683
356.2598
356.2489
356.2368
356.2203
356.1983
356.4612
356.4474
356.4376
356.4244
356.4097
356.3892
356.7425
356.725
356.7132
356.6964
356.6778
357.1122
357.0898
357.0755
357.054
357.4838
357.456
357.4391
357.7923
357.7596
358.0062
356.13
356.1207
356.1133
356.1044
356.0945
356.0813
356.0641
356.0389
356.1746
356.1647
356.1569
356.1474
356.1367
356.1225
356.1037
356.2773
356.2659
356.2574
356.2465
356.2343
356.2177
356.4589
356.445
356.4351
356.4218
356.407
356.7401
356.7225
356.7106
356.6937
357.1097
357.0872
357.0729
357.4814
357.4536
357.7899
356.1277
356.1184
356.111
356.1021
356.092
356.0789
356.0616
356.1724
356.1623
356.1545
356.145
356.1342
356.12
356.275
356.2635
356.2549
356.2439
356.2317
356.4564
356.4425
356.4325
356.4192
356.7376
356.7199
356.708
357.1072
357.0847
357.4789
356.1254
356.116
356.1086
356.0996
356.0896
356.0763
356.17
356.1599
356.1521
356.1425
356.1317
356.2726
356.2611
356.2524
356.2414
356.454
356.4399
356.4299
356.735
356.7172
357.1047
356.1231
356.1137
356.1062
356.0972
356.087
356.1676
356.1575
356.1496
356.1399
356.2702
356.2585
356.2498
356.4514
356.4373
356.7323
356.1207
356.1112
356.1037
356.0946
356.1652
356.155
356.1471
356.2676
356.256
356.4488
356.1183
356.1088
356.1012
356.1627
356.1525
356.265
356.1158
356.1062
356.1602
356.1133
)
;

boundaryField
{
    electrolyteSides
    {
        type            zeroGradient;
    }
    electrolyte_to_fuel
    {
        type            zeroGradient;
    }
    electrolyte_to_air
    {
        type            zeroGradient;
    }
    procBoundary0to1
    {
        type            processor;
        value           uniform 356.15;
    }
}
)

// processor1

18369
(dimensions      [0 0 0 1 0 0 0];

internalField   nonuniform List<scalar> 
2000
(
356.1455
356.1938
356.1493
356.1433
356.302
356.1978
356.1917
356.151
356.1471
356.1411
356.4916
356.3064
356.2999
356.1996
356.1957
356.1895
356.1521
356.1489
356.1449
356.1389
356.7844
356.4967
356.4895
356.3084
356.3043
356.2977
356.2008
356.1975
356.1935
356.1873
356.1529
356.15
356.1467
356.1427
356.1366
357.1693
356.7905
356.7822
356.4988
356.4946
356.4873
356.3096
356.3063
356.3022
356.2955
356.2016
356.1986
356.1953
356.1913
356.185
356.1535
356.1507
356.1478
356.1445
356.1404
356.1343
357.5573
357.1767
357.167
356.7929
356.7883
356.78
356.5002
356.4967
356.4924
356.4851
356.3104
356.3075
356.3041
356.2999
356.2932
356.2022
356.1994
356.1964
356.1931
356.189
356.1827
356.1541
356.1514
356.1485
356.1455
356.1422
356.1381
356.1319
357.8808
357.566
357.5548
357.1796
357.1744
357.1646
356.7945
356.7908
356.7861
356.7777
356.5011
356.4981
356.4946
356.4902
356.4828
356.3112
356.3083
356.3053
356.3019
356.2977
356.2909
356.2028
356.2001
356.1972
356.1942
356.1908
356.1867
356.1803
356.1547
356.1519
356.1492
356.1463
356.1433
356.1399
356.1357
356.1295
358.1067
357.8908
357.8783
357.5693
357.5635
357.5523
357.1814
357.1772
357.172
357.1622
356.7956
356.7923
356.7885
356.7838
356.7754
356.502
356.499
356.4959
356.4923
356.4879
356.4805
356.3118
356.3091
356.3062
356.3031
356.2996
356.2953
356.2885
356.2034
356.2007
356.1979
356.195
356.1919
356.1885
356.1843
356.1779
356.1552
356.1525
356.1498
356.147
356.144
356.1409
356.1375
356.1333
356.127
358.2218
358.1176
358.1042
357.8944
357.8883
357.8757
357.5714
357.5668
357.561
357.5498
357.1827
357.179
357.1748
357.1695
357.1597
356.7965
356.7934
356.7901
356.7862
356.7815
356.773
356.5027
356.4999
356.4969
356.4937
356.4901
356.4856
356.478
356.3124
356.3097
356.3069
356.3039
356.3008
356.2973
356.2929
356.2861
356.2039
356.2013
356.1985
356.1957
356.1927
356.1896
356.1861
356.1819
356.1754
356.1558
356.153
356.1503
356.1475
356.1447
356.1417
356.1386
356.1351
356.1308
356.1245
358.2218
358.2332
358.2192
358.1215
358.1151
358.1016
357.8967
357.8918
357.8857
357.8732
357.5728
357.5688
357.5643
357.5585
357.5473
357.1838
357.1803
357.1766
357.1724
357.1671
357.1572
356.7973
356.7944
356.7912
356.7878
356.7839
356.7791
356.7705
356.5034
356.5006
356.4977
356.4947
356.4914
356.4877
356.4831
356.4755
356.313
356.3103
356.3075
356.3047
356.3017
356.2985
356.2949
356.2905
356.2835
356.2045
356.2018
356.1991
356.1963
356.1934
356.1904
356.1872
356.1837
356.1794
356.1728
356.1536
356.1508
356.1481
356.1452
356.1424
356.1393
356.1361
356.1326
356.1283
358.1067
358.2332
358.2192
358.2371
358.2306
358.2167
358.1239
358.1189
358.1125
358.0991
357.8984
357.8942
357.8893
357.8832
357.8707
357.5742
357.5703
357.5663
357.5618
357.556
357.5448
357.1847
357.1814
357.1779
357.1742
357.1699
357.1646
357.1547
356.7981
356.7952
356.7922
356.7889
356.7855
356.7815
356.7766
356.7679
356.504
356.5013
356.4984
356.4955
356.4924
356.489
356.4853
356.4806
356.473
356.3136
356.3109
356.3082
356.3053
356.3024
356.2993
356.2961
356.2924
356.2879
356.2809
356.2024
356.1996
356.1969
356.194
356.1911
356.188
356.1848
356.1812
356.1768
356.1514
356.1486
356.1458
356.1429
356.14
356.1369
356.1337
356.1301
357.8808
358.1176
358.1042
358.2371
358.2306
358.2167
358.2397
358.2346
358.228
358.2142
358.1257
358.1214
358.1163
358.11
358.0966
357.8998
357.8958
357.8916
357.8868
357.8807
357.8682
357.5752
357.5716
357.5678
357.5638
357.5593
357.5535
357.5423
357.1856
357.1823
357.179
357.1755
357.1717
357.1675
357.1621
357.1522
356.7988
356.796
356.7929
356.7899
356.7866
356.783
356.779
356.774
356.7653
356.5047
356.5019
356.4991
356.4962
356.4932
356.49
356.4866
356.4828
356.4781
356.4703
356.3115
356.3087
356.3059
356.303
356.3001
356.2969
356.2936
356.2899
356.2854
356.2002
356.1974
356.1946
356.1917
356.1887
356.1856
356.1823
356.1786
356.1492
356.1463
356.1435
356.1405
356.1376
356.1344
356.1311
357.5573
357.8908
357.8783
358.1215
358.1151
358.1016
358.2397
358.2346
358.228
358.2142
358.2415
358.2371
358.232
358.2255
358.2117
358.1273
358.1232
358.1188
358.1138
358.1075
358.0941
357.901
357.8973
357.8933
357.8891
357.8843
357.8782
357.8657
357.5762
357.5727
357.5691
357.5653
357.5613
357.5568
357.551
357.5398
357.1864
357.1833
357.1799
357.1766
357.173
357.1693
357.165
357.1596
357.1497
356.7997
356.7966
356.7937
356.7907
356.7875
356.7842
356.7806
356.7765
356.7714
356.7627
356.5026
356.4997
356.4969
356.4939
356.4908
356.4876
356.4841
356.4802
356.4754
356.3094
356.3065
356.3037
356.3007
356.2977
356.2945
356.2911
356.2873
356.198
356.1951
356.1923
356.1893
356.1863
356.1831
356.1798
356.1469
356.144
356.1411
356.1381
356.1351
356.1319
357.1693
357.566
357.5548
357.8944
357.8883
357.8757
358.1239
358.1189
358.1125
358.0991
358.2415
358.2371
358.232
358.2255
358.2117
358.2432
358.239
358.2346
358.2295
358.223
358.2092
358.1285
358.1247
358.1206
358.1163
358.1113
358.105
358.0917
357.9021
357.8984
357.8947
357.8908
357.8866
357.8818
357.8757
357.8633
357.5771
357.5737
357.5702
357.5666
357.5628
357.5588
357.5543
357.5485
357.5373
357.1874
357.184
357.1809
357.1775
357.1742
357.1706
357.1668
357.1624
357.157
357.1471
356.7975
356.7944
356.7915
356.7883
356.7851
356.7817
356.778
356.7739
356.7688
356.5005
356.4975
356.4946
356.4915
356.4884
356.4851
356.4815
356.4776
356.3072
356.3042
356.3013
356.2983
356.2952
356.2919
356.2885
356.1957
356.1928
356.1899
356.1869
356.1838
356.1806
356.1446
356.1416
356.1387
356.1356
356.1326
356.7844
357.1767
357.167
357.5693
357.5635
357.5523
357.8967
357.8918
357.8857
357.8732
358.1257
358.1214
358.1163
358.11
358.0966
358.2432
358.239
358.2346
358.2295
358.223
358.2092
358.2444
358.2406
358.2364
358.2321
358.227
358.2206
358.2068
358.1297
358.1259
358.1222
358.1181
358.1138
358.1088
358.1025
358.0892
357.903
357.8996
357.8959
357.8922
357.8882
357.8841
357.8793
357.8732
357.8608
357.5783
357.5746
357.5712
357.5677
357.5641
357.5603
357.5563
357.5518
357.546
357.5348
357.1851
357.1816
357.1785
357.1751
357.1717
357.1681
357.1642
357.1599
357.1545
356.7953
356.7921
356.7891
356.7859
356.7826
356.7791
356.7754
356.7712
356.4982
356.4952
356.4922
356.4891
356.4859
356.4825
356.4789
356.3049
356.3019
356.2989
356.2958
356.2927
356.2894
356.1934
356.1904
356.1874
356.1844
356.1812
356.1422
356.1392
356.1362
356.1331
356.4916
356.7905
356.7822
357.1796
357.1744
357.1646
357.5714
357.5668
357.561
357.5498
357.8984
357.8942
357.8893
357.8832
357.8707
358.1273
358.1232
358.1188
358.1138
358.1075
358.0941
358.2444
358.2406
358.2364
358.2321
358.227
358.2206
358.2068
358.2457
358.2418
358.2381
358.2339
358.2296
358.2245
358.2181
358.2043
358.1307
358.1272
358.1234
358.1197
358.1156
358.1113
358.1064
358.1001
358.0868
357.9043
357.9005
357.897
357.8933
357.8897
357.8857
357.8816
357.8768
357.8708
357.8584
357.5757
357.5721
357.5687
357.5652
357.5616
357.5578
357.5538
357.5493
357.5435
357.1827
357.1792
357.176
357.1726
357.1692
357.1655
357.1617
357.1573
356.793
356.7898
356.7867
356.7834
356.7801
356.7765
356.7728
356.4959
356.4928
356.4898
356.4866
356.4833
356.4799
356.3025
356.2995
356.2965
356.2933
356.2901
356.191
356.188
356.1849
356.1818
356.1398
356.1367
356.1337
356.302
356.4967
356.4895
356.7929
356.7883
356.78
357.1814
357.1772
357.172
357.1622
357.5728
357.5688
357.5643
357.5585
357.5473
357.8998
357.8958
357.8916
357.8868
357.8807
357.8682
358.1285
358.1247
358.1206
358.1163
358.1113
358.105
358.0917
358.2457
358.2418
358.2381
358.2339
358.2296
358.2245
358.2181
358.2043
358.2466
358.2431
358.2393
358.2355
358.2314
358.2271
358.2221
358.2157
358.2019
358.1321
358.1281
358.1246
358.1209
358.1172
358.1131
358.1089
358.1039
358.0977
358.0844
357.9018
357.8979
357.8945
357.8908
357.8872
357.8833
357.8791
357.8744
357.8684
357.5732
357.5696
357.5662
357.5627
357.5591
357.5553
357.5514
357.5468
357.1802
357.1768
357.1735
357.1701
357.1667
357.163
357.1591
356.7907
356.7874
356.7842
356.7809
356.7775
356.7739
356.4936
356.4904
356.4873
356.484
356.4807
356.3001
356.297
356.2939
356.2907
356.1886
356.1855
356.1824
356.1373
356.1342
356.1938
356.3064
356.2999
356.4988
356.4946
356.4873
356.7945
356.7908
356.7861
356.7777
357.1827
357.179
357.1748
357.1695
357.1597
357.5742
357.5703
357.5663
357.5618
357.556
357.5448
357.901
357.8973
357.8933
357.8891
357.8843
357.8782
357.8657
358.1297
358.1259
358.1222
358.1181
358.1138
358.1088
358.1025
358.0892
358.2466
358.2431
358.2393
358.2355
358.2314
358.2271
358.2221
358.2157
358.2019
358.2481
358.2441
358.2406
358.2368
358.233
358.229
358.2247
358.2197
358.2133
358.1996
358.1295
358.1256
358.1221
358.1184
358.1147
358.1107
358.1064
358.1015
358.0953
357.8992
357.8954
357.892
357.8883
357.8847
357.8808
357.8767
357.8719
357.5707
357.5671
357.5637
357.5602
357.5567
357.5528
357.5489
357.1778
357.1743
357.171
357.1676
357.1641
357.1604
356.7883
356.7849
356.7817
356.7783
356.7748
356.4911
356.4879
356.4847
356.4814
356.2977
356.2945
356.2913
356.1861
356.1829
356.1348
356.1455
356.1978
356.1917
356.3084
356.3043
356.2977
356.5002
356.4967
356.4924
356.4851
356.7956
356.7923
356.7885
356.7838
356.7754
357.1838
357.1803
357.1766
357.1724
357.1671
357.1572
357.5752
357.5716
357.5678
357.5638
357.5593
357.5535
357.5423
357.9021
357.8984
357.8947
357.8907
357.8866
357.8818
357.8757
357.8633
358.1307
358.1272
358.1234
358.1197
358.1156
358.1113
358.1064
358.1001
358.0868
358.2481
358.2441
358.2406
358.2368
358.233
358.229
358.2247
358.2197
358.2133
358.1996
358.2455
358.2415
358.2381
358.2343
358.2306
358.2265
358.2222
358.2173
358.2109
358.127
358.123
358.1196
358.1159
358.1122
358.1082
358.104
358.0991
357.8967
357.8929
357.8895
357.8859
357.8823
357.8784
357.8743
357.5682
357.5646
357.5612
357.5577
357.5542
357.5503
357.1753
357.1718
357.1685
357.165
357.1615
356.7858
356.7824
356.7791
356.7756
356.4886
356.4853
356.4821
356.2952
356.2919
356.1835
356.1493
356.1433
356.1996
356.1957
356.1895
356.3096
356.3063
356.3022
356.2955
356.5011
356.4981
356.4946
356.4902
356.4828
356.7965
356.7934
356.7901
356.7862
356.7815
356.773
357.1847
357.1814
357.1779
357.1742
357.1699
357.1646
357.1547
357.5762
357.5727
357.5691
357.5653
357.5613
357.5568
357.551
357.5398
357.903
357.8996
357.8959
357.8922
357.8882
357.8841
357.8793
357.8732
357.8608
358.1321
358.1281
358.1246
358.1209
358.1172
358.1131
358.1089
358.1039
358.0977
358.0844
358.2455
358.2415
358.2381
358.2343
358.2306
358.2265
358.2222
358.2173
358.2109
358.243
358.239
358.2356
358.2318
358.2281
358.2241
358.2198
358.2149
358.1245
358.1205
358.1171
358.1134
358.1098
358.1058
358.1016
357.8942
357.8904
357.887
357.8834
357.8798
357.8759
357.5657
357.5621
357.5587
357.5552
357.5517
357.1728
357.1693
357.1659
357.1624
356.7832
356.7798
356.7764
356.4861
356.4827
356.2926
356.151
356.1471
356.1411
356.2008
356.1975
356.1935
356.1873
356.3104
356.3075
356.3041
356.2999
356.2932
356.502
356.499
356.4959
356.4923
356.4879
356.4805
356.7973
356.7944
356.7912
356.7878
356.7839
356.7791
356.7705
357.1856
357.1823
357.179
357.1755
357.1717
357.1675
357.1621
357.1522
357.5771
357.5737
357.5702
357.5666
357.5628
357.5588
357.5543
357.5485
357.5373
357.9043
357.9005
357.897
357.8933
357.8897
357.8857
357.8816
357.8768
357.8708
357.8584
358.1295
358.1256
358.1221
358.1184
358.1147
358.1107
358.1064
358.1015
358.0953
358.243
358.239
358.2356
358.2318
358.2281
358.2241
358.2198
358.2149
358.2405
358.2365
358.2331
358.2294
358.2257
358.2217
358.2175
358.122
358.1181
358.1147
358.111
358.1074
358.1034
357.8917
357.8879
357.8846
357.8809
357.8774
357.5632
357.5596
357.5562
357.5527
357.1703
357.1667
357.1634
356.7806
356.7771
356.4834
356.1521
356.1489
356.1449
356.1389
356.2015
356.1986
356.1953
356.1913
356.185
356.3112
356.3083
356.3053
356.3019
356.2977
356.2909
356.5027
356.4999
356.4969
356.4937
356.4901
356.4856
356.478
356.7981
356.7952
356.7922
356.7889
356.7855
356.7815
356.7766
356.7679
357.1864
357.1833
357.1799
357.1766
357.173
357.1693
357.165
357.1596
357.1497
357.5783
357.5746
357.5712
357.5677
357.5641
357.5603
357.5563
357.5518
357.546
357.5348
357.9018
357.8979
357.8945
357.8908
357.8872
357.8833
357.8791
357.8744
357.8684
358.127
358.123
358.1196
358.1159
358.1122
358.1082
358.104
358.0991
358.2405
358.2365
358.2331
358.2294
358.2257
358.2217
358.2175
358.238
358.234
358.2306
358.2269
358.2233
358.2193
358.1195
358.1156
358.1122
358.1086
358.105
357.8892
357.8854
357.8821
357.8785
357.5607
357.5571
357.5537
357.1677
357.1641
356.778
356.1529
356.15
356.1467
356.1427
356.1366
356.2022
356.1994
356.1964
356.1931
356.189
356.1827
356.3118
356.3091
356.3062
356.3031
356.2996
356.2953
356.2885
356.5034
356.5006
356.4977
356.4947
356.4914
356.4877
356.4831
356.4755
356.7988
356.796
356.7929
356.7899
356.7866
356.783
356.779
356.774
356.7653
357.1874
357.184
357.1809
357.1775
357.1742
357.1706
357.1668
357.1624
357.157
357.1471
357.5757
357.5721
357.5687
357.5652
357.5616
357.5578
357.5538
357.5493
357.5435
357.8992
357.8954
357.892
357.8883
357.8847
357.8808
357.8767
357.8719
358.1245
358.1205
358.1171
358.1134
358.1098
358.1058
358.1016
358.238
358.234
358.2306
358.2269
358.2233
358.2193
358.2355
358.2316
358.2282
358.2245
358.2209
358.117
358.1132
358.1098
358.1062
357.8868
357.883
357.8797
357.5583
357.5546
357.1651
356.1535
356.1507
356.1478
356.1445
356.1404
356.1343
356.2028
356.2001
356.1972
356.1942
356.1908
356.1867
356.1803
356.3124
356.3097
356.3069
356.3039
356.3008
356.2973
356.2929
356.2861
356.504
356.5013
356.4984
356.4955
356.4924
356.489
356.4853
356.4806
356.473
356.7997
356.7966
356.7937
356.7907
356.7875
356.7842
356.7806
356.7765
356.7714
356.7627
357.1851
357.1816
357.1785
357.1751
357.1717
357.1681
357.1642
357.1599
357.1545
357.5732
357.5696
357.5662
357.5627
357.5591
357.5553
357.5514
357.5468
357.8967
357.8929
357.8895
357.8859
357.8823
357.8784
357.8743
358.122
358.1181
358.1147
358.111
358.1074
358.1034
358.2355
358.2316
358.2282
358.2245
358.2209
358.2331
358.2292
358.2258
358.2222
358.1146
358.1107
358.1074
357.8843
357.8806
357.5558
356.1541
356.1514
356.1485
356.1455
356.1422
356.1381
356.1319
356.2034
356.2007
356.1979
356.195
356.1919
356.1885
356.1843
356.1779
356.313
356.3103
356.3075
356.3047
356.3017
356.2985
356.2949
356.2905
356.2835
356.5047
356.5019
356.4991
356.4962
356.4932
356.49
356.4866
356.4828
356.4781
356.4703
356.7975
356.7944
356.7915
356.7883
356.7851
356.7817
356.778
356.7739
356.7688
357.1827
357.1792
357.176
357.1726
357.1692
357.1655
357.1617
357.1573
357.5707
357.5671
357.5637
357.5602
357.5567
357.5528
357.5489
357.8942
357.8904
357.887
357.8834
357.8798
357.8759
358.1195
358.1156
358.1122
358.1086
358.105
358.2331
358.2292
358.2258
358.2222
358.2307
358.2268
358.2234
358.1122
358.1083
357.8819
356.1547
356.1519
356.1492
356.1463
356.1433
356.1399
356.1357
356.1295
356.2039
356.2013
356.1985
356.1957
356.1927
356.1896
356.1861
356.1819
356.1754
356.3136
356.3109
356.3082
356.3053
356.3024
356.2993
356.2961
356.2924
356.2879
356.2809
356.5026
356.4997
356.4969
356.4939
356.4908
356.4876
356.4841
356.4802
356.4754
356.7953
356.7921
356.7891
356.7859
356.7826
356.7791
356.7754
356.7712
357.1802
357.1768
357.1735
357.1701
357.1667
357.163
357.1591
357.5682
357.5646
357.5612
357.5577
357.5542
357.5503
357.8917
357.8879
357.8846
357.8809
357.8774
358.117
358.1132
358.1098
358.1062
358.2307
358.2268
358.2234
358.2283
358.2244
358.1098
356.1552
356.1525
356.1498
356.147
356.144
356.1409
356.1375
356.1333
356.127
356.2045
356.2018
356.1991
356.1963
356.1934
356.1904
356.1872
356.1837
356.1794
356.1728
356.3115
356.3087
356.3059
356.303
356.3001
356.2969
356.2936
356.2899
356.2854
356.5005
356.4975
356.4946
356.4915
356.4884
356.4851
356.4815
356.4776
356.793
356.7898
356.7867
356.7834
356.7801
356.7765
356.7728
357.1778
357.1743
357.171
357.1676
357.1641
357.1604
357.5657
357.5621
357.5587
357.5552
357.5517
357.8892
357.8854
357.8821
357.8785
358.1146
358.1107
358.1074
358.2283
358.2244
358.2259
356.1558
356.153
356.1503
356.1475
356.1447
356.1417
356.1386
356.1351
356.1308
356.1245
356.2024
356.1996
356.1969
356.194
356.1911
356.188
356.1848
356.1812
356.1768
356.3094
356.3065
356.3037
356.3007
356.2977
356.2945
356.2911
356.2873
356.4982
356.4952
356.4922
356.4891
356.4859
356.4825
356.4789
356.7907
356.7874
356.7842
356.7809
356.7775
356.7739
357.1753
357.1718
357.1685
357.165
357.1615
357.5632
357.5596
357.5562
357.5527
357.8868
357.883
357.8797
358.1122
358.1083
358.2259
356.1536
356.1508
356.1481
356.1452
356.1424
356.1393
356.1361
356.1326
356.1283
356.2002
356.1974
356.1946
356.1917
356.1887
356.1856
356.1823
356.1786
356.3072
356.3042
356.3013
356.2983
356.2952
356.2919
356.2885
356.4959
356.4928
356.4898
356.4866
356.4833
356.4799
356.7883
356.7849
356.7817
356.7783
356.7748
357.1728
357.1693
357.1659
357.1624
357.5607
357.5571
357.5537
357.8843
357.8806
358.1098
356.1514
356.1486
356.1458
356.1429
356.14
356.1369
356.1337
356.1301
356.198
356.1951
356.1923
356.1893
356.1863
356.1831
356.1798
356.3049
356.3019
356.2989
356.2958
356.2927
356.2894
356.4936
356.4904
356.4873
356.484
356.4807
356.7858
356.7824
356.7791
356.7756
357.1703
357.1667
357.1634
357.5583
357.5546
357.8819
356.1492
356.1463
356.1435
356.1405
356.1376
356.1344
356.1311
356.1957
356.1928
356.1899
356.1869
356.1838
356.1806
356.3025
356.2995
356.2965
356.2933
356.2901
356.4911
356.4879
356.4847
356.4814
356.7832
356.7798
356.7764
357.1677
357.1641
357.5558
356.1469
356.144
356.1411
356.1381
356.1351
356.1319
356.1934
356.1904
356.1874
356.1844
356.1812
356.3001
356.297
356.2939
356.2907
356.4886
356.4853
356.4821
356.7806
356.7771
357.1651
356.1446
356.1416
356.1387
356.1356
356.1326
356.191
356.188
356.1849
356.1818
356.2977
356.2945
356.2913
356.4861
356.4827
356.778
356.1422
356.1392
356.1362
356.1331
356.1886
356.1855
356.1824
356.2952
356.2919
356.4834
356.1398
356.1367
356.1337
356.1861
356.1829
356.2926
356.1373
356.1342
356.1835
356.1348
)
;

boundaryField
{
    electrolyteSides
    {
        type            zeroGradient;
    }
    electrolyte_to_fuel
    {
        type            zeroGradient;
    }
    electrolyte_to_air
    {
        type            zeroGradient;
    }
    procBoundary1to0
    {
        type            processor;
        value           uniform 356.15;
    }
    procBoundary1to2
    {
        type            processor;
        value           uniform 356.15;
    }
}
)

// processor2

18305
(dimensions      [0 0 0 1 0 0 0];

internalField   nonuniform List<scalar> 
2000
(
356.1565
356.2053
356.157
356.1543
356.3145
356.2058
356.2032
356.1574
356.1548
356.1521
356.5058
356.3151
356.3124
356.2063
356.2037
356.201
356.1579
356.1553
356.1527
356.1499
356.8011
356.5064
356.5037
356.3155
356.313
356.3103
356.2067
356.2041
356.2015
356.1988
356.1583
356.1557
356.1531
356.1504
356.1476
357.1892
356.8017
356.7989
356.5069
356.5043
356.5016
356.316
356.3134
356.3108
356.3081
356.2071
356.2046
356.202
356.1993
356.1965
356.1587
356.1561
356.1535
356.1508
356.1481
356.1453
357.5805
357.19
357.1869
356.8023
356.7996
356.7967
356.5074
356.5048
356.5022
356.4993
356.3164
356.3139
356.3113
356.3086
356.3058
356.2076
356.205
356.2024
356.1997
356.197
356.1942
356.1591
356.1566
356.1539
356.1513
356.1486
356.1458
356.1429
357.907
357.5813
357.578
357.1905
357.1876
357.1845
356.8028
356.8001
356.7974
356.7944
356.5078
356.5053
356.5026
356.4999
356.497
356.3169
356.3143
356.3117
356.309
356.3063
356.3034
356.208
356.2055
356.2028
356.2002
356.1974
356.1947
356.1918
356.1596
356.157
356.1544
356.1517
356.149
356.1462
356.1434
356.1405
358.135
357.9078
357.9044
357.5819
357.5788
357.5755
357.1911
357.1882
357.1852
357.182
356.8033
356.8006
356.7979
356.7951
356.7921
356.5083
356.5057
356.5031
356.5004
356.4976
356.4947
356.3174
356.3148
356.3122
356.3095
356.3068
356.304
356.301
356.2085
356.2059
356.2033
356.2006
356.1979
356.1951
356.1923
356.1893
356.16
356.1574
356.1548
356.1521
356.1494
356.1467
356.1438
356.141
356.138
358.2512
358.1359
358.1325
357.9085
357.9053
357.9019
357.5825
357.5794
357.5763
357.573
357.1916
357.1887
357.1858
357.1828
357.1796
356.8038
356.8011
356.7984
356.7956
356.7927
356.7896
356.5088
356.5062
356.5036
356.5009
356.4981
356.4953
356.4922
356.3178
356.3153
356.3126
356.31
356.3072
356.3044
356.3016
356.2986
356.2089
356.2063
356.2037
356.2011
356.1983
356.1956
356.1927
356.1899
356.1869
356.1604
356.1578
356.1552
356.1526
356.1498
356.1471
356.1443
356.1414
356.1385
356.1355
358.2512
358.2521
358.2486
358.1366
358.1334
358.1299
357.9091
357.9059
357.9027
357.8994
357.5831
357.58
357.5769
357.5738
357.5705
357.1922
357.1893
357.1863
357.1833
357.1803
357.1771
356.8043
356.8017
356.7989
356.7961
356.7932
356.7903
356.7872
356.5093
356.5067
356.5041
356.5014
356.4986
356.4957
356.4928
356.4897
356.3183
356.3157
356.3131
356.3104
356.3077
356.3049
356.302
356.2991
356.296
356.2094
356.2068
356.2042
356.2015
356.1988
356.196
356.1932
356.1903
356.1874
356.1843
356.1583
356.1556
356.153
356.1503
356.1475
356.1447
356.1419
356.1389
356.136
358.135
358.2521
358.2486
358.2528
358.2496
358.2461
358.1373
358.134
358.1308
358.1274
357.9097
357.9066
357.9034
357.9002
357.8968
357.5837
357.5806
357.5775
357.5744
357.5713
357.568
357.1928
357.1898
357.1869
357.1839
357.1809
357.1779
357.1746
356.8049
356.8021
356.7994
356.7966
356.7938
356.7908
356.7878
356.7846
356.5098
356.5072
356.5045
356.5019
356.4991
356.4962
356.4933
356.4903
356.4872
356.3187
356.3162
356.3136
356.3109
356.3081
356.3053
356.3025
356.2996
356.2966
356.2934
356.2072
356.2046
356.2019
356.1992
356.1964
356.1936
356.1907
356.1878
356.1848
356.1561
356.1534
356.1507
356.1479
356.1451
356.1423
356.1394
356.1364
357.907
358.1359
358.1325
358.2528
358.2496
358.2461
358.2535
358.2502
358.247
358.2436
358.1379
358.1347
358.1315
358.1283
358.1249
357.9104
357.9072
357.904
357.9008
357.8977
357.8943
357.5843
357.5812
357.5781
357.575
357.5719
357.5688
357.5655
357.1933
357.1904
357.1874
357.1844
357.1815
357.1784
357.1753
357.1721
356.8053
356.8027
356.7999
356.7971
356.7943
356.7914
356.7883
356.7853
356.782
356.5103
356.5077
356.505
356.5023
356.4996
356.4967
356.4938
356.4908
356.4878
356.4845
356.3166
356.314
356.3113
356.3086
356.3058
356.3029
356.3
356.297
356.294
356.205
356.2023
356.1996
356.1969
356.194
356.1912
356.1882
356.1852
356.1539
356.1511
356.1484
356.1455
356.1427
356.1398
356.1368
357.5805
357.9078
357.9044
358.1366
358.1334
358.1299
358.2535
358.2502
358.247
358.2436
358.2541
358.2509
358.2477
358.2445
358.2411
358.1385
358.1353
358.1321
358.1289
358.1258
358.1224
357.9109
357.9078
357.9046
357.9015
357.8983
357.8952
357.8919
357.5849
357.5818
357.5787
357.5756
357.5725
357.5694
357.5663
357.563
357.1939
357.191
357.188
357.185
357.182
357.179
357.1759
357.1728
357.1695
356.8059
356.8032
356.8005
356.7976
356.7948
356.7918
356.7889
356.7858
356.7827
356.7794
356.5082
356.5055
356.5028
356.5
356.4972
356.4943
356.4913
356.4882
356.4851
356.3145
356.3118
356.309
356.3062
356.3034
356.3005
356.2975
356.2944
356.2028
356.2001
356.1973
356.1945
356.1916
356.1887
356.1857
356.1516
356.1488
356.146
356.1431
356.1402
356.1373
357.1892
357.5813
357.578
357.9085
357.9053
357.9019
358.1373
358.134
358.1308
358.1274
358.2541
358.2509
358.2477
358.2445
358.2411
358.2547
358.2515
358.2484
358.2452
358.242
358.2386
358.1391
358.1359
358.1327
358.1296
358.1264
358.1233
358.12
357.9116
357.9084
357.9052
357.9021
357.899
357.8958
357.8927
357.8894
357.5855
357.5824
357.5793
357.5762
357.5731
357.57
357.5669
357.5638
357.5605
357.1945
357.1915
357.1886
357.1856
357.1826
357.1795
357.1765
357.1734
357.1703
357.1669
356.8037
356.801
356.7982
356.7953
356.7924
356.7894
356.7863
356.7832
356.78
356.506
356.5033
356.5005
356.4977
356.4948
356.4918
356.4887
356.4856
356.3122
356.3095
356.3067
356.3038
356.3009
356.2979
356.2949
356.2005
356.1977
356.1949
356.192
356.1891
356.1861
356.1492
356.1464
356.1436
356.1406
356.1377
356.8011
357.19
357.1869
357.5819
357.5788
357.5755
357.9091
357.9059
357.9027
357.8994
358.1379
358.1347
358.1315
358.1283
358.1249
358.2547
358.2515
358.2484
358.2452
358.242
358.2386
358.2553
358.2522
358.249
358.2458
358.2427
358.2395
358.2362
358.1398
358.1365
358.1334
358.1302
358.1271
358.124
358.1209
358.1175
357.9122
357.909
357.9058
357.9027
357.8996
357.8965
357.8934
357.8903
357.887
357.5861
357.583
357.5799
357.5767
357.5737
357.5706
357.5675
357.5644
357.5613
357.558
357.1921
357.1891
357.1861
357.1831
357.1801
357.177
357.174
357.1708
357.1677
356.8015
356.7987
356.7958
356.7929
356.7899
356.7868
356.7837
356.7805
356.5038
356.501
356.4982
356.4952
356.4922
356.4892
356.4861
356.31
356.3071
356.3043
356.3014
356.2984
356.2953
356.1982
356.1953
356.1925
356.1895
356.1866
356.1468
356.144
356.1411
356.1381
356.5058
356.8017
356.7989
357.1905
357.1876
357.1845
357.5825
357.5794
357.5763
357.573
357.9097
357.9066
357.9034
357.9002
357.8968
358.1385
358.1353
358.1321
358.1289
358.1258
358.1224
358.2553
358.2522
358.249
358.2458
358.2427
358.2395
358.2362
358.256
358.2528
358.2496
358.2464
358.2433
358.2402
358.2371
358.2337
358.1404
358.1372
358.134
358.1309
358.1277
358.1246
358.1215
358.1184
358.1151
357.9129
357.9096
357.9065
357.9033
357.9002
357.8971
357.894
357.8909
357.8878
357.8845
357.5836
357.5804
357.5774
357.5742
357.5712
357.5681
357.565
357.5619
357.5588
357.1897
357.1867
357.1837
357.1806
357.1776
357.1745
357.1714
357.1682
356.7992
356.7963
356.7934
356.7904
356.7874
356.7842
356.7811
356.5015
356.4986
356.4957
356.4927
356.4897
356.4865
356.3076
356.3047
356.3018
356.2988
356.2958
356.1958
356.1929
356.19
356.187
356.1444
356.1415
356.1385
356.3145
356.5064
356.5037
356.8023
356.7996
356.7967
357.1911
357.1882
357.1852
357.182
357.5831
357.58
357.5769
357.5738
357.5705
357.9104
357.9072
357.904
357.9008
357.8977
357.8943
358.1391
358.1359
358.1327
358.1296
358.1264
358.1233
358.12
358.256
358.2528
358.2496
358.2464
358.2433
358.2402
358.2371
358.2337
358.2566
358.2534
358.2502
358.2471
358.2439
358.2409
358.2377
358.2347
358.2313
358.1411
358.1378
358.1347
358.1315
358.1284
358.1252
358.1222
358.1191
358.116
358.1127
357.9103
357.9071
357.904
357.9008
357.8977
357.8946
357.8916
357.8884
357.8854
357.5811
357.5779
357.5749
357.5717
357.5687
357.5656
357.5625
357.5594
357.1873
357.1842
357.1812
357.1781
357.1751
357.1719
357.1688
356.7969
356.7939
356.7909
356.7879
356.7848
356.7815
356.4991
356.4962
356.4932
356.4901
356.487
356.3052
356.3023
356.2993
356.2962
356.1934
356.1904
356.1874
356.1419
356.139
356.2053
356.3151
356.3124
356.5069
356.5043
356.5016
356.8028
356.8001
356.7973
356.7944
357.1916
357.1887
357.1858
357.1828
357.1796
357.5837
357.5806
357.5775
357.5744
357.5713
357.568
357.9109
357.9078
357.9046
357.9015
357.8983
357.8952
357.8919
358.1398
358.1365
358.1334
358.1302
358.1271
358.124
358.1209
358.1175
358.2566
358.2534
358.2502
358.2471
358.2439
358.2409
358.2377
358.2347
358.2313
358.2574
358.254
358.2509
358.2477
358.2446
358.2415
358.2384
358.2353
358.2323
358.229
358.1386
358.1353
358.1321
358.129
358.1259
358.1228
358.1197
358.1166
358.1136
357.9078
357.9045
357.9014
357.8983
357.8952
357.8921
357.8891
357.886
357.5786
357.5754
357.5724
357.5692
357.5662
357.5631
357.56
357.1848
357.1817
357.1787
357.1756
357.1725
357.1693
356.7945
356.7914
356.7884
356.7852
356.7821
356.4967
356.4937
356.4906
356.4875
356.3027
356.2997
356.2967
356.1909
356.1878
356.1394
356.1565
356.2058
356.2032
356.3155
356.313
356.3103
356.5074
356.5048
356.5022
356.4993
356.8033
356.8006
356.7979
356.7951
356.7921
357.1922
357.1893
357.1863
357.1833
357.1803
357.1771
357.5843
357.5812
357.5781
357.575
357.5719
357.5688
357.5655
357.9116
357.9084
357.9052
357.9021
357.899
357.8958
357.8927
357.8894
358.1404
358.1372
358.134
358.1309
358.1277
358.1246
358.1215
358.1184
358.1151
358.2574
358.254
358.2509
358.2477
358.2446
358.2415
358.2384
358.2353
358.2323
358.229
358.2548
358.2515
358.2484
358.2452
358.2421
358.239
358.236
358.2329
358.2299
358.136
358.1327
358.1296
358.1265
358.1234
358.1203
358.1173
358.1142
357.9053
357.902
357.8989
357.8958
357.8928
357.8897
357.8867
357.5761
357.5729
357.5699
357.5667
357.5637
357.5606
357.1824
357.1792
357.1762
357.173
357.1699
356.792
356.7889
356.7858
356.7826
356.4942
356.4911
356.488
356.3002
356.2971
356.1883
356.157
356.1543
356.2063
356.2037
356.201
356.316
356.3134
356.3108
356.3081
356.5078
356.5053
356.5026
356.4999
356.497
356.8038
356.8011
356.7984
356.7956
356.7927
356.7896
357.1928
357.1898
357.1869
357.1839
357.1809
357.1778
357.1746
357.5849
357.5818
357.5787
357.5756
357.5725
357.5694
357.5663
357.563
357.9122
357.909
357.9058
357.9027
357.8996
357.8965
357.8934
357.8903
357.887
358.1411
358.1378
358.1347
358.1315
358.1284
358.1252
358.1222
358.1191
358.116
358.1127
358.2548
358.2515
358.2484
358.2452
358.2421
358.239
358.236
358.2329
358.2299
358.2523
358.249
358.2459
358.2427
358.2397
358.2366
358.2336
358.2305
358.1335
358.1302
358.1271
358.124
358.121
358.1179
358.1149
357.9028
357.8995
357.8965
357.8934
357.8903
357.8872
357.5736
357.5704
357.5674
357.5642
357.5612
357.1799
357.1767
357.1736
357.1704
356.7894
356.7863
356.7831
356.4916
356.4884
356.2976
356.1574
356.1548
356.1521
356.2067
356.2041
356.2015
356.1988
356.3164
356.3139
356.3113
356.3086
356.3058
356.5083
356.5057
356.5031
356.5004
356.4976
356.4947
356.8043
356.8017
356.7989
356.7961
356.7932
356.7903
356.7872
357.1933
357.1904
357.1874
357.1844
357.1815
357.1784
357.1753
357.1721
357.5855
357.5824
357.5793
357.5762
357.5731
357.57
357.5669
357.5638
357.5605
357.9129
357.9096
357.9065
357.9033
357.9002
357.8971
357.894
357.8909
357.8878
357.8845
358.1386
358.1353
358.1321
358.129
358.1259
358.1228
358.1197
358.1166
358.1136
358.2523
358.249
358.2459
358.2427
358.2397
358.2366
358.2336
358.2305
358.2498
358.2465
358.2434
358.2403
358.2373
358.2342
358.2312
358.131
358.1277
358.1247
358.1216
358.1186
358.1155
357.9003
357.8971
357.894
357.8909
357.8879
357.5711
357.5679
357.5649
357.5617
357.1773
357.1741
357.171
356.7868
356.7836
356.489
356.1578
356.1553
356.1527
356.1499
356.2071
356.2046
356.202
356.1993
356.1965
356.3169
356.3143
356.3117
356.309
356.3063
356.3034
356.5088
356.5062
356.5036
356.5009
356.4981
356.4953
356.4922
356.8049
356.8022
356.7994
356.7966
356.7938
356.7908
356.7878
356.7846
357.1939
357.191
357.188
357.185
357.182
357.179
357.1759
357.1728
357.1695
357.5862
357.5829
357.5799
357.5768
357.5737
357.5706
357.5675
357.5644
357.5613
357.558
357.9103
357.9071
357.904
357.9008
357.8977
357.8946
357.8916
357.8884
357.8854
358.136
358.1327
358.1296
358.1265
358.1234
358.1203
358.1173
358.1142
358.2498
358.2465
358.2434
358.2403
358.2373
358.2342
358.2312
358.2473
358.244
358.241
358.2379
358.2349
358.2318
358.1285
358.1253
358.1222
358.1192
358.1162
357.8978
357.8946
357.8916
357.8885
357.5686
357.5654
357.5624
357.1748
357.1716
356.7842
356.1583
356.1557
356.1531
356.1504
356.1476
356.2076
356.205
356.2024
356.1997
356.197
356.1942
356.3174
356.3148
356.3122
356.3095
356.3068
356.304
356.301
356.5093
356.5067
356.5041
356.5014
356.4986
356.4957
356.4928
356.4897
356.8053
356.8027
356.7999
356.7971
356.7943
356.7914
356.7883
356.7853
356.782
357.1945
357.1915
357.1886
357.1856
357.1826
357.1795
357.1765
357.1734
357.1703
357.1669
357.5836
357.5804
357.5774
357.5742
357.5712
357.5681
357.565
357.5619
357.5588
357.9078
357.9045
357.9014
357.8983
357.8952
357.8921
357.8891
357.886
358.1335
358.1302
358.1271
358.124
358.121
358.1179
358.1149
358.2473
358.244
358.241
358.2379
358.2349
358.2318
358.2448
358.2416
358.2385
358.2355
358.2325
358.126
358.1228
358.1198
358.1168
357.8953
357.8921
357.8891
357.5661
357.5629
357.1722
356.1587
356.1561
356.1535
356.1508
356.1481
356.1453
356.208
356.2055
356.2028
356.2002
356.1974
356.1947
356.1918
356.3178
356.3153
356.3126
356.3099
356.3072
356.3044
356.3016
356.2986
356.5098
356.5072
356.5045
356.5019
356.4991
356.4962
356.4933
356.4903
356.4872
356.8059
356.8032
356.8005
356.7976
356.7948
356.7918
356.7889
356.7858
356.7827
356.7794
357.1921
357.1891
357.1861
357.1831
357.1801
357.177
357.174
357.1708
357.1677
357.5811
357.5779
357.5749
357.5717
357.5687
357.5656
357.5625
357.5594
357.9053
357.902
357.8989
357.8958
357.8928
357.8897
357.8867
358.131
358.1277
358.1247
358.1216
358.1186
358.1155
358.2448
358.2416
358.2385
358.2355
358.2325
358.2423
358.2391
358.2361
358.2331
358.1236
358.1204
358.1174
357.8929
357.8897
357.5636
356.1591
356.1566
356.1539
356.1513
356.1486
356.1458
356.1429
356.2085
356.2059
356.2033
356.2006
356.1979
356.1951
356.1923
356.1893
356.3183
356.3157
356.3131
356.3104
356.3077
356.3049
356.302
356.2991
356.296
356.5103
356.5077
356.505
356.5023
356.4996
356.4967
356.4938
356.4908
356.4878
356.4845
356.8038
356.801
356.7982
356.7953
356.7924
356.7894
356.7863
356.7832
356.78
357.1897
357.1867
357.1837
357.1806
357.1776
357.1745
357.1714
357.1682
357.5786
357.5754
357.5724
357.5692
357.5662
357.5631
357.56
357.9028
357.8995
357.8965
357.8934
357.8903
357.8872
358.1285
358.1253
358.1222
358.1192
358.1162
358.2423
358.2391
358.2361
358.2331
358.2399
358.2367
358.2338
358.1212
358.118
357.8904
356.1596
356.157
356.1544
356.1517
356.149
356.1462
356.1434
356.1405
356.2089
356.2063
356.2037
356.201
356.1983
356.1956
356.1927
356.1899
356.1869
356.3188
356.3162
356.3136
356.3109
356.3081
356.3053
356.3025
356.2996
356.2966
356.2934
356.5082
356.5055
356.5028
356.5
356.4972
356.4943
356.4913
356.4882
356.4851
356.8015
356.7987
356.7958
356.7929
356.7899
356.7868
356.7837
356.7805
357.1873
357.1842
357.1812
357.1781
357.1751
357.1719
357.1688
357.5761
357.5729
357.5699
357.5667
357.5637
357.5606
357.9003
357.8971
357.894
357.8909
357.8879
358.126
358.1228
358.1198
358.1168
358.2399
358.2367
358.2338
358.2375
358.2344
358.1188
356.16
356.1574
356.1548
356.1521
356.1494
356.1467
356.1438
356.141
356.138
356.2094
356.2068
356.2042
356.2015
356.1988
356.196
356.1932
356.1903
356.1874
356.1843
356.3166
356.314
356.3113
356.3086
356.3058
356.3029
356.3
356.297
356.294
356.506
356.5033
356.5005
356.4977
356.4948
356.4918
356.4887
356.4856
356.7992
356.7963
356.7934
356.7904
356.7874
356.7842
356.7811
357.1849
357.1817
357.1787
357.1756
357.1725
357.1693
357.5736
357.5704
357.5674
357.5642
357.5612
357.8978
357.8946
357.8916
357.8885
358.1236
358.1204
358.1174
358.2375
358.2344
358.2351
356.1604
356.1578
356.1552
356.1526
356.1498
356.1471
356.1443
356.1414
356.1385
356.1355
356.2072
356.2046
356.2019
356.1992
356.1964
356.1936
356.1907
356.1878
356.1848
356.3145
356.3118
356.309
356.3062
356.3034
356.3005
356.2975
356.2944
356.5038
356.501
356.4981
356.4952
356.4922
356.4892
356.4861
356.7969
356.7939
356.7909
356.7879
356.7848
356.7815
357.1824
357.1792
357.1762
357.173
357.1699
357.5711
357.5679
357.5649
357.5617
357.8953
357.8921
357.8891
358.1212
358.118
358.2351
356.1583
356.1556
356.153
356.1503
356.1475
356.1447
356.1418
356.1389
356.136
356.205
356.2023
356.1996
356.1969
356.194
356.1912
356.1882
356.1852
356.3123
356.3095
356.3067
356.3038
356.3009
356.2979
356.2949
356.5015
356.4986
356.4957
356.4927
356.4897
356.4865
356.7945
356.7914
356.7884
356.7852
356.7821
357.1799
357.1767
357.1736
357.1704
357.5686
357.5654
357.5624
357.8929
357.8897
358.1188
356.1561
356.1534
356.1507
356.1479
356.1451
356.1423
356.1394
356.1364
356.2028
356.2001
356.1973
356.1945
356.1916
356.1887
356.1857
356.31
356.3071
356.3043
356.3014
356.2984
356.2953
356.4991
356.4962
356.4932
356.4901
356.487
356.792
356.7889
356.7858
356.7826
357.1773
357.1741
357.171
357.5661
357.5629
357.8904
356.1539
356.1511
356.1484
356.1456
356.1427
356.1398
356.1368
356.2005
356.1977
356.1949
356.192
356.1891
356.1861
356.3076
356.3047
356.3018
356.2988
356.2958
356.4967
356.4937
356.4906
356.4875
356.7895
356.7863
356.7831
357.1748
357.1716
357.5636
356.1516
356.1488
356.146
356.1431
356.1402
356.1373
356.1982
356.1953
356.1925
356.1895
356.1866
356.3052
356.3023
356.2993
356.2962
356.4942
356.4911
356.488
356.7868
356.7836
357.1722
356.1492
356.1464
356.1436
356.1406
356.1377
356.1958
356.1929
356.19
356.187
356.3028
356.2997
356.2967
356.4916
356.4884
356.7842
356.1469
356.144
356.1411
356.1381
356.1934
356.1904
356.1874
356.3002
356.2971
356.489
356.1444
356.1415
356.1385
356.1909
356.1878
356.2976
356.1419
356.139
356.1883
356.1394
)
;

boundaryField
{
    electrolyteSides
    {
        type            zeroGradient;
    }
    electrolyte_to_fuel
    {
        type            zeroGradient;
    }
    electrolyte_to_air
    {
        type            zeroGradient;
    }
    procBoundary2to1
    {
        type            processor;
        value           uniform 356.15;
    }
    procBoundary2to3
    {
        type            processor;
        value           uniform 356.15;
    }
}
)

// processor3

18228
(dimensions      [0 0 0 1 0 0 0];

internalField   nonuniform List<scalar> 
2000
(
356.1609
356.2098
356.1613
356.1587
356.3192
356.2102
356.2077
356.1617
356.1592
356.1565
356.5108
356.3197
356.3171
356.2106
356.2081
356.2055
356.1621
356.1595
356.157
356.1543
356.8065
356.5113
356.5087
356.3201
356.3176
356.3149
356.2111
356.2085
356.2059
356.2032
356.1625
356.16
356.1574
356.1547
356.152
357.1951
356.807
356.8043
356.5117
356.5092
356.5065
356.3205
356.318
356.3154
356.3127
356.2115
356.209
356.2063
356.2037
356.201
356.163
356.1604
356.1578
356.1551
356.1524
356.1497
357.5868
357.1957
357.1927
356.8074
356.8048
356.8021
356.5122
356.5096
356.507
356.5043
356.3209
356.3184
356.3158
356.3132
356.3104
356.2119
356.2094
356.2068
356.2041
356.2014
356.1986
356.1634
356.1608
356.1582
356.1556
356.1528
356.1501
356.1473
357.9136
357.5874
357.5843
357.1961
357.1933
357.1903
356.808
356.8053
356.8026
356.7998
356.5126
356.5101
356.5074
356.5048
356.502
356.3214
356.3188
356.3163
356.3136
356.3109
356.3081
356.2123
356.2098
356.2072
356.2045
356.2018
356.1991
356.1962
356.1638
356.1612
356.1586
356.1559
356.1533
356.1505
356.1477
356.1448
358.1419
357.9142
357.9111
357.5879
357.5849
357.5818
357.1967
357.1938
357.1909
357.1879
356.8084
356.8058
356.803
356.8003
356.7974
356.5131
356.5105
356.5079
356.5052
356.5025
356.4996
356.3218
356.3193
356.3167
356.314
356.3113
356.3085
356.3057
356.2128
356.2102
356.2076
356.2049
356.2023
356.1995
356.1967
356.1938
356.1641
356.1616
356.159
356.1564
356.1536
356.1509
356.1481
356.1453
356.1424
358.2582
358.1425
358.1393
357.9148
357.9117
357.9085
357.5885
357.5854
357.5824
357.5793
357.1972
357.1943
357.1914
357.1885
357.1855
356.8089
356.8062
356.8036
356.8007
356.7979
356.795
356.5135
356.511
356.5083
356.5057
356.5029
356.5001
356.4972
356.3223
356.3197
356.3171
356.3144
356.3118
356.3089
356.3061
356.3032
356.2131
356.2106
356.208
356.2054
356.2026
356.1999
356.1971
356.1942
356.1913
356.1645
356.162
356.1594
356.1568
356.1541
356.1513
356.1485
356.1457
356.1428
356.1398
358.2582
358.2588
358.2556
358.1431
358.14
358.1368
357.9154
357.9122
357.9091
357.906
357.589
357.586
357.5829
357.5799
357.5768
357.1978
357.1948
357.1919
357.1889
357.186
357.183
356.8094
356.8068
356.804
356.8013
356.7984
356.7955
356.7925
356.514
356.5114
356.5088
356.5061
356.5034
356.5005
356.4977
356.4947
356.3226
356.3202
356.3175
356.3149
356.3122
356.3094
356.3065
356.3037
356.3007
356.2135
356.211
356.2085
356.2058
356.2031
356.2003
356.1975
356.1946
356.1917
356.1887
356.1623
356.1598
356.1572
356.1545
356.1517
356.1489
356.1461
356.1432
356.1403
358.1419
358.2588
358.2556
358.2593
358.2562
358.2531
358.1437
358.1405
358.1374
358.1342
357.9159
357.9128
357.9097
357.9066
357.9035
357.5897
357.5865
357.5835
357.5804
357.5774
357.5743
357.1983
357.1954
357.1924
357.1895
357.1865
357.1835
357.1805
356.8099
356.8072
356.8045
356.8017
356.7989
356.796
356.7931
356.79
356.5144
356.5119
356.5092
356.5066
356.5038
356.501
356.4981
356.4952
356.4921
356.3231
356.3205
356.318
356.3153
356.3126
356.3098
356.307
356.3041
356.3011
356.2981
356.2113
356.2088
356.2062
356.2035
356.2007
356.1979
356.1951
356.1921
356.1892
356.1601
356.1575
356.1549
356.1521
356.1494
356.1465
356.1436
356.1407
357.9136
358.1425
358.1393
358.2593
358.2562
358.2531
358.26
358.2568
358.2537
358.2505
358.1442
358.1411
358.1379
358.1349
358.1317
357.9166
357.9134
357.9103
357.9071
357.9041
357.901
357.5902
357.5871
357.584
357.581
357.5779
357.5749
357.5718
357.1988
357.1959
357.193
357.19
357.1871
357.184
357.181
357.1779
356.8103
356.8077
356.805
356.8022
356.7994
356.7965
356.7935
356.7905
356.7874
356.5149
356.5123
356.5097
356.507
356.5043
356.5014
356.4986
356.4956
356.4926
356.4894
356.321
356.3183
356.3158
356.313
356.3103
356.3074
356.3045
356.3015
356.2985
356.2092
356.2065
356.2039
356.2011
356.1984
356.1955
356.1926
356.1896
356.1579
356.1552
356.1526
356.1497
356.1469
356.144
356.1411
357.5868
357.9143
357.9111
358.1431
358.14
358.1368
358.26
358.2568
358.2537
358.2505
358.2605
358.2574
358.2542
358.2512
358.248
358.1449
358.1417
358.1386
358.1354
358.1324
358.1293
357.9171
357.914
357.9108
357.9078
357.9046
357.9016
357.8985
357.5908
357.5877
357.5846
357.5815
357.5785
357.5754
357.5724
357.5693
357.1993
357.1965
357.1935
357.1906
357.1875
357.1846
357.1815
357.1785
357.1754
356.811
356.8082
356.8055
356.8027
356.7999
356.7969
356.794
356.791
356.7879
356.7847
356.5128
356.5101
356.5075
356.5047
356.5019
356.499
356.4961
356.493
356.4899
356.3188
356.3161
356.3135
356.3107
356.3079
356.3049
356.302
356.2989
356.2069
356.2043
356.2016
356.1987
356.1959
356.193
356.19
356.1556
356.1529
356.1502
356.1473
356.1444
356.1415
357.1951
357.5874
357.5843
357.9148
357.9117
357.9085
358.1437
358.1405
358.1374
358.1342
358.2605
358.2574
358.2542
358.2512
358.248
358.2612
358.258
358.2549
358.2517
358.2487
358.2456
358.1455
358.1423
358.1391
358.1361
358.1329
358.1299
358.1268
357.9178
357.9146
357.9115
357.9083
357.9053
357.9021
357.8991
357.896
357.5914
357.5883
357.5851
357.5821
357.579
357.576
357.5729
357.5699
357.5668
357.2001
357.197
357.1941
357.191
357.1881
357.1851
357.1821
357.179
357.1759
357.1728
356.8088
356.8059
356.8032
356.8003
356.7975
356.7945
356.7915
356.7883
356.7852
356.5106
356.5079
356.5052
356.5023
356.4995
356.4965
356.4935
356.4904
356.3166
356.3138
356.3111
356.3082
356.3054
356.3024
356.2994
356.2046
356.2019
356.1992
356.1963
356.1934
356.1904
356.1532
356.1505
356.1478
356.1448
356.1419
356.8065
357.1957
357.1927
357.5879
357.5849
357.5818
357.9154
357.9122
357.9091
357.906
358.1442
358.1411
358.1379
358.1349
358.1317
358.2612
358.258
358.2549
358.2517
358.2487
358.2456
358.2618
358.2587
358.2554
358.2524
358.2492
358.2462
358.2431
358.1462
358.1429
358.1398
358.1366
358.1336
358.1304
358.1274
358.1244
357.9184
357.9152
357.912
357.9089
357.9058
357.9028
357.8996
357.8967
357.8936
357.5923
357.5888
357.5858
357.5826
357.5796
357.5765
357.5735
357.5704
357.5674
357.5643
357.1978
357.1946
357.1916
357.1886
357.1856
357.1826
357.1795
357.1764
357.1733
356.8066
356.8037
356.8009
356.7979
356.795
356.7919
356.7889
356.7857
356.5084
356.5056
356.5028
356.4999
356.497
356.4939
356.4908
356.3143
356.3115
356.3087
356.3058
356.3029
356.2998
356.2023
356.1995
356.1967
356.1938
356.1909
356.1508
356.1481
356.1453
356.1423
356.5108
356.807
356.8043
357.1961
357.1933
357.1903
357.5885
357.5854
357.5824
357.5793
357.9159
357.9128
357.9097
357.9066
357.9035
358.1449
358.1417
358.1386
358.1354
358.1324
358.1293
358.2618
358.2587
358.2554
358.2524
358.2492
358.2462
358.2431
358.2625
358.2592
358.2561
358.2529
358.2499
358.2467
358.2438
358.2407
358.1468
358.1436
358.1403
358.1373
358.1341
358.1311
358.128
358.125
358.1219
357.9195
357.9158
357.9127
357.9095
357.9064
357.9033
357.9003
357.8972
357.8942
357.8912
357.5898
357.5863
357.5833
357.5801
357.5771
357.574
357.571
357.5679
357.5649
357.1954
357.1921
357.1892
357.1861
357.1831
357.18
357.177
357.1738
356.8043
356.8013
356.7985
356.7954
356.7925
356.7893
356.7862
356.5061
356.5032
356.5004
356.4974
356.4944
356.4913
356.3119
356.3091
356.3063
356.3032
356.3003
356.1999
356.1971
356.1942
356.1912
356.1484
356.1456
356.1427
356.3192
356.5113
356.5087
356.8074
356.8048
356.8021
357.1967
357.1938
357.1909
357.1879
357.589
357.586
357.5829
357.5799
357.5768
357.9166
357.9134
357.9103
357.9071
357.9041
357.901
358.1455
358.1423
358.1391
358.1361
358.1329
358.1299
358.1268
358.2625
358.2592
358.2561
358.2529
358.2499
358.2467
358.2438
358.2407
358.2631
358.2599
358.2567
358.2536
358.2504
358.2474
358.2443
358.2413
358.2383
358.1479
358.1442
358.141
358.1378
358.1348
358.1316
358.1286
358.1255
358.1226
358.1196
357.9169
357.9133
357.9102
357.907
357.9039
357.9008
357.8978
357.8947
357.8918
357.5873
357.5838
357.5808
357.5776
357.5746
357.5715
357.5685
357.5654
357.1929
357.1897
357.1867
357.1836
357.1806
357.1775
357.1744
356.8019
356.7989
356.796
356.7929
356.7898
356.7866
356.5037
356.5008
356.4979
356.4948
356.4917
356.3095
356.3066
356.3037
356.3007
356.1974
356.1946
356.1917
356.1459
356.1431
356.2098
356.3197
356.3171
356.5117
356.5092
356.5065
356.808
356.8053
356.8026
356.7998
357.1972
357.1943
357.1914
357.1885
357.1855
357.5897
357.5865
357.5835
357.5804
357.5774
357.5743
357.9171
357.914
357.9108
357.9078
357.9046
357.9016
357.8985
358.1462
358.1429
358.1398
358.1366
358.1336
358.1304
358.1274
358.1244
358.2631
358.2599
358.2567
358.2536
358.2504
358.2474
358.2443
358.2413
358.2383
358.2643
358.2605
358.2574
358.2541
358.2511
358.2479
358.245
358.2419
358.2389
358.2359
358.1454
358.1417
358.1385
358.1353
358.1323
358.1292
358.1262
358.1231
358.1202
357.9144
357.9107
357.9077
357.9045
357.9015
357.8984
357.8954
357.8923
357.5848
357.5813
357.5783
357.5751
357.5721
357.569
357.566
357.1905
357.1872
357.1842
357.1811
357.178
357.1749
356.7995
356.7964
356.7934
356.7903
356.7872
356.5013
356.4983
356.4953
356.4921
356.307
356.3041
356.3011
356.1949
356.192
356.1434
356.1609
356.2103
356.2077
356.3201
356.3176
356.3149
356.5122
356.5096
356.507
356.5043
356.8084
356.8058
356.803
356.8003
356.7974
357.1978
357.1948
357.1919
357.1889
357.186
357.183
357.5902
357.5871
357.584
357.581
357.5779
357.5749
357.5718
357.9178
357.9146
357.9115
357.9083
357.9053
357.9021
357.8991
357.896
358.1468
358.1436
358.1403
358.1373
358.1341
358.1311
358.128
358.125
358.122
358.2643
358.2605
358.2574
358.2541
358.2511
358.2479
358.245
358.2419
358.2389
358.2359
358.2617
358.258
358.2549
358.2517
358.2486
358.2455
358.2425
358.2395
358.2366
358.1428
358.1391
358.136
358.1328
358.1298
358.1267
358.1238
358.1207
357.9118
357.9082
357.9052
357.902
357.899
357.8959
357.8929
357.5823
357.5788
357.5758
357.5726
357.5696
357.5665
357.188
357.1847
357.1817
357.1785
357.1754
356.7971
356.7939
356.7908
356.7876
356.4988
356.4957
356.4927
356.3045
356.3015
356.1924
356.1613
356.1587
356.2106
356.2081
356.2055
356.3205
356.318
356.3154
356.3127
356.5126
356.5101
356.5074
356.5048
356.502
356.8089
356.8062
356.8036
356.8007
356.798
356.795
357.1982
357.1954
357.1924
357.1895
357.1865
357.1835
357.1805
357.5908
357.5877
357.5846
357.5815
357.5785
357.5754
357.5724
357.5693
357.9184
357.9152
357.912
357.9089
357.9058
357.9028
357.8996
357.8967
357.8936
358.1479
358.1442
358.141
358.1378
358.1348
358.1316
358.1286
358.1255
358.1226
358.1196
358.2617
358.258
358.2549
358.2517
358.2486
358.2455
358.2425
358.2395
358.2366
358.2592
358.2555
358.2524
358.2492
358.2462
358.2431
358.2401
358.2371
358.1403
358.1366
358.1335
358.1304
358.1274
358.1243
358.1214
357.9093
357.9057
357.9027
357.8995
357.8965
357.8935
357.5798
357.5763
357.5733
357.5701
357.5671
357.1855
357.1822
357.1791
357.1759
356.7945
356.7912
356.7881
356.4962
356.493
356.3019
356.1617
356.1592
356.1565
356.2111
356.2085
356.2059
356.2032
356.3209
356.3184
356.3158
356.3132
356.3104
356.5131
356.5105
356.5079
356.5052
356.5025
356.4996
356.8094
356.8068
356.804
356.8013
356.7984
356.7955
356.7925
357.1989
357.1959
357.193
357.19
357.1871
357.184
357.181
357.1779
357.5913
357.5883
357.5851
357.5821
357.579
357.576
357.5729
357.5699
357.5668
357.9194
357.9158
357.9127
357.9095
357.9064
357.9033
357.9003
357.8972
357.8942
357.8912
358.1454
358.1417
358.1385
358.1353
358.1323
358.1292
358.1262
358.1231
358.1202
358.2592
358.2555
358.2524
358.2492
358.2462
358.2431
358.2401
358.2371
358.2567
358.253
358.2499
358.2467
358.2438
358.2407
358.2377
358.1378
358.1341
358.1311
358.1279
358.125
358.1219
357.9068
357.9033
357.9002
357.8971
357.8941
357.5773
357.5738
357.5708
357.5676
357.183
357.1796
357.1765
356.7919
356.7886
356.4936
356.1621
356.1596
356.157
356.1543
356.2115
356.209
356.2063
356.2037
356.201
356.3214
356.3188
356.3163
356.3136
356.3109
356.3081
356.5135
356.511
356.5083
356.5057
356.5029
356.5001
356.4972
356.8099
356.8072
356.8045
356.8017
356.7989
356.796
356.7931
356.79
357.1993
357.1965
357.1935
357.1906
357.1875
357.1846
357.1815
357.1785
357.1754
357.5923
357.5888
357.5858
357.5826
357.5796
357.5765
357.5735
357.5704
357.5674
357.5643
357.9169
357.9133
357.9102
357.907
357.9039
357.9008
357.8978
357.8947
357.8918
358.1428
358.1391
358.136
358.1328
358.1298
358.1267
358.1238
358.1207
358.2567
358.253
358.2499
358.2467
358.2438
358.2407
358.2377
358.2542
358.2505
358.2474
358.2443
358.2414
358.2383
358.1353
358.1317
358.1286
358.1255
358.1226
357.9043
357.9008
357.8978
357.8946
357.5748
357.5713
357.5683
357.1804
357.177
356.7892
356.1625
356.16
356.1574
356.1547
356.152
356.2119
356.2093
356.2068
356.2041
356.2014
356.1986
356.3218
356.3193
356.3167
356.314
356.3113
356.3085
356.3057
356.514
356.5114
356.5088
356.5061
356.5034
356.5005
356.4977
356.4947
356.8103
356.8077
356.805
356.8022
356.7994
356.7965
356.7935
356.7905
356.7874
357.2001
357.1969
357.1941
357.191
357.1881
357.1851
357.1821
357.179
357.1759
357.1728
357.5898
357.5863
357.5833
357.5801
357.5771
357.574
357.571
357.5679
357.5649
357.9143
357.9107
357.9077
357.9045
357.9015
357.8983
357.8954
357.8923
358.1403
358.1366
358.1335
358.1304
358.1274
358.1243
358.1214
358.2542
358.2505
358.2474
358.2443
358.2413
358.2383
358.2517
358.2481
358.245
358.2419
358.239
358.1329
358.1292
358.1262
358.1231
357.9019
357.8983
357.8953
357.5723
357.5688
357.1778
356.163
356.1604
356.1578
356.1551
356.1524
356.1497
356.2123
356.2098
356.2072
356.2045
356.2018
356.1991
356.1962
356.3223
356.3197
356.3171
356.3144
356.3118
356.3089
356.3061
356.3032
356.5144
356.5119
356.5092
356.5066
356.5038
356.501
356.4981
356.4952
356.4921
356.811
356.8082
356.8055
356.8027
356.7999
356.7969
356.794
356.791
356.7879
356.7847
357.1977
357.1945
357.1916
357.1886
357.1856
357.1826
357.1795
357.1764
357.1734
357.5873
357.5838
357.5808
357.5776
357.5746
357.5715
357.5685
357.5654
357.9118
357.9082
357.9052
357.902
357.899
357.8959
357.8929
358.1378
358.1341
358.1311
358.1279
358.125
358.1219
358.2517
358.2481
358.245
358.2419
358.239
358.2493
358.2456
358.2426
358.2395
358.1304
358.1268
358.1238
357.8994
357.8959
357.5698
356.1633
356.1608
356.1582
356.1556
356.1528
356.1501
356.1473
356.2128
356.2102
356.2076
356.2049
356.2023
356.1995
356.1967
356.1938
356.3226
356.3202
356.3175
356.3149
356.3121
356.3094
356.3065
356.3037
356.3007
356.5149
356.5123
356.5097
356.507
356.5043
356.5014
356.4986
356.4956
356.4926
356.4894
356.8088
356.8059
356.8032
356.8003
356.7975
356.7945
356.7915
356.7883
356.7852
357.1953
357.1921
357.1892
357.1861
357.1831
357.18
357.177
357.1738
357.5848
357.5813
357.5783
357.5751
357.5721
357.569
357.566
357.9093
357.9057
357.9027
357.8995
357.8965
357.8935
358.1353
358.1317
358.1286
358.1255
358.1226
358.2493
358.2456
358.2426
358.2395
358.2468
358.2432
358.2402
358.128
358.1244
357.897
356.1638
356.1612
356.1586
356.1559
356.1533
356.1505
356.1477
356.1448
356.2131
356.2106
356.208
356.2054
356.2026
356.1999
356.1971
356.1942
356.1913
356.3231
356.3205
356.318
356.3153
356.3126
356.3098
356.307
356.3041
356.3011
356.2981
356.5128
356.5101
356.5075
356.5047
356.5019
356.499
356.4961
356.493
356.4899
356.8066
356.8036
356.8009
356.7979
356.795
356.7919
356.7889
356.7857
357.1929
357.1897
357.1867
357.1836
357.1806
357.1775
357.1744
357.5823
357.5788
357.5758
357.5726
357.5696
357.5665
357.9068
357.9032
357.9002
357.8971
357.8941
358.1328
358.1292
358.1262
358.1231
358.2468
358.2432
358.2402
358.2444
358.2409
358.1256
356.1641
356.1616
356.159
356.1564
356.1536
356.1509
356.1481
356.1453
356.1424
356.2135
356.211
356.2085
356.2057
356.2031
356.2003
356.1975
356.1946
356.1918
356.1887
356.3209
356.3183
356.3158
356.313
356.3103
356.3074
356.3045
356.3015
356.2985
356.5106
356.5079
356.5052
356.5023
356.4995
356.4965
356.4935
356.4904
356.8043
356.8013
356.7985
356.7954
356.7924
356.7893
356.7862
357.1905
357.1872
357.1842
357.1811
357.178
357.1749
357.5798
357.5763
357.5733
357.5701
357.5671
357.9043
357.9008
357.8978
357.8946
358.1304
358.1268
358.1238
358.2444
358.2409
358.2421
356.1644
356.162
356.1594
356.1567
356.1541
356.1513
356.1485
356.1457
356.1428
356.1398
356.2113
356.2088
356.2062
356.2035
356.2007
356.1979
356.1951
356.1921
356.1892
356.3188
356.3161
356.3135
356.3106
356.3079
356.3049
356.302
356.2989
356.5084
356.5056
356.5028
356.4999
356.497
356.4939
356.4908
356.8019
356.7989
356.796
356.7929
356.7898
356.7866
357.188
357.1847
357.1817
357.1785
357.1754
357.5773
357.5738
357.5708
357.5676
357.9019
357.8983
357.8953
358.128
358.1244
358.2421
356.1623
356.1598
356.1572
356.1545
356.1517
356.1489
356.1461
356.1432
356.1403
356.2091
356.2065
356.2039
356.2011
356.1983
356.1955
356.1926
356.1896
356.3165
356.3138
356.3111
356.3082
356.3054
356.3024
356.2994
356.5061
356.5032
356.5004
356.4974
356.4944
356.4912
356.7995
356.7964
356.7934
356.7903
356.7872
357.1855
357.1821
357.1791
357.1759
357.5748
357.5713
357.5683
357.8994
357.8959
358.1256
356.1601
356.1575
356.1549
356.1521
356.1494
356.1465
356.1436
356.1407
356.2069
356.2042
356.2016
356.1987
356.1959
356.193
356.19
356.3143
356.3115
356.3087
356.3058
356.3029
356.2998
356.5037
356.5008
356.4979
356.4948
356.4917
356.797
356.7938
356.7908
356.7876
357.1829
357.1796
357.1765
357.5723
357.5688
357.897
356.1578
356.1552
356.1526
356.1497
356.1469
356.144
356.1411
356.2046
356.2019
356.1992
356.1963
356.1934
356.1904
356.3119
356.3091
356.3063
356.3032
356.3003
356.5013
356.4983
356.4953
356.4921
356.7945
356.7912
356.7881
357.1804
357.177
357.5698
356.1555
356.1529
356.1502
356.1473
356.1444
356.1415
356.2023
356.1995
356.1967
356.1938
356.1909
356.3095
356.3066
356.3037
356.3006
356.4988
356.4957
356.4927
356.7919
356.7886
357.1778
356.1532
356.1505
356.1478
356.1448
356.1419
356.1999
356.1971
356.1942
356.1912
356.307
356.3041
356.3011
356.4962
356.493
356.7892
356.1508
356.1481
356.1453
356.1423
356.1974
356.1946
356.1917
356.3045
356.3015
356.4935
356.1484
356.1456
356.1427
356.1949
356.192
356.3019
356.1459
356.143
356.1924
356.1434
)
;

boundaryField
{
    electrolyteSides
    {
        type            zeroGradient;
    }
    electrolyte_to_fuel
    {
        type            zeroGradient;
    }
    electrolyte_to_air
    {
        type            zeroGradient;
    }
    procBoundary3to2
    {
        type            processor;
        value           uniform 356.15;
    }
}
)

// processor4

316
(dimensions      [0 0 0 1 0 0 0];

internalField   nonuniform List<scalar> 0();

boundaryField
{
    electrolyteSides
    {
        type            zeroGradient;
    }
    electrolyte_to_fuel
    {
        type            zeroGradient;
    }
    electrolyte_to_air
    {
        type            zeroGradient;
    }
}
)

// processor5

316
(dimensions      [0 0 0 1 0 0 0];

internalField   nonuniform List<scalar> 0();

boundaryField
{
    electrolyteSides
    {
        type            zeroGradient;
    }
    electrolyte_to_fuel
    {
        type            zeroGradient;
    }
    electrolyte_to_air
    {
        type            zeroGradient;
    }
}
)

// processor6

316
(dimensions      [0 0 0 1 0 0 0];

internalField   nonuniform List<scalar> 0();

boundaryField
{
    electrolyteSides
    {
        type            zeroGradient;
    }
    electrolyte_to_fuel
    {
        type            zeroGradient;
    }
    electrolyte_to_air
    {
        type            zeroGradient;
    }
}
)

// processor7

316
(dimensions      [0 0 0 1 0 0 0];

internalField   nonuniform List<scalar> 0();

boundaryField
{
    electrolyteSides
    {
        type            zeroGradient;
    }
    electrolyte_to_fuel
    {
        type            zeroGradient;
    }
    electrolyte_to_air
    {
        type            zeroGradient;
    }
}
)
