/*--------------------------------*- C++ -*----------------------------------*\
| =========                 |                                                 |
| \\      /  F ield         | OpenFOAM: The Open Source CFD Toolbox           |
|  \\    /   O peration     | Version:  2306                                  |
|   \\  /    A nd           | Website:  www.openfoam.com                      |
|    \\/     M anipulation  |                                                 |
\*---------------------------------------------------------------------------*/
FoamFile
{
    version     2.0;
    format      binary;
    arch        "LSB;label=32;scalar=64";
    class       decomposedBlockData;
    object      T;
    data.format     ascii;
    data.class      volScalarField;
}
// * * * * * * * * * * * * * * * * * * * * * * * * * * * * * * * * * * * * * //


// processor0

18416
(FoamFile
{
    version     2.0;
    format      ascii;
    arch        "LSB;label=32;scalar=64";
    class       volScalarField;
    location    "1.5/electrolyte";
    object      T;
}
dimensions      [0 0 0 1 0 0 0];

internalField   nonuniform List<scalar> 
2000
(
355.98
356.0079
356.0351
355.9778
356.0706
356.0721
356.0057
356.0713
356.0329
355.9756
356.181
356.1549
356.0684
356.1128
356.0699
356.0035
356.0939
356.0691
356.0307
355.9733
356.351
356.2998
356.1788
356.2057
356.1527
356.0662
356.138
356.1107
356.0677
356.0012
356.1087
356.0917
356.0669
356.0284
355.9709
356.5704
356.5228
356.3488
356.3681
356.2977
356.1765
356.2364
356.2036
356.1505
356.0639
356.1542
356.1358
356.1085
356.0654
355.9989
356.1194
356.1065
356.0895
356.0646
356.0261
355.9686
356.7793
356.8125
356.568
356.6178
356.5206
356.3465
356.4083
356.366
356.2955
356.1742
356.2559
356.2343
356.2014
356.1483
356.0616
356.1659
356.1521
356.1336
356.1062
356.0631
355.9965
356.1269
356.1172
356.1043
356.0873
356.0623
356.0237
355.9661
356.9427
357.0955
356.7768
356.9431
356.8102
356.5655
356.6728
356.6156
356.5184
356.3441
356.4334
356.4062
356.3638
356.2932
356.1719
356.2699
356.2537
356.2321
356.1991
356.1459
356.0592
356.1741
356.1638
356.1499
356.1314
356.1039
356.0608
355.994
356.1333
356.1247
356.115
356.1021
356.085
356.06
356.0213
355.9637
357.0505
357.323
356.9401
357.2643
357.0931
356.7743
357.0178
356.9408
356.8078
356.5631
356.7064
356.6706
356.6134
356.5161
356.3417
356.4514
356.4313
356.4041
356.3615
356.2909
356.1695
356.2795
356.2678
356.2516
356.2299
356.1968
356.1436
356.0567
356.1812
356.172
356.1616
356.1476
356.1291
356.1015
356.0583
355.9916
356.1383
356.1312
356.1226
356.1128
356.0998
356.0827
356.0576
356.0189
355.9611
357.1035
357.4768
357.048
357.5257
357.3206
356.9376
357.3605
357.2618
357.0906
356.7717
357.063
357.0155
356.9384
356.8055
356.5606
356.7304
356.7042
356.6683
356.6111
356.5137
356.3393
356.4635
356.4493
356.4291
356.4018
356.3592
356.2885
356.167
356.2879
356.2774
356.2656
356.2493
356.2276
356.1945
356.1411
356.0542
356.1865
356.179
356.1698
356.1594
356.1454
356.1267
356.0991
356.0559
355.989
356.1453
356.1362
356.129
356.1203
356.1105
356.0975
356.0803
356.0551
356.0164
355.9586
357.1035
357.5535
357.1009
357.7044
357.4744
357.0454
357.6414
357.5233
357.3182
356.935
357.4184
357.358
357.2594
357.0882
356.7692
357.0953
357.0607
357.0131
356.936
356.803
356.5581
356.7464
356.7283
356.702
356.6661
356.6088
356.5113
356.3368
356.4742
356.4614
356.4471
356.4269
356.3995
356.3568
356.286
356.1645
356.2939
356.2858
356.2753
356.2634
356.2471
356.2252
356.192
356.1386
356.0517
356.1941
356.1843
356.1769
356.1676
356.1571
356.143
356.1243
356.0967
356.0534
355.9865
356.1432
356.134
356.1268
356.1181
356.1082
356.0951
356.0778
356.0526
356.0138
357.0505
357.5535
357.1009
357.794
357.5511
357.0984
357.8345
357.7019
357.472
357.0429
357.7109
357.6389
357.5208
357.3158
356.9325
357.4597
357.4159
357.3556
357.257
357.0858
356.7667
357.1164
357.0929
357.0583
357.0107
356.9336
356.8006
356.5555
356.7606
356.7442
356.726
356.6997
356.6637
356.6063
356.5088
356.3342
356.4815
356.4721
356.4593
356.4449
356.4246
356.3971
356.3544
356.2835
356.1619
356.303
356.2918
356.2836
356.273
356.2611
356.2447
356.2228
356.1896
356.1361
356.0491
356.192
356.1822
356.1746
356.1653
356.1548
356.1406
356.1219
356.0942
356.0508
356.141
356.1318
356.1245
356.1157
356.1058
356.0926
356.0753
356.0501
356.9427
357.4768
357.048
357.794
357.5511
357.0984
357.9318
357.7916
357.5487
357.0958
357.9127
357.8321
357.6995
357.4697
357.0403
357.7605
357.7084
357.6365
357.5184
357.3134
356.9299
357.4865
357.4572
357.4134
357.3531
357.2545
357.0834
356.7641
357.1355
357.1141
357.0905
357.0559
357.0083
356.9312
356.7982
356.553
356.7698
356.7585
356.742
356.7237
356.6973
356.6613
356.6039
356.5063
356.3316
356.4929
356.4794
356.4699
356.457
356.4426
356.4222
356.3947
356.3519
356.2809
356.1593
356.3009
356.2897
356.2814
356.2708
356.2587
356.2423
356.2203
356.187
356.1335
356.1898
356.18
356.1724
356.163
356.1524
356.1382
356.1194
356.0916
356.1388
356.1295
356.1222
356.1133
356.1034
356.0901
356.0728
356.7793
357.323
356.9401
357.7044
357.4744
357.0454
357.9318
357.7916
357.5487
357.0958
358.0146
357.9294
357.7892
357.5464
357.0932
357.9687
357.9102
357.8296
357.6971
357.4673
357.0377
357.7926
357.758
357.7059
357.634
357.516
357.311
356.9273
357.5108
357.484
357.4547
357.411
357.3507
357.2521
357.081
356.7615
357.1472
357.1331
357.1117
357.0881
357.0534
357.0058
356.9287
356.7957
356.5504
356.7849
356.7676
356.7562
356.7397
356.7214
356.6949
356.6588
356.6013
356.5037
356.3289
356.4908
356.4772
356.4677
356.4547
356.4402
356.4198
356.3922
356.3493
356.2783
356.2987
356.2875
356.2791
356.2684
356.2563
356.2398
356.2178
356.1844
356.1876
356.1777
356.17
356.1606
356.1499
356.1357
356.1168
356.1365
356.1272
356.1198
356.1109
356.1009
356.0876
356.5704
357.0955
356.7768
357.5257
357.3206
356.9376
357.8345
357.7019
357.472
357.0429
358.0146
357.9294
357.7892
357.5464
357.0932
358.074
358.0122
357.927
357.7868
357.544
357.0906
358.0047
357.9662
357.9077
357.8272
357.6947
357.4649
357.0351
357.8218
357.7901
357.7555
357.7034
357.6316
357.5136
357.3086
356.9247
357.5253
357.5084
357.4815
357.4523
357.4085
357.3482
357.2497
357.0785
356.7589
357.1672
357.1448
357.1307
357.1093
357.0857
357.051
357.0033
356.9262
356.7932
356.5477
356.7828
356.7654
356.754
356.7374
356.719
356.6925
356.6563
356.5988
356.5011
356.4887
356.475
356.4654
356.4524
356.4378
356.4173
356.3896
356.3467
356.2965
356.2852
356.2768
356.266
356.2539
356.2373
356.2152
356.1854
356.1753
356.1676
356.1582
356.1474
356.1331
356.1342
356.1248
356.1174
356.1084
356.0983
356.351
356.8125
356.568
357.2643
357.0931
356.7743
357.6414
357.5233
357.3182
356.935
357.9127
357.8321
357.6995
357.4697
357.0403
358.074
358.0122
357.927
357.7868
357.544
357.0906
358.1121
358.0715
358.0097
357.9246
357.7845
357.5417
357.0881
358.0377
358.0022
357.9637
357.9053
357.8248
357.6924
357.4626
357.0326
357.8388
357.8193
357.7876
357.7531
357.701
357.6291
357.5112
357.3062
356.9222
357.5508
357.5228
357.5059
357.4791
357.4498
357.406
357.3457
357.2472
357.0761
356.7563
357.1649
357.1424
357.1283
357.1068
357.0832
357.0485
357.0008
356.9237
356.7906
356.7806
356.7631
356.7516
356.735
356.7165
356.6899
356.6537
356.5961
356.4865
356.4727
356.463
356.4499
356.4352
356.4147
356.3869
356.2943
356.2828
356.2744
356.2635
356.2513
356.2347
356.183
356.173
356.1652
356.1557
356.1449
356.1318
356.1224
356.1149
356.1059
356.181
356.5228
356.3488
356.9431
356.8102
356.5655
357.3605
357.2618
357.0906
356.7717
357.7109
357.6389
357.5208
357.3158
356.9325
357.9687
357.9102
357.8296
357.6971
357.4673
357.0377
358.1121
358.0715
358.0097
357.9246
357.7845
357.5417
357.0881
358.1471
358.1096
358.069
358.0073
357.9222
357.7821
357.5393
357.0855
358.0566
358.0352
357.9997
357.9612
357.9029
357.8224
357.69
357.4602
357.03
357.8694
357.8363
357.8168
357.7851
357.7506
357.6985
357.6267
357.5088
357.3038
356.9196
357.5483
357.5204
357.5034
357.4766
357.4473
357.4036
357.3433
357.2448
357.0737
357.1625
357.14
357.1259
357.1044
357.0807
357.046
356.9983
356.9211
356.7783
356.7608
356.7492
356.7325
356.714
356.6873
356.651
356.4842
356.4703
356.4606
356.4474
356.4327
356.412
356.2919
356.2804
356.2719
356.261
356.2487
356.1806
356.1705
356.1627
356.1531
356.1294
356.1199
356.1124
356.0706
356.2998
356.1788
356.6178
356.5206
356.3465
357.0178
356.9408
356.8078
356.5631
357.4184
357.358
357.2594
357.0882
356.7692
357.7605
357.7084
357.6365
357.5184
357.3134
356.9299
358.0047
357.9662
357.9077
357.8272
357.6947
357.4649
357.0351
358.1471
358.1096
358.069
358.0073
357.9222
357.7821
357.5393
357.0855
358.1671
358.1446
358.1071
358.0666
358.0049
357.9198
357.7798
357.537
357.0829
358.0909
358.0541
358.0327
357.9972
357.9588
357.9005
357.82
357.6877
357.4579
357.0274
357.8668
357.8338
357.8143
357.7826
357.7481
357.6961
357.6243
357.5064
357.3015
357.5459
357.5179
357.5009
357.4741
357.4448
357.4011
357.3408
357.2423
357.1601
357.1376
357.1234
357.1019
357.0782
357.0434
356.9957
356.7759
356.7584
356.7467
356.7299
356.7114
356.6846
356.4818
356.4679
356.4581
356.4448
356.43
356.2895
356.278
356.2694
356.2584
356.1782
356.168
356.1602
356.1269
356.1173
356.0079
356.1549
356.0684
356.3681
356.2977
356.1765
356.6728
356.6156
356.5184
356.3441
357.063
357.0155
356.9384
356.8055
356.5606
357.4597
357.4159
357.3556
357.257
357.0858
356.7667
357.7926
357.758
357.7059
357.634
357.516
357.311
356.9273
358.0377
358.0022
357.9637
357.9053
357.8248
357.6924
357.4626
357.0326
358.1671
358.1446
358.1071
358.0666
358.0049
357.9198
357.7798
357.537
357.0829
358.2034
358.1646
358.1422
358.1047
358.0642
358.0025
357.9174
357.7774
357.5346
357.0803
358.0884
358.0516
358.0302
357.9948
357.9564
357.8981
357.8176
357.6853
357.4555
357.8643
357.8313
357.8119
357.7802
357.7457
357.6937
357.6219
357.504
357.5434
357.5154
357.4985
357.4716
357.4424
357.3986
357.3383
357.1576
357.1351
357.1209
357.0993
357.0757
357.0408
356.7735
356.7559
356.7442
356.7273
356.7087
356.4794
356.4654
356.4555
356.4422
356.2871
356.2754
356.2668
356.1757
356.1655
356.1244
355.98
356.0721
356.0057
356.2057
356.1527
356.0662
356.4083
356.366
356.2955
356.1742
356.7064
356.6706
356.6134
356.5161
356.3417
357.0953
357.0607
357.0131
356.936
356.803
356.5581
357.4865
357.4572
357.4134
357.3531
357.2545
357.0834
356.7641
357.8218
357.7901
357.7555
357.7034
357.6316
357.5136
357.3086
356.9247
358.0566
358.0352
357.9997
357.9612
357.9029
357.8224
357.69
357.4602
357.03
358.2034
358.1646
358.1422
358.1047
358.0642
358.0025
357.9174
357.7774
357.5346
357.0803
358.2009
358.1621
358.1397
358.1023
358.0618
358.0001
357.9151
357.7751
357.5323
358.0859
358.0491
358.0278
357.9923
357.954
357.8957
357.8153
357.683
357.8618
357.8289
357.8094
357.7777
357.7433
357.6913
357.6195
357.5409
357.5129
357.496
357.4692
357.4399
357.3961
357.1552
357.1326
357.1184
357.0968
357.0731
356.771
356.7533
356.7416
356.7247
356.4769
356.4628
356.4529
356.2845
356.2728
356.1732
356.0351
355.9778
356.1128
356.0699
356.0035
356.2364
356.2036
356.1505
356.0639
356.4334
356.4062
356.3638
356.2932
356.1719
356.7304
356.7042
356.6683
356.6111
356.5137
356.3393
357.1164
357.0929
357.0583
357.0107
356.9336
356.8006
356.5555
357.5108
357.484
357.4547
357.411
357.3507
357.2521
357.081
356.7615
357.8388
357.8193
357.7876
357.7531
357.701
357.6291
357.5112
357.3062
356.9222
358.0909
358.0541
358.0327
357.9972
357.9588
357.9005
357.82
357.6876
357.4579
357.0274
358.2009
358.1621
358.1397
358.1023
358.0618
358.0001
357.9151
357.7751
357.5323
358.1984
358.1596
358.1373
358.0998
358.0594
357.9977
357.9127
357.7728
358.0834
358.0467
358.0253
357.9899
357.9516
357.8933
357.8129
357.8593
357.8264
357.807
357.7753
357.7409
357.6889
357.5384
357.5104
357.4935
357.4667
357.4374
357.1527
357.1301
357.1158
357.0942
356.7685
356.7507
356.7389
356.4743
356.4602
356.2819
356.0713
356.0329
355.9756
356.138
356.1107
356.0677
356.0012
356.2559
356.2343
356.2014
356.1483
356.0616
356.4514
356.4313
356.4041
356.3615
356.2909
356.1695
356.7464
356.7283
356.702
356.6661
356.6088
356.5113
356.3368
357.1354
357.1141
357.0905
357.0559
357.0083
356.9312
356.7982
356.553
357.5253
357.5084
357.4815
357.4523
357.4085
357.3482
357.2497
357.0785
356.7589
357.8694
357.8363
357.8168
357.7851
357.7506
357.6985
357.6267
357.5088
357.3038
356.9196
358.0884
358.0516
358.0302
357.9948
357.9564
357.8981
357.8176
357.6853
357.4555
358.1984
358.1596
358.1373
358.0998
358.0594
357.9977
357.9127
357.7728
358.1959
358.1572
358.1348
358.0974
358.057
357.9954
357.9104
358.0809
358.0442
358.0229
357.9875
357.9492
357.8909
357.8569
357.8239
357.8045
357.7729
357.7384
357.5359
357.5079
357.491
357.4642
357.1501
357.1275
357.1132
356.7659
356.7481
356.4716
356.0939
356.0691
356.0307
355.9733
356.1542
356.1358
356.1085
356.0654
355.9989
356.2699
356.2538
356.2321
356.1991
356.1459
356.0592
356.4635
356.4493
356.4291
356.4018
356.3592
356.2885
356.167
356.7606
356.7442
356.726
356.6997
356.6637
356.6063
356.5088
356.3342
357.1471
357.1331
357.1117
357.0881
357.0534
357.0058
356.9287
356.7957
356.5504
357.5508
357.5228
357.5059
357.4791
357.4498
357.406
357.3457
357.2472
357.0761
356.7563
357.8668
357.8338
357.8143
357.7826
357.7481
357.6961
357.6243
357.5064
357.3015
358.0859
358.0491
358.0278
357.9923
357.954
357.8957
357.8153
357.683
358.1959
358.1572
358.1348
358.0974
358.057
357.9954
357.9104
358.1935
358.1548
358.1324
358.0951
358.0546
357.993
358.0785
358.0418
358.0205
357.9851
357.9468
357.8544
357.8215
357.8021
357.7704
357.5334
357.5055
357.4885
357.1476
357.1249
356.7632
356.1087
356.0917
356.0669
356.0284
355.9709
356.1659
356.1521
356.1336
356.1062
356.0631
355.9965
356.2795
356.2678
356.2516
356.2299
356.1968
356.1436
356.0567
356.4742
356.4614
356.4471
356.4269
356.3995
356.3568
356.286
356.1645
356.7698
356.7585
356.742
356.7238
356.6974
356.6613
356.6039
356.5063
356.3316
357.1672
357.1448
357.1307
357.1093
357.0857
357.051
357.0033
356.9262
356.7932
356.5477
357.5483
357.5203
357.5034
357.4766
357.4473
357.4036
357.3433
357.2448
357.0737
357.8643
357.8313
357.8119
357.7802
357.7457
357.6937
357.6219
357.504
358.0834
358.0467
358.0253
357.9899
357.9516
357.8933
357.8129
358.1935
358.1548
358.1324
358.0951
358.0546
357.993
358.1911
358.1524
358.1301
358.0927
358.0523
358.0761
358.0394
358.0181
357.9828
357.852
357.8191
357.7997
357.5309
357.503
357.145
356.1194
356.1065
356.0895
356.0646
356.0261
355.9686
356.1741
356.1638
356.1499
356.1314
356.1039
356.0608
355.994
356.2879
356.2774
356.2656
356.2494
356.2276
356.1945
356.1411
356.0542
356.4815
356.4721
356.4593
356.4449
356.4246
356.3971
356.3544
356.2835
356.1619
356.7849
356.7676
356.7562
356.7397
356.7214
356.6949
356.6588
356.6013
356.5037
356.3289
357.1649
357.1424
357.1283
357.1068
357.0832
357.0485
357.0008
356.9237
356.7906
357.5459
357.5179
357.5009
357.4741
357.4448
357.4011
357.3408
357.2423
357.8618
357.8289
357.8094
357.7777
357.7433
357.6913
357.6195
358.0809
358.0442
358.0229
357.9875
357.9492
357.8909
358.1911
358.1524
358.1301
358.0927
358.0523
358.1887
358.15
358.1277
358.0904
358.0737
358.037
358.0158
357.8496
357.8167
357.5284
356.1269
356.1172
356.1043
356.0873
356.0623
356.0237
355.9661
356.1812
356.172
356.1616
356.1477
356.1291
356.1015
356.0583
355.9916
356.2939
356.2858
356.2753
356.2634
356.2471
356.2252
356.192
356.1386
356.0517
356.4929
356.4794
356.4699
356.457
356.4426
356.4222
356.3947
356.3519
356.2809
356.1593
356.7828
356.7654
356.7539
356.7374
356.719
356.6925
356.6563
356.5988
356.5011
357.1625
357.14
357.1258
357.1044
357.0807
357.046
356.9983
356.9211
357.5434
357.5154
357.4985
357.4716
357.4424
357.3986
357.3383
357.8593
357.8264
357.807
357.7753
357.7409
357.6889
358.0785
358.0418
358.0205
357.9851
357.9468
358.1887
358.15
358.1277
358.0904
358.1863
358.1476
358.1254
358.0713
358.0346
357.8471
356.1333
356.1247
356.115
356.1021
356.085
356.06
356.0213
355.9637
356.1865
356.179
356.1698
356.1594
356.1454
356.1268
356.0991
356.0559
355.989
356.303
356.2918
356.2836
356.273
356.2611
356.2447
356.2228
356.1896
356.1361
356.0491
356.4908
356.4772
356.4677
356.4547
356.4402
356.4198
356.3922
356.3493
356.2783
356.7806
356.7631
356.7516
356.735
356.7165
356.6899
356.6537
356.5961
357.1601
357.1375
357.1234
357.1019
357.0782
357.0434
356.9957
357.5409
357.5129
357.496
357.4692
357.4399
357.3961
357.8569
357.8239
357.8045
357.7729
357.7384
358.0761
358.0394
358.0181
357.9828
358.1863
358.1476
358.1254
358.1839
358.1453
358.0689
356.1383
356.1312
356.1226
356.1128
356.0998
356.0827
356.0576
356.0189
355.9611
356.1941
356.1843
356.1769
356.1676
356.1571
356.143
356.1244
356.0967
356.0534
355.9865
356.3009
356.2897
356.2814
356.2708
356.2588
356.2423
356.2203
356.187
356.1335
356.4887
356.475
356.4654
356.4524
356.4378
356.4173
356.3896
356.3467
356.7783
356.7608
356.7492
356.7325
356.714
356.6873
356.651
357.1576
357.1351
357.1209
357.0993
357.0757
357.0409
357.5384
357.5104
357.4935
357.4667
357.4374
357.8544
357.8215
357.8021
357.7704
358.0737
358.037
358.0158
358.1839
358.1453
358.1815
356.1453
356.1362
356.129
356.1203
356.1105
356.0975
356.0803
356.0551
356.0164
355.9586
356.192
356.1822
356.1746
356.1653
356.1548
356.1406
356.1219
356.0942
356.0508
356.2987
356.2875
356.2791
356.2684
356.2563
356.2398
356.2178
356.1844
356.4865
356.4727
356.463
356.4499
356.4352
356.4147
356.3869
356.7759
356.7584
356.7467
356.7299
356.7114
356.6846
357.1552
357.1326
357.1184
357.0968
357.0731
357.5359
357.5079
357.491
357.4642
357.852
357.8191
357.7997
358.0713
358.0346
358.1815
356.1432
356.134
356.1268
356.118
356.1082
356.0951
356.0778
356.0526
356.0138
356.1898
356.1799
356.1724
356.163
356.1524
356.1382
356.1194
356.0916
356.2965
356.2852
356.2768
356.266
356.2539
356.2373
356.2152
356.4842
356.4703
356.4606
356.4474
356.4327
356.412
356.7735
356.7559
356.7442
356.7273
356.7087
357.1527
357.1301
357.1158
357.0942
357.5334
357.5055
357.4885
357.8496
357.8167
358.0689
356.141
356.1317
356.1245
356.1157
356.1058
356.0926
356.0753
356.0501
356.1876
356.1777
356.17
356.1606
356.1499
356.1357
356.1168
356.2943
356.2828
356.2744
356.2635
356.2513
356.2347
356.4818
356.4679
356.4581
356.4448
356.43
356.771
356.7533
356.7416
356.7247
357.1501
357.1275
357.1132
357.5309
357.503
357.8471
356.1388
356.1295
356.1222
356.1133
356.1034
356.0901
356.0728
356.1854
356.1753
356.1676
356.1582
356.1474
356.1331
356.2919
356.2804
356.2719
356.261
356.2487
356.4794
356.4654
356.4555
356.4422
356.7685
356.7507
356.7389
357.1476
357.1249
357.5284
356.1365
356.1271
356.1198
356.1109
356.1009
356.0876
356.183
356.173
356.1652
356.1557
356.1449
356.2895
356.278
356.2694
356.2584
356.4769
356.4628
356.4529
356.7659
356.7481
357.145
356.1342
356.1248
356.1174
356.1084
356.0983
356.1806
356.1705
356.1627
356.1531
356.2871
356.2754
356.2668
356.4743
356.4602
356.7632
356.1318
356.1223
356.1149
356.1059
356.1782
356.168
356.1602
356.2845
356.2728
356.4716
356.1294
356.1199
356.1123
356.1757
356.1655
356.2819
356.1269
356.1173
356.1732
356.1244
)
;

boundaryField
{
    electrolyteSides
    {
        type            zeroGradient;
    }
    electrolyte_to_fuel
    {
        type            zeroGradient;
    }
    electrolyte_to_air
    {
        type            zeroGradient;
    }
    procBoundary0to1
    {
        type            processor;
        value           uniform 356.15;
    }
}
)

// processor1

18297
(dimensions      [0 0 0 1 0 0 0];

internalField   nonuniform List<scalar> 
2000
(
356.1566
356.2069
356.1604
356.1545
356.3191
356.2109
356.2048
356.162
356.1583
356.1523
356.5148
356.3235
356.317
356.2126
356.2088
356.2027
356.163
356.1599
356.1561
356.1501
356.8158
356.5198
356.5127
356.3253
356.3214
356.3149
356.2135
356.2105
356.2066
356.2004
356.1636
356.1608
356.1577
356.1539
356.1478
357.2105
356.8219
356.8137
356.5218
356.5178
356.5106
356.3263
356.3232
356.3192
356.3127
356.2142
356.2114
356.2083
356.2044
356.1982
356.1641
356.1615
356.1587
356.1555
356.1516
356.1455
357.608
357.2178
357.2081
356.8241
356.8197
356.8115
356.523
356.5197
356.5156
356.5084
356.327
356.3242
356.321
356.317
356.3104
356.2147
356.2121
356.2093
356.2061
356.2021
356.1958
356.1646
356.162
356.1593
356.1564
356.1532
356.1493
356.1432
357.9394
357.6166
357.6054
357.2205
357.2154
357.2057
356.8255
356.822
356.8175
356.8092
356.5238
356.5209
356.5176
356.5134
356.5061
356.3276
356.3249
356.3221
356.3188
356.3147
356.308
356.2152
356.2126
356.2099
356.207
356.2038
356.1998
356.1935
356.165
356.1624
356.1598
356.1571
356.1542
356.1509
356.1469
356.1407
358.1709
357.9493
357.9368
357.6196
357.6141
357.6029
357.222
357.2181
357.213
357.2033
356.8264
356.8233
356.8197
356.8152
356.8068
356.5244
356.5217
356.5188
356.5154
356.5111
356.5037
356.3281
356.3255
356.3228
356.3198
356.3165
356.3124
356.3056
356.2157
356.2131
356.2105
356.2077
356.2048
356.2015
356.1974
356.191
356.1655
356.1629
356.1603
356.1576
356.1548
356.1519
356.1485
356.1445
356.1382
358.2888
358.1817
358.1683
357.9527
357.9467
357.9343
357.6215
357.6171
357.6116
357.6004
357.2231
357.2196
357.2157
357.2106
357.2008
356.8271
356.8242
356.8211
356.8174
356.8128
356.8044
356.525
356.5224
356.5196
356.5165
356.5131
356.5087
356.5012
356.3286
356.326
356.3234
356.3206
356.3176
356.3142
356.31
356.3032
356.2161
356.2136
356.2109
356.2082
356.2054
356.2025
356.1991
356.195
356.1885
356.1659
356.1633
356.1607
356.158
356.1553
356.1525
356.1495
356.1461
356.142
356.1357
358.2888
358.3001
358.2862
358.1853
358.1791
358.1657
357.9547
357.9501
357.9441
357.9317
357.6227
357.6189
357.6146
357.609
357.5978
357.224
357.2207
357.2172
357.2132
357.2081
357.1983
356.8278
356.825
356.822
356.8188
356.8151
356.8104
356.8019
356.5255
356.5229
356.5202
356.5173
356.5142
356.5107
356.5063
356.4987
356.3291
356.3265
356.3238
356.3211
356.3183
356.3152
356.3118
356.3075
356.3006
356.2166
356.214
356.2114
356.2087
356.206
356.2031
356.2001
356.1967
356.1925
356.186
356.1638
356.1612
356.1585
356.1558
356.153
356.1501
356.1471
356.1436
356.1395
358.1709
358.3001
358.2862
358.3038
358.2975
358.2836
358.1875
358.1827
358.1765
358.1632
357.9561
357.9521
357.9475
357.9416
357.9292
357.6238
357.6202
357.6164
357.612
357.6065
357.5953
357.2247
357.2216
357.2183
357.2148
357.2107
357.2056
357.1958
356.8284
356.8256
356.8228
356.8197
356.8164
356.8127
356.8079
356.7993
356.526
356.5234
356.5207
356.518
356.515
356.5119
356.5083
356.5038
356.4961
356.3296
356.327
356.3244
356.3216
356.3189
356.316
356.3128
356.3093
356.305
356.298
356.2145
356.2118
356.2092
356.2064
356.2036
356.2007
356.1976
356.1942
356.1899
356.1616
356.159
356.1562
356.1535
356.1506
356.1477
356.1446
356.1411
357.9394
358.1817
358.1683
358.3038
358.2975
358.2836
358.3061
358.3012
358.2949
358.2811
358.189
358.1849
358.1801
358.174
358.1606
357.9573
357.9535
357.9495
357.945
357.939
357.9266
357.6245
357.6212
357.6177
357.6139
357.6095
357.604
357.5928
357.2254
357.2223
357.2192
357.2159
357.2123
357.2083
357.2031
357.1932
356.8289
356.8262
356.8234
356.8205
356.8174
356.814
356.8102
356.8053
356.7967
356.5266
356.5239
356.5213
356.5185
356.5157
356.5127
356.5094
356.5058
356.5012
356.4935
356.3275
356.3248
356.3221
356.3194
356.3165
356.3135
356.3104
356.3068
356.3024
356.2123
356.2096
356.2069
356.2041
356.2013
356.1983
356.1951
356.1916
356.1594
356.1567
356.1539
356.1511
356.1482
356.1452
356.142
357.608
357.9493
357.9368
358.1853
358.1791
358.1657
358.3061
358.3012
358.2949
358.2811
358.3077
358.3035
358.2986
358.2923
358.2785
358.1903
358.1864
358.1823
358.1776
358.1714
358.1581
357.9582
357.9547
357.951
357.947
357.9424
357.9365
357.9241
357.6254
357.622
357.6187
357.6151
357.6113
357.607
357.6014
357.5903
357.226
357.223
357.2199
357.2168
357.2134
357.2098
357.2057
357.2005
357.1907
356.8296
356.8267
356.824
356.8211
356.8181
356.8149
356.8115
356.8076
356.8027
356.794
356.5245
356.5218
356.5191
356.5162
356.5133
356.5102
356.5069
356.5032
356.4985
356.3253
356.3226
356.3199
356.317
356.3141
356.3111
356.3078
356.3042
356.2101
356.2074
356.2046
356.2017
356.1988
356.1958
356.1926
356.1572
356.1544
356.1516
356.1487
356.1457
356.1427
357.2105
357.6166
357.6054
357.9527
357.9467
357.9343
358.1875
358.1827
358.1765
358.1632
358.3077
358.3035
358.2986
358.2923
358.2785
358.309
358.3051
358.3009
358.2961
358.2898
358.276
358.1912
358.1877
358.1838
358.1798
358.175
358.1689
358.1556
357.959
357.9556
357.9521
357.9484
357.9444
357.9399
357.934
357.9216
357.626
357.6228
357.6195
357.6162
357.6126
357.6088
357.6045
357.5989
357.5877
357.2268
357.2236
357.2206
357.2175
357.2143
357.2109
357.2073
357.2032
357.1979
357.188
356.8274
356.8245
356.8217
356.8187
356.8157
356.8124
356.809
356.805
356.8
356.5224
356.5195
356.5168
356.5138
356.5109
356.5077
356.5043
356.5005
356.3231
356.3203
356.3175
356.3146
356.3117
356.3086
356.3052
356.2078
356.205
356.2022
356.1993
356.1963
356.1933
356.1548
356.152
356.1491
356.1462
356.1432
356.8158
357.2178
357.2081
357.6196
357.6141
357.6029
357.9547
357.9501
357.9441
357.9317
358.189
358.1849
358.1801
358.174
358.1606
358.309
358.3051
358.3009
358.2961
358.2898
358.276
358.31
358.3064
358.3025
358.2984
358.2936
358.2873
358.2735
358.1922
358.1886
358.1851
358.1813
358.1772
358.1725
358.1664
358.1531
357.9597
357.9565
357.953
357.9496
357.9459
357.9419
357.9374
357.9315
357.9192
357.6269
357.6234
357.6203
357.617
357.6136
357.6101
357.6063
357.6019
357.5964
357.5852
357.2244
357.2212
357.2182
357.215
357.2118
357.2084
357.2047
357.2006
357.1953
356.8252
356.8222
356.8193
356.8163
356.8132
356.8099
356.8063
356.8023
356.5201
356.5172
356.5144
356.5114
356.5084
356.5051
356.5017
356.3209
356.318
356.3151
356.3121
356.3091
356.306
356.2055
356.2027
356.1998
356.1968
356.1938
356.1525
356.1496
356.1467
356.1437
356.5148
356.8219
356.8137
357.2205
357.2154
357.2057
357.6215
357.6171
357.6116
357.6004
357.9561
357.9521
357.9475
357.9416
357.9292
358.1903
358.1864
358.1823
358.1776
358.1714
358.1581
358.31
358.3064
358.3025
358.2984
358.2936
358.2873
358.2735
358.3109
358.3074
358.3038
358.2999
358.2958
358.291
358.2848
358.2711
358.1929
358.1896
358.186
358.1825
358.1787
358.1747
358.17
358.1639
358.1507
357.9607
357.9571
357.9539
357.9504
357.947
357.9433
357.9394
357.9349
357.929
357.9167
357.6244
357.6209
357.6178
357.6144
357.6111
357.6075
357.6038
357.5994
357.5938
357.222
357.2187
357.2157
357.2125
357.2093
357.2058
357.2022
357.198
356.8229
356.8199
356.8169
356.8138
356.8106
356.8073
356.8036
356.5178
356.5149
356.512
356.5089
356.5058
356.5025
356.3185
356.3156
356.3127
356.3096
356.3065
356.2031
356.2002
356.1973
356.1942
356.15
356.1471
356.1441
356.3191
356.5198
356.5127
356.8241
356.8197
356.8115
357.222
357.2181
357.213
357.2033
357.6227
357.6189
357.6146
357.609
357.5978
357.9573
357.9535
357.9495
357.945
357.939
357.9266
358.1912
358.1877
358.1838
358.1798
358.175
358.1689
358.1556
358.3109
358.3074
358.3038
358.2999
358.2958
358.291
358.2848
358.2711
358.3116
358.3083
358.3048
358.3012
358.2974
358.2933
358.2886
358.2824
358.2686
358.194
358.1903
358.187
358.1835
358.18
358.1762
358.1722
358.1675
358.1615
358.1483
357.9582
357.9546
357.9513
357.9479
357.9445
357.9408
357.9369
357.9324
357.9266
357.6218
357.6184
357.6152
357.6119
357.6086
357.605
357.6012
357.5969
357.2196
357.2163
357.2132
357.21
357.2067
357.2032
357.1995
356.8205
356.8174
356.8144
356.8112
356.808
356.8046
356.5155
356.5124
356.5094
356.5063
356.5031
356.3161
356.3131
356.3101
356.307
356.2007
356.1977
356.1947
356.1476
356.1446
356.2069
356.3235
356.317
356.5218
356.5178
356.5106
356.8255
356.822
356.8175
356.8092
357.2231
357.2196
357.2157
357.2106
357.2008
357.6238
357.6202
357.6164
357.612
357.6065
357.5953
357.9582
357.9547
357.951
357.947
357.9424
357.9365
357.9241
358.1922
358.1886
358.1851
358.1813
358.1772
358.1725
358.1664
358.1531
358.3116
358.3083
358.3048
358.3012
358.2974
358.2933
358.2886
358.2824
358.2686
358.3128
358.309
358.3058
358.3022
358.2987
358.2949
358.2908
358.2861
358.2799
358.2662
358.1914
358.1877
358.1844
358.1809
358.1775
358.1737
358.1697
358.1651
358.159
357.9556
357.952
357.9488
357.9454
357.942
357.9383
357.9344
357.9299
357.6193
357.6159
357.6127
357.6094
357.606
357.6025
357.5987
357.2171
357.2138
357.2107
357.2074
357.2041
357.2006
356.8181
356.8149
356.8119
356.8086
356.8053
356.513
356.5099
356.5069
356.5036
356.3136
356.3106
356.3075
356.1982
356.1952
356.145
356.1566
356.2109
356.2048
356.3253
356.3214
356.3149
356.523
356.5197
356.5156
356.5084
356.8264
356.8233
356.8197
356.8152
356.8068
357.224
357.2207
357.2172
357.2132
357.2081
357.1983
357.6245
357.6212
357.6177
357.6139
357.6095
357.604
357.5928
357.959
357.9556
357.9521
357.9484
357.9444
357.9399
357.934
357.9216
358.1929
358.1896
358.186
358.1825
358.1787
358.1747
358.17
358.1639
358.1507
358.3128
358.309
358.3058
358.3022
358.2987
358.2949
358.2908
358.2861
358.2799
358.2662
358.3102
358.3065
358.3032
358.2997
358.2962
358.2924
358.2884
358.2837
358.2775
358.1888
358.1851
358.1819
358.1784
358.175
358.1713
358.1673
358.1626
357.953
357.9495
357.9463
357.9429
357.9395
357.9358
357.9319
357.6168
357.6133
357.6102
357.6068
357.6035
357.6
357.2146
357.2113
357.2081
357.2048
357.2015
356.8156
356.8124
356.8092
356.8059
356.5105
356.5073
356.5042
356.3111
356.308
356.1957
356.1604
356.1545
356.2126
356.2088
356.2027
356.3263
356.3232
356.3192
356.3127
356.5238
356.5209
356.5176
356.5134
356.5061
356.8271
356.8242
356.8211
356.8174
356.8128
356.8044
357.2247
357.2216
357.2183
357.2148
357.2107
357.2056
357.1958
357.6254
357.622
357.6187
357.6151
357.6113
357.607
357.6014
357.5903
357.9597
357.9565
357.953
357.9496
357.9459
357.9419
357.9374
357.9315
357.9192
358.194
358.1903
358.187
358.1835
358.18
358.1762
358.1722
358.1675
358.1615
358.1483
358.3102
358.3065
358.3032
358.2997
358.2962
358.2924
358.2884
358.2837
358.2775
358.3076
358.3039
358.3007
358.2972
358.2937
358.29
358.2859
358.2812
358.1862
358.1826
358.1794
358.1759
358.1725
358.1688
358.1648
357.9505
357.9469
357.9438
357.9404
357.937
357.9334
357.6143
357.6108
357.6077
357.6043
357.601
357.2121
357.2087
357.2055
357.2022
356.8131
356.8098
356.8065
356.5079
356.5047
356.3085
356.162
356.1583
356.1523
356.2135
356.2105
356.2066
356.2004
356.327
356.3242
356.321
356.317
356.3104
356.5244
356.5217
356.5188
356.5154
356.5111
356.5037
356.8278
356.825
356.822
356.8188
356.8151
356.8104
356.8019
357.2254
357.2223
357.2192
357.2159
357.2123
357.2083
357.2031
357.1932
357.626
357.6228
357.6195
357.6162
357.6126
357.6088
357.6045
357.5989
357.5877
357.9607
357.9571
357.9539
357.9504
357.947
357.9433
357.9394
357.9349
357.929
357.9167
358.1914
358.1877
358.1844
358.1809
358.1775
358.1737
358.1697
358.1651
358.159
358.3076
358.3039
358.3007
358.2972
358.2937
358.29
358.2859
358.2812
358.3051
358.3014
358.2982
358.2947
358.2913
358.2875
358.2835
358.1837
358.1801
358.1769
358.1735
358.1701
358.1664
357.948
357.9444
357.9413
357.9379
357.9345
357.6117
357.6083
357.6051
357.6018
357.2095
357.2061
357.2029
356.8104
356.8071
356.5053
356.163
356.1599
356.1561
356.1501
356.2142
356.2114
356.2083
356.2044
356.1982
356.3276
356.3249
356.3221
356.3188
356.3147
356.308
356.525
356.5224
356.5196
356.5165
356.5131
356.5087
356.5012
356.8284
356.8256
356.8228
356.8197
356.8164
356.8127
356.8079
356.7993
357.226
357.223
357.2199
357.2168
357.2134
357.2098
357.2057
357.2005
357.1907
357.6269
357.6234
357.6203
357.617
357.6136
357.6101
357.6063
357.6019
357.5964
357.5852
357.9582
357.9546
357.9513
357.9479
357.9445
357.9408
357.9369
357.9324
357.9265
358.1888
358.1851
358.1819
358.1784
358.175
358.1713
358.1673
358.1626
358.3051
358.3014
358.2982
358.2947
358.2913
358.2875
358.2835
358.3025
358.2989
358.2957
358.2922
358.2888
358.2851
358.1812
358.1776
358.1744
358.171
358.1676
357.9454
357.9419
357.9388
357.9354
357.6092
357.6057
357.6026
357.2069
357.2035
356.8077
356.1636
356.1608
356.1577
356.1539
356.1478
356.2147
356.2121
356.2093
356.2061
356.2021
356.1958
356.3281
356.3255
356.3228
356.3198
356.3165
356.3124
356.3056
356.5255
356.5229
356.5202
356.5173
356.5142
356.5107
356.5063
356.4987
356.8289
356.8262
356.8234
356.8205
356.8174
356.814
356.8102
356.8053
356.7967
357.2268
357.2236
357.2206
357.2175
357.2143
357.2109
357.2073
357.2032
357.1979
357.188
357.6244
357.6209
357.6178
357.6144
357.6111
357.6075
357.6038
357.5994
357.5938
357.9556
357.952
357.9488
357.9454
357.942
357.9383
357.9344
357.9299
358.1862
358.1826
358.1794
358.1759
358.1725
358.1688
358.1648
358.3025
358.2989
358.2957
358.2922
358.2888
358.2851
358.3
358.2964
358.2932
358.2898
358.2864
358.1787
358.1751
358.172
358.1686
357.9429
357.9394
357.9363
357.6067
357.6032
357.2043
356.1641
356.1615
356.1587
356.1555
356.1516
356.1455
356.2152
356.2126
356.2099
356.207
356.2038
356.1998
356.1935
356.3286
356.326
356.3233
356.3206
356.3176
356.3142
356.31
356.3032
356.526
356.5234
356.5207
356.518
356.515
356.5119
356.5083
356.5038
356.4961
356.8296
356.8267
356.824
356.8211
356.8181
356.8149
356.8115
356.8076
356.8027
356.794
357.2244
357.2212
357.2182
357.215
357.2118
357.2084
357.2047
357.2006
357.1953
357.6218
357.6184
357.6152
357.6119
357.6086
357.605
357.6012
357.5969
357.953
357.9495
357.9463
357.9429
357.9395
357.9358
357.9319
358.1837
358.1801
358.1769
358.1735
358.1701
358.1664
358.3
358.2964
358.2932
358.2898
358.2864
358.2975
358.2939
358.2908
358.2874
358.1762
358.1727
358.1695
357.9405
357.937
357.6041
356.1646
356.162
356.1593
356.1564
356.1532
356.1493
356.1432
356.2157
356.2131
356.2105
356.2077
356.2048
356.2015
356.1974
356.191
356.3291
356.3265
356.3238
356.3211
356.3183
356.3152
356.3118
356.3075
356.3006
356.5266
356.5239
356.5213
356.5185
356.5157
356.5127
356.5094
356.5058
356.5012
356.4935
356.8274
356.8245
356.8217
356.8187
356.8157
356.8124
356.809
356.805
356.8
357.222
357.2187
357.2157
357.2125
357.2093
357.2058
357.2022
357.198
357.6193
357.6159
357.6127
357.6094
357.606
357.6025
357.5987
357.9505
357.9469
357.9438
357.9404
357.937
357.9334
358.1812
358.1776
358.1744
358.171
358.1676
358.2975
358.2939
358.2908
358.2874
358.2951
358.2915
358.2884
358.1738
358.1702
357.938
356.165
356.1624
356.1598
356.1571
356.1542
356.1509
356.1469
356.1407
356.2161
356.2136
356.2109
356.2082
356.2054
356.2024
356.1991
356.195
356.1885
356.3296
356.327
356.3243
356.3216
356.3189
356.3159
356.3128
356.3093
356.305
356.298
356.5245
356.5218
356.5191
356.5162
356.5133
356.5102
356.5069
356.5032
356.4985
356.8252
356.8222
356.8193
356.8163
356.8132
356.8099
356.8063
356.8023
357.2196
357.2163
357.2132
357.21
357.2067
357.2032
357.1995
357.6168
357.6133
357.6102
357.6068
357.6035
357.6
357.948
357.9444
357.9413
357.9379
357.9345
358.1787
358.1751
358.172
358.1686
358.2951
358.2915
358.2884
358.2926
358.2891
358.1713
356.1655
356.1629
356.1603
356.1576
356.1548
356.1518
356.1485
356.1445
356.1382
356.2166
356.214
356.2114
356.2087
356.206
356.2031
356.2001
356.1967
356.1925
356.186
356.3275
356.3248
356.3221
356.3194
356.3165
356.3135
356.3104
356.3068
356.3024
356.5224
356.5195
356.5168
356.5138
356.5109
356.5077
356.5043
356.5005
356.8229
356.8199
356.8169
356.8138
356.8106
356.8073
356.8036
357.2171
357.2138
357.2107
357.2074
357.2041
357.2006
357.6143
357.6108
357.6077
357.6043
357.601
357.9454
357.9419
357.9388
357.9354
358.1762
358.1727
358.1695
358.2926
358.2891
358.2902
356.1659
356.1633
356.1607
356.158
356.1553
356.1525
356.1495
356.1461
356.142
356.1357
356.2145
356.2118
356.2092
356.2064
356.2036
356.2007
356.1976
356.1942
356.1899
356.3253
356.3226
356.3199
356.317
356.3141
356.3111
356.3078
356.3042
356.5201
356.5172
356.5144
356.5114
356.5084
356.5051
356.5017
356.8205
356.8174
356.8144
356.8112
356.808
356.8046
357.2146
357.2113
357.2081
357.2048
357.2015
357.6117
357.6083
357.6051
357.6018
357.9429
357.9394
357.9363
358.1738
358.1702
358.2902
356.1638
356.1612
356.1585
356.1558
356.153
356.1501
356.1471
356.1436
356.1395
356.2123
356.2096
356.2069
356.2041
356.2013
356.1983
356.1951
356.1916
356.3231
356.3203
356.3175
356.3146
356.3117
356.3085
356.3052
356.5178
356.5149
356.512
356.5089
356.5058
356.5025
356.8181
356.8149
356.8119
356.8086
356.8053
357.2121
357.2087
357.2055
357.2022
357.6092
357.6057
357.6026
357.9405
357.937
358.1713
356.1616
356.159
356.1562
356.1535
356.1506
356.1477
356.1446
356.1411
356.2101
356.2074
356.2046
356.2017
356.1988
356.1958
356.1926
356.3209
356.318
356.3151
356.3121
356.3091
356.3059
356.5155
356.5124
356.5094
356.5063
356.5031
356.8156
356.8124
356.8092
356.8059
357.2095
357.2061
357.2029
357.6067
357.6032
357.938
356.1594
356.1567
356.1539
356.1511
356.1482
356.1452
356.142
356.2079
356.205
356.2022
356.1993
356.1963
356.1932
356.3185
356.3156
356.3127
356.3096
356.3065
356.513
356.5099
356.5069
356.5036
356.8131
356.8098
356.8065
357.2069
357.2035
357.6041
356.1572
356.1544
356.1516
356.1487
356.1457
356.1427
356.2055
356.2027
356.1998
356.1968
356.1938
356.3161
356.3131
356.3101
356.307
356.5105
356.5073
356.5042
356.8104
356.8071
357.2043
356.1548
356.152
356.1491
356.1462
356.1432
356.2031
356.2002
356.1973
356.1942
356.3136
356.3106
356.3075
356.5079
356.5047
356.8077
356.1525
356.1496
356.1467
356.1437
356.2007
356.1977
356.1947
356.3111
356.308
356.5053
356.15
356.1471
356.1441
356.1982
356.1952
356.3085
356.1476
356.1446
356.1957
356.145
)
;

boundaryField
{
    electrolyteSides
    {
        type            zeroGradient;
    }
    electrolyte_to_fuel
    {
        type            zeroGradient;
    }
    electrolyte_to_air
    {
        type            zeroGradient;
    }
    procBoundary1to0
    {
        type            processor;
        value           uniform 356.15;
    }
    procBoundary1to2
    {
        type            processor;
        value           uniform 356.15;
    }
}
)

// processor2

18298
(dimensions      [0 0 0 1 0 0 0];

internalField   nonuniform List<scalar> 
2000
(
356.1666
356.2173
356.167
356.1645
356.3304
356.2177
356.2152
356.1674
356.1649
356.1623
356.5276
356.3308
356.3283
356.2181
356.2156
356.213
356.1678
356.1652
356.1627
356.1601
356.8308
356.5281
356.5255
356.3312
356.3287
356.3261
356.2185
356.216
356.2134
356.2108
356.1682
356.1656
356.1631
356.1605
356.1578
357.2284
356.8313
356.8287
356.5285
356.526
356.5233
356.3316
356.3291
356.3266
356.3239
356.2189
356.2164
356.2138
356.2112
356.2085
356.1686
356.166
356.1635
356.1609
356.1582
356.1555
357.6289
357.229
357.226
356.8318
356.8292
356.8264
356.5289
356.5264
356.5238
356.5211
356.332
356.3295
356.327
356.3244
356.3216
356.2193
356.2168
356.2142
356.2116
356.209
356.2062
356.169
356.1665
356.1639
356.1612
356.1586
356.1559
356.1531
357.9631
357.6295
357.6264
357.2294
357.2266
357.2236
356.8322
356.8296
356.827
356.8241
356.5293
356.5268
356.5242
356.5216
356.5188
356.3324
356.3299
356.3274
356.3247
356.3221
356.3193
356.2198
356.2172
356.2146
356.212
356.2093
356.2066
356.2038
356.1694
356.1669
356.1643
356.1616
356.159
356.1563
356.1535
356.1507
358.1967
357.9638
357.9606
357.63
357.627
357.6239
357.2299
357.227
357.2242
357.2212
356.8326
356.83
356.8274
356.8247
356.8218
356.5297
356.5272
356.5246
356.522
356.5193
356.5164
356.3329
356.3303
356.3278
356.3251
356.3225
356.3197
356.3169
356.2202
356.2176
356.215
356.2124
356.2097
356.207
356.2042
356.2014
356.1699
356.1673
356.1647
356.1621
356.1594
356.1566
356.1539
356.1511
356.1482
358.3156
358.1973
358.194
357.9643
357.9612
357.958
357.6305
357.6275
357.6245
357.6213
357.2303
357.2275
357.2246
357.2217
357.2187
356.833
356.8304
356.8278
356.8251
356.8223
356.8194
356.5301
356.5276
356.525
356.5224
356.5197
356.5169
356.514
356.3333
356.3308
356.3282
356.3255
356.3229
356.3201
356.3173
356.3144
356.2206
356.2181
356.2155
356.2128
356.2101
356.2074
356.2046
356.2018
356.1989
356.1703
356.1677
356.1651
356.1625
356.1598
356.1571
356.1543
356.1515
356.1486
356.1457
358.3156
358.3163
358.313
358.1978
358.1947
358.1915
357.9647
357.9617
357.9586
357.9554
357.6309
357.6279
357.6249
357.6219
357.6188
357.2307
357.2279
357.2251
357.2222
357.2193
357.2162
356.8335
356.8309
356.8282
356.8255
356.8227
356.8199
356.8169
356.5306
356.528
356.5254
356.5228
356.5201
356.5173
356.5145
356.5115
356.3337
356.3312
356.3286
356.326
356.3233
356.3205
356.3177
356.3149
356.3119
356.221
356.2185
356.2159
356.2133
356.2105
356.2078
356.205
356.2022
356.1993
356.1963
356.1682
356.1656
356.1629
356.1602
356.1575
356.1547
356.1518
356.149
356.1461
358.1967
358.3163
358.313
358.3168
358.3137
358.3104
358.1983
358.1952
358.1921
358.1889
357.9652
357.9622
357.9591
357.9561
357.9529
357.6314
357.6284
357.6254
357.6224
357.6194
357.6163
357.2312
357.2283
357.2255
357.2226
357.2197
357.2168
357.2137
356.8339
356.8313
356.8286
356.8259
356.8231
356.8203
356.8174
356.8143
356.531
356.5285
356.5259
356.5232
356.5205
356.5177
356.5149
356.512
356.5089
356.3342
356.3316
356.329
356.3264
356.3237
356.3209
356.3181
356.3153
356.3123
356.3093
356.2189
356.2163
356.2137
356.211
356.2082
356.2054
356.2026
356.1997
356.1968
356.166
356.1633
356.1606
356.1579
356.1551
356.1522
356.1494
356.1464
357.9631
358.1973
358.194
358.3168
358.3137
358.3104
358.3173
358.3142
358.3111
358.3079
358.1987
358.1957
358.1926
358.1896
358.1864
357.9657
357.9626
357.9596
357.9566
357.9535
357.9504
357.6318
357.6288
357.6258
357.6229
357.6199
357.6169
357.6137
357.2317
357.2288
357.2259
357.223
357.2201
357.2172
357.2142
357.2111
356.8344
356.8318
356.8291
356.8263
356.8235
356.8207
356.8178
356.8148
356.8117
356.5315
356.5289
356.5263
356.5237
356.5209
356.5181
356.5153
356.5124
356.5094
356.5062
356.3321
356.3295
356.3268
356.3241
356.3213
356.3185
356.3156
356.3127
356.3097
356.2168
356.2141
356.2114
356.2087
356.2058
356.203
356.2001
356.1971
356.1638
356.1611
356.1583
356.1555
356.1527
356.1498
356.1468
357.6289
357.9638
357.9606
358.1978
358.1947
358.1915
358.3173
358.3142
358.3111
358.3079
358.3177
358.3147
358.3116
358.3086
358.3054
358.1992
358.1961
358.1931
358.1901
358.187
358.1839
357.9661
357.9631
357.96
357.957
357.954
357.951
357.9478
357.6323
357.6293
357.6263
357.6233
357.6203
357.6174
357.6144
357.6112
357.2322
357.2293
357.2264
357.2235
357.2206
357.2176
357.2147
357.2117
357.2085
356.8349
356.8322
356.8295
356.8268
356.824
356.8211
356.8182
356.8152
356.8122
356.809
356.5294
356.5268
356.5241
356.5214
356.5185
356.5157
356.5128
356.5098
356.5067
356.3299
356.3273
356.3246
356.3218
356.3189
356.3161
356.3131
356.3101
356.2145
356.2118
356.2091
356.2063
356.2034
356.2005
356.1975
356.1615
356.1587
356.1559
356.1531
356.1502
356.1472
357.2284
357.6295
357.6264
357.9643
357.9612
357.958
358.1983
358.1952
358.1921
358.1889
358.3177
358.3147
358.3116
358.3086
358.3054
358.3182
358.3151
358.3121
358.3091
358.306
358.3028
358.1997
358.1966
358.1936
358.1905
358.1875
358.1845
358.1814
357.9666
357.9635
357.9605
357.9575
357.9545
357.9515
357.9485
357.9453
357.6328
357.6298
357.6268
357.6238
357.6208
357.6178
357.6148
357.6118
357.6087
357.2327
357.2298
357.2269
357.2239
357.221
357.2181
357.2151
357.2121
357.2091
357.2059
356.8327
356.83
356.8272
356.8244
356.8216
356.8186
356.8157
356.8126
356.8095
356.5272
356.5245
356.5218
356.519
356.5161
356.5132
356.5102
356.5071
356.3277
356.325
356.3222
356.3194
356.3165
356.3135
356.3105
356.2123
356.2095
356.2067
356.2038
356.2009
356.1979
356.1592
356.1564
356.1535
356.1506
356.1476
356.8308
357.229
357.226
357.63
357.627
357.6239
357.9647
357.9617
357.9586
357.9554
358.1987
358.1957
358.1926
358.1896
358.1864
358.3182
358.3151
358.3121
358.3091
358.306
358.3028
358.3187
358.3156
358.3126
358.3095
358.3065
358.3035
358.3004
358.2002
358.1971
358.194
358.191
358.188
358.185
358.182
358.1789
357.9671
357.964
357.961
357.9579
357.9549
357.952
357.949
357.946
357.9429
357.6334
357.6303
357.6272
357.6242
357.6212
357.6182
357.6153
357.6123
357.6093
357.6062
357.2303
357.2274
357.2244
357.2215
357.2185
357.2155
357.2126
357.2095
357.2065
356.8305
356.8277
356.8249
356.822
356.8191
356.8161
356.813
356.8099
356.525
356.5222
356.5194
356.5165
356.5136
356.5106
356.5075
356.3254
356.3226
356.3198
356.3169
356.3139
356.3109
356.2099
356.2071
356.2042
356.2013
356.1983
356.1568
356.1539
356.151
356.1481
356.5276
356.8313
356.8287
357.2294
357.2266
357.2236
357.6305
357.6275
357.6245
357.6213
357.9652
357.9622
357.9591
357.9561
357.9529
358.1992
358.1961
358.1931
358.1901
358.187
358.1839
358.3187
358.3156
358.3126
358.3095
358.3065
358.3035
358.3004
358.3192
358.3161
358.313
358.31
358.307
358.304
358.3011
358.2979
358.2007
358.1976
358.1945
358.1915
358.1885
358.1855
358.1825
358.1796
358.1764
357.9677
357.9646
357.9615
357.9584
357.9554
357.9524
357.9494
357.9465
357.9435
357.9404
357.6308
357.6278
357.6247
357.6217
357.6187
357.6157
357.6127
357.6098
357.6068
357.2279
357.2249
357.2219
357.219
357.216
357.213
357.21
357.2069
356.8282
356.8253
356.8225
356.8195
356.8165
356.8134
356.8103
356.5227
356.5199
356.517
356.514
356.511
356.5079
356.3231
356.3202
356.3173
356.3144
356.3113
356.2076
356.2047
356.2018
356.1988
356.1544
356.1515
356.1485
356.3304
356.5281
356.5255
356.8318
356.8292
356.8264
357.2299
357.227
357.2242
357.2212
357.6309
357.6279
357.6249
357.6219
357.6188
357.9657
357.9626
357.9596
357.9566
357.9535
357.9504
358.1997
358.1966
358.1936
358.1905
358.1875
358.1845
358.1814
358.3192
358.3161
358.313
358.31
358.307
358.304
358.3011
358.2979
358.3197
358.3166
358.3135
358.3105
358.3075
358.3045
358.3016
358.2986
358.2955
358.2013
358.1981
358.195
358.1919
358.1889
358.1859
358.183
358.1801
358.1771
358.174
357.9651
357.962
357.9589
357.9559
357.9529
357.9499
357.9469
357.944
357.941
357.6283
357.6252
357.6222
357.6192
357.6162
357.6132
357.6102
357.6072
357.2254
357.2224
357.2194
357.2164
357.2134
357.2104
357.2074
356.8258
356.8229
356.82
356.817
356.8139
356.8107
356.5203
356.5174
356.5145
356.5114
356.5083
356.3207
356.3178
356.3148
356.3118
356.2051
356.2022
356.1992
356.1519
356.1489
356.2173
356.3308
356.3283
356.5284
356.526
356.5233
356.8322
356.8296
356.827
356.8241
357.2303
357.2275
357.2246
357.2217
357.2187
357.6314
357.6284
357.6254
357.6224
357.6194
357.6163
357.9661
357.9631
357.96
357.957
357.954
357.951
357.9478
358.2002
358.1971
358.194
358.191
358.188
358.185
358.182
358.1789
358.3197
358.3166
358.3135
358.3105
358.3075
358.3045
358.3016
358.2986
358.2955
358.3203
358.3171
358.314
358.3109
358.3079
358.305
358.302
358.2991
358.2962
358.293
358.1987
358.1955
358.1924
358.1894
358.1864
358.1835
358.1805
358.1776
358.1747
357.9625
357.9594
357.9563
357.9533
357.9503
357.9474
357.9445
357.9415
357.6258
357.6227
357.6197
357.6166
357.6136
357.6107
357.6077
357.2229
357.2199
357.2169
357.2139
357.2108
357.2078
356.8234
356.8204
356.8174
356.8143
356.8112
356.5179
356.5149
356.5119
356.5088
356.3182
356.3152
356.3122
356.2026
356.1996
356.1493
356.1666
356.2177
356.2152
356.3312
356.3287
356.3261
356.5288
356.5264
356.5238
356.5211
356.8326
356.83
356.8274
356.8247
356.8218
357.2307
357.2279
357.225
357.2222
357.2193
357.2162
357.6318
357.6288
357.6258
357.6229
357.6199
357.6169
357.6137
357.9666
357.9635
357.9605
357.9575
357.9545
357.9515
357.9485
357.9453
358.2007
358.1976
358.1945
358.1915
358.1885
358.1855
358.1825
358.1796
358.1764
358.3203
358.3171
358.314
358.3109
358.3079
358.305
358.302
358.2991
358.2962
358.293
358.3177
358.3145
358.3114
358.3084
358.3054
358.3025
358.2996
358.2967
358.2937
358.1961
358.193
358.1899
358.1869
358.1839
358.181
358.1781
358.1752
357.96
357.9569
357.9538
357.9508
357.9478
357.9449
357.942
357.6232
357.6202
357.6171
357.6141
357.6111
357.6081
357.2204
357.2174
357.2144
357.2113
357.2082
356.8209
356.8179
356.8148
356.8116
356.5154
356.5123
356.5092
356.3157
356.3126
356.2001
356.167
356.1645
356.2181
356.2156
356.213
356.3316
356.3291
356.3266
356.3239
356.5293
356.5268
356.5242
356.5216
356.5188
356.833
356.8304
356.8278
356.8251
356.8223
356.8194
357.2312
357.2283
357.2255
357.2226
357.2197
357.2168
357.2137
357.6323
357.6293
357.6263
357.6233
357.6203
357.6174
357.6144
357.6112
357.9671
357.964
357.961
357.9579
357.9549
357.9519
357.949
357.946
357.9429
358.2013
358.1981
358.195
358.1919
358.1889
358.1859
358.183
358.1801
358.1771
358.174
358.3177
358.3145
358.3114
358.3084
358.3054
358.3025
358.2996
358.2967
358.2937
358.3151
358.312
358.3089
358.3059
358.3029
358.3
358.2971
358.2942
358.1935
358.1904
358.1874
358.1844
358.1814
358.1785
358.1756
357.9574
357.9543
357.9513
357.9483
357.9454
357.9424
357.6207
357.6176
357.6146
357.6116
357.6086
357.2179
357.2149
357.2118
357.2087
356.8183
356.8152
356.8121
356.5128
356.5097
356.3131
356.1674
356.1649
356.1623
356.2185
356.216
356.2134
356.2108
356.332
356.3295
356.327
356.3244
356.3216
356.5297
356.5272
356.5246
356.522
356.5193
356.5164
356.8335
356.8309
356.8282
356.8255
356.8227
356.8199
356.8169
357.2317
357.2288
357.2259
357.223
357.2201
357.2172
357.2142
357.2111
357.6328
357.6298
357.6268
357.6238
357.6208
357.6178
357.6148
357.6118
357.6087
357.9677
357.9645
357.9614
357.9584
357.9554
357.9524
357.9494
357.9465
357.9435
357.9404
358.1987
358.1955
358.1924
358.1894
358.1864
358.1834
358.1805
358.1776
358.1747
358.3151
358.312
358.3089
358.3059
358.3029
358.3
358.2971
358.2942
358.3125
358.3094
358.3064
358.3034
358.3005
358.2976
358.2947
358.191
358.1879
358.1849
358.1819
358.179
358.1761
357.9549
357.9518
357.9488
357.9458
357.9429
357.6182
357.6151
357.6121
357.609
357.2154
357.2123
357.2092
356.8157
356.8125
356.5101
356.1678
356.1652
356.1627
356.1601
356.2189
356.2164
356.2138
356.2112
356.2085
356.3324
356.3299
356.3273
356.3247
356.3221
356.3193
356.5301
356.5276
356.525
356.5224
356.5197
356.5169
356.514
356.8339
356.8313
356.8286
356.8259
356.8231
356.8203
356.8174
356.8143
357.2321
357.2293
357.2264
357.2235
357.2206
357.2176
357.2147
357.2117
357.2085
357.6334
357.6303
357.6272
357.6242
357.6212
357.6182
357.6153
357.6123
357.6093
357.6062
357.9651
357.962
357.9589
357.9559
357.9529
357.9499
357.9469
357.944
357.941
358.1961
358.1929
358.1899
358.1869
358.1839
358.181
358.1781
358.1752
358.3125
358.3094
358.3064
358.3034
358.3005
358.2976
358.2947
358.31
358.3069
358.3039
358.301
358.298
358.2952
358.1885
358.1854
358.1824
358.1795
358.1765
357.9524
357.9493
357.9463
357.9434
357.6156
357.6126
357.6095
357.2128
357.2096
356.813
356.1682
356.1656
356.1631
356.1605
356.1578
356.2193
356.2168
356.2142
356.2116
356.209
356.2062
356.3329
356.3303
356.3278
356.3251
356.3225
356.3197
356.3169
356.5306
356.528
356.5254
356.5228
356.5201
356.5173
356.5145
356.5115
356.8344
356.8318
356.8291
356.8263
356.8235
356.8207
356.8178
356.8148
356.8117
357.2327
357.2298
357.2269
357.224
357.221
357.2181
357.2151
357.2121
357.2091
357.2059
357.6308
357.6277
357.6247
357.6217
357.6187
357.6157
357.6127
357.6098
357.6068
357.9625
357.9594
357.9563
357.9533
357.9503
357.9474
357.9445
357.9415
358.1935
358.1904
358.1874
358.1844
358.1814
358.1785
358.1756
358.31
358.3069
358.3039
358.301
358.298
358.2952
358.3075
358.3044
358.3014
358.2985
358.2956
358.186
358.1829
358.1799
358.177
357.9499
357.9468
357.9439
357.6131
357.61
357.2102
356.1686
356.166
356.1635
356.1608
356.1582
356.1555
356.2198
356.2172
356.2146
356.212
356.2093
356.2066
356.2038
356.3333
356.3308
356.3282
356.3255
356.3229
356.3201
356.3173
356.3144
356.531
356.5285
356.5259
356.5232
356.5205
356.5177
356.5149
356.512
356.5089
356.8349
356.8322
356.8295
356.8268
356.824
356.8211
356.8182
356.8152
356.8122
356.809
357.2303
357.2273
357.2244
357.2215
357.2185
357.2155
357.2126
357.2095
357.2065
357.6283
357.6252
357.6222
357.6192
357.6162
357.6132
357.6102
357.6072
357.96
357.9569
357.9538
357.9508
357.9478
357.9449
357.942
358.191
358.1879
358.1849
358.1819
358.179
358.1761
358.3075
358.3044
358.3014
358.2985
358.2956
358.305
358.302
358.299
358.2961
358.1835
358.1805
358.1775
357.9474
357.9444
357.6106
356.169
356.1665
356.1639
356.1612
356.1586
356.1559
356.1531
356.2202
356.2176
356.215
356.2124
356.2097
356.207
356.2042
356.2014
356.3337
356.3312
356.3286
356.326
356.3233
356.3205
356.3177
356.3149
356.3119
356.5315
356.5289
356.5263
356.5237
356.5209
356.5181
356.5153
356.5124
356.5094
356.5062
356.8327
356.83
356.8272
356.8244
356.8215
356.8186
356.8156
356.8126
356.8095
357.2279
357.2249
357.2219
357.219
357.216
357.213
357.21
357.2069
357.6258
357.6227
357.6196
357.6166
357.6136
357.6106
357.6077
357.9574
357.9543
357.9513
357.9483
357.9454
357.9424
358.1885
358.1854
358.1824
358.1795
358.1765
358.305
358.302
358.299
358.2961
358.3026
358.2995
358.2966
358.1811
358.178
357.9449
356.1694
356.1669
356.1643
356.1616
356.159
356.1563
356.1535
356.1507
356.2206
356.2181
356.2155
356.2128
356.2101
356.2074
356.2046
356.2018
356.1989
356.3342
356.3316
356.329
356.3264
356.3237
356.3209
356.3181
356.3153
356.3123
356.3093
356.5294
356.5268
356.5241
356.5214
356.5185
356.5157
356.5127
356.5098
356.5067
356.8305
356.8277
356.8249
356.822
356.8191
356.8161
356.813
356.8099
357.2254
357.2224
357.2194
357.2165
357.2134
357.2104
357.2073
357.6232
357.6202
357.6171
357.6141
357.6111
357.6081
357.9549
357.9518
357.9488
357.9458
357.9429
358.186
358.1829
358.1799
358.177
358.3026
358.2995
358.2966
358.3001
358.2971
358.1786
356.1699
356.1673
356.1647
356.1621
356.1594
356.1566
356.1539
356.1511
356.1482
356.2211
356.2185
356.2159
356.2133
356.2105
356.2078
356.205
356.2022
356.1993
356.1963
356.3321
356.3295
356.3268
356.3241
356.3213
356.3185
356.3156
356.3127
356.3097
356.5272
356.5245
356.5218
356.519
356.5161
356.5132
356.5102
356.5071
356.8282
356.8253
356.8224
356.8195
356.8165
356.8134
356.8103
357.223
357.2199
357.2169
357.2139
357.2108
357.2078
357.6207
357.6176
357.6146
357.6116
357.6086
357.9524
357.9493
357.9463
357.9434
358.1835
358.1805
358.1775
358.3001
358.2971
358.2977
356.1703
356.1677
356.1651
356.1625
356.1598
356.157
356.1543
356.1515
356.1486
356.1457
356.2189
356.2163
356.2137
356.211
356.2082
356.2054
356.2026
356.1997
356.1968
356.3299
356.3273
356.3245
356.3218
356.3189
356.316
356.3131
356.3101
356.525
356.5222
356.5194
356.5165
356.5136
356.5106
356.5075
356.8258
356.8229
356.82
356.817
356.8139
356.8107
357.2205
357.2174
357.2144
357.2113
357.2082
357.6182
357.6151
357.6121
357.6091
357.9499
357.9468
357.9438
358.1811
358.178
358.2977
356.1682
356.1656
356.1629
356.1602
356.1575
356.1547
356.1518
356.149
356.1461
356.2168
356.2141
356.2114
356.2087
356.2058
356.203
356.2001
356.1971
356.3277
356.325
356.3222
356.3194
356.3165
356.3135
356.3105
356.5227
356.5199
356.517
356.514
356.511
356.5079
356.8234
356.8204
356.8174
356.8143
356.8112
357.2179
357.2148
357.2118
357.2087
357.6156
357.6126
357.6095
357.9474
357.9444
358.1786
356.166
356.1633
356.1606
356.1579
356.1551
356.1522
356.1494
356.1464
356.2145
356.2118
356.2091
356.2063
356.2034
356.2005
356.1975
356.3254
356.3226
356.3198
356.3169
356.3139
356.3109
356.5203
356.5174
356.5145
356.5114
356.5083
356.8209
356.8179
356.8148
356.8116
357.2154
357.2123
357.2091
357.6131
357.61
357.9449
356.1638
356.1611
356.1583
356.1555
356.1527
356.1498
356.1468
356.2123
356.2095
356.2067
356.2038
356.2009
356.1979
356.3231
356.3202
356.3173
356.3144
356.3113
356.5179
356.5149
356.5119
356.5088
356.8183
356.8152
356.8121
357.2128
357.2096
357.6106
356.1615
356.1587
356.1559
356.1531
356.1502
356.1472
356.2099
356.2071
356.2042
356.2013
356.1983
356.3207
356.3178
356.3148
356.3118
356.5154
356.5123
356.5092
356.8157
356.8125
357.2102
356.1592
356.1564
356.1535
356.1506
356.1476
356.2076
356.2047
356.2017
356.1988
356.3182
356.3152
356.3122
356.5128
356.5096
356.813
356.1568
356.1539
356.151
356.1481
356.2051
356.2022
356.1992
356.3157
356.3126
356.5101
356.1544
356.1515
356.1485
356.2026
356.1996
356.3131
356.1519
356.1489
356.2001
356.1494
)
;

boundaryField
{
    electrolyteSides
    {
        type            zeroGradient;
    }
    electrolyte_to_fuel
    {
        type            zeroGradient;
    }
    electrolyte_to_air
    {
        type            zeroGradient;
    }
    procBoundary2to1
    {
        type            processor;
        value           uniform 356.15;
    }
    procBoundary2to3
    {
        type            processor;
        value           uniform 356.15;
    }
}
)

// processor3

18201
(dimensions      [0 0 0 1 0 0 0];

internalField   nonuniform List<scalar> 
2000
(
356.1707
356.2215
356.1712
356.1686
356.3346
356.2219
356.2194
356.1716
356.169
356.1664
356.5319
356.335
356.3325
356.2223
356.2198
356.2172
356.172
356.1695
356.1669
356.1642
356.8354
356.5324
356.5298
356.3355
356.333
356.3304
356.2228
356.2202
356.2176
356.215
356.1724
356.1699
356.1673
356.1646
356.1619
357.2332
356.8358
356.8332
356.5328
356.5303
356.5277
356.3359
356.3334
356.3308
356.3281
356.2232
356.2207
356.2181
356.2154
356.2127
356.1729
356.1703
356.1677
356.1651
356.1624
356.1596
357.6339
357.2336
357.2308
356.8362
356.8336
356.831
356.5332
356.5307
356.5281
356.5254
356.3363
356.3338
356.3312
356.3286
356.3259
356.2236
356.2211
356.2185
356.2158
356.2131
356.2104
356.1733
356.1707
356.1681
356.1655
356.1628
356.16
356.1572
357.9683
357.6344
357.6314
357.2341
357.2313
357.2284
356.8367
356.8341
356.8314
356.8287
356.5336
356.5311
356.5285
356.5259
356.5231
356.3367
356.3342
356.3316
356.329
356.3263
356.3235
356.224
356.2215
356.2189
356.2163
356.2136
356.2108
356.208
356.1737
356.1711
356.1686
356.1659
356.1632
356.1604
356.1577
356.1548
358.2019
357.9688
357.9657
357.6348
357.6319
357.6289
357.2346
357.2317
357.2288
357.2259
356.8371
356.8345
356.8318
356.8291
356.8263
356.534
356.5315
356.529
356.5263
356.5236
356.5208
356.3371
356.3346
356.3321
356.3294
356.3267
356.324
356.3211
356.2245
356.2219
356.2193
356.2167
356.214
356.2112
356.2084
356.2055
356.174
356.1716
356.169
356.1663
356.1636
356.1609
356.1581
356.1552
356.1523
358.3209
358.2024
358.1993
357.9692
357.9662
357.9631
357.6353
357.6323
357.6293
357.6263
357.235
357.2322
357.2293
357.2264
357.2235
356.8375
356.8349
356.8323
356.8295
356.8267
356.8239
356.5344
356.532
356.5294
356.5267
356.524
356.5212
356.5183
356.3376
356.335
356.3325
356.3298
356.3271
356.3244
356.3215
356.3186
356.2247
356.2223
356.2197
356.2171
356.2144
356.2117
356.2088
356.206
356.203
356.1741
356.1719
356.1694
356.1667
356.1641
356.1613
356.1585
356.1556
356.1527
356.1498
358.3209
358.3214
358.3183
358.2028
358.1998
358.1967
357.9697
357.9666
357.9636
357.9606
357.6358
357.6328
357.6298
357.6268
357.6238
357.2355
357.2326
357.2297
357.2268
357.2239
357.221
356.8379
356.8354
356.8327
356.83
356.8272
356.8243
356.8214
356.5349
356.5323
356.5298
356.5271
356.5244
356.5216
356.5188
356.5158
356.3379
356.3355
356.3329
356.3303
356.3276
356.3248
356.322
356.3191
356.3161
356.2249
356.2226
356.2202
356.2175
356.2148
356.2121
356.2093
356.2064
356.2035
356.2005
356.172
356.1697
356.1672
356.1645
356.1617
356.1589
356.1561
356.1532
356.1502
358.2019
358.3214
358.3183
358.3218
358.3188
358.3157
358.2033
358.2002
358.1972
358.1942
357.9702
357.9671
357.9641
357.9611
357.958
357.6363
357.6332
357.6303
357.6272
357.6243
357.6213
357.2359
357.2331
357.2302
357.2273
357.2244
357.2214
357.2184
356.8384
356.8358
356.8331
356.8304
356.8276
356.8247
356.8218
356.8188
356.5352
356.5328
356.5302
356.5276
356.5248
356.5221
356.5192
356.5162
356.5132
356.3381
356.3358
356.3333
356.3306
356.328
356.3252
356.3224
356.3195
356.3165
356.3135
356.2228
356.2205
356.218
356.2152
356.2125
356.2097
356.2068
356.2039
356.2009
356.1698
356.1675
356.1649
356.1621
356.1593
356.1565
356.1536
356.1506
357.9683
358.2024
358.1993
358.3218
358.3188
358.3157
358.3223
358.3192
358.3162
358.3132
358.2038
358.2007
358.1976
358.1946
358.1916
357.9707
357.9676
357.9646
357.9615
357.9585
357.9555
357.6367
357.6337
357.6307
357.6277
357.6247
357.6217
357.6187
357.2364
357.2335
357.2306
357.2277
357.2248
357.2219
357.2189
357.2159
356.8387
356.8362
356.8335
356.8308
356.828
356.8252
356.8222
356.8193
356.8162
356.5355
356.5331
356.5306
356.528
356.5253
356.5225
356.5196
356.5167
356.5137
356.5106
356.336
356.3336
356.3311
356.3284
356.3256
356.3228
356.3199
356.317
356.3139
356.2206
356.2182
356.2157
356.2129
356.2101
356.2072
356.2043
356.2013
356.1676
356.1652
356.1626
356.1598
356.1569
356.154
356.1511
357.6339
357.9688
357.9657
358.2028
358.1998
358.1967
358.3223
358.3192
358.3162
358.3132
358.3228
358.3197
358.3167
358.3137
358.3107
358.2043
358.2012
358.1981
358.1951
358.1921
358.1891
357.9711
357.9681
357.965
357.962
357.959
357.956
357.953
357.6372
357.6342
357.6312
357.6282
357.6252
357.6222
357.6192
357.6162
357.2367
357.234
357.2311
357.2282
357.2253
357.2223
357.2193
357.2163
357.2133
356.8392
356.8366
356.834
356.8312
356.8285
356.8256
356.8227
356.8197
356.8166
356.8135
356.5334
356.5309
356.5284
356.5257
356.5229
356.52
356.5171
356.5141
356.511
356.3339
356.3314
356.3288
356.326
356.3232
356.3203
356.3174
356.3143
356.2184
356.216
356.2133
356.2105
356.2077
356.2047
356.2018
356.1653
356.1629
356.1602
356.1573
356.1544
356.1515
357.2332
357.6344
357.6314
357.9692
357.9662
357.9631
358.2033
358.2002
358.1972
358.1942
358.3228
358.3197
358.3167
358.3137
358.3107
358.3233
358.3202
358.3172
358.3141
358.3111
358.3081
358.2048
358.2017
358.1986
358.1956
358.1925
358.1896
358.1866
357.9717
357.9686
357.9655
357.9625
357.9594
357.9564
357.9535
357.9505
357.6376
357.6347
357.6316
357.6287
357.6256
357.6227
357.6196
357.6167
357.6137
357.2373
357.2343
357.2315
357.2286
357.2257
357.2228
357.2198
357.2168
357.2138
357.2107
356.837
356.8343
356.8317
356.8289
356.826
356.8231
356.8201
356.8171
356.8139
356.5313
356.5287
356.5261
356.5233
356.5204
356.5175
356.5145
356.5114
356.3316
356.3291
356.3265
356.3236
356.3208
356.3178
356.3148
356.2161
356.2136
356.211
356.2081
356.2052
356.2022
356.163
356.1605
356.1578
356.1548
356.1519
356.8354
357.2337
357.2308
357.6348
357.6319
357.6289
357.9697
357.9666
357.9636
357.9606
358.2038
358.2007
358.1976
358.1946
358.1916
358.3233
358.3202
358.3172
358.3141
358.3111
358.3081
358.3238
358.3207
358.3176
358.3146
358.3116
358.3086
358.3057
358.2053
358.2022
358.1991
358.1961
358.193
358.19
358.1871
358.1841
357.9721
357.9691
357.966
357.963
357.9599
357.9569
357.9539
357.951
357.948
357.6383
357.6351
357.6321
357.6291
357.6261
357.6231
357.6201
357.6171
357.6141
357.6111
357.2349
357.2319
357.2291
357.2262
357.2232
357.2202
357.2172
357.2142
357.2111
356.8348
356.832
356.8293
356.8265
356.8236
356.8206
356.8175
356.8144
356.5291
356.5264
356.5237
356.5208
356.5179
356.5149
356.5118
356.3294
356.3268
356.3241
356.3211
356.3182
356.3152
356.2138
356.2112
356.2085
356.2056
356.2026
356.1606
356.158
356.1553
356.1523
356.5319
356.8358
356.8332
357.2341
357.2313
357.2284
357.6353
357.6323
357.6293
357.6263
357.9702
357.9671
357.9641
357.9611
357.958
358.2043
358.2012
358.1981
358.1951
358.1921
358.1891
358.3238
358.3207
358.3176
358.3146
358.3116
358.3086
358.3057
358.3243
358.3212
358.3181
358.3151
358.3121
358.3091
358.3061
358.3032
358.2058
358.2027
358.1996
358.1966
358.1935
358.1905
358.1875
358.1846
358.1817
357.9729
357.9695
357.9665
357.9634
357.9604
357.9574
357.9544
357.9514
357.9485
357.9455
357.6357
357.6325
357.6296
357.6266
357.6236
357.6206
357.6176
357.6146
357.6116
357.2325
357.2295
357.2266
357.2237
357.2207
357.2177
357.2147
357.2116
356.8325
356.8297
356.8269
356.824
356.821
356.8179
356.8148
356.5268
356.524
356.5213
356.5183
356.5153
356.5122
356.327
356.3244
356.3216
356.3186
356.3156
356.2114
356.2088
356.206
356.203
356.1582
356.1556
356.1528
356.3346
356.5324
356.5298
356.8362
356.8337
356.831
357.2346
357.2317
357.2289
357.2259
357.6358
357.6328
357.6298
357.6268
357.6238
357.9707
357.9676
357.9646
357.9615
357.9585
357.9555
358.2048
358.2017
358.1986
358.1956
358.1925
358.1896
358.1866
358.3243
358.3212
358.3181
358.3151
358.3121
358.3091
358.3061
358.3032
358.3248
358.3217
358.3186
358.3156
358.3125
358.3096
358.3066
358.3037
358.3008
358.2066
358.2032
358.2001
358.197
358.194
358.191
358.188
358.1851
358.1822
358.1792
357.9703
357.9669
357.9639
357.9609
357.9579
357.9549
357.9519
357.9489
357.946
357.6332
357.63
357.6271
357.624
357.6211
357.6181
357.6151
357.6121
357.23
357.227
357.2241
357.2211
357.2181
357.2151
357.212
356.8301
356.8272
356.8244
356.8214
356.8184
356.8152
356.5244
356.5216
356.5188
356.5157
356.5127
356.3246
356.3219
356.319
356.316
356.209
356.2063
356.2035
356.1557
356.153
356.2215
356.3351
356.3325
356.5328
356.5303
356.5277
356.8367
356.8341
356.8314
356.8287
357.235
357.2322
357.2293
357.2264
357.2235
357.6363
357.6332
357.6303
357.6272
357.6243
357.6213
357.9711
357.9681
357.965
357.962
357.959
357.956
357.953
358.2053
358.2022
358.1991
358.196
358.193
358.19
358.1871
358.1841
358.3248
358.3217
358.3186
358.3156
358.3125
358.3096
358.3066
358.3037
358.3008
358.3257
358.3222
358.3191
358.3161
358.3131
358.31
358.3071
358.3041
358.3012
358.2983
358.204
358.2006
358.1976
358.1945
358.1915
358.1885
358.1856
358.1826
358.1797
357.9677
357.9644
357.9614
357.9583
357.9554
357.9524
357.9494
357.9465
357.6307
357.6275
357.6245
357.6215
357.6185
357.6155
357.6125
357.2275
357.2245
357.2216
357.2186
357.2156
357.2125
356.8277
356.8247
356.8219
356.8188
356.8157
356.5219
356.5191
356.5162
356.5131
356.3221
356.3193
356.3164
356.2065
356.2037
356.1532
356.1707
356.2219
356.2194
356.3355
356.333
356.3304
356.5332
356.5307
356.5281
356.5254
356.8371
356.8345
356.8318
356.8291
356.8263
357.2354
357.2326
357.2297
357.2268
357.2239
357.221
357.6367
357.6337
357.6307
357.6277
357.6247
357.6217
357.6187
357.9717
357.9686
357.9655
357.9624
357.9594
357.9564
357.9535
357.9505
358.2058
358.2027
358.1996
358.1965
358.1935
358.1905
358.1875
358.1846
358.1817
358.3257
358.3222
358.3192
358.3161
358.313
358.31
358.3071
358.3041
358.3012
358.2983
358.3231
358.3196
358.3166
358.3135
358.3105
358.3076
358.3046
358.3017
358.2988
358.2014
358.198
358.195
358.192
358.189
358.186
358.1831
358.1802
357.9651
357.9618
357.9589
357.9558
357.9529
357.9499
357.947
357.6282
357.625
357.622
357.619
357.616
357.613
357.225
357.222
357.219
357.216
357.2129
356.8252
356.8222
356.8192
356.8161
356.5194
356.5165
356.5135
356.3196
356.3167
356.2039
356.1712
356.1686
356.2224
356.2198
356.2172
356.3359
356.3334
356.3308
356.3282
356.5336
356.5311
356.5285
356.5259
356.5231
356.8375
356.8349
356.8323
356.8295
356.8268
356.8239
357.2359
357.2331
357.2302
357.2273
357.2244
357.2214
357.2184
357.6372
357.6342
357.6312
357.6282
357.6252
357.6222
357.6192
357.6162
357.9721
357.9691
357.966
357.9629
357.9599
357.9569
357.9539
357.951
357.948
358.2066
358.2032
358.2001
358.197
358.194
358.191
358.188
358.1851
358.1822
358.1793
358.3231
358.3196
358.3166
358.3135
358.3105
358.3076
358.3046
358.3017
358.2988
358.3205
358.3171
358.3141
358.311
358.3081
358.3051
358.3022
358.2993
358.1989
358.1955
358.1925
358.1895
358.1865
358.1836
358.1807
357.9626
357.9593
357.9563
357.9533
357.9504
357.9474
357.6256
357.6224
357.6195
357.6165
357.6135
357.2225
357.2194
357.2165
357.2134
356.8226
356.8196
356.8165
356.5168
356.5138
356.317
356.1716
356.1691
356.1664
356.2228
356.2202
356.2177
356.215
356.3363
356.3338
356.3312
356.3286
356.3259
356.534
356.5315
356.529
356.5263
356.5236
356.5208
356.8379
356.8354
356.8327
356.83
356.8272
356.8243
356.8214
357.2364
357.2335
357.2306
357.2277
357.2248
357.2219
357.2189
357.2159
357.6376
357.6347
357.6316
357.6287
357.6256
357.6227
357.6196
357.6167
357.6137
357.9729
357.9695
357.9665
357.9634
357.9604
357.9574
357.9544
357.9514
357.9485
357.9455
358.204
358.2006
358.1976
358.1945
358.1915
358.1885
358.1856
358.1826
358.1797
358.3205
358.3171
358.3141
358.311
358.3081
358.3051
358.3022
358.2993
358.3179
358.3145
358.3116
358.3085
358.3056
358.3027
358.2998
358.1963
358.193
358.19
358.187
358.1841
358.1811
357.9601
357.9568
357.9538
357.9508
357.9479
357.6231
357.6199
357.617
357.6139
357.22
357.2168
357.2138
356.82
356.8169
356.5142
356.172
356.1695
356.1669
356.1642
356.2232
356.2207
356.2181
356.2154
356.2127
356.3367
356.3342
356.3316
356.329
356.3263
356.3235
356.5344
356.5319
356.5293
356.5267
356.524
356.5212
356.5183
356.8384
356.8358
356.8331
356.8304
356.8276
356.8247
356.8218
356.8188
357.2367
357.234
357.2311
357.2282
357.2252
357.2223
357.2193
357.2164
357.2133
357.6383
357.6351
357.6321
357.6291
357.6261
357.6231
357.6201
357.6171
357.6142
357.6112
357.9703
357.9669
357.9639
357.9609
357.9579
357.9549
357.9519
357.9489
357.946
358.2014
358.198
358.195
358.192
358.189
358.186
358.1831
358.1802
358.3179
358.3145
358.3116
358.3085
358.3056
358.3027
358.2998
358.3154
358.312
358.3091
358.3061
358.3032
358.3002
358.1938
358.1905
358.1875
358.1846
358.1816
357.9576
357.9543
357.9514
357.9484
357.6206
357.6174
357.6144
357.2174
357.2142
356.8173
356.1724
356.1699
356.1673
356.1647
356.1619
356.2236
356.2211
356.2185
356.2158
356.2132
356.2104
356.3371
356.3346
356.332
356.3294
356.3267
356.324
356.3211
356.5349
356.5323
356.5298
356.5271
356.5244
356.5216
356.5188
356.5158
356.8387
356.8362
356.8335
356.8308
356.828
356.8252
356.8223
356.8193
356.8162
357.2373
357.2343
357.2316
357.2286
357.2257
357.2227
357.2198
357.2168
357.2138
357.2107
357.6357
357.6325
357.6296
357.6266
357.6236
357.6206
357.6176
357.6146
357.6116
357.9677
357.9644
357.9614
357.9583
357.9554
357.9524
357.9494
357.9465
358.1988
358.1955
358.1925
358.1895
358.1865
358.1836
358.1807
358.3154
358.312
358.3091
358.3061
358.3032
358.3002
358.3129
358.3095
358.3066
358.3036
358.3007
358.1913
358.188
358.1851
358.1821
357.9551
357.9518
357.9489
357.618
357.6148
357.2148
356.1728
356.1703
356.1677
356.1651
356.1624
356.1596
356.224
356.2215
356.2189
356.2163
356.2136
356.2108
356.208
356.3376
356.335
356.3325
356.3298
356.3271
356.3244
356.3216
356.3187
356.5352
356.5328
356.5302
356.5276
356.5248
356.5221
356.5192
356.5163
356.5132
356.8392
356.8366
356.834
356.8312
356.8285
356.8256
356.8227
356.8197
356.8167
356.8135
357.2349
357.2319
357.2291
357.2261
357.2232
357.2202
357.2172
357.2142
357.2111
357.6332
357.63
357.6271
357.624
357.6211
357.618
357.6151
357.6121
357.9651
357.9618
357.9589
357.9558
357.9529
357.9499
357.947
358.1963
358.193
358.19
358.187
358.1841
358.1811
358.3129
358.3095
358.3066
358.3036
358.3007
358.3104
358.3071
358.3042
358.3012
358.1888
358.1855
358.1826
357.9526
357.9493
357.6155
356.1733
356.1707
356.1681
356.1655
356.1628
356.1601
356.1572
356.2245
356.2219
356.2193
356.2167
356.214
356.2112
356.2084
356.2056
356.3379
356.3355
356.3329
356.3302
356.3275
356.3248
356.322
356.3191
356.3161
356.5355
356.5331
356.5306
356.5279
356.5252
356.5224
356.5196
356.5167
356.5137
356.5106
356.837
356.8343
356.8317
356.8289
356.826
356.8231
356.8201
356.8171
356.814
357.2325
357.2295
357.2266
357.2236
357.2207
357.2177
357.2147
357.2116
357.6307
357.6275
357.6245
357.6215
357.6185
357.6155
357.6125
357.9626
357.9593
357.9564
357.9533
357.9504
357.9474
358.1938
358.1905
358.1875
358.1846
358.1816
358.3104
358.3071
358.3042
358.3012
358.308
358.3046
358.3018
358.1864
358.1831
357.9501
356.1737
356.1711
356.1685
356.1659
356.1632
356.1605
356.1577
356.1548
356.2247
356.2223
356.2197
356.2171
356.2144
356.2117
356.2089
356.206
356.2031
356.3381
356.3358
356.3333
356.3306
356.328
356.3252
356.3224
356.3195
356.3166
356.3135
356.5334
356.5309
356.5284
356.5256
356.5229
356.52
356.5171
356.5141
356.511
356.8348
356.832
356.8293
356.8264
356.8235
356.8205
356.8175
356.8144
357.23
357.227
357.2241
357.2211
357.2181
357.2151
357.212
357.6281
357.6249
357.622
357.619
357.616
357.613
357.9601
357.9568
357.9539
357.9508
357.9479
358.1913
358.188
358.1851
358.1821
358.3079
358.3046
358.3018
358.3055
358.3022
358.1839
356.174
356.1716
356.169
356.1663
356.1636
356.1609
356.1581
356.1552
356.1523
356.2249
356.2226
356.2202
356.2175
356.2148
356.2121
356.2093
356.2064
356.2035
356.2005
356.336
356.3336
356.3311
356.3284
356.3256
356.3228
356.3199
356.317
356.314
356.5313
356.5287
356.5261
356.5233
356.5204
356.5175
356.5145
356.5114
356.8325
356.8297
356.8269
356.824
356.821
356.8179
356.8148
357.2275
357.2245
357.2216
357.2186
357.2155
357.2125
357.6256
357.6224
357.6195
357.6164
357.6135
357.9575
357.9543
357.9514
357.9484
358.1888
358.1855
358.1826
358.3055
358.3022
358.3031
356.1741
356.1719
356.1694
356.1667
356.164
356.1613
356.1585
356.1557
356.1528
356.1498
356.2228
356.2205
356.218
356.2152
356.2125
356.2097
356.2068
356.2039
356.2009
356.3339
356.3314
356.3288
356.326
356.3232
356.3203
356.3174
356.3144
356.529
356.5264
356.5237
356.5208
356.5179
356.5149
356.5118
356.8301
356.8272
356.8244
356.8214
356.8184
356.8152
357.225
357.222
357.219
357.216
357.2129
357.6231
357.6199
357.617
357.6139
357.955
357.9518
357.9489
358.1864
358.1831
358.3031
356.172
356.1697
356.1672
356.1644
356.1617
356.1589
356.1561
356.1532
356.1502
356.2206
356.2182
356.2157
356.2129
356.2101
356.2072
356.2043
356.2014
356.3316
356.3291
356.3265
356.3236
356.3207
356.3178
356.3148
356.5267
356.524
356.5213
356.5183
356.5153
356.5122
356.8277
356.8247
356.8219
356.8188
356.8157
357.2225
357.2194
357.2165
357.2134
357.6206
357.6174
357.6144
357.9526
357.9493
358.1839
356.1698
356.1675
356.1649
356.1621
356.1593
356.1565
356.1536
356.1506
356.2184
356.216
356.2133
356.2105
356.2077
356.2047
356.2018
356.3294
356.3268
356.3241
356.3211
356.3182
356.3152
356.5244
356.5216
356.5188
356.5157
356.5127
356.8252
356.8222
356.8192
356.8161
357.22
357.2168
357.2138
357.618
357.6148
357.9501
356.1676
356.1652
356.1626
356.1597
356.1569
356.154
356.1511
356.2161
356.2136
356.211
356.2081
356.2052
356.2022
356.327
356.3243
356.3216
356.3186
356.3156
356.5219
356.5191
356.5162
356.5131
356.8226
356.8196
356.8165
357.2174
357.2142
357.6155
356.1653
356.1628
356.1602
356.1573
356.1544
356.1515
356.2138
356.2112
356.2085
356.2056
356.2026
356.3246
356.3219
356.3191
356.316
356.5194
356.5165
356.5135
356.82
356.8169
357.2147
356.163
356.1605
356.1578
356.1548
356.1519
356.2114
356.2088
356.206
356.203
356.3221
356.3193
356.3164
356.5168
356.5138
356.8173
356.1606
356.158
356.1553
356.1523
356.209
356.2063
356.2035
356.3196
356.3167
356.5142
356.1582
356.1556
356.1528
356.2065
356.2037
356.317
356.1557
356.153
356.2039
356.1531
)
;

boundaryField
{
    electrolyteSides
    {
        type            zeroGradient;
    }
    electrolyte_to_fuel
    {
        type            zeroGradient;
    }
    electrolyte_to_air
    {
        type            zeroGradient;
    }
    procBoundary3to2
    {
        type            processor;
        value           uniform 356.15;
    }
}
)

// processor4

316
(dimensions      [0 0 0 1 0 0 0];

internalField   nonuniform List<scalar> 0();

boundaryField
{
    electrolyteSides
    {
        type            zeroGradient;
    }
    electrolyte_to_fuel
    {
        type            zeroGradient;
    }
    electrolyte_to_air
    {
        type            zeroGradient;
    }
}
)

// processor5

316
(dimensions      [0 0 0 1 0 0 0];

internalField   nonuniform List<scalar> 0();

boundaryField
{
    electrolyteSides
    {
        type            zeroGradient;
    }
    electrolyte_to_fuel
    {
        type            zeroGradient;
    }
    electrolyte_to_air
    {
        type            zeroGradient;
    }
}
)

// processor6

316
(dimensions      [0 0 0 1 0 0 0];

internalField   nonuniform List<scalar> 0();

boundaryField
{
    electrolyteSides
    {
        type            zeroGradient;
    }
    electrolyte_to_fuel
    {
        type            zeroGradient;
    }
    electrolyte_to_air
    {
        type            zeroGradient;
    }
}
)

// processor7

316
(dimensions      [0 0 0 1 0 0 0];

internalField   nonuniform List<scalar> 0();

boundaryField
{
    electrolyteSides
    {
        type            zeroGradient;
    }
    electrolyte_to_fuel
    {
        type            zeroGradient;
    }
    electrolyte_to_air
    {
        type            zeroGradient;
    }
}
)
