/*---------------------------------------------------------------------------*\
  =========                 |
  \\      /  F ield         | OpenFOAM: The Open Source CFD Toolbox
   \\    /   O peration     |
    \\  /    A nd           | Copyright held by the original author
     \\/     M anipulation  |
\*---------------------------------------------------------------------------*/

FoamFile
{
    version         2.0;
    format          ascii;
    class           dictionary;
    object          porousZones;
}

// * * * * * * * * * * * * * * * * * * * * * * * * * * * * * * * * * * * * * //

cathode
{
    type            DarcyForchheimer;	// porosity Model: fixCoeff, powerLaw, DarcyForchheimer
    active          yes;		// status
    cellZone        cathode;		// name of porous zone
    porosity        0.7407;		// porosity

    DarcyForchheimerCoeffs		// coefficents for DarcyForchheimer; with the name of type + Coeffs
    {
        d   (4.61e10 4.61e10 4.61e10);
        f   (0 0 0);
        // leverett does not work right now for correction of u!!!
        capillaryPressureModel tabulated; // tabulated uses points from PNM for capillary pressure and relative permeabilities, alternatively set to leverett (then these inputs are not used) or to brooksCorey
        pcEntry 5000; // needed for brooksCorey, not needed for tabulated or leverett
        brooksCoreyLambda 2.0;
        residualWaterSaturation 0.1;
        residualGasSaturation 0.05;

        // (LiquidSaturation  Value) // points from fitting Monotone Cubic Spline (PCHIP) through PNM data
        krLTable table // relative permeability of liquid phase as a function of liquid saturation
        (
            (0.0000    0.000000e+00)
            (0.0100    0.000000e+00)
            (0.0200    0.000000e+00)
            (0.0300    0.000000e+00)
            (0.0400    0.000000e+00)
            (0.0500    0.000000e+00)
            (0.0600    0.000000e+00)
            (0.0700    0.000000e+00)
            (0.0800    0.000000e+00)
            (0.0900    0.000000e+00)
            (0.1000    0.000000e+00)
            (0.1100    0.000000e+00)
            (0.1200    0.000000e+00)
            (0.1300    0.000000e+00)
            (0.1400    0.000000e+00)
            (0.1500    0.000000e+00)
            (0.1600    0.000000e+00)
            (0.1700    0.000000e+00)
            (0.1800    0.000000e+00)
            (0.1900    0.000000e+00)
            (0.2000    0.000000e+00)
            (0.2100    0.000000e+00)
            (0.2200    0.000000e+00)
            (0.2300    0.000000e+00)
            (0.2400    0.000000e+00)
            (0.2500    0.000000e+00)
            (0.2600    0.000000e+00)
            (0.2700    0.000000e+00)
            (0.2800    0.000000e+00)
            (0.2900    0.000000e+00)
            (0.3000    0.000000e+00)
            (0.3100    0.000000e+00)
            (0.3200    0.000000e+00)
            (0.3300    0.000000e+00)
            (0.3400    0.000000e+00)
            (0.3500    0.000000e+00)
            (0.3600    0.000000e+00)
            (0.3700    0.000000e+00)
            (0.3800    0.000000e+00)
            (0.3900    0.000000e+00)
            (0.4000    0.000000e+00)
            (0.4100    9.011456e-05)
            (0.4200    3.144831e-04)
            (0.4300    6.041428e-04)
            (0.4400    9.274725e-04)
            (0.4500    1.364286e-03)
            (0.4600    1.901534e-03)
            (0.4700    2.544618e-03)
            (0.4800    3.524555e-03)
            (0.4900    4.580045e-03)
            (0.5000    5.309023e-03)
            (0.5100    5.679706e-03)
            (0.5200    5.959972e-03)
            (0.5300    6.170017e-03)
            (0.5400    6.333872e-03)
            (0.5500    6.471338e-03)
            (0.5600    6.575939e-03)
            (0.5700    6.640098e-03)
            (0.5800    6.671683e-03)
            (0.5900    6.698250e-03)
            (0.6000    6.748579e-03)
            (0.6100    7.158649e-03)
            (0.6200    8.033498e-03)
            (0.6300    9.055499e-03)
            (0.6400    1.005815e-02)
            (0.6500    1.125227e-02)
            (0.6600    1.238780e-02)
            (0.6700    1.318336e-02)
            (0.6800    1.365897e-02)
            (0.6900    1.408647e-02)
            (0.7000    1.473438e-02)
            (0.7100    1.638555e-02)
            (0.7200    1.887321e-02)
            (0.7300    2.110500e-02)
            (0.7400    2.235467e-02)
            (0.7500    2.327551e-02)
            (0.7600    2.404511e-02)
            (0.7700    2.474749e-02)
            (0.7800    2.525660e-02)
            (0.7900    2.576999e-02)
            (0.8000    2.658364e-02)
            (0.8100    2.904802e-02)
            (0.8200    3.332585e-02)
            (0.8300    3.793140e-02)
            (0.8400    4.170167e-02)
            (0.8500    4.516730e-02)
            (0.8600    4.889956e-02)
            (0.8700    5.339606e-02)
            (0.8800    5.877196e-02)
            (0.8900    6.509416e-02)
            (0.9000    7.248900e-02)
            (0.9100    8.149904e-02)
            (0.9200    9.245319e-02)
            (0.9300    1.051144e-01)
            (0.9400    1.183439e-01)
            (0.9500    1.319380e-01)
            (0.9600    1.517160e-01)
            (0.9700    1.937168e-01)
            (0.9800    3.647644e-01)
            (0.9900    6.510539e-01)
            (1.0000    1.000000e+00)
        );

        krGTable table // relative permeability of gas phase as a function of liquid saturation
        (
            (0.0000    1.000000e+00)
            (0.0100    1.000000e+00)
            (0.0200    1.000000e+00)
            (0.0300    1.000000e+00)
            (0.0400    1.000000e+00)
            (0.0500    1.000000e+00)
            (0.0600    1.000000e+00)
            (0.0700    9.996457e-01)
            (0.0800    9.952686e-01)
            (0.0900    9.883813e-01)
            (0.1000    9.821473e-01)
            (0.1100    9.774616e-01)
            (0.1200    9.730301e-01)
            (0.1300    9.685899e-01)
            (0.1400    9.639695e-01)
            (0.1500    9.592916e-01)
            (0.1600    9.545044e-01)
            (0.1700    9.495257e-01)
            (0.1800    9.442489e-01)
            (0.1900    9.388686e-01)
            (0.2000    9.336413e-01)
            (0.2100    9.286745e-01)
            (0.2200    9.238337e-01)
            (0.2300    9.190129e-01)
            (0.2400    9.140975e-01)
            (0.2500    9.090987e-01)
            (0.2600    9.042124e-01)
            (0.2700    8.996614e-01)
            (0.2800    8.956597e-01)
            (0.2900    8.917043e-01)
            (0.3000    8.871491e-01)
            (0.3100    8.814262e-01)
            (0.3200    8.748469e-01)
            (0.3300    8.680708e-01)
            (0.3400    8.614154e-01)
            (0.3500    8.544626e-01)
            (0.3600    8.478581e-01)
            (0.3700    8.422938e-01)
            (0.3800    8.376138e-01)
            (0.3900    8.333807e-01)
            (0.4000    8.292622e-01)
            (0.4100    8.253618e-01)
            (0.4200    8.216553e-01)
            (0.4300    8.176194e-01)
            (0.4400    8.126693e-01)
            (0.4500    8.067037e-01)
            (0.4600    8.005434e-01)
            (0.4700    7.949911e-01)
            (0.4800    7.898435e-01)
            (0.4900    7.849498e-01)
            (0.5000    7.803525e-01)
            (0.5100    7.759996e-01)
            (0.5200    7.718748e-01)
            (0.5300    7.680833e-01)
            (0.5400    7.648099e-01)
            (0.5500    7.620612e-01)
            (0.5600    7.592042e-01)
            (0.5700    7.555844e-01)
            (0.5800    7.509732e-01)
            (0.5900    7.456224e-01)
            (0.6000    7.398056e-01)
            (0.6100    7.329343e-01)
            (0.6200    7.252037e-01)
            (0.6300    7.180632e-01)
            (0.6400    7.126496e-01)
            (0.6500    7.082798e-01)
            (0.6600    7.040246e-01)
            (0.6700    6.990366e-01)
            (0.6800    6.932798e-01)
            (0.6900    6.870722e-01)
            (0.7000    6.806568e-01)
            (0.7100    6.740082e-01)
            (0.7200    6.670729e-01)
            (0.7300    6.600297e-01)
            (0.7400    6.529580e-01)
            (0.7500    6.457379e-01)
            (0.7600    6.385767e-01)
            (0.7700    6.317520e-01)
            (0.7800    6.256486e-01)
            (0.7900    6.194731e-01)
            (0.8000    6.121853e-01)
            (0.8100    6.025314e-01)
            (0.8200    5.910234e-01)
            (0.8300    5.792690e-01)
            (0.8400    5.685577e-01)
            (0.8500    5.583448e-01)
            (0.8600    5.478555e-01)
            (0.8700    5.364513e-01)
            (0.8800    5.245436e-01)
            (0.8900    5.115866e-01)
            (0.9000    4.966497e-01)
            (0.9100    4.785467e-01)
            (0.9200    4.572454e-01)
            (0.9300    4.335957e-01)
            (0.9400    4.091623e-01)
            (0.9500    3.839958e-01)
            (0.9600    3.525075e-01)
            (0.9700    3.073828e-01)
            (0.9800    2.303199e-01)
            (0.9900    1.247056e-01)
            (1.0000    0.000000e+00)
        );

        pcTable table // capillary pressure as a function of liquid saturation
        (
            (0.0000    0.000000e+00)
            (0.0100    3.209625e+01)
            (0.0200    6.129247e+01)
            (0.0300    8.669413e+01)
            (0.0400    1.074068e+02)
            (0.0500    1.225358e+02)
            (0.0600    1.311868e+02)
            (0.0700    1.329135e+02)
            (0.0800    1.329135e+02)
            (0.0900    1.329135e+02)
            (0.1000    1.329135e+02)
            (0.1100    1.329135e+02)
            (0.1200    1.329135e+02)
            (0.1300    1.329135e+02)
            (0.1400    1.329135e+02)
            (0.1500    1.329135e+02)
            (0.1600    1.329135e+02)
            (0.1700    1.329135e+02)
            (0.1800    1.329135e+02)
            (0.1900    1.329135e+02)
            (0.2000    1.329135e+02)
            (0.2100    1.329135e+02)
            (0.2200    1.329135e+02)
            (0.2300    1.329135e+02)
            (0.2400    1.329135e+02)
            (0.2500    1.329135e+02)
            (0.2600    1.329135e+02)
            (0.2700    1.329135e+02)
            (0.2800    1.329135e+02)
            (0.2900    1.329135e+02)
            (0.3000    1.329135e+02)
            (0.3100    1.329135e+02)
            (0.3200    1.329135e+02)
            (0.3300    1.329135e+02)
            (0.3400    1.329135e+02)
            (0.3500    1.329135e+02)
            (0.3600    1.329135e+02)
            (0.3700    1.329135e+02)
            (0.3800    1.329135e+02)
            (0.3900    1.329135e+02)
            (0.4000    1.329135e+02)
            (0.4100    1.329135e+02)
            (0.4200    1.329135e+02)
            (0.4300    1.329135e+02)
            (0.4400    1.329135e+02)
            (0.4500    1.329135e+02)
            (0.4600    1.329135e+02)
            (0.4700    1.329135e+02)
            (0.4800    1.329135e+02)
            (0.4900    1.329135e+02)
            (0.5000    1.329135e+02)
            (0.5100    1.329135e+02)
            (0.5200    1.329135e+02)
            (0.5300    1.329135e+02)
            (0.5400    1.329135e+02)
            (0.5500    1.329135e+02)
            (0.5600    1.329135e+02)
            (0.5700    1.329135e+02)
            (0.5800    1.329135e+02)
            (0.5900    1.329135e+02)
            (0.6000    1.329135e+02)
            (0.6100    1.329135e+02)
            (0.6200    1.329135e+02)
            (0.6300    1.329135e+02)
            (0.6400    1.329135e+02)
            (0.6500    1.329135e+02)
            (0.6600    1.329135e+02)
            (0.6700    1.329135e+02)
            (0.6800    1.329135e+02)
            (0.6900    1.329135e+02)
            (0.7000    1.329135e+02)
            (0.7100    1.329135e+02)
            (0.7200    1.329135e+02)
            (0.7300    1.329135e+02)
            (0.7400    1.329135e+02)
            (0.7500    1.329135e+02)
            (0.7600    1.329135e+02)
            (0.7700    1.329135e+02)
            (0.7800    1.329135e+02)
            (0.7900    1.329135e+02)
            (0.8000    1.329135e+02)
            (0.8100    1.329135e+02)
            (0.8200    1.329135e+02)
            (0.8300    1.329135e+02)
            (0.8400    1.329135e+02)
            (0.8500    1.329135e+02)
            (0.8600    1.329135e+02)
            (0.8700    1.329135e+02)
            (0.8800    1.329135e+02)
            (0.8900    1.329135e+02)
            (0.9000    1.329135e+02)
            (0.9100    1.329135e+02)
            (0.9200    1.329135e+02)
            (0.9300    1.329135e+02)
            (0.9400    1.329135e+02)
            (0.9500    1.329135e+02)
            (0.9600    1.329135e+02)
            (0.9700    1.332828e+02)
            (0.9800    1.378814e+02)
            (0.9900    1.462575e+02)
            (1.0000    1.565318e+02)
        );

        // Derivative: d(Pc)/d(Sl)
        dpcdsTable table
        (
            (0.0000    3.354627e+03)
            (0.0100    3.057763e+03)
            (0.0200    2.716708e+03)
            (0.0300    2.281875e+03)
            (0.0400    1.748593e+03)
            (0.0500    1.100768e+03)
            (0.0600    2.878795e+02)
            (0.0700    1.000000e-03)
            (0.0800    1.000000e-03)
            (0.0900    1.000000e-03)
            (0.1000    1.000000e-03)
            (0.1100    1.000000e-03)
            (0.1200    1.000000e-03)
            (0.1300    1.000000e-03)
            (0.1400    1.000000e-03)
            (0.1500    1.000000e-03)
            (0.1600    1.000000e-03)
            (0.1700    1.000000e-03)
            (0.1800    1.000000e-03)
            (0.1900    1.000000e-03)
            (0.2000    1.000000e-03)
            (0.2100    1.000000e-03)
            (0.2200    1.000000e-03)
            (0.2300    1.000000e-03)
            (0.2400    1.000000e-03)
            (0.2500    1.000000e-03)
            (0.2600    1.000000e-03)
            (0.2700    1.000000e-03)
            (0.2800    1.000000e-03)
            (0.2900    1.000000e-03)
            (0.3000    1.000000e-03)
            (0.3100    1.000000e-03)
            (0.3200    1.000000e-03)
            (0.3300    1.000000e-03)
            (0.3400    1.000000e-03)
            (0.3500    1.000000e-03)
            (0.3600    1.000000e-03)
            (0.3700    1.000000e-03)
            (0.3800    1.000000e-03)
            (0.3900    1.000000e-03)
            (0.4000    1.000000e-03)
            (0.4100    1.000000e-03)
            (0.4200    1.000000e-03)
            (0.4300    1.000000e-03)
            (0.4400    1.000000e-03)
            (0.4500    1.000000e-03)
            (0.4600    1.000000e-03)
            (0.4700    1.000000e-03)
            (0.4800    1.000000e-03)
            (0.4900    1.000000e-03)
            (0.5000    1.000000e-03)
            (0.5100    1.000000e-03)
            (0.5200    1.000000e-03)
            (0.5300    1.000000e-03)
            (0.5400    1.000000e-03)
            (0.5500    1.000000e-03)
            (0.5600    1.000000e-03)
            (0.5700    1.000000e-03)
            (0.5800    1.000000e-03)
            (0.5900    1.000000e-03)
            (0.6000    1.000000e-03)
            (0.6100    1.000000e-03)
            (0.6200    1.000000e-03)
            (0.6300    1.000000e-03)
            (0.6400    1.000000e-03)
            (0.6500    1.000000e-03)
            (0.6600    1.000000e-03)
            (0.6700    1.000000e-03)
            (0.6800    1.000000e-03)
            (0.6900    1.000000e-03)
            (0.7000    1.000000e-03)
            (0.7100    1.000000e-03)
            (0.7200    1.000000e-03)
            (0.7300    1.000000e-03)
            (0.7400    1.000000e-03)
            (0.7500    1.000000e-03)
            (0.7600    1.000000e-03)
            (0.7700    1.000000e-03)
            (0.7800    1.000000e-03)
            (0.7900    1.000000e-03)
            (0.8000    1.000000e-03)
            (0.8100    1.000000e-03)
            (0.8200    1.000000e-03)
            (0.8300    1.000000e-03)
            (0.8400    1.000000e-03)
            (0.8500    1.000000e-03)
            (0.8600    1.000000e-03)
            (0.8700    1.000000e-03)
            (0.8800    1.000000e-03)
            (0.8900    1.000000e-03)
            (0.9000    1.000000e-03)
            (0.9100    1.000000e-03)
            (0.9200    1.000000e-03)
            (0.9300    1.000000e-03)
            (0.9400    1.000000e-03)
            (0.9500    1.000000e-03)
            (0.9600    1.000000e-03)
            (0.9700    6.836370e+01)
            (0.9800    5.937449e+02)
            (0.9900    9.228601e+02)
            (1.0000    1.122332e+03)
        );

        coordinateSystem
        {
            type    cartesian;
            origin  (0 0 0);
            rotation
            {
                type    axesRotation;
                e1      (1 0 0);    //(0.70710678 0.70710678 0);
                e2      (0 0 1);
            }
        }
        theta 2.111848395;
        sigma 0.0625;
    }

    Cp 568;
    k  1;
}

mpl
{
    type            DarcyForchheimer;	// porosity Model: fixCoeff, powerLaw, DarcyForchheimer
    active          yes;		// status
    cellZone        mpl;		// name of porous zone
    porosity        0.7407;		// porosity

    DarcyForchheimerCoeffs		// coefficents for DarcyForchheimer; with the name of type + Coeffs
    {
        d   (4.61e10 4.61e10 4.61e10);
        f   (0 0 0);

        capillaryPressureModel tabulated; // tabulated uses points from PNM for capillary pressure and relative permeabilities, alternatively set to leverett (then these inputs are not used) or to brooksCorey
        pcEntry 5000; // needed for brooksCorey, not needed for tabulated or leverett
        brooksCoreyLambda 2.0;
        residualWaterSaturation 0.1;
        residualGasSaturation 0.05;

        // (LiquidSaturation  Value) // points from fitting Monotone Cubic Spline (PCHIP) through PNM data
        krLTable table // relative permeability of liquid phase as a function of liquid saturation
        (
            (0.0000    0.000000e+00)
            (0.0100    0.000000e+00)
            (0.0200    0.000000e+00)
            (0.0300    0.000000e+00)
            (0.0400    0.000000e+00)
            (0.0500    0.000000e+00)
            (0.0600    0.000000e+00)
            (0.0700    0.000000e+00)
            (0.0800    0.000000e+00)
            (0.0900    0.000000e+00)
            (0.1000    0.000000e+00)
            (0.1100    0.000000e+00)
            (0.1200    0.000000e+00)
            (0.1300    0.000000e+00)
            (0.1400    0.000000e+00)
            (0.1500    0.000000e+00)
            (0.1600    0.000000e+00)
            (0.1700    0.000000e+00)
            (0.1800    0.000000e+00)
            (0.1900    0.000000e+00)
            (0.2000    0.000000e+00)
            (0.2100    0.000000e+00)
            (0.2200    0.000000e+00)
            (0.2300    0.000000e+00)
            (0.2400    0.000000e+00)
            (0.2500    0.000000e+00)
            (0.2600    0.000000e+00)
            (0.2700    0.000000e+00)
            (0.2800    0.000000e+00)
            (0.2900    0.000000e+00)
            (0.3000    0.000000e+00)
            (0.3100    0.000000e+00)
            (0.3200    0.000000e+00)
            (0.3300    0.000000e+00)
            (0.3400    0.000000e+00)
            (0.3500    0.000000e+00)
            (0.3600    0.000000e+00)
            (0.3700    0.000000e+00)
            (0.3800    0.000000e+00)
            (0.3900    0.000000e+00)
            (0.4000    0.000000e+00)
            (0.4100    9.011456e-05)
            (0.4200    3.144831e-04)
            (0.4300    6.041428e-04)
            (0.4400    9.274725e-04)
            (0.4500    1.364286e-03)
            (0.4600    1.901534e-03)
            (0.4700    2.544618e-03)
            (0.4800    3.524555e-03)
            (0.4900    4.580045e-03)
            (0.5000    5.309023e-03)
            (0.5100    5.679706e-03)
            (0.5200    5.959972e-03)
            (0.5300    6.170017e-03)
            (0.5400    6.333872e-03)
            (0.5500    6.471338e-03)
            (0.5600    6.575939e-03)
            (0.5700    6.640098e-03)
            (0.5800    6.671683e-03)
            (0.5900    6.698250e-03)
            (0.6000    6.748579e-03)
            (0.6100    7.158649e-03)
            (0.6200    8.033498e-03)
            (0.6300    9.055499e-03)
            (0.6400    1.005815e-02)
            (0.6500    1.125227e-02)
            (0.6600    1.238780e-02)
            (0.6700    1.318336e-02)
            (0.6800    1.365897e-02)
            (0.6900    1.408647e-02)
            (0.7000    1.473438e-02)
            (0.7100    1.638555e-02)
            (0.7200    1.887321e-02)
            (0.7300    2.110500e-02)
            (0.7400    2.235467e-02)
            (0.7500    2.327551e-02)
            (0.7600    2.404511e-02)
            (0.7700    2.474749e-02)
            (0.7800    2.525660e-02)
            (0.7900    2.576999e-02)
            (0.8000    2.658364e-02)
            (0.8100    2.904802e-02)
            (0.8200    3.332585e-02)
            (0.8300    3.793140e-02)
            (0.8400    4.170167e-02)
            (0.8500    4.516730e-02)
            (0.8600    4.889956e-02)
            (0.8700    5.339606e-02)
            (0.8800    5.877196e-02)
            (0.8900    6.509416e-02)
            (0.9000    7.248900e-02)
            (0.9100    8.149904e-02)
            (0.9200    9.245319e-02)
            (0.9300    1.051144e-01)
            (0.9400    1.183439e-01)
            (0.9500    1.319380e-01)
            (0.9600    1.517160e-01)
            (0.9700    1.937168e-01)
            (0.9800    3.647644e-01)
            (0.9900    6.510539e-01)
            (1.0000    1.000000e+00)
        );

        krGTable table // relative permeability of gas phase as a function of liquid saturation
        (
            (0.0000    1.000000e+00)
            (0.0100    1.000000e+00)
            (0.0200    1.000000e+00)
            (0.0300    1.000000e+00)
            (0.0400    1.000000e+00)
            (0.0500    1.000000e+00)
            (0.0600    1.000000e+00)
            (0.0700    9.996457e-01)
            (0.0800    9.952686e-01)
            (0.0900    9.883813e-01)
            (0.1000    9.821473e-01)
            (0.1100    9.774616e-01)
            (0.1200    9.730301e-01)
            (0.1300    9.685899e-01)
            (0.1400    9.639695e-01)
            (0.1500    9.592916e-01)
            (0.1600    9.545044e-01)
            (0.1700    9.495257e-01)
            (0.1800    9.442489e-01)
            (0.1900    9.388686e-01)
            (0.2000    9.336413e-01)
            (0.2100    9.286745e-01)
            (0.2200    9.238337e-01)
            (0.2300    9.190129e-01)
            (0.2400    9.140975e-01)
            (0.2500    9.090987e-01)
            (0.2600    9.042124e-01)
            (0.2700    8.996614e-01)
            (0.2800    8.956597e-01)
            (0.2900    8.917043e-01)
            (0.3000    8.871491e-01)
            (0.3100    8.814262e-01)
            (0.3200    8.748469e-01)
            (0.3300    8.680708e-01)
            (0.3400    8.614154e-01)
            (0.3500    8.544626e-01)
            (0.3600    8.478581e-01)
            (0.3700    8.422938e-01)
            (0.3800    8.376138e-01)
            (0.3900    8.333807e-01)
            (0.4000    8.292622e-01)
            (0.4100    8.253618e-01)
            (0.4200    8.216553e-01)
            (0.4300    8.176194e-01)
            (0.4400    8.126693e-01)
            (0.4500    8.067037e-01)
            (0.4600    8.005434e-01)
            (0.4700    7.949911e-01)
            (0.4800    7.898435e-01)
            (0.4900    7.849498e-01)
            (0.5000    7.803525e-01)
            (0.5100    7.759996e-01)
            (0.5200    7.718748e-01)
            (0.5300    7.680833e-01)
            (0.5400    7.648099e-01)
            (0.5500    7.620612e-01)
            (0.5600    7.592042e-01)
            (0.5700    7.555844e-01)
            (0.5800    7.509732e-01)
            (0.5900    7.456224e-01)
            (0.6000    7.398056e-01)
            (0.6100    7.329343e-01)
            (0.6200    7.252037e-01)
            (0.6300    7.180632e-01)
            (0.6400    7.126496e-01)
            (0.6500    7.082798e-01)
            (0.6600    7.040246e-01)
            (0.6700    6.990366e-01)
            (0.6800    6.932798e-01)
            (0.6900    6.870722e-01)
            (0.7000    6.806568e-01)
            (0.7100    6.740082e-01)
            (0.7200    6.670729e-01)
            (0.7300    6.600297e-01)
            (0.7400    6.529580e-01)
            (0.7500    6.457379e-01)
            (0.7600    6.385767e-01)
            (0.7700    6.317520e-01)
            (0.7800    6.256486e-01)
            (0.7900    6.194731e-01)
            (0.8000    6.121853e-01)
            (0.8100    6.025314e-01)
            (0.8200    5.910234e-01)
            (0.8300    5.792690e-01)
            (0.8400    5.685577e-01)
            (0.8500    5.583448e-01)
            (0.8600    5.478555e-01)
            (0.8700    5.364513e-01)
            (0.8800    5.245436e-01)
            (0.8900    5.115866e-01)
            (0.9000    4.966497e-01)
            (0.9100    4.785467e-01)
            (0.9200    4.572454e-01)
            (0.9300    4.335957e-01)
            (0.9400    4.091623e-01)
            (0.9500    3.839958e-01)
            (0.9600    3.525075e-01)
            (0.9700    3.073828e-01)
            (0.9800    2.303199e-01)
            (0.9900    1.247056e-01)
            (1.0000    0.000000e+00)
        );

        pcTable table // capillary pressure as a function of liquid saturation
        (
            (0.0000    0.000000e+00)
            (0.0100    3.209625e+01)
            (0.0200    6.129247e+01)
            (0.0300    8.669413e+01)
            (0.0400    1.074068e+02)
            (0.0500    1.225358e+02)
            (0.0600    1.311868e+02)
            (0.0700    1.329135e+02)
            (0.0800    1.329135e+02)
            (0.0900    1.329135e+02)
            (0.1000    1.329135e+02)
            (0.1100    1.329135e+02)
            (0.1200    1.329135e+02)
            (0.1300    1.329135e+02)
            (0.1400    1.329135e+02)
            (0.1500    1.329135e+02)
            (0.1600    1.329135e+02)
            (0.1700    1.329135e+02)
            (0.1800    1.329135e+02)
            (0.1900    1.329135e+02)
            (0.2000    1.329135e+02)
            (0.2100    1.329135e+02)
            (0.2200    1.329135e+02)
            (0.2300    1.329135e+02)
            (0.2400    1.329135e+02)
            (0.2500    1.329135e+02)
            (0.2600    1.329135e+02)
            (0.2700    1.329135e+02)
            (0.2800    1.329135e+02)
            (0.2900    1.329135e+02)
            (0.3000    1.329135e+02)
            (0.3100    1.329135e+02)
            (0.3200    1.329135e+02)
            (0.3300    1.329135e+02)
            (0.3400    1.329135e+02)
            (0.3500    1.329135e+02)
            (0.3600    1.329135e+02)
            (0.3700    1.329135e+02)
            (0.3800    1.329135e+02)
            (0.3900    1.329135e+02)
            (0.4000    1.329135e+02)
            (0.4100    1.329135e+02)
            (0.4200    1.329135e+02)
            (0.4300    1.329135e+02)
            (0.4400    1.329135e+02)
            (0.4500    1.329135e+02)
            (0.4600    1.329135e+02)
            (0.4700    1.329135e+02)
            (0.4800    1.329135e+02)
            (0.4900    1.329135e+02)
            (0.5000    1.329135e+02)
            (0.5100    1.329135e+02)
            (0.5200    1.329135e+02)
            (0.5300    1.329135e+02)
            (0.5400    1.329135e+02)
            (0.5500    1.329135e+02)
            (0.5600    1.329135e+02)
            (0.5700    1.329135e+02)
            (0.5800    1.329135e+02)
            (0.5900    1.329135e+02)
            (0.6000    1.329135e+02)
            (0.6100    1.329135e+02)
            (0.6200    1.329135e+02)
            (0.6300    1.329135e+02)
            (0.6400    1.329135e+02)
            (0.6500    1.329135e+02)
            (0.6600    1.329135e+02)
            (0.6700    1.329135e+02)
            (0.6800    1.329135e+02)
            (0.6900    1.329135e+02)
            (0.7000    1.329135e+02)
            (0.7100    1.329135e+02)
            (0.7200    1.329135e+02)
            (0.7300    1.329135e+02)
            (0.7400    1.329135e+02)
            (0.7500    1.329135e+02)
            (0.7600    1.329135e+02)
            (0.7700    1.329135e+02)
            (0.7800    1.329135e+02)
            (0.7900    1.329135e+02)
            (0.8000    1.329135e+02)
            (0.8100    1.329135e+02)
            (0.8200    1.329135e+02)
            (0.8300    1.329135e+02)
            (0.8400    1.329135e+02)
            (0.8500    1.329135e+02)
            (0.8600    1.329135e+02)
            (0.8700    1.329135e+02)
            (0.8800    1.329135e+02)
            (0.8900    1.329135e+02)
            (0.9000    1.329135e+02)
            (0.9100    1.329135e+02)
            (0.9200    1.329135e+02)
            (0.9300    1.329135e+02)
            (0.9400    1.329135e+02)
            (0.9500    1.329135e+02)
            (0.9600    1.329135e+02)
            (0.9700    1.332828e+02)
            (0.9800    1.378814e+02)
            (0.9900    1.462575e+02)
            (1.0000    1.565318e+02)
        );

        // Derivative: d(Pc)/d(Sl)
        dpcdsTable table
        (
            (0.0000    3.354627e+03)
            (0.0100    3.057763e+03)
            (0.0200    2.716708e+03)
            (0.0300    2.281875e+03)
            (0.0400    1.748593e+03)
            (0.0500    1.100768e+03)
            (0.0600    2.878795e+02)
            (0.0700    1.000000e-03)
            (0.0800    1.000000e-03)
            (0.0900    1.000000e-03)
            (0.1000    1.000000e-03)
            (0.1100    1.000000e-03)
            (0.1200    1.000000e-03)
            (0.1300    1.000000e-03)
            (0.1400    1.000000e-03)
            (0.1500    1.000000e-03)
            (0.1600    1.000000e-03)
            (0.1700    1.000000e-03)
            (0.1800    1.000000e-03)
            (0.1900    1.000000e-03)
            (0.2000    1.000000e-03)
            (0.2100    1.000000e-03)
            (0.2200    1.000000e-03)
            (0.2300    1.000000e-03)
            (0.2400    1.000000e-03)
            (0.2500    1.000000e-03)
            (0.2600    1.000000e-03)
            (0.2700    1.000000e-03)
            (0.2800    1.000000e-03)
            (0.2900    1.000000e-03)
            (0.3000    1.000000e-03)
            (0.3100    1.000000e-03)
            (0.3200    1.000000e-03)
            (0.3300    1.000000e-03)
            (0.3400    1.000000e-03)
            (0.3500    1.000000e-03)
            (0.3600    1.000000e-03)
            (0.3700    1.000000e-03)
            (0.3800    1.000000e-03)
            (0.3900    1.000000e-03)
            (0.4000    1.000000e-03)
            (0.4100    1.000000e-03)
            (0.4200    1.000000e-03)
            (0.4300    1.000000e-03)
            (0.4400    1.000000e-03)
            (0.4500    1.000000e-03)
            (0.4600    1.000000e-03)
            (0.4700    1.000000e-03)
            (0.4800    1.000000e-03)
            (0.4900    1.000000e-03)
            (0.5000    1.000000e-03)
            (0.5100    1.000000e-03)
            (0.5200    1.000000e-03)
            (0.5300    1.000000e-03)
            (0.5400    1.000000e-03)
            (0.5500    1.000000e-03)
            (0.5600    1.000000e-03)
            (0.5700    1.000000e-03)
            (0.5800    1.000000e-03)
            (0.5900    1.000000e-03)
            (0.6000    1.000000e-03)
            (0.6100    1.000000e-03)
            (0.6200    1.000000e-03)
            (0.6300    1.000000e-03)
            (0.6400    1.000000e-03)
            (0.6500    1.000000e-03)
            (0.6600    1.000000e-03)
            (0.6700    1.000000e-03)
            (0.6800    1.000000e-03)
            (0.6900    1.000000e-03)
            (0.7000    1.000000e-03)
            (0.7100    1.000000e-03)
            (0.7200    1.000000e-03)
            (0.7300    1.000000e-03)
            (0.7400    1.000000e-03)
            (0.7500    1.000000e-03)
            (0.7600    1.000000e-03)
            (0.7700    1.000000e-03)
            (0.7800    1.000000e-03)
            (0.7900    1.000000e-03)
            (0.8000    1.000000e-03)
            (0.8100    1.000000e-03)
            (0.8200    1.000000e-03)
            (0.8300    1.000000e-03)
            (0.8400    1.000000e-03)
            (0.8500    1.000000e-03)
            (0.8600    1.000000e-03)
            (0.8700    1.000000e-03)
            (0.8800    1.000000e-03)
            (0.8900    1.000000e-03)
            (0.9000    1.000000e-03)
            (0.9100    1.000000e-03)
            (0.9200    1.000000e-03)
            (0.9300    1.000000e-03)
            (0.9400    1.000000e-03)
            (0.9500    1.000000e-03)
            (0.9600    1.000000e-03)
            (0.9700    6.836370e+01)
            (0.9800    5.937449e+02)
            (0.9900    9.228601e+02)
            (1.0000    1.122332e+03)
        );

        coordinateSystem
        {
            type    cartesian;
            origin  (0 0 0);
            rotation
            {
                type    axesRotation;
                e1      (1 0 0);    //(0.70710678 0.70710678 0);
                e2      (0 0 1);
            }
        }
        theta 2.111848395;
        sigma 0.0625;
    }

    Cp 568;
    k  1;
}

ccl
{
    type            DarcyForchheimer;	// porosity Model: fixCoeff, powerLaw, DarcyForchheimer
    active          yes;		// status
    cellZone        ccl;		// name of porous zone
    porosity        0.3;		// porosity

    DarcyForchheimerCoeffs		// coefficents for DarcyForchheimer; with the name of type + Coeffs
    {
        d   (1e13 1e13 1e13);
        f   (0 0 0);

        coordinateSystem
        {
            type    cartesian;
            origin  (0 0 0);
            rotation
            {
                type    axesRotation;
                e1      (1 0 0);    //(0.70710678 0.70710678 0);
                e2      (0 0 1);
            }
        }
        theta 1.745329252;
        sigma 0.0625;
    }

    Cp 568;
    k 1;
}
//)
// ************************************************************************* //
