/*---------------------------------------------------------------------------*\
  =========                 |
  \\      /  F ield         | OpenFOAM: The Open Source CFD Toolbox
   \\    /   O peration     |
    \\  /    A nd           | Copyright held by the original author
     \\/     M anipulation  |
\*---------------------------------------------------------------------------*/

FoamFile
{
    version         2.0;
    format          ascii;
    class           dictionary;
    object          porousZones;
}

// * * * * * * * * * * * * * * * * * * * * * * * * * * * * * * * * * * * * * //

cathode
{
    type            DarcyForchheimer;	// porosity Model: fixCoeff, powerLaw, DarcyForchheimer
    active          yes;		// status
    cellZone        cathode;		// name of porous zone
    porosity        0.75;		// porosity

    DarcyForchheimerCoeffs		// coefficents for DarcyForchheimer; with the name of type + Coeffs
    {
        d   (2e11 2e11 2e11);
        f   (0 0 0);
        // leverett does not work right now for correction of u!!!
        capillaryPressureModel tabulated;

        krLTable
        {
            type            table;
            outOfBounds     clamp;
            values
            (
                (0.0 0.0)
                (0.010101010101010102 7.394627841521021e-05)
                (0.020202020202020204 0.00028547901213955704)
                (0.030303030303030304 0.0006191390488911151)
                (0.04040404040404041 0.0010594672363879588)
                (0.05050505050505051 0.0015910044223481632)
                (0.06060606060606061 0.0021982914544898015)
                (0.07070707070707072 0.00286586918053095)
                (0.08080808080808081 0.0035782784481896814)
                (0.09090909090909091 0.004320060105184072)
                (0.10101010101010102 0.0050763713041031685)
                (0.11111111111111112 0.005909465020576132)
                (0.12121212121212122 0.006875198263628016)
                (0.13131313131313133 0.007982846524627977)
                (0.14141414141414144 0.00924168529494517)
                (0.15151515151515152 0.010660990065948743)
                (0.16161616161616163 0.012250036329007861)
                (0.17171717171717174 0.014018099575491681)
                (0.18181818181818182 0.015974455296769344)
                (0.19191919191919193 0.01812837898421002)
                (0.20202020202020204 0.020505938891001642)
                (0.21212121212121213 0.023644600272699445)
                (0.22222222222222224 0.02772565157750343)
                (0.23232323232323235 0.032650154230809275)
                (0.24242424242424243 0.03831916965801264)
                (0.25252525252525254 0.04463375928450922)
                (0.26262626262626265 0.051494984535694684)
                (0.27272727272727276 0.058803906836964716)
                (0.2828282828282829 0.066461587613715)
                (0.29292929292929293 0.07436908829134113)
                (0.30303030303030304 0.08246987784177869)
                (0.31313131313131315 0.09134456492277125)
                (0.32323232323232326 0.1011591684625049)
                (0.33333333333333337 0.11185185185185191)
                (0.3434343434343435 0.12336077848168456)
                (0.3535353535353536 0.1356241117428752)
                (0.36363636363636365 0.14858001502629606)
                (0.37373737373737376 0.16216665172281947)
                (0.38383838383838387 0.1763221852233178)
                (0.393939393939394 0.19098477891866325)
                (0.4040404040404041 0.20618574503552234)
                (0.4141414141414142 0.2226889626576734)
                (0.42424242424242425 0.2405388442119388)
                (0.43434343434343436 0.25956362133963057)
                (0.4444444444444445 0.27959152568206075)
                (0.4545454545454546 0.30045078888054105)
                (0.4646464646464647 0.3219696425763835)
                (0.4747474747474748 0.34397631841090004)
                (0.48484848484848486 0.36629904802540253)
                (0.494949494949495 0.38876606306120304)
                (0.5050505050505051 0.41126056103439373)
                (0.5151515151515152 0.4340371885367296)
                (0.5252525252525253 0.4572260600999166)
                (0.5353535353535354 0.4809130599032991)
                (0.5454545454545455 0.5051840721262212)
                (0.5555555555555556 0.5301249809480264)
                (0.5656565656565657 0.5558216705480593)
                (0.5757575757575758 0.5823600251056635)
                (0.5858585858585859 0.6098259288001833)
                (0.595959595959596 0.6383052658109627)
                (0.6060606060606061 0.6679197855506397)
                (0.6161616161616162 0.6988441878912243)
                (0.6262626262626263 0.7310465468204477)
                (0.6363636363636365 0.7644753318307042)
                (0.6464646464646465 0.7990790124143866)
                (0.6565656565656566 0.8348060580638891)
                (0.6666666666666667 0.8716049382716053)
                (0.6767676767676768 0.9094241225299283)
                (0.686868686868687 0.9482120803312525)
                (0.696969696969697 0.9879172811679702)
                (0.7070707070707072 1.0)
                (0.7171717171717172 1.0)
                (0.7272727272727273 1.0)
                (0.7373737373737375 1.0)
                (0.7474747474747475 1.0)
                (0.7575757575757577 1.0)
                (0.7676767676767677 1.0)
                (0.7777777777777778 1.0)
                (0.787878787878788 1.0)
                (0.797979797979798 1.0)
                (0.8080808080808082 1.0)
                (0.8181818181818182 1.0)
                (0.8282828282828284 1.0)
                (0.8383838383838385 1.0)
                (0.8484848484848485 1.0)
                (0.8585858585858587 1.0)
                (0.8686868686868687 1.0)
                (0.8787878787878789 1.0)
                (0.888888888888889 1.0)
                (0.8989898989898991 1.0)
                (0.9090909090909092 1.0)
                (0.9191919191919192 1.0)
                (0.9292929292929294 1.0)
                (0.9393939393939394 1.0)
                (0.9494949494949496 1.0)
                (0.9595959595959597 1.0)
                (0.9696969696969697 1.0)
                (0.9797979797979799 1.0)
                (0.98989898989899 1.0)
                (1.0 1.0)
            );
        }

        krGTable
        {
            type            table;
            outOfBounds     clamp;
            values
            (
                (0.0 1.0)
                (0.010101010101010102 0.9848484848484849)
                (0.020202020202020204 0.9696969696969697)
                (0.030303030303030304 0.9545454545454546)
                (0.04040404040404041 0.9393939393939393)
                (0.05050505050505051 0.9242424242424242)
                (0.06060606060606061 0.9090909090909091)
                (0.07070707070707072 0.8939393939393939)
                (0.08080808080808081 0.8787878787878788)
                (0.09090909090909091 0.8636363636363635)
                (0.10101010101010102 0.8484870127661679)
                (0.11111111111111112 0.8335684891240447)
                (0.12121212121212122 0.8189414809249519)
                (0.13131313131313133 0.8044734811493305)
                (0.14141414141414144 0.7900319827776209)
                (0.15151515151515152 0.7754844787902639)
                (0.16161616161616163 0.7606984621677)
                (0.17171717171717174 0.7455414258903699)
                (0.18181818181818182 0.7298808629387141)
                (0.19191919191919193 0.7135842662931736)
                (0.20202020202020204 0.6965137108693887)
                (0.21212121212121213 0.6784320974403618)
                (0.22222222222222224 0.6593964334705076)
                (0.23232323232323235 0.6395833949859049)
                (0.24242424242424243 0.6191696580126331)
                (0.25252525252525254 0.5983318985767715)
                (0.26262626262626265 0.577246792704399)
                (0.27272727272727276 0.5560910164215948)
                (0.2828282828282829 0.5350412457544382)
                (0.29292929292929293 0.5142741567290082)
                (0.30303030303030304 0.4939139525916385)
                (0.31313131313131315 0.4733094055102013)
                (0.32323232323232326 0.45235150637660576)
                (0.33333333333333337 0.4312169312169311)
                (0.3434343434343435 0.41008235605725646)
                (0.3535353535353536 0.389124456923661)
                (0.36363636363636365 0.3685199098422239)
                (0.37373737373737376 0.3484453908390241)
                (0.38383838383838387 0.329077575940141)
                (0.393939393939394 0.31059314117165354)
                (0.4040404040404041 0.2930951475487747)
                (0.4141414141414142 0.27603893232910676)
                (0.42424242424242425 0.25931928493911965)
                (0.43434343434343436 0.242989208186637)
                (0.4444444444444445 0.22710170487948264)
                (0.4545454545454546 0.21170977782548026)
                (0.4646464646464647 0.19686642983245364)
                (0.4747474747474748 0.18262466370822653)
                (0.48484848484848486 0.16903748226062273)
                (0.494949494949495 0.15615788829746588)
                (0.5050505050505051 0.1439581166904909)
                (0.5151515151515152 0.13201760488261852)
                (0.5252525252525253 0.12033680683308265)
                (0.5353535353535354 0.10899817135405337)
                (0.5454545454545455 0.09808414725770087)
                (0.5555555555555556 0.08767718335619565)
                (0.5656565656565657 0.07785972846170774)
                (0.5757575757575758 0.06871423138640763)
                (0.5858585858585859 0.060323140942465485)
                (0.595959595959596 0.052768905942051476)
                (0.6060606060606061 0.04599206017938798)
                (0.6161616161616162 0.039478432249577984)
                (0.6262626262626263 0.03321730380703951)
                (0.6363636363636365 0.027260205359378842)
                (0.6464646464646465 0.02165866741420252)
                (0.6565656565656566 0.016464220479116897)
                (0.6666666666666667 0.011728395061728347)
                (0.6767676767676768 0.007502721669643386)
                (0.686868686868687 0.003838730810468343)
                (0.696969696969697 0.0007879529918097192)
                (0.7070707070707072 0.0)
                (0.7171717171717172 0.0)
                (0.7272727272727273 0.0)
                (0.7373737373737375 0.0)
                (0.7474747474747475 0.0)
                (0.7575757575757577 0.0)
                (0.7676767676767677 0.0009310360345969604)
                (0.7777777777777778 0.00464106081390038)
                (0.787878787878788 0.009428073202177992)
                (0.797979797979798 0.0153436037070361)
                (0.8080808080808082 0.022439182836081276)
                (0.8181818181818182 0.03076634109691976)
                (0.8282828282828284 0.04037660899715818)
                (0.8383838383838385 0.05132151704440272)
                (0.8484848484848485 0.0636525957462599)
                (0.8585858585858587 0.07742137561033624)
                (0.8686868686868687 0.09267938714423798)
                (0.8787878787878789 0.10947816085557181)
                (0.888888888888889 0.12786922725194377)
                (0.8989898989898991 0.1479041168409607)
                (0.9090909090909092 0.1696343601302285)
                (0.9191919191919192 0.19311148762735386)
                (0.9292929292929294 0.21838702983994362)
                (0.9393939393939394 0.2455125172756034)
                (0.9494949494949496 0.27453948044194043)
                (0.9595959595959597 0.3055194498465603)
                (0.9696969696969697 0.3385039559970697)
                (0.9797979797979799 0.37354452940107574)
                (0.98989898989899 0.41069270056618395)
                (1.0 0.45000000000000107)
            );
        }

        pcTable
        {
            type            table;
            outOfBounds     clamp;
            values
            (
                (0.0 0.0)
                (0.010101010101010102 15.151515151515156)
                (0.020202020202020204 30.30303030303031)
                (0.030303030303030304 45.45454545454546)
                (0.04040404040404041 60.606060606060616)
                (0.05050505050505051 75.75757575757578)
                (0.06060606060606061 90.9090909090909)
                (0.07070707070707072 106.06060606060608)
                (0.08080808080808081 121.21212121212123)
                (0.09090909090909091 136.36363636363635)
                (0.10101010101010102 151.51298723383206)
                (0.11111111111111112 166.43151087595535)
                (0.12121212121212122 181.058519075048)
                (0.13131313131313133 195.52651885066948)
                (0.14141414141414144 209.96801722237905)
                (0.15151515151515152 224.51552120973605)
                (0.16161616161616163 239.30153783230003)
                (0.17171717171717174 254.45857410963018)
                (0.18181818181818182 270.1191370612858)
                (0.19191919191919193 286.4157337068264)
                (0.20202020202020204 303.4702940610502)
                (0.21212121212121213 321.05144320020355)
                (0.22222222222222224 339.06721536351165)
                (0.23232323232323235 357.58828096140616)
                (0.24242424242424243 376.6853104043187)
                (0.25252525252525254 396.4289741026809)
                (0.26262626262626265 416.8899424669245)
                (0.27272727272727276 438.13888590748104)
                (0.2828282828282829 460.2464748347823)
                (0.29292929292929293 483.2833796592597)
                (0.30303030303030304 507.3430885001133)
                (0.31313131313131315 532.8065207587706)
                (0.32323232323232326 559.7063291094513)
                (0.33333333333333337 587.9365079365081)
                (0.3434343434343435 617.3910516242933)
                (0.3535353535353536 647.9639545571595)
                (0.36363636363636365 679.5492111194591)
                (0.37373737373737376 712.0408156955448)
                (0.38383838383838387 745.3327626697691)
                (0.393939393939394 779.3190464264845)
                (0.4040404040404041 813.8267443236325)
                (0.4141414141414142 848.3194012017602)
                (0.42424242424242425 883.0829613198758)
                (0.43434343434343436 918.5885607475241)
                (0.4444444444444445 955.3073355542492)
                (0.4545454545454546 993.7104218095956)
                (0.4646464646464647 1034.2689555831073)
                (0.4747474747474748 1077.454072944329)
                (0.48484848484848486 1123.7369099628054)
                (0.494949494949495 1173.5886027080803)
                (0.5050505050505051 1227.6723904215332)
                (0.5151515151515152 1287.3815812131784)
                (0.5252525252525253 1352.790494237463)
                (0.5353535353535354 1423.7557402558314)
                (0.5454545454545455 1500.1339300297266)
                (0.5555555555555556 1581.7816743205904)
                (0.5656565656565657 1668.5555838898676)
                (0.5757575757575758 1760.3122694989988)
                (0.5858585858585859 1856.9083419094288)
                (0.595959595959596 1958.2004118826014)
                (0.6060606060606061 2065.2855056735766)
                (0.6161616161616162 2182.8998564628923)
                (0.6262626262626263 2310.949807179563)
                (0.6363636363636365 2448.7766635089683)
                (0.6464646464646465 2595.721731136486)
                (0.6565656565656566 2751.1263157474955)
                (0.6666666666666667 2914.3317230273774)
                (0.6767676767676768 3084.679258661506)
                (0.686868686868687 3261.5102283352667)
                (0.696969696969697 3444.165937734031)
                (0.7070707070707072 3631.9876925431845)
                (0.7171717171717172 3824.3167984481)
                (0.7272727272727273 4020.4945611341595)
                (0.7373737373737375 4219.862286286744)
                (0.7474747474747475 4421.761279591227)
                (0.7575757575757577 4625.532846732993)
                (0.7676767676767677 4830.5182933974165)
                (0.7777777777777778 5036.058925269876)
                (0.787878787878788 5241.496048035756)
                (0.797979797979798 5446.170967380429)
                (0.8080808080808082 5649.424988989278)
                (0.8181818181818182 5850.599418547678)
                (0.8282828282828284 6049.035561741012)
                (0.8383838383838385 6244.074724254655)
                (0.8484848484848485 6435.058211773987)
                (0.8585858585858587 6621.327329984391)
                (0.8686868686868687 6802.223384571239)
                (0.8787878787878789 6977.087681219915)
                (0.888888888888889 7145.261525615794)
                (0.8989898989898991 7306.086223444258)
                (0.9090909090909092 7458.903080390686)
                (0.9191919191919192 7603.053402140452)
                (0.9292929292929294 7737.878494378942)
                (0.9393939393939394 7862.719662791529)
                (0.9494949494949496 7976.9182130635945)
                (0.9595959595959597 8079.8154508805155)
                (0.9696969696969697 8170.7526819276745)
                (0.9797979797979799 8249.071211890445)
                (0.98989898989899 8314.11234645421)
                (1.0 8365.217391304348)
            );
        }

        dpcdsTable
        {
            type            table;
            outOfBounds     clamp;
            values
            (
                (0.0 1500.0000000000002)
                (0.010101010101010102 1500.0000000000002)
                (0.020202020202020204 1500.0000000000002)
                (0.030303030303030304 1500.0)
                (0.04040404040404041 1500.0)
                (0.05050505050505051 1500.0)
                (0.06060606060606061 1500.0)
                (0.07070707070707072 1500.0)
                (0.08080808080808081 1499.9999999999998)
                (0.09090909090909091 1499.9999999999998)
                (0.10101010101010102 1495.7365866456776)
                (0.11111111111111112 1460.3174603174602)
                (0.12121212121212122 1438.0165289256197)
                (0.13131313131313133 1428.833792470156)
                (0.14141414141414144 1432.7692509510691)
                (0.15151515151515152 1449.822904368359)
                (0.16161616161616163 1479.9947527220254)
                (0.17171717171717174 1523.2847960120687)
                (0.18181818181818182 1579.6930342384887)
                (0.19191919191919193 1649.2194674012853)
                (0.20202020202020204 1721.352048624776)
                (0.21212121212121213 1760.8815426997248)
                (0.22222222222222224 1807.407407407408)
                (0.23232323232323235 1860.9296427478255)
                (0.24242424242424243 1921.4482487209768)
                (0.25252525252525254 1988.9632253268626)
                (0.26262626262626265 2063.4745725654825)
                (0.27272727272727276 2144.9822904368366)
                (0.2828282828282829 2233.486378940925)
                (0.29292929292929293 2328.986838077747)
                (0.30303030303030304 2446.2809917355376)
                (0.31313131313131315 2593.7295028204117)
                (0.32323232323232326 2730.6834579561846)
                (0.33333333333333337 2857.142857142856)
                (0.3434343434343435 2973.1077003804266)
                (0.3535353535353536 3078.5779876688957)
                (0.36363636363636365 3173.553719008263)
                (0.37373737373737376 3258.0348943985296)
                (0.38383838383838387 3332.0215138396948)
                (0.393939393939394 3395.513577331759)
                (0.4040404040404041 3416.9108108502046)
                (0.4141414141414142 3420.4089961665723)
                (0.42424242424242425 3470.5496523678344)
                (0.43434343434343436 3567.3327794539928)
                (0.4444444444444445 3710.7583774250456)
                (0.4545454545454546 3900.8264462809934)
                (0.4646464646464647 4137.536986021837)
                (0.4747474747474748 4420.889996647576)
                (0.48484848484848486 4750.885478158207)
                (0.494949494949495 5127.523430553736)
                (0.5050505050505051 5624.341792984747)
                (0.5151515151515152 6195.712061324716)
                (0.5252525252525253 6752.886795047537)
                (0.5353535353535354 7295.865994153216)
                (0.5454545454545455 7824.649658641759)
                (0.5555555555555556 8339.237788513155)
                (0.5656565656565657 8839.630383767413)
                (0.5757575757575758 9325.827444404526)
                (0.5858585858585859 9797.828970424494)
                (0.595959595959596 10255.634961827329)
                (0.6060606060606061 11105.521619355619)
                (0.6161616161616162 12171.251380737562)
                (0.6262626262626263 13171.770404971996)
                (0.6363636363636365 14107.078692058945)
                (0.6464646464646465 14977.176241998388)
                (0.6565656565656566 15782.063054790335)
                (0.6666666666666667 16521.739130434795)
                (0.6767676767676768 17196.204468931748)
                (0.686868686868687 17805.459070281213)
                (0.696969696969697 18349.50293448318)
                (0.7070707070707072 18828.33606153765)
                (0.7171717171717172 19241.958451444625)
                (0.7272727272727273 19590.3701042041)
                (0.7373737373737375 19873.571019816085)
                (0.7474747474747475 20091.56119828057)
                (0.7575757575757577 20244.340639597558)
                (0.7676767676767677 20331.909343767053)
                (0.7777777777777778 20354.26731078905)
                (0.787878787878788 20311.41454066355)
                (0.797979797979798 20203.351033390558)
                (0.8080808080808082 20030.076788970066)
                (0.8181818181818182 19791.591807402085)
                (0.8282828282828284 19487.896088686593)
                (0.8383838383838385 19118.98963282362)
                (0.8484848484848485 18684.872439813145)
                (0.8585858585858587 18185.544509655174)
                (0.8686868686868687 17621.005842349707)
                (0.8787878787878789 16991.256437896736)
                (0.888888888888889 16296.296296296285)
                (0.8989898989898991 15536.12541754832)
                (0.9090909090909092 14710.743801652876)
                (0.9191919191919192 13820.15144860993)
                (0.9292929292929294 12864.348358419476)
                (0.9393939393939394 11843.334531081542)
                (0.9494949494949496 10757.109966596101)
                (0.9595959595959597 9605.674664963168)
                (0.9696969696969697 8389.028626182757)
                (0.9797979797979799 7107.171850254825)
                (0.98989898989899 5760.104337179408)
                (1.0 4347.826086956491)
            );
        }
        

        

        

        
        

        

        

        
        

        

        

        
        

        

        

        
 // tabulated uses points from PNM for capillary pressure and relative permeabilities, alternatively set to leverett (then these inputs are not used) or to brooksCorey
        pcEntry 5000; // needed for brooksCorey, not needed for tabulated or leverett
        brooksCoreyLambda 2.0;
        residualWaterSaturation 0.1;
        residualGasSaturation 0.05;

        // (LiquidSaturation  Value) // points from fitting Monotone Cubic Spline (PCHIP) through PNM data
        

        

        

        // Derivative: d(Pc)/d(Sl)
        

        coordinateSystem
        {
            type    cartesian;
            origin  (0 0 0);
            rotation
            {
                type    axesRotation;
                e1      (1 0 0);    //(0.70710678 0.70710678 0);
                e2      (0 0 1);
            }
        }
        theta 2.111848395;
        sigma 0.0625;
    }

    Cp 568;
    k  1;
}

mpl
{
    type            DarcyForchheimer;	// porosity Model: fixCoeff, powerLaw, DarcyForchheimer
    active          yes;		// status
    cellZone        mpl;		// name of porous zone
    porosity        0.45;		// porosity

    DarcyForchheimerCoeffs		// coefficents for DarcyForchheimer; with the name of type + Coeffs
    {
        d   (2e12 2e12 2e12);
        f   (0 0 0);

        capillaryPressureModel tabulated;

        krLTable
        {
            type            table;
            outOfBounds     clamp;
            values
            (
                (0.0 0.0)
                (0.010101010101010102 7.394627841521021e-05)
                (0.020202020202020204 0.00028547901213955704)
                (0.030303030303030304 0.0006191390488911151)
                (0.04040404040404041 0.0010594672363879588)
                (0.05050505050505051 0.0015910044223481632)
                (0.06060606060606061 0.0021982914544898015)
                (0.07070707070707072 0.00286586918053095)
                (0.08080808080808081 0.0035782784481896814)
                (0.09090909090909091 0.004320060105184072)
                (0.10101010101010102 0.0050763713041031685)
                (0.11111111111111112 0.005909465020576132)
                (0.12121212121212122 0.006875198263628016)
                (0.13131313131313133 0.007982846524627977)
                (0.14141414141414144 0.00924168529494517)
                (0.15151515151515152 0.010660990065948743)
                (0.16161616161616163 0.012250036329007861)
                (0.17171717171717174 0.014018099575491681)
                (0.18181818181818182 0.015974455296769344)
                (0.19191919191919193 0.01812837898421002)
                (0.20202020202020204 0.020505938891001642)
                (0.21212121212121213 0.023644600272699445)
                (0.22222222222222224 0.02772565157750343)
                (0.23232323232323235 0.032650154230809275)
                (0.24242424242424243 0.03831916965801264)
                (0.25252525252525254 0.04463375928450922)
                (0.26262626262626265 0.051494984535694684)
                (0.27272727272727276 0.058803906836964716)
                (0.2828282828282829 0.066461587613715)
                (0.29292929292929293 0.07436908829134113)
                (0.30303030303030304 0.08246987784177869)
                (0.31313131313131315 0.09134456492277125)
                (0.32323232323232326 0.1011591684625049)
                (0.33333333333333337 0.11185185185185191)
                (0.3434343434343435 0.12336077848168456)
                (0.3535353535353536 0.1356241117428752)
                (0.36363636363636365 0.14858001502629606)
                (0.37373737373737376 0.16216665172281947)
                (0.38383838383838387 0.1763221852233178)
                (0.393939393939394 0.19098477891866325)
                (0.4040404040404041 0.20618574503552234)
                (0.4141414141414142 0.2226889626576734)
                (0.42424242424242425 0.2405388442119388)
                (0.43434343434343436 0.25956362133963057)
                (0.4444444444444445 0.27959152568206075)
                (0.4545454545454546 0.30045078888054105)
                (0.4646464646464647 0.3219696425763835)
                (0.4747474747474748 0.34397631841090004)
                (0.48484848484848486 0.36629904802540253)
                (0.494949494949495 0.38876606306120304)
                (0.5050505050505051 0.41126056103439373)
                (0.5151515151515152 0.4340371885367296)
                (0.5252525252525253 0.4572260600999166)
                (0.5353535353535354 0.4809130599032991)
                (0.5454545454545455 0.5051840721262212)
                (0.5555555555555556 0.5301249809480264)
                (0.5656565656565657 0.5558216705480593)
                (0.5757575757575758 0.5823600251056635)
                (0.5858585858585859 0.6098259288001833)
                (0.595959595959596 0.6383052658109627)
                (0.6060606060606061 0.6679197855506397)
                (0.6161616161616162 0.6988441878912243)
                (0.6262626262626263 0.7310465468204477)
                (0.6363636363636365 0.7644753318307042)
                (0.6464646464646465 0.7990790124143866)
                (0.6565656565656566 0.8348060580638891)
                (0.6666666666666667 0.8716049382716053)
                (0.6767676767676768 0.9094241225299283)
                (0.686868686868687 0.9482120803312525)
                (0.696969696969697 0.9879172811679702)
                (0.7070707070707072 1.0)
                (0.7171717171717172 1.0)
                (0.7272727272727273 1.0)
                (0.7373737373737375 1.0)
                (0.7474747474747475 1.0)
                (0.7575757575757577 1.0)
                (0.7676767676767677 1.0)
                (0.7777777777777778 1.0)
                (0.787878787878788 1.0)
                (0.797979797979798 1.0)
                (0.8080808080808082 1.0)
                (0.8181818181818182 1.0)
                (0.8282828282828284 1.0)
                (0.8383838383838385 1.0)
                (0.8484848484848485 1.0)
                (0.8585858585858587 1.0)
                (0.8686868686868687 1.0)
                (0.8787878787878789 1.0)
                (0.888888888888889 1.0)
                (0.8989898989898991 1.0)
                (0.9090909090909092 1.0)
                (0.9191919191919192 1.0)
                (0.9292929292929294 1.0)
                (0.9393939393939394 1.0)
                (0.9494949494949496 1.0)
                (0.9595959595959597 1.0)
                (0.9696969696969697 1.0)
                (0.9797979797979799 1.0)
                (0.98989898989899 1.0)
                (1.0 1.0)
            );
        }

        krGTable
        {
            type            table;
            outOfBounds     clamp;
            values
            (
                (0.0 1.0)
                (0.010101010101010102 0.9848484848484849)
                (0.020202020202020204 0.9696969696969697)
                (0.030303030303030304 0.9545454545454546)
                (0.04040404040404041 0.9393939393939393)
                (0.05050505050505051 0.9242424242424242)
                (0.06060606060606061 0.9090909090909091)
                (0.07070707070707072 0.8939393939393939)
                (0.08080808080808081 0.8787878787878788)
                (0.09090909090909091 0.8636363636363635)
                (0.10101010101010102 0.8484870127661679)
                (0.11111111111111112 0.8335684891240447)
                (0.12121212121212122 0.8189414809249519)
                (0.13131313131313133 0.8044734811493305)
                (0.14141414141414144 0.7900319827776209)
                (0.15151515151515152 0.7754844787902639)
                (0.16161616161616163 0.7606984621677)
                (0.17171717171717174 0.7455414258903699)
                (0.18181818181818182 0.7298808629387141)
                (0.19191919191919193 0.7135842662931736)
                (0.20202020202020204 0.6965137108693887)
                (0.21212121212121213 0.6784320974403618)
                (0.22222222222222224 0.6593964334705076)
                (0.23232323232323235 0.6395833949859049)
                (0.24242424242424243 0.6191696580126331)
                (0.25252525252525254 0.5983318985767715)
                (0.26262626262626265 0.577246792704399)
                (0.27272727272727276 0.5560910164215948)
                (0.2828282828282829 0.5350412457544382)
                (0.29292929292929293 0.5142741567290082)
                (0.30303030303030304 0.4939139525916385)
                (0.31313131313131315 0.4733094055102013)
                (0.32323232323232326 0.45235150637660576)
                (0.33333333333333337 0.4312169312169311)
                (0.3434343434343435 0.41008235605725646)
                (0.3535353535353536 0.389124456923661)
                (0.36363636363636365 0.3685199098422239)
                (0.37373737373737376 0.3484453908390241)
                (0.38383838383838387 0.329077575940141)
                (0.393939393939394 0.31059314117165354)
                (0.4040404040404041 0.2930951475487747)
                (0.4141414141414142 0.27603893232910676)
                (0.42424242424242425 0.25931928493911965)
                (0.43434343434343436 0.242989208186637)
                (0.4444444444444445 0.22710170487948264)
                (0.4545454545454546 0.21170977782548026)
                (0.4646464646464647 0.19686642983245364)
                (0.4747474747474748 0.18262466370822653)
                (0.48484848484848486 0.16903748226062273)
                (0.494949494949495 0.15615788829746588)
                (0.5050505050505051 0.1439581166904909)
                (0.5151515151515152 0.13201760488261852)
                (0.5252525252525253 0.12033680683308265)
                (0.5353535353535354 0.10899817135405337)
                (0.5454545454545455 0.09808414725770087)
                (0.5555555555555556 0.08767718335619565)
                (0.5656565656565657 0.07785972846170774)
                (0.5757575757575758 0.06871423138640763)
                (0.5858585858585859 0.060323140942465485)
                (0.595959595959596 0.052768905942051476)
                (0.6060606060606061 0.04599206017938798)
                (0.6161616161616162 0.039478432249577984)
                (0.6262626262626263 0.03321730380703951)
                (0.6363636363636365 0.027260205359378842)
                (0.6464646464646465 0.02165866741420252)
                (0.6565656565656566 0.016464220479116897)
                (0.6666666666666667 0.011728395061728347)
                (0.6767676767676768 0.007502721669643386)
                (0.686868686868687 0.003838730810468343)
                (0.696969696969697 0.0007879529918097192)
                (0.7070707070707072 0.0)
                (0.7171717171717172 0.0)
                (0.7272727272727273 0.0)
                (0.7373737373737375 0.0)
                (0.7474747474747475 0.0)
                (0.7575757575757577 0.0)
                (0.7676767676767677 0.0009310360345969604)
                (0.7777777777777778 0.00464106081390038)
                (0.787878787878788 0.009428073202177992)
                (0.797979797979798 0.0153436037070361)
                (0.8080808080808082 0.022439182836081276)
                (0.8181818181818182 0.03076634109691976)
                (0.8282828282828284 0.04037660899715818)
                (0.8383838383838385 0.05132151704440272)
                (0.8484848484848485 0.0636525957462599)
                (0.8585858585858587 0.07742137561033624)
                (0.8686868686868687 0.09267938714423798)
                (0.8787878787878789 0.10947816085557181)
                (0.888888888888889 0.12786922725194377)
                (0.8989898989898991 0.1479041168409607)
                (0.9090909090909092 0.1696343601302285)
                (0.9191919191919192 0.19311148762735386)
                (0.9292929292929294 0.21838702983994362)
                (0.9393939393939394 0.2455125172756034)
                (0.9494949494949496 0.27453948044194043)
                (0.9595959595959597 0.3055194498465603)
                (0.9696969696969697 0.3385039559970697)
                (0.9797979797979799 0.37354452940107574)
                (0.98989898989899 0.41069270056618395)
                (1.0 0.45000000000000107)
            );
        }

        pcTable
        {
            type            table;
            outOfBounds     clamp;
            values
            (
                (0.0 0.0)
                (0.010101010101010102 15.151515151515156)
                (0.020202020202020204 30.30303030303031)
                (0.030303030303030304 45.45454545454546)
                (0.04040404040404041 60.606060606060616)
                (0.05050505050505051 75.75757575757578)
                (0.06060606060606061 90.9090909090909)
                (0.07070707070707072 106.06060606060608)
                (0.08080808080808081 121.21212121212123)
                (0.09090909090909091 136.36363636363635)
                (0.10101010101010102 151.51298723383206)
                (0.11111111111111112 166.43151087595535)
                (0.12121212121212122 181.058519075048)
                (0.13131313131313133 195.52651885066948)
                (0.14141414141414144 209.96801722237905)
                (0.15151515151515152 224.51552120973605)
                (0.16161616161616163 239.30153783230003)
                (0.17171717171717174 254.45857410963018)
                (0.18181818181818182 270.1191370612858)
                (0.19191919191919193 286.4157337068264)
                (0.20202020202020204 303.4702940610502)
                (0.21212121212121213 321.05144320020355)
                (0.22222222222222224 339.06721536351165)
                (0.23232323232323235 357.58828096140616)
                (0.24242424242424243 376.6853104043187)
                (0.25252525252525254 396.4289741026809)
                (0.26262626262626265 416.8899424669245)
                (0.27272727272727276 438.13888590748104)
                (0.2828282828282829 460.2464748347823)
                (0.29292929292929293 483.2833796592597)
                (0.30303030303030304 507.3430885001133)
                (0.31313131313131315 532.8065207587706)
                (0.32323232323232326 559.7063291094513)
                (0.33333333333333337 587.9365079365081)
                (0.3434343434343435 617.3910516242933)
                (0.3535353535353536 647.9639545571595)
                (0.36363636363636365 679.5492111194591)
                (0.37373737373737376 712.0408156955448)
                (0.38383838383838387 745.3327626697691)
                (0.393939393939394 779.3190464264845)
                (0.4040404040404041 813.8267443236325)
                (0.4141414141414142 848.3194012017602)
                (0.42424242424242425 883.0829613198758)
                (0.43434343434343436 918.5885607475241)
                (0.4444444444444445 955.3073355542492)
                (0.4545454545454546 993.7104218095956)
                (0.4646464646464647 1034.2689555831073)
                (0.4747474747474748 1077.454072944329)
                (0.48484848484848486 1123.7369099628054)
                (0.494949494949495 1173.5886027080803)
                (0.5050505050505051 1227.6723904215332)
                (0.5151515151515152 1287.3815812131784)
                (0.5252525252525253 1352.790494237463)
                (0.5353535353535354 1423.7557402558314)
                (0.5454545454545455 1500.1339300297266)
                (0.5555555555555556 1581.7816743205904)
                (0.5656565656565657 1668.5555838898676)
                (0.5757575757575758 1760.3122694989988)
                (0.5858585858585859 1856.9083419094288)
                (0.595959595959596 1958.2004118826014)
                (0.6060606060606061 2065.2855056735766)
                (0.6161616161616162 2182.8998564628923)
                (0.6262626262626263 2310.949807179563)
                (0.6363636363636365 2448.7766635089683)
                (0.6464646464646465 2595.721731136486)
                (0.6565656565656566 2751.1263157474955)
                (0.6666666666666667 2914.3317230273774)
                (0.6767676767676768 3084.679258661506)
                (0.686868686868687 3261.5102283352667)
                (0.696969696969697 3444.165937734031)
                (0.7070707070707072 3631.9876925431845)
                (0.7171717171717172 3824.3167984481)
                (0.7272727272727273 4020.4945611341595)
                (0.7373737373737375 4219.862286286744)
                (0.7474747474747475 4421.761279591227)
                (0.7575757575757577 4625.532846732993)
                (0.7676767676767677 4830.5182933974165)
                (0.7777777777777778 5036.058925269876)
                (0.787878787878788 5241.496048035756)
                (0.797979797979798 5446.170967380429)
                (0.8080808080808082 5649.424988989278)
                (0.8181818181818182 5850.599418547678)
                (0.8282828282828284 6049.035561741012)
                (0.8383838383838385 6244.074724254655)
                (0.8484848484848485 6435.058211773987)
                (0.8585858585858587 6621.327329984391)
                (0.8686868686868687 6802.223384571239)
                (0.8787878787878789 6977.087681219915)
                (0.888888888888889 7145.261525615794)
                (0.8989898989898991 7306.086223444258)
                (0.9090909090909092 7458.903080390686)
                (0.9191919191919192 7603.053402140452)
                (0.9292929292929294 7737.878494378942)
                (0.9393939393939394 7862.719662791529)
                (0.9494949494949496 7976.9182130635945)
                (0.9595959595959597 8079.8154508805155)
                (0.9696969696969697 8170.7526819276745)
                (0.9797979797979799 8249.071211890445)
                (0.98989898989899 8314.11234645421)
                (1.0 8365.217391304348)
            );
        }

        dpcdsTable
        {
            type            table;
            outOfBounds     clamp;
            values
            (
                (0.0 1500.0000000000002)
                (0.010101010101010102 1500.0000000000002)
                (0.020202020202020204 1500.0000000000002)
                (0.030303030303030304 1500.0)
                (0.04040404040404041 1500.0)
                (0.05050505050505051 1500.0)
                (0.06060606060606061 1500.0)
                (0.07070707070707072 1500.0)
                (0.08080808080808081 1499.9999999999998)
                (0.09090909090909091 1499.9999999999998)
                (0.10101010101010102 1495.7365866456776)
                (0.11111111111111112 1460.3174603174602)
                (0.12121212121212122 1438.0165289256197)
                (0.13131313131313133 1428.833792470156)
                (0.14141414141414144 1432.7692509510691)
                (0.15151515151515152 1449.822904368359)
                (0.16161616161616163 1479.9947527220254)
                (0.17171717171717174 1523.2847960120687)
                (0.18181818181818182 1579.6930342384887)
                (0.19191919191919193 1649.2194674012853)
                (0.20202020202020204 1721.352048624776)
                (0.21212121212121213 1760.8815426997248)
                (0.22222222222222224 1807.407407407408)
                (0.23232323232323235 1860.9296427478255)
                (0.24242424242424243 1921.4482487209768)
                (0.25252525252525254 1988.9632253268626)
                (0.26262626262626265 2063.4745725654825)
                (0.27272727272727276 2144.9822904368366)
                (0.2828282828282829 2233.486378940925)
                (0.29292929292929293 2328.986838077747)
                (0.30303030303030304 2446.2809917355376)
                (0.31313131313131315 2593.7295028204117)
                (0.32323232323232326 2730.6834579561846)
                (0.33333333333333337 2857.142857142856)
                (0.3434343434343435 2973.1077003804266)
                (0.3535353535353536 3078.5779876688957)
                (0.36363636363636365 3173.553719008263)
                (0.37373737373737376 3258.0348943985296)
                (0.38383838383838387 3332.0215138396948)
                (0.393939393939394 3395.513577331759)
                (0.4040404040404041 3416.9108108502046)
                (0.4141414141414142 3420.4089961665723)
                (0.42424242424242425 3470.5496523678344)
                (0.43434343434343436 3567.3327794539928)
                (0.4444444444444445 3710.7583774250456)
                (0.4545454545454546 3900.8264462809934)
                (0.4646464646464647 4137.536986021837)
                (0.4747474747474748 4420.889996647576)
                (0.48484848484848486 4750.885478158207)
                (0.494949494949495 5127.523430553736)
                (0.5050505050505051 5624.341792984747)
                (0.5151515151515152 6195.712061324716)
                (0.5252525252525253 6752.886795047537)
                (0.5353535353535354 7295.865994153216)
                (0.5454545454545455 7824.649658641759)
                (0.5555555555555556 8339.237788513155)
                (0.5656565656565657 8839.630383767413)
                (0.5757575757575758 9325.827444404526)
                (0.5858585858585859 9797.828970424494)
                (0.595959595959596 10255.634961827329)
                (0.6060606060606061 11105.521619355619)
                (0.6161616161616162 12171.251380737562)
                (0.6262626262626263 13171.770404971996)
                (0.6363636363636365 14107.078692058945)
                (0.6464646464646465 14977.176241998388)
                (0.6565656565656566 15782.063054790335)
                (0.6666666666666667 16521.739130434795)
                (0.6767676767676768 17196.204468931748)
                (0.686868686868687 17805.459070281213)
                (0.696969696969697 18349.50293448318)
                (0.7070707070707072 18828.33606153765)
                (0.7171717171717172 19241.958451444625)
                (0.7272727272727273 19590.3701042041)
                (0.7373737373737375 19873.571019816085)
                (0.7474747474747475 20091.56119828057)
                (0.7575757575757577 20244.340639597558)
                (0.7676767676767677 20331.909343767053)
                (0.7777777777777778 20354.26731078905)
                (0.787878787878788 20311.41454066355)
                (0.797979797979798 20203.351033390558)
                (0.8080808080808082 20030.076788970066)
                (0.8181818181818182 19791.591807402085)
                (0.8282828282828284 19487.896088686593)
                (0.8383838383838385 19118.98963282362)
                (0.8484848484848485 18684.872439813145)
                (0.8585858585858587 18185.544509655174)
                (0.8686868686868687 17621.005842349707)
                (0.8787878787878789 16991.256437896736)
                (0.888888888888889 16296.296296296285)
                (0.8989898989898991 15536.12541754832)
                (0.9090909090909092 14710.743801652876)
                (0.9191919191919192 13820.15144860993)
                (0.9292929292929294 12864.348358419476)
                (0.9393939393939394 11843.334531081542)
                (0.9494949494949496 10757.109966596101)
                (0.9595959595959597 9605.674664963168)
                (0.9696969696969697 8389.028626182757)
                (0.9797979797979799 7107.171850254825)
                (0.98989898989899 5760.104337179408)
                (1.0 4347.826086956491)
            );
        }
        

        

        

        
        

        

        

        
        

        

        

        
        

        

        

        
 // tabulated uses points from PNM for capillary pressure and relative permeabilities, alternatively set to leverett (then these inputs are not used) or to brooksCorey
        pcEntry 5000; // needed for brooksCorey, not needed for tabulated or leverett
        brooksCoreyLambda 2.0;
        residualWaterSaturation 0.1;
        residualGasSaturation 0.05;

        // (LiquidSaturation  Value) // points from fitting Monotone Cubic Spline (PCHIP) through PNM data
        

        

        

        // Derivative: d(Pc)/d(Sl)
        

        coordinateSystem
        {
            type    cartesian;
            origin  (0 0 0);
            rotation
            {
                type    axesRotation;
                e1      (1 0 0);    //(0.70710678 0.70710678 0);
                e2      (0 0 1);
            }
        }
        theta 2.111848395;
        sigma 0.0625;
    }

    Cp 568;
    k  1;
}

ccl
{
    type            DarcyForchheimer;	// porosity Model: fixCoeff, powerLaw, DarcyForchheimer
    active          yes;		// status
    cellZone        ccl;		// name of porous zone
    porosity        0.3;		// porosity

    DarcyForchheimerCoeffs		// coefficents for DarcyForchheimer; with the name of type + Coeffs
    {
        d   (1e13 1e13 1e13);
        f   (0 0 0);

        coordinateSystem
        {
            type    cartesian;
            origin  (0 0 0);
            rotation
            {
                type    axesRotation;
                e1      (1 0 0);    //(0.70710678 0.70710678 0);
                e2      (0 0 1);
            }
        }
        theta 1.745329252;
        sigma 0.0625;
    }

    Cp 568;
    k 1;
}
//)
// ************************************************************************* //
