/*--------------------------------*- C++ -*----------------------------------*\
| =========                 |                                                 |
| \\      /  F ield         | OpenFOAM: The Open Source CFD Toolbox           |
|  \\    /   O peration     | Version:  2306                                  |
|   \\  /    A nd           | Website:  www.openfoam.com                      |
|    \\/     M anipulation  |                                                 |
\*---------------------------------------------------------------------------*/
FoamFile
{
    version     2.0;
    format      ascii;
    arch        "LSB;label=32;scalar=64";
    class       cellSet;
    location    "constant/phiI/polyMesh/sets";
    object      acl;
}
// * * * * * * * * * * * * * * * * * * * * * * * * * * * * * * * * * * * * * //


4000
(
8195
8196
8197
8198
8199
8215
8216
8217
8218
8219
8235
8236
8237
8238
8239
8255
8256
8257
8258
8259
8275
8276
8277
8278
8279
8295
8296
8297
8298
8299
8315
8316
8317
8318
8319
8335
8336
8337
8338
8339
8355
8356
8357
8358
8359
8375
8376
8377
8378
8379
8395
8396
8397
8398
8399
8415
8416
8417
8418
8419
8435
8436
8437
8438
8439
8455
8456
8457
8458
8459
8475
8476
8477
8478
8479
8495
8496
8497
8498
8499
8515
8516
8517
8518
8519
8535
8536
8537
8538
8539
8555
8556
8557
8558
8559
8575
8576
8577
8578
8579
8595
8596
8597
8598
8599
8615
8616
8617
8618
8619
8635
8636
8637
8638
8639
8655
8656
8657
8658
8659
8675
8676
8677
8678
8679
8695
8696
8697
8698
8699
8715
8716
8717
8718
8719
8735
8736
8737
8738
8739
8755
8756
8757
8758
8759
8775
8776
8777
8778
8779
8794
8795
8796
8797
8798
8814
8815
8816
8817
8818
8834
8835
8836
8837
8838
8854
8855
8856
8857
8858
8874
8875
8876
8877
8878
8894
8895
8896
8897
8898
8914
8915
8916
8917
8918
8934
8935
8936
8937
8938
8954
8955
8956
8957
8958
8974
8975
8976
8977
8978
8994
8995
8996
8997
8998
815
9014
9015
9016
9017
9018
9034
9035
9036
9037
9038
9054
9055
9056
9057
9058
9074
9075
9076
9077
9078
9094
9095
9096
9097
9098
9114
9115
9116
9117
9118
9134
9135
9136
9137
9138
951
9154
9155
9156
9157
9158
967
968
9173
9174
9175
9176
9177
9191
9192
9193
9194
9195
9211
9212
9213
9214
9215
9231
9232
9233
9234
9235
9251
9252
9253
9254
9255
9271
9272
9273
9274
9275
9291
9292
9293
9294
9295
1104
9311
9312
1120
9313
1121
9314
9315
1137
1138
9331
1139
9332
9333
9334
9335
9351
9352
9353
9354
9355
9371
9372
9373
9374
9375
9391
9392
9393
9394
9395
9411
9412
9413
9414
9415
9431
9432
9433
9434
9435
9451
9452
9453
9454
9455
1275
9471
9472
9473
9474
9475
1291
1292
9491
9492
9493
9494
9495
1308
1309
1310
9511
9512
9513
9514
9515
1326
1327
1328
1329
9531
9532
9533
9534
9535
9550
9551
9552
9553
9554
9568
9569
9570
9571
9572
9585
9586
9587
9588
9589
9605
9606
9607
9608
9609
9625
9626
9627
9628
9629
9645
9646
9647
9648
9649
1465
9665
9666
9667
9668
9669
1481
1482
9685
9686
9687
9688
9689
1498
1499
1500
9705
9706
9707
9708
1516
9709
1517
1518
1519
9725
9726
9727
1535
9728
1536
9729
1537
1538
1539
9745
9746
9747
9748
9749
9765
9766
9767
9768
9769
9785
9786
9787
9788
9789
9805
9806
9807
9808
9809
9825
9826
9827
9828
9829
9845
9846
9847
9848
9849
9865
9866
1674
9867
9868
9869
1690
1691
9885
9886
9887
9888
9889
1707
1708
1709
9905
9906
9907
9908
9909
1725
1726
1727
1728
9924
9925
9926
9927
9928
1744
1745
1746
1747
1748
9942
9943
9944
9945
9946
1764
1765
1766
9959
1767
9960
1768
9961
9962
9963
9975
9976
9977
9978
9979
9995
9996
9997
9998
9999
10015
10016
10017
10018
10019
10035
10036
10037
10038
10039
10055
10056
10057
10058
10059
10075
10076
10077
10078
10079
1901
10095
10096
10097
10098
10099
1917
1918
10115
10116
10117
10118
10119
1934
1935
1936
10135
10136
10137
10138
10139
1952
1953
1954
1955
10155
10156
10157
10158
10159
1971
1972
1973
1974
1975
10175
10176
10177
10178
10179
1991
1992
1993
1994
1995
10195
10196
10197
10198
10199
2011
2012
2013
2014
2015
10215
10216
10217
10218
10219
10235
10236
10237
10238
10239
10255
10256
10257
10258
10259
10275
10276
10277
10278
10279
10294
10295
10296
10297
10298
10312
10313
10314
10315
10316
10329
10330
10331
10332
10333
2145
10345
10346
10347
10348
10349
2161
2162
10360
10361
10362
10363
10364
2178
2179
2180
10380
10381
10382
10383
10384
2196
2197
2198
2199
10400
10401
10402
10403
10404
2215
2216
2217
2218
2219
10420
10421
10422
10423
10424
2235
2236
2237
2238
2239
10440
10441
10442
10443
10444
2255
2256
2257
2258
2259
10460
10461
10462
10463
10464
2275
2276
2277
2278
2279
10480
10481
10482
10483
10484
10500
10501
10502
10503
10504
10520
10521
10522
10523
10524
10540
10541
10542
10543
10544
10560
10561
10562
10563
10564
10580
10581
10582
10583
10584
2405
10600
10601
10602
10603
10604
2421
2422
10620
10621
10622
10623
10624
2438
2439
2440
10640
10641
10642
10643
10644
2456
2457
2458
2459
10659
10660
10661
10662
10663
2475
2476
2477
2478
2479
10677
10678
10679
10680
10681
2495
2496
2497
2498
2499
10694
10695
10696
10697
10698
2515
2516
2517
10710
2518
10711
2519
10712
10713
10714
10725
10726
10727
2535
10728
2536
10729
2537
2538
2539
10739
10740
10741
10742
10743
2555
2556
2557
2558
2559
10759
10760
10761
10762
10763
10779
10780
10781
10782
10783
10799
10800
10801
10802
10803
10819
10820
10821
10822
10823
10839
10840
10841
10842
10843
10859
10860
10861
10862
10863
2680
10879
10880
10881
10882
10883
2696
2697
10899
10900
10901
10902
10903
2713
2714
2715
10919
10920
10921
10922
10923
2731
2732
2733
2734
10939
10940
10941
10942
2750
10943
2751
2752
2753
2754
10959
10960
10961
10962
2770
10963
2771
2772
2773
2774
10979
10980
10981
10982
2790
10983
2791
2792
2793
2794
10999
11000
11001
11002
2810
11003
2811
2812
2813
2814
11018
11019
11020
11021
11022
2830
2831
2832
2833
2834
11036
11037
11038
11039
11040
2850
2851
2852
2853
2854
11053
11054
11055
11056
11057
11069
11070
11071
11072
11073
11084
11085
11086
11087
11088
11098
11099
11100
11101
11102
11111
11112
11113
11114
11115
11131
11132
11133
11134
11135
11151
11152
11153
11154
11155
2969
11171
11172
11173
11174
11175
2985
2986
11191
11192
11193
11194
3002
11195
3003
3004
11211
11212
3020
11213
3021
11214
3022
11215
3023
11231
3039
11232
3040
11233
3041
11234
3042
11235
3043
11251
3059
11252
3060
11253
3061
11254
3062
11255
3063
11271
3079
11272
3080
11273
3081
11274
3082
11275
3083
11291
3099
11292
3100
11293
3101
11294
3102
11295
3103
11311
3119
11312
3120
11313
3121
11314
3122
11315
3123
11331
3139
11332
3140
11333
3141
11334
3142
11335
3143
11351
3159
11352
3160
11353
3161
11354
3162
11355
3163
11370
11371
11372
11373
11374
11388
11389
11390
11391
11392
11405
11406
11407
11408
11409
11421
11422
11423
11424
11425
11436
11437
11438
11439
11440
11450
11451
11452
11453
11454
11463
3271
11464
11465
11466
11467
11475
11476
11477
11478
11479
3287
3288
11495
11496
3304
11497
3305
11498
3306
11499
3322
11515
3323
11516
3324
11517
3325
11518
11519
3341
3342
11535
3343
11536
3344
11537
3345
11538
11539
3361
3362
11555
3363
11556
3364
11557
3365
11558
11559
3381
3382
11575
3383
11576
3384
11577
3385
11578
11579
3401
3402
11595
3403
11596
3404
11597
3405
11598
11599
3421
3422
11615
3423
11616
3424
11617
3425
11618
11619
3441
3442
11635
3443
11636
3444
11637
3445
11638
11639
3461
3462
11655
3463
11656
3464
11657
3465
11658
11659
3481
3482
11675
3483
11676
3484
11677
3485
11678
11679
11695
11696
11697
11698
11699
11714
11715
11716
11717
11718
11732
11733
11734
11735
11736
11749
11750
11751
11752
11753
11765
11766
11767
11768
11769
3585
11780
11781
11782
11783
11784
3601
11794
3602
11795
11796
11797
11798
11807
11808
11809
11810
3618
11811
3619
3620
11819
11820
11821
11822
11823
3636
3637
11830
3638
11831
3639
11832
11833
11834
3655
3656
3657
11850
3658
11851
3659
11852
11853
11854
3675
3676
3677
11870
3678
11871
3679
11872
11873
11874
3695
3696
3697
11890
3698
11891
3699
11892
11893
11894
3715
3716
3717
11910
3718
11911
3719
11912
11913
11914
3735
3736
3737
11930
3738
11931
3739
11932
11933
11934
3755
3756
3757
11950
3758
11951
3759
11952
11953
11954
3775
3776
3777
11970
3778
11971
3779
11972
11973
11974
3795
3796
3797
11990
3798
11991
3799
11992
11993
11994
3815
3816
3817
12010
3818
12011
3819
12012
12013
12014
12030
12031
12032
12033
12034
12049
12050
12051
12052
12053
12067
12068
12069
12070
12071
12084
12085
12086
12087
12088
12100
12101
12102
3910
12103
12104
12115
12116
12117
12118
3926
12119
3927
12129
12130
12131
12132
12133
3943
3944
3945
12142
12143
12144
12145
12146
3961
12154
3962
12155
3963
12156
3964
12157
12158
12165
12166
12167
12168
12169
3980
3981
3982
12175
3983
12176
3984
12177
12178
12179
4000
4001
4002
12195
4003
12196
4004
12197
12198
12199
4020
4021
4022
12215
4023
12216
4024
12217
12218
12219
4040
4041
4042
12235
4043
12236
4044
12237
12238
12239
4060
4061
4062
12255
4063
12256
4064
12257
12258
12259
4080
4081
4082
12275
4083
12276
4084
12277
12278
12279
4100
4101
4102
12295
4103
12296
4104
12297
12298
12299
4120
4121
4122
12315
4123
12316
4124
12317
12318
12319
4140
4141
4142
12335
4143
12336
4144
12337
12338
12339
4160
4161
4162
12355
4163
12356
4164
12357
12358
12359
12374
12375
12376
12377
12378
12392
12393
12394
12395
12396
12409
12410
12411
12412
12413
12425
12426
12427
12428
12429
4245
12440
12441
12442
12443
12444
4261
12454
4262
12455
12456
12457
12458
12467
12468
12469
12470
4278
12471
4279
4280
12479
12480
12481
12482
12483
4296
4297
12490
4298
12491
4299
12492
12493
12494
12500
12501
12502
12503
12504
4315
4316
12509
4317
12510
4318
12511
4319
12512
12513
4335
4336
12529
4337
12530
4338
12531
4339
12532
12533
4355
4356
12549
4357
12550
4358
12551
4359
12552
12553
4375
4376
12569
4377
12570
4378
12571
4379
12572
12573
4395
4396
12589
4397
12590
4398
12591
4399
12592
12593
4415
4416
12609
4417
12610
4418
12611
4419
12612
12613
4435
4436
12629
4437
12630
4438
12631
4439
12632
12633
4455
4456
12649
4457
12650
4458
12651
4459
12652
12653
4475
4476
12669
4477
12670
4478
12671
4479
12672
12673
4495
12688
4496
12689
4497
12690
4498
12691
4499
12692
12706
12707
4515
12708
4516
12709
4517
12710
4518
4519
12723
12724
12725
12726
12727
12739
12740
12741
12742
12743
12754
12755
12756
12757
12758
12768
12769
12770
12771
12772
12781
4589
12782
12783
12784
12785
12793
12794
12795
12796
12797
4605
4606
12804
12805
12806
12807
12808
12814
4622
12815
4623
12816
4624
12817
12818
12823
12824
12825
12826
12827
12831
12832
4640
12833
4641
12834
4642
12835
4643
12851
4659
12852
4660
12853
4661
12854
4662
12855
4663
12871
4679
12872
4680
12873
4681
12874
4682
12875
4683
12891
4699
12892
4700
12893
4701
12894
4702
12895
4703
12911
4719
12912
4720
12913
4721
12914
4722
12915
4723
12931
4739
12932
4740
12933
4741
12934
4742
12935
4743
12951
4759
12952
4760
12953
4761
12954
4762
12955
4763
12971
4779
12972
4780
12973
4781
12974
4782
12975
4783
12990
12991
4799
12992
4800
12993
4801
12994
4802
4803
13008
13009
13010
13011
4819
13012
4820
4821
4822
4823
13025
13026
13027
13028
13029
4839
4840
4841
4842
4843
13041
13042
13043
13044
13045
4859
4860
4861
4862
4863
13056
13057
13058
13059
13060
13070
13071
4879
13072
4880
13073
4881
13074
4882
4883
13083
13084
13085
13086
13087
13095
13096
13097
13098
13099
13106
13107
13108
13109
13110
13116
13117
13118
13119
13120
13125
13126
13127
13128
13129
13133
4941
13134
13135
13136
13137
13140
13141
13142
13143
13144
4957
4958
13160
13161
13162
13163
13164
4974
4975
4976
13180
13181
13182
13183
13184
4992
4993
4994
4995
13200
13201
13202
13203
5011
13204
5012
5013
5014
5015
13220
13221
13222
13223
5031
13224
5032
5033
5034
5035
13240
13241
13242
13243
5051
13244
5052
5053
5054
5055
13260
13261
13262
13263
5071
13264
5072
5073
5074
5075
13279
13280
13281
13282
13283
5091
5092
5093
5094
5095
13297
13298
13299
13300
13301
5111
5112
5113
5114
5115
13314
13315
13316
13317
13318
5131
5132
5133
5134
5135
13330
13331
13332
13333
13334
5151
5152
13345
5153
13346
5154
13347
5155
13348
13349
13359
13360
13361
13362
13363
5171
5172
5173
5174
5175
13372
13373
13374
13375
13376
5191
13384
5192
13385
5193
13386
5194
13387
5195
13388
13395
13396
13397
13398
13399
5211
5212
13405
5213
13406
5214
13407
5215
13408
13409
13414
13415
13416
13417
13418
13422
13423
5231
13424
5232
13425
5233
13426
5234
5235
13429
13430
13431
13432
13433
13435
13436
13437
13438
13439
5251
5252
5253
5254
5255
13455
13456
13457
13458
13459
13475
13476
13477
13478
13479
5300
13495
13496
13497
13498
13499
5316
5317
13515
13516
13517
13518
13519
5333
5334
5335
13535
13536
13537
13538
13539
5351
5352
5353
5354
13554
13555
13556
13557
13558
5370
5371
5372
5373
5374
13572
13573
13574
13575
13576
5390
5391
5392
5393
5394
13589
13590
13591
13592
13593
5410
5411
5412
13605
5413
13606
5414
13607
13608
13609
13620
13621
13622
5430
13623
5431
13624
5432
5433
5434
13634
13635
13636
13637
13638
5450
5451
5452
5453
5454
13647
13648
13649
13650
13651
13659
13660
13661
13662
5470
13663
5471
5472
5473
5474
13670
13671
13672
13673
13674
13680
13681
13682
5490
13683
5491
13684
5492
5493
5494
13689
13690
13691
13692
13693
13697
13698
13699
13700
13701
5510
5511
13704
5512
13705
5513
13706
5514
13707
13708
13710
13711
13712
13713
13714
13715
13716
13717
13718
13719
5530
5531
5532
5533
5534
13735
13736
13737
13738
13739
5550
5551
5552
5553
5554
13755
13756
13757
13758
13759
5570
5571
5572
5573
5574
13775
13776
13777
13778
13779
5590
5591
5592
5593
5594
13795
13796
13797
13798
13799
5610
5611
5612
5613
5614
13814
13815
13816
13817
13818
5630
5631
5632
5633
5634
13832
13833
13834
13835
13836
13849
13850
13851
13852
13853
5665
13865
13866
13867
13868
13869
5681
5682
13880
13881
13882
13883
13884
5698
5699
5700
13894
13895
13896
13897
13898
13907
13908
5716
13909
5717
13910
5718
13911
5719
13919
13920
13921
13922
13923
5735
5736
5737
13930
5738
13931
5739
13932
13933
13934
13940
13941
13942
13943
13944
5755
5756
13949
5757
13950
5758
13951
5759
13952
13953
13957
13958
13959
13960
13961
13964
13965
13966
13967
5775
13968
5776
5777
13970
5778
13971
5779
13972
13973
13974
13975
13976
13977
13978
13979
13980
13981
13982
13983
5795
5796
5797
5798
5799
13999
14000
14001
14002
14003
5815
5816
5817
5818
5819
14019
14020
14021
14022
14023
5835
5836
5837
5838
5839
14039
14040
14041
14042
14043
5855
5856
5857
5858
5859
14058
14059
14060
14061
14062
5875
5876
5877
5878
5879
14076
14077
14078
14079
14080
5895
5896
5897
5898
5899
14093
14094
14095
14096
14097
5915
5916
14109
5917
14110
5918
14111
5919
14112
14113
14124
14125
14126
14127
5935
14128
5936
5937
5938
5939
14138
14139
14140
14141
14142
5955
5956
5957
5958
14151
5959
14152
14153
14154
14155
14163
14164
14165
14166
14167
5975
5976
5977
5978
5979
14174
14175
14176
14177
14178
14184
14185
14186
14187
5995
14188
5996
5997
5998
5999
14193
14194
14195
14196
14197
14201
14202
14203
14204
14205
6015
14208
6016
14209
6017
14210
6018
14211
6019
14212
14214
14215
14216
14217
14218
14219
14220
14221
14222
14223
14224
14225
14226
14227
6035
14228
14229
14230
6051
6052
14246
14247
14248
14249
14250
6068
6069
6070
14266
14267
14268
14269
14270
6086
6087
6088
6089
14285
14286
14287
14288
14289
6105
6106
6107
6108
6109
14303
14304
14305
14306
14307
6125
6126
6127
14320
6128
14321
6129
14322
14323
14324
14336
14337
6145
14338
6146
14339
6147
14340
6148
6149
14351
14352
14353
14354
14355
6165
6166
6167
6168
6169
14365
14366
14367
14368
14369
6185
14378
6186
14379
6187
14380
6188
14381
6189
14382
14390
14391
14392
14393
14394
6205
6206
6207
6208
14401
6209
14402
14403
14404
14405
14411
14412
14413
14414
14415
6225
6226
6227
14420
6228
14421
6229
14422
14423
14424
14428
14429
14430
14431
14432
14435
14436
14437
6245
14438
6246
14439
6247
6248
14441
6249
14442
14443
14444
14445
14446
14447
14448
14449
14450
14451
14452
14453
14454
14455
14456
14457
6265
14458
6266
14459
6267
6268
6269
14475
14476
14477
6285
14478
6286
14479
6287
6288
6289
14494
14495
14496
14497
6305
14498
6306
6307
6308
6309
14512
14513
14514
14515
14516
6325
6326
6327
6328
6329
14529
14530
14531
14532
14533
6345
6346
6347
6348
6349
14545
14546
14547
14548
14549
6365
6366
6367
14560
6368
14561
6369
14562
14563
14564
14574
14575
14576
14577
6385
14578
6386
6387
6388
6389
14587
14588
14589
14590
14591
6405
6406
14599
6407
14600
6408
14601
6409
14602
14603
14610
14611
14612
14613
14614
6425
6426
14620
14621
14622
14623
14624
14629
14630
14631
14632
14633
6442
6443
6444
14637
14638
14639
14640
14641
14644
14645
14646
14647
14648
14650
14651
14652
6460
14653
6461
14654
6462
14655
6463
14656
14657
14658
14659
14660
14661
14662
14663
14664
14665
14666
14667
14668
14669
6479
6480
6481
6482
6483
14684
14685
14686
14687
14688
6499
6500
6501
6502
6503
14702
14703
14704
14705
14706
6519
6520
6521
6522
6523
14719
14720
14721
14722
14723
6539
6540
6541
6542
14735
6543
14736
14737
14738
14739
14750
14751
6559
14752
6560
14753
6561
14754
6562
6563
14764
14765
14766
14767
14768
6579
6580
6581
6582
6583
14777
14778
14779
14780
14781
14789
14790
14791
6599
14792
6600
14793
6601
6602
6603
14800
14801
14802
14803
14804
14810
14811
6619
14812
6620
14813
6621
14814
6622
6623
14819
14820
14821
14822
14823
14827
14828
14829
14830
14831
6639
6640
6641
14834
6642
14835
6643
14836
14837
14838
14840
14841
14842
14843
14844
14845
14846
14847
14848
14849
14850
14851
6659
14852
6660
14853
6661
14854
6662
14855
6663
14856
14857
14858
14859
6679
6680
14873
6681
14874
6682
14875
6683
14876
14877
14890
14891
6699
14892
6700
14893
6701
14894
6702
6703
14906
14907
14908
14909
14910
6719
6720
6721
6722
6723
14921
14922
14923
14924
14925
6739
6740
6741
6742
14935
6743
14936
14937
14938
14939
14948
14949
14950
14951
6759
14952
6760
6761
6762
6763
14960
14961
14962
14963
14964
14971
6779
14972
6780
14973
6781
14974
6782
14975
6783
14981
14982
14983
14984
14985
14990
14991
6799
14992
6800
14993
6801
14994
6802
6803
14998
14999
15000
15001
15002
15005
15006
15007
15008
15009
15011
6819
15012
6820
15013
6821
15014
15015
15016
15017
15018
15019
15020
15021
15022
15023
15024
15025
15026
15027
15028
15029
6837
15030
6838
6839
6840
15043
15044
15045
15046
15047
6856
6857
6858
6859
6860
15059
15060
15061
15062
15063
6876
6877
6878
6879
6880
15074
15075
15076
15077
15078
15088
6896
15089
6897
15090
6898
15091
6899
15092
6900
15101
15102
15103
15104
15105
6916
6917
6918
6919
6920
15113
15114
15115
15116
15117
15124
15125
15126
15127
15128
6936
6937
6938
6939
6940
15134
15135
15136
15137
15138
15143
15144
15145
15146
15147
6956
6957
6958
15151
6959
15152
6960
15153
15154
15155
15158
15159
15160
15161
15162
15164
15165
15166
15167
15168
6976
15169
6977
15170
6978
15171
6979
15172
6980
15173
15174
15175
15176
15177
15178
15179
15180
15181
15182
15183
6996
6997
6998
6999
7000
15195
15196
15197
15198
15199
7016
7017
15210
7018
15211
7019
15212
7020
15213
15214
15224
15225
15226
15227
15228
7036
7037
7038
7039
7040
15237
15238
15239
15240
15241
7056
15249
7057
15250
7058
15251
7059
15252
7060
15253
15260
15261
15262
15263
15264
7076
7077
15270
7078
15271
7079
15272
7080
15273
15274
15279
15280
15281
15282
15283
15287
15288
7096
15289
7097
15290
7098
15291
7099
7100
15294
15295
15296
15297
15298
15300
15301
15302
15303
15304
15305
15306
15307
15308
7116
15309
7117
15310
7118
15311
7119
15312
7120
15313
15314
15315
15316
15317
15318
15319
7136
7137
15330
7138
15331
7139
15332
7140
15333
15334
15344
15345
15346
15347
15348
7156
7157
7158
7159
7160
15357
15358
15359
15360
15361
7176
15369
7177
15370
7178
15371
7179
15372
7180
15373
15380
15381
15382
15383
15384
7196
7197
15390
7198
15391
7199
15392
7200
15393
15394
15399
15400
15401
15402
15403
15407
15408
7216
15409
7217
15410
7218
15411
7219
15414
15415
15416
15417
15418
15420
15421
15422
15423
15424
15425
15426
15427
7235
15428
7236
15429
7237
15430
7238
15431
7239
15432
15433
15434
15435
15436
15437
15438
15439
7255
7256
15449
7257
15450
7258
15451
7259
15452
15453
15462
15463
15464
15465
15466
7275
7276
7277
7278
7279
15474
15475
15476
15477
15478
15485
15486
15487
7295
15488
7296
15489
7297
7298
7299
15495
15496
15497
15498
15499
15504
15505
15506
15507
7315
15508
7316
7317
7318
7319
15512
15513
15514
15515
15516
15519
15520
15521
15522
15523
15525
15526
15527
7335
15528
7336
15529
7337
15530
7338
15531
7339
15532
15533
15534
15535
15536
15537
15538
15539
15540
15541
15542
15543
15544
7355
7356
7357
7358
7359
15553
15554
15555
15556
15557
15565
15566
15567
7375
15568
7376
15569
7377
7378
7379
15576
15577
15578
15579
15580
15586
15587
7395
15588
7396
15589
7397
15590
7398
7399
15595
15596
15597
15598
15599
15603
15604
15605
15606
15607
7415
7416
7417
15610
7418
15611
7419
15612
15613
15614
15616
15617
15618
15619
15620
15621
15622
15623
15624
15625
15626
15627
7435
15628
7436
15629
7437
15630
7438
15631
7439
15632
15633
15634
15635
15643
15644
15645
15646
15647
7455
7456
7457
7458
7459
15654
15655
15656
15657
15658
15664
15665
15666
15667
7475
15668
7476
7477
7478
7479
15673
15674
15675
15676
15677
15681
15682
15683
15684
15685
7495
15688
7496
15689
7497
15690
7498
15691
7499
15692
15694
15695
15696
15697
15698
15699
15700
15701
15702
15703
15704
15705
15706
15707
7515
15708
7516
15709
7517
15710
7518
15711
7519
15712
15713
15720
15721
15722
15723
15724
7535
7536
7537
15730
7538
15731
7539
15732
15733
15734
15739
15740
15741
15742
15743
15747
7555
15748
7556
15749
7557
15750
7558
15751
7559
15754
15755
15756
15757
15758
15760
15761
15762
15763
15764
15765
15766
15767
7575
15768
7576
15769
7577
15770
7578
15771
7579
15772
15773
15774
15775
15776
15777
15778
15779
15785
15786
15787
7595
15788
7596
15789
7597
7598
7599
15794
15795
15796
15797
15798
15802
15803
15804
15805
15806
7615
7616
15809
7617
15810
7618
15811
7619
15812
15813
15815
15816
15817
15818
15819
15820
15821
15822
15823
15824
15825
15826
15827
7635
15828
7636
15829
7637
15830
7638
15831
7639
15832
15833
15834
15839
15840
15841
15842
15843
15847
7655
15848
7656
15849
7657
15850
7658
15851
7659
15854
15855
15856
15857
15858
15860
15861
15862
15863
15864
15865
15866
15867
7675
15868
7676
15869
7677
15870
7678
15871
7679
15872
15873
15874
15875
15876
15877
15878
15879
15883
15884
15885
15886
15887
7695
7696
7697
15890
7698
15891
7699
15892
15893
15894
15896
15897
15898
15899
15900
15901
15902
15903
15904
15905
15906
15907
7715
15908
7716
15909
7717
15910
7718
15911
7719
15912
15913
15914
15915
15918
15919
15920
15921
15922
15924
15925
15926
15927
7735
15928
7736
15929
7737
15930
7738
15931
7739
15932
15933
15934
15935
15936
15937
15938
15939
15940
15941
15942
15943
15945
15946
15947
7755
15948
7756
15949
7757
15950
7758
15951
7759
15952
15953
15954
15955
15956
15957
15958
15959
15960
15961
15962
15963
15964
15965
15966
15967
7775
15968
7776
15969
7777
15970
7778
15971
7779
15972
15973
15974
15975
15976
15977
15978
15979
15980
15981
15982
15983
15984
15985
15986
15987
7795
15988
7796
15989
7797
15990
7798
15991
7799
15992
15993
15994
15995
15996
15997
15998
15999
7815
7816
7817
7818
7819
7835
7836
7837
7838
7839
7855
7856
7857
7858
7859
7875
7876
7877
7878
7879
7895
7896
7897
7898
7899
7915
7916
7917
7918
7919
7935
7936
7937
7938
7939
7955
7956
7957
7958
7959
7975
7976
7977
7978
7979
7995
7996
7997
7998
7999
8015
8016
8017
8018
8019
8035
8036
8037
8038
8039
8055
8056
8057
8058
8059
8075
8076
8077
8078
8079
8095
8096
8097
8098
8099
8115
8116
8117
8118
8119
8135
8136
8137
8138
8139
8155
8156
8157
8158
8159
8175
8176
8177
8178
8179
)


// ************************************************************************* //
