/*--------------------------------*- C++ -*----------------------------------*\
| =========                 |                                                 |
| \\      /  F ield         | OpenFOAM: The Open Source CFD Toolbox           |
|  \\    /   O peration     | Version:  2306                                  |
|   \\  /    A nd           | Website:  www.openfoam.com                      |
|    \\/     M anipulation  |                                                 |
\*---------------------------------------------------------------------------*/
FoamFile
{
    version     2.0;
    format      ascii;
    arch        "LSB;label=32;scalar=64";
    class       cellSet;
    location    "constant/phiI/polyMesh/sets";
    object      ccl;
}
// * * * * * * * * * * * * * * * * * * * * * * * * * * * * * * * * * * * * * //


4000
(
0
1
2
3
4
5
6
7
8200
8
8201
9
8202
10
8203
11
8204
12
13
14
15
16
17
18
19
20
21
22
23
24
25
26
27
8220
28
8221
29
8222
30
8223
31
8224
32
33
34
35
36
37
38
39
40
41
42
43
44
45
46
47
8240
48
8241
49
8242
50
8243
51
8244
52
53
54
56
57
58
59
60
61
62
63
64
65
66
67
8260
68
8261
69
8262
70
8263
71
8264
72
73
74
75
77
78
79
80
81
84
85
86
87
8280
88
8281
89
8282
90
8283
91
8284
92
93
94
95
96
97
98
99
100
101
102
103
105
106
107
8300
108
8301
109
8302
8303
8304
112
113
114
115
116
120
121
122
123
124
125
126
127
8320
128
8321
129
8322
130
8323
131
8324
132
133
134
135
136
137
138
139
141
142
143
144
145
8340
148
8341
149
8342
150
8343
151
8344
152
156
157
158
159
160
165
166
167
8360
168
8361
169
8362
170
8363
171
8364
172
173
174
175
176
177
178
179
180
181
182
183
184
186
187
8380
188
8381
189
8382
190
8383
8384
193
194
195
196
197
201
202
203
204
205
8400
8401
8402
210
8403
211
8404
212
213
214
220
221
222
223
224
225
226
227
8420
228
8421
229
8422
230
8423
231
8424
232
233
234
235
236
237
238
239
241
242
243
244
245
8440
248
8441
249
8442
250
8443
251
8444
252
256
257
258
259
260
265
266
267
8460
268
8461
269
8462
8463
8464
275
276
277
278
279
286
287
8480
288
8481
289
8482
290
8483
291
8484
292
293
294
295
296
297
298
299
300
301
302
303
304
305
307
8500
308
8501
309
8502
310
8503
311
8504
314
315
316
317
318
322
323
324
325
326
8520
8521
8522
8523
331
8524
332
333
334
335
341
342
343
344
345
8540
8541
8542
8543
8544
352
353
354
355
356
364
365
366
367
8560
368
8561
369
8562
370
8563
371
8564
372
373
374
375
376
377
378
379
380
381
382
383
385
386
387
8580
388
8581
389
8582
8583
8584
392
393
394
395
396
400
401
402
403
404
8600
8601
409
8602
410
8603
411
8604
412
413
419
420
421
422
423
8620
8621
8622
430
8623
431
8624
432
433
434
442
443
444
445
446
8640
8641
8642
8643
8644
455
456
457
458
459
460
461
462
463
464
465
466
467
8660
468
8661
469
8662
470
8663
471
8664
472
473
474
476
477
478
479
480
483
484
485
486
487
8680
8681
8682
8683
491
8684
492
493
494
495
500
501
502
503
504
8700
8701
8702
510
8703
511
8704
512
513
514
521
522
523
524
525
8720
8721
8722
8723
8724
533
534
535
536
537
546
547
8740
548
8741
549
8742
550
8743
8744
560
561
562
563
564
565
566
567
8760
568
8761
569
8762
570
8763
571
8764
572
573
574
575
576
577
578
579
581
582
583
584
585
8780
588
8781
589
8782
590
8783
591
592
596
597
598
599
600
605
606
8799
607
8800
608
8801
609
8802
8803
615
616
617
618
619
626
8819
627
8820
628
8821
629
8822
630
8823
638
639
640
641
642
8839
8840
8841
8842
8843
651
652
653
654
655
665
666
8859
667
8860
668
8861
669
8862
8863
680
681
682
683
684
685
686
8879
687
8880
688
8881
689
8882
690
8883
691
692
693
694
695
696
697
698
699
701
702
703
704
705
8899
8900
708
8901
709
8902
710
8903
711
712
716
717
718
719
720
725
726
8919
727
8920
728
8921
729
8922
8923
735
736
737
738
739
746
8939
747
8940
748
8941
749
8942
750
8943
758
759
760
761
762
8959
8960
8961
8962
8963
771
772
773
774
775
785
786
8979
787
8980
788
8981
789
8982
8983
800
801
802
803
804
8999
9000
9001
9002
9003
816
817
818
819
820
821
822
823
824
825
826
9019
827
9020
828
9021
829
9022
830
9023
831
832
833
834
835
837
838
839
840
841
844
845
846
9039
847
9040
848
9041
9042
9043
852
853
854
855
856
861
862
863
864
865
9059
9060
9061
9062
9063
871
872
873
874
875
882
883
884
885
886
9079
9080
9081
9082
9083
894
895
896
897
898
9099
907
9100
908
9101
909
9102
910
9103
911
921
922
923
924
925
9119
9120
9121
9122
9123
936
937
938
939
940
9139
9140
9141
9142
9143
952
953
954
955
956
9159
9160
9161
969
9162
970
971
972
973
974
975
976
977
978
979
980
981
982
983
984
985
9178
986
9179
987
9180
988
990
991
992
993
994
997
998
999
1000
1001
9196
9197
1005
9198
1006
9199
1007
9200
1008
1009
1014
1015
1016
1017
1018
9216
1024
9217
1025
9218
1026
9219
1027
9220
1028
1035
1036
1037
1038
1039
9236
9237
9238
9239
1047
9240
1048
1049
1050
1051
1060
1061
1062
1063
9256
1064
9257
9258
9259
9260
1074
1075
1076
1077
1078
9276
9277
9278
9279
9280
1089
1090
1091
1092
1093
9296
9297
1105
9298
1106
9299
1107
9300
1108
1109
1122
1123
9316
1124
9317
1125
9318
1126
9319
9320
1140
1141
1142
1143
9336
1144
9337
1145
9338
1146
9339
1147
9340
1148
1149
1150
1151
1152
1153
1154
1155
1156
1157
1158
1159
1161
1162
1163
9356
1164
9357
1165
9358
9359
9360
1168
1169
1170
1171
1172
1176
1177
1178
1179
1180
9376
9377
1185
9378
1186
9379
1187
9380
1188
1189
1195
1196
1197
1198
1199
9396
9397
9398
1206
9399
1207
9400
1208
1209
1210
1218
1219
1220
1221
1222
9416
9417
9418
9419
9420
1231
1232
1233
1234
1235
9436
9437
1245
9438
1246
9439
1247
9440
1248
1249
1260
1261
1262
1263
9456
1264
9457
9458
9459
9460
1276
1277
1278
1279
1280
9476
9477
9478
9479
9480
1293
1294
1295
1296
1297
9496
9497
9498
9499
9500
1311
1312
1313
1314
1315
9516
9517
9518
9519
9520
1330
1331
1332
1333
1334
1335
1336
1337
1338
1339
1340
1341
1342
1343
9536
1344
9537
1345
9538
1346
9539
1347
1348
1349
1351
1352
1353
1354
1355
1358
1359
1360
1361
1362
9555
9556
9557
1366
1367
1368
1369
1370
1375
1376
1377
1378
1379
9573
9574
1385
1386
1387
1388
1389
1396
1397
9590
1398
9591
1399
9592
1400
9593
9594
1408
1409
1410
1411
1412
9610
9611
9612
9613
1421
9614
1422
1423
1424
1425
1435
1436
1437
9630
1438
9631
1439
9632
9633
9634
1450
1451
1452
1453
1454
9650
9651
9652
9653
9654
1466
1467
1468
1469
1470
9670
9671
9672
9673
9674
1483
1484
1485
1486
1487
9690
9691
9692
9693
1501
9694
1502
1503
1504
1505
9710
9711
9712
1520
9713
1521
9714
1522
1523
1524
9730
9731
9732
1540
9733
1541
9734
1542
1543
1544
1545
1546
1547
1548
1549
1550
1551
1552
1553
1554
1555
1556
1557
9750
1558
9751
9752
1560
9753
1561
9754
1562
1563
1564
1567
1568
1569
1570
1571
1575
1576
1577
9770
1578
9771
1579
9772
9773
9774
1584
1585
1586
1587
1588
1594
1595
1596
1597
9790
1598
9791
9792
9793
9794
1605
1606
1607
1608
1609
1617
9810
1618
9811
1619
9812
1620
9813
1621
9814
1630
1631
1632
1633
1634
9830
9831
9832
9833
9834
1644
1645
1646
1647
1648
9850
9851
1659
9852
1660
9853
1661
9854
1662
1663
1675
1676
1677
9870
1678
9871
1679
9872
9873
9874
1692
1693
1694
1695
1696
9890
9891
9892
9893
9894
1710
1711
1712
1713
1714
9910
9911
9912
9913
1729
1730
1731
1732
1733
9929
9930
9931
1749
1750
1751
1752
1753
9947
9948
1769
1770
1771
9964
1772
1773
1774
1775
1776
1777
1778
1779
1780
1781
1782
1783
1784
1785
1787
9980
1788
9981
1789
9982
1790
9983
1791
9984
1794
1795
1796
1797
1798
1802
1803
1804
1805
1806
10000
10001
10002
10003
1811
10004
1812
1813
1814
1815
1821
1822
1823
1824
1825
10020
10021
10022
10023
10024
1832
1833
1834
1835
1836
1844
1845
1846
1847
10040
1848
10041
10042
10043
10044
1857
1858
1859
1860
1861
10060
10061
10062
10063
1871
10064
1872
1873
1874
1875
1886
1887
10080
1888
10081
1889
10082
1890
10083
10084
1902
1903
1904
1905
1906
10100
10101
10102
10103
10104
1919
1920
1921
1922
1923
10120
10121
10122
10123
10124
1937
1938
1939
1940
1941
10140
10141
10142
10143
10144
1956
1957
1958
1959
1960
10160
10161
10162
10163
10164
1976
1977
1978
1979
1980
10180
10181
10182
10183
10184
1996
1997
1998
1999
2000
10200
10201
10202
10203
10204
2016
2017
2018
2019
2020
2021
2022
2023
2024
2025
2026
2027
10220
2028
10221
2029
10222
10223
2031
10224
2032
2033
2034
2035
2038
2039
2040
2041
2042
2046
2047
10240
2048
10241
2049
10242
2050
10243
10244
2055
2056
2057
2058
2059
2065
2066
2067
10260
2068
10261
2069
10262
10263
10264
2076
2077
2078
2079
2080
10280
2088
10281
2089
10282
2090
10283
2091
2092
2101
2102
2103
2104
2105
10299
10300
10301
2115
2116
2117
2118
2119
10317
10318
2130
2131
2132
2133
2134
10334
2146
2147
2148
2149
2150
2163
2164
2165
2166
2167
10365
10366
10367
10368
10369
2181
2182
2183
2184
2185
10385
10386
10387
10388
10389
2200
2201
2202
2203
2204
10405
10406
10407
10408
10409
2220
2221
2222
2223
2224
10425
10426
10427
10428
10429
2240
2241
2242
2243
2244
10445
10446
10447
10448
10449
2260
2261
2262
2263
2264
10465
10466
10467
10468
10469
2280
2281
2282
2283
2284
2285
2286
2287
2288
2289
2291
2292
10485
2293
10486
2294
10487
2295
10488
10489
2298
2299
2300
2301
2302
2306
2307
2308
2309
2310
10505
10506
10507
2315
10508
2316
10509
2317
2318
2319
2325
2326
2327
2328
2329
10525
10526
10527
10528
2336
10529
2337
2338
2339
2340
2348
2349
2350
2351
2352
10545
10546
10547
10548
10549
2361
2362
2363
2364
2365
10565
10566
10567
2375
10568
2376
10569
2377
2378
2379
2390
2391
2392
10585
2393
10586
2394
10587
10588
10589
2406
2407
2408
2409
2410
10605
10606
10607
10608
10609
2423
2424
2425
2426
2427
10625
10626
10627
10628
10629
2441
2442
2443
2444
2445
10645
10646
10647
10648
2460
2461
2462
2463
2464
10664
10665
10666
2480
2481
2482
2483
2484
10682
10683
2500
2501
2502
2503
2504
10699
2520
2521
2522
2523
2524
2540
2541
2542
2543
2544
10744
10745
10746
10747
10748
2560
2561
2562
2563
2564
2566
2567
2568
2569
2570
10764
10765
2573
10766
2574
10767
2575
10768
2576
2577
2581
2582
2583
2584
2585
2590
2591
10784
2592
10785
2593
10786
2594
10787
10788
2600
2601
2602
2603
2604
2611
10804
2612
10805
2613
10806
2614
10807
2615
10808
2623
2624
2625
2626
2627
10824
10825
10826
10827
10828
2636
2637
2638
2639
2640
2650
2651
10844
2652
10845
2653
10846
2654
10847
10848
2665
2666
2667
2668
2669
10864
10865
10866
10867
10868
2681
2682
2683
2684
2685
10884
10885
10886
10887
10888
2698
2699
2700
2701
2702
10904
10905
10906
10907
10908
2716
2717
2718
2719
2720
10924
10925
10926
10927
2735
10928
2736
2737
2738
2739
10944
10945
10946
10947
2755
10948
2756
2757
2758
2759
10964
10965
10966
10967
2775
10968
2776
2777
2778
2779
10984
10985
10986
10987
2795
10988
2796
2797
2798
2799
11004
11005
11006
11007
2815
2816
2817
2818
2819
11023
11024
11025
2835
2836
2837
2838
2839
11041
11042
2855
2856
2857
2858
2859
2862
2863
2864
2865
11058
2866
2870
2871
2872
2873
2874
2879
2880
2881
2882
2883
2889
2890
2891
2892
2893
2900
2901
2902
2903
2904
2912
2913
2914
2915
2916
11116
11117
2925
11118
2926
11119
2927
11120
2928
2929
2939
2940
2941
2942
2943
11136
11137
11138
11139
11140
2954
2955
2956
2957
2958
11156
11157
11158
11159
11160
2970
2971
2972
2973
2974
11176
11177
11178
11179
2987
11180
2988
2989
2990
2991
11196
11197
3005
11198
3006
11199
3007
11200
3008
3009
11216
3024
11217
3025
11218
3026
11219
3027
11220
3028
11236
3044
11237
3045
11238
3046
11239
3047
11240
3048
11256
3064
11257
3065
11258
3066
11259
3067
11260
3068
11276
3084
11277
3085
11278
3086
11279
3087
11280
3088
11296
3104
11297
3105
11298
3106
11299
3107
11300
3108
11316
3124
11317
3125
11318
3126
11319
3127
11320
3128
11336
3144
11337
3145
11338
3146
11339
3147
11340
3148
11356
3164
11357
3165
11358
3166
11359
3167
3168
3172
3173
3174
3175
3176
3181
3182
11375
3183
11376
3184
11377
3185
3191
3192
3193
3194
3195
11393
11394
3202
3203
3204
3205
3206
3214
3215
3216
3217
11410
3218
3227
3228
3229
3230
3231
3241
3242
3243
3244
3245
3256
3257
3258
3259
3260
3272
3273
3274
3275
3276
11480
11481
3289
11482
3290
11483
3291
11484
3292
3293
3307
11500
3308
11501
3309
11502
3310
11503
3311
11504
3326
3327
11520
3328
11521
3329
11522
3330
11523
11524
3346
3347
11540
3348
11541
3349
11542
3350
11543
11544
3366
3367
11560
3368
11561
3369
11562
3370
11563
11564
3386
3387
11580
3388
11581
3389
11582
3390
11583
11584
3406
3407
11600
3408
11601
3409
11602
3410
11603
11604
3426
3427
11620
3428
11621
3429
11622
3430
11623
11624
3446
3447
11640
3448
11641
3449
11642
3450
11643
11644
3466
3467
11660
3468
11661
3469
11662
3470
11663
11664
3486
3487
11680
3488
11681
3489
11682
3490
11683
11684
3495
3496
3497
3498
3499
3505
3506
3507
11700
3508
11701
3509
11702
11703
3516
3517
3518
3519
3520
11719
11720
3528
11721
3529
3530
3531
3532
3541
3542
3543
3544
11737
3545
11738
3555
3556
3557
3558
3559
11754
3570
3571
3572
3573
3574
3586
3587
3588
3589
3590
3603
3604
3605
3606
3607
3621
3622
3623
3624
3625
3640
3641
3642
11835
3643
11836
3644
11837
11838
11839
3660
3661
3662
11855
3663
11856
3664
11857
11858
11859
3680
3681
3682
11875
3683
11876
3684
11877
11878
11879
3700
3701
3702
11895
3703
11896
3704
11897
11898
11899
3720
3721
3722
11915
3723
11916
3724
11917
11918
11919
3740
3741
3742
11935
3743
11936
3744
11937
11938
11939
3760
3761
3762
11955
3763
11956
3764
11957
11958
11959
3780
3781
3782
11975
3783
11976
3784
11977
11978
11979
3800
3801
3802
11995
3803
11996
3804
11997
11998
11999
3820
3821
3822
12015
3823
12016
3824
12017
12018
12019
3830
3831
3832
3833
3834
3841
3842
12035
3843
12036
3844
12037
3845
12038
3853
3854
3855
3856
3857
12054
12055
12056
3866
3867
3868
3869
3870
12072
3880
12073
3881
3882
3883
3884
3895
3896
12089
3897
3898
3899
3911
3912
3913
3914
3915
3928
3929
3930
3931
3932
3946
3947
3948
3949
3950
3965
3966
3967
3968
3969
3985
3986
3987
12180
3988
12181
3989
12182
12183
12184
4005
4006
4007
12200
4008
12201
4009
12202
12203
12204
4025
4026
4027
12220
4028
12221
4029
12222
12223
12224
4045
4046
4047
12240
4048
12241
4049
12242
12243
12244
4065
4066
4067
12260
4068
12261
4069
12262
12263
12264
4085
4086
4087
12280
4088
12281
4089
12282
12283
12284
4105
4106
4107
12300
4108
12301
4109
12302
12303
12304
4125
4126
4127
12320
4128
12321
4129
12322
12323
12324
4145
4146
4147
12340
4148
12341
4149
12342
12343
12344
4165
4166
4167
12360
4168
12361
4169
12362
12363
4176
4177
4178
4179
4180
12379
12380
4188
12381
4189
4190
4191
4192
4201
4202
4203
4204
12397
4205
12398
4215
4216
4217
4218
4219
12414
4230
4231
4232
4233
4234
4246
4247
4248
4249
4250
4263
4264
4265
4266
4267
4281
4282
4283
4284
4285
4300
4301
4302
4303
4304
4320
4321
12514
4322
12515
4323
12516
4324
12517
12518
4340
4341
12534
4342
12535
4343
12536
4344
12537
12538
4360
4361
12554
4362
12555
4363
12556
4364
12557
12558
4380
4381
12574
4382
12575
4383
12576
4384
12577
12578
4400
4401
12594
4402
12595
4403
12596
4404
12597
12598
4420
4421
12614
4422
12615
4423
12616
4424
12617
12618
4440
4441
12634
4442
12635
4443
12636
4444
12637
12638
4460
4461
12654
4462
12655
4463
12656
4464
12657
12658
4480
4481
12674
4482
12675
4483
12676
4484
12677
4500
12693
4501
12694
4502
12695
4503
4504
12711
12712
4520
4521
4522
4523
4524
4532
4533
4534
4535
12728
4536
4545
4546
4547
4548
4549
4559
4560
4561
4562
4563
4574
4575
4576
4577
4578
4590
4591
4592
4593
4594
4607
4608
4609
4610
4611
4625
4626
4627
4628
4629
12836
4644
12837
4645
12838
4646
12839
4647
12840
4648
12856
4664
12857
4665
12858
4666
12859
4667
12860
4668
12876
4684
12877
4685
12878
4686
12879
4687
12880
4688
12896
4704
12897
4705
12898
4706
12899
4707
12900
4708
12916
4724
12917
4725
12918
4726
12919
4727
12920
4728
12936
4744
12937
4745
12938
4746
12939
4747
12940
4748
12956
4764
12957
4765
12958
4766
12959
4767
12960
4768
12976
4784
12977
4785
12978
4786
12979
4787
4788
12995
12996
4804
12997
4805
4806
4807
4808
13013
13014
4824
4825
4826
4827
4828
13030
4844
4845
4846
4847
4848
4864
4865
4866
4867
4868
4884
4885
4886
4887
4888
4897
4898
4899
4900
4901
4911
4912
4913
4914
4915
4926
4927
4928
4929
4930
4942
4943
4944
4945
4946
13145
13146
13147
13148
13149
4959
4960
4961
4962
4963
13165
13166
13167
13168
13169
4977
4978
4979
4980
4981
13185
13186
13187
13188
4996
13189
4997
4998
4999
5000
13205
13206
13207
13208
5016
13209
5017
5018
5019
5020
13225
13226
13227
13228
5036
13229
5037
5038
5039
5040
13245
13246
13247
13248
5056
13249
5057
5058
5059
5060
13265
13266
13267
13268
5076
5077
5078
5079
5080
13284
13285
13286
5096
5097
5098
5099
5100
13302
13303
5116
5117
5118
5119
5120
13319
5136
5137
5138
5139
5140
5156
5157
5158
5159
5160
5176
5177
5178
5179
5180
5196
5197
5198
5199
5200
5216
5217
5218
5219
5220
5236
5237
5238
5239
5240
13440
13441
13442
13443
13444
5256
5257
5258
5259
5260
13460
13461
13462
5270
13463
5271
13464
5272
5273
5274
5285
5286
5287
13480
5288
13481
5289
13482
13483
13484
5301
5302
5303
5304
5305
13500
13501
13502
13503
13504
5318
5319
5320
5321
5322
13520
13521
13522
13523
13524
5336
5337
5338
5339
5340
13540
13541
13542
13543
5355
5356
5357
5358
5359
13559
13560
13561
5375
5376
5377
5378
5379
13577
13578
5395
5396
5397
5398
5399
13594
5415
5416
5417
5418
5419
5435
5436
5437
5438
5439
5455
5456
5457
5458
5459
5475
5476
5477
5478
5479
5495
5496
5497
5498
5499
5515
5516
5517
5518
5519
13720
13721
13722
13723
13724
5535
5536
5537
5538
5539
13740
13741
13742
13743
13744
5555
5556
5557
5558
5559
13760
13761
13762
13763
13764
5575
5576
5577
5578
5579
13780
13781
13782
13783
13784
5595
5596
5597
5598
5599
13800
13801
13802
13803
5615
5616
5617
5618
5619
13819
13820
13821
5635
5636
5637
5638
5639
13837
13838
5650
5651
5652
5653
5654
13854
5666
5667
5668
5669
5670
5683
5684
5685
5686
5687
5701
5702
5703
5704
5705
5720
5721
5722
5723
5724
5740
5741
5742
5743
5744
5760
5761
5762
5763
5764
5780
5781
5782
5783
5784
13984
13985
13986
13987
13988
5800
5801
5802
5803
5804
14004
14005
14006
14007
14008
5820
5821
5822
5823
5824
14024
14025
14026
14027
14028
5840
5841
5842
5843
5844
14044
14045
14046
14047
5860
5861
5862
5863
5864
14063
14064
14065
5880
5881
5882
5883
5884
14081
14082
5900
5901
5902
5903
5904
14098
5920
5921
5922
5923
5924
5940
5941
5942
5943
5944
5960
5961
5962
5963
5964
5980
5981
5982
5983
5984
6000
6001
6002
6003
6004
6020
6021
6022
6023
6024
6036
6037
6038
14231
6039
14232
6040
14233
14234
14235
6053
6054
6055
6056
6057
14251
14252
14253
14254
14255
6071
6072
6073
6074
6075
14271
14272
14273
14274
6090
6091
6092
6093
6094
14290
14291
14292
6110
6111
6112
6113
6114
14308
14309
6130
6131
6132
14325
6133
6134
6150
6151
6152
6153
6154
6170
6171
6172
6173
6174
6190
6191
6192
6193
6194
6210
6211
6212
6213
6214
6230
6231
6232
6233
6234
6250
6251
6252
6253
6254
14460
14461
14462
6270
14463
6271
14464
6272
6273
6274
14480
14481
14482
6290
14483
6291
6292
6293
6294
14499
14500
14501
6310
6311
6312
6313
6314
14517
14518
6330
6331
6332
6333
6334
14534
6350
6351
6352
6353
6354
6370
6371
6372
6373
6374
6390
6391
6392
6393
6394
6410
6411
6412
6413
6414
6427
6428
6429
6430
6431
6445
6446
6447
6448
6449
6464
6465
6466
6467
6468
14670
14671
14672
14673
6484
6485
6486
6487
6488
14689
14690
14691
6504
6505
6506
6507
6508
14707
14708
6524
6525
6526
6527
6528
14724
6544
6545
6546
6547
6548
6564
6565
6566
6567
6568
6584
6585
6586
6587
6588
6604
6605
6606
6607
6608
6624
6625
6626
6627
6628
6644
6645
6646
6647
6648
6664
6665
6666
6667
14860
6668
14861
14862
6684
6685
14878
6686
14879
6687
6688
14895
6704
6705
6706
6707
6708
6724
6725
6726
6727
6728
6744
6745
6746
6747
6748
6764
6765
6766
6767
6768
6784
6785
6786
6787
6788
6804
6805
6806
6807
6808
6822
6823
6824
6825
6826
15031
15032
6841
6842
6843
6844
6845
15048
6861
6862
6863
6864
6865
6881
6882
6883
6884
6885
6901
6902
6903
6904
6905
6921
6922
6923
6924
6925
6941
6942
6943
6944
6945
6961
6962
6963
6964
6965
6981
6982
6983
6984
6985
15184
7001
7002
7003
7004
7005
7021
7022
7023
7024
7025
7041
7042
7043
7044
7045
7061
7062
7063
7064
7065
7081
7082
7083
7084
7085
7101
7102
7103
7104
7105
7121
7122
7123
7124
7125
7141
7142
7143
7144
7145
7161
7162
7163
7164
7165
7181
7182
7183
7184
7185
7201
7202
7203
7204
7205
7220
7221
7222
7223
7224
7240
7241
7242
7243
7244
7260
7261
7262
7263
7264
7280
7281
7282
7283
7284
7300
7301
7302
7303
7304
7320
7321
7322
7323
7324
7340
7341
7342
7343
7344
7360
7361
7362
7363
7364
7380
7381
7382
7383
7384
7400
7401
7402
7403
7404
7420
7421
7422
7423
7424
7440
7441
7442
7443
7444
7460
7461
7462
7463
7464
7480
7481
7482
7483
7484
7500
7501
7502
7503
7504
7520
7521
7522
7523
7524
7540
7541
7542
7543
7544
7560
7561
7562
7563
7564
7580
7581
7582
7583
7584
7600
7601
7602
7603
7604
7620
7621
7622
7623
7624
7640
7641
7642
7643
7644
7660
7661
7662
7663
7664
7680
7681
7682
7683
7684
7700
7701
7702
7703
7704
7720
7721
7722
7723
7724
7740
7741
7742
7743
7744
7760
7761
7762
7763
7764
7780
7781
7782
7783
7784
7800
7801
7802
7803
7804
7820
7821
7822
7823
7824
7840
7841
7842
7843
7844
7860
7861
7862
7863
7864
7880
7881
7882
7883
7884
7900
7901
7902
7903
7904
7920
7921
7922
7923
7924
7940
7941
7942
7943
7944
7960
7961
7962
7963
7964
7980
7981
7982
7983
7984
8000
8001
8002
8003
8004
8020
8021
8022
8023
8024
8040
8041
8042
8043
8044
8060
8061
8062
8063
8064
8080
8081
8082
8083
8084
8100
8101
8102
8103
8104
8120
8121
8122
8123
8124
8140
8141
8142
8143
8144
8160
8161
8162
8163
8164
8180
8181
8182
8183
8184
)


// ************************************************************************* //
