/*--------------------------------*- C++ -*----------------------------------*\
| =========                 |                                                 |
| \\      /  F ield         | OpenFOAM: The Open Source CFD Toolbox           |
|  \\    /   O peration     | Version:  2306                                  |
|   \\  /    A nd           | Website:  www.openfoam.com                      |
|    \\/     M anipulation  |                                                 |
\*---------------------------------------------------------------------------*/
FoamFile
{
    version     2.0;
    format      binary;
    arch        "LSB;label=32;scalar=64";
    class       decomposedBlockData;
    object      J;
    data.format     ascii;
    data.class      volScalarField;
}
// * * * * * * * * * * * * * * * * * * * * * * * * * * * * * * * * * * * * * //


// processor0

22560
(FoamFile
{
    version     2.0;
    format      ascii;
    arch        "LSB;label=32;scalar=64";
    class       volScalarField;
    location    "1/phiEA";
    object      J;
}
dimensions      [0 -3 0 0 0 1 0];

internalField   nonuniform List<scalar> 
5000
(
-9.46095e+08
-9.409298e+08
-9.444437e+08
-3.54356e+08
-9.298241e+08
-9.387457e+08
-3.527801e+08
-9.432217e+08
-3.539942e+08
-1.802478e+08
-9.117205e+08
-9.267229e+08
-3.493751e+08
-9.373001e+08
-3.521943e+08
-1.794373e+08
-9.423961e+08
-3.538223e+08
-1.800963e+08
-1.075079e+08
-8.863561e+08
-9.069796e+08
-3.438134e+08
-9.247046e+08
-3.484097e+08
-1.776823e+08
-9.363628e+08
-3.519211e+08
-1.791497e+08
-1.069715e+08
-9.419042e+08
-3.537787e+08
-1.800678e+08
-1.074184e+08
-7.878197e+07
-8.561754e+08
-8.79251e+08
-3.360305e+08
-9.042987e+08
-3.421719e+08
-1.748111e+08
-9.235177e+08
-3.478829e+08
-1.771611e+08
-1.05809e+08
-9.358072e+08
-3.518228e+08
-1.790573e+08
-1.067819e+08
-7.835116e+07
-9.415426e+08
-3.538376e+08
-1.801108e+08
-1.074243e+08
-7.871297e+07
0
-8.278927e+08
-8.462416e+08
-3.268044e+08
-8.75503e+08
-3.334169e+08
-1.707959e+08
-9.026495e+08
-3.413536e+08
-1.738777e+08
-1.039056e+08
-9.228216e+08
-3.476656e+08
-1.769117e+08
-1.054452e+08
-7.741696e+07
-9.354013e+08
-3.518482e+08
-1.790649e+08
-1.067397e+08
-7.819694e+07
0
-9.412231e+08
-3.539245e+08
-1.802077e+08
-1.074813e+08
-7.872791e+07
0
0
-8.054685e+08
-8.152981e+08
-3.182541e+08
-8.411668e+08
-3.230187e+08
-1.660525e+08
-8.733121e+08
-3.321374e+08
-1.692713e+08
-1.012453e+08
-9.017153e+08
-3.409246e+08
-1.734447e+08
-1.032375e+08
-7.588577e+07
-9.223183e+08
-3.476194e+08
-1.768432e+08
-1.052866e+08
-7.71133e+07
0
-9.350599e+08
-3.519107e+08
-1.791397e+08
-1.067697e+08
-7.817043e+07
0
0
-9.408988e+08
-3.539997e+08
-1.803159e+08
-1.07575e+08
-7.878605e+07
0
0
0
-7.903451e+08
-7.908544e+08
-3.11534e+08
-8.089813e+08
-3.13339e+08
-1.617047e+08
-8.38304e+08
-3.211679e+08
-1.638157e+08
-9.811256e+07
-8.720292e+08
-3.314633e+08
-1.685528e+08
-1.001435e+08
-7.37433e+07
-9.01057e+08
-3.407619e+08
-1.732431e+08
-1.029406e+08
-7.532256e+07
0
-9.219284e+08
-3.476303e+08
-1.768712e+08
-1.052589e+08
-7.698744e+07
0
0
-9.347124e+08
-3.519716e+08
-1.792317e+08
-1.068463e+08
-7.820518e+07
0
0
0
-9.406271e+08
-3.540546e+08
-1.804109e+08
-1.07675e+08
-7.887446e+07
0
0
0
0
-7.828049e+08
-7.744217e+08
-3.070281e+08
-7.835834e+08
-3.057376e+08
-1.583244e+08
-8.054545e+08
-3.109442e+08
-1.587789e+08
-9.527305e+07
-8.366106e+08
-3.201949e+08
-1.62746e+08
-9.649147e+07
-7.121976e+07
-8.711075e+08
-3.31137e+08
-1.681969e+08
-9.963535e+07
-7.281187e+07
0
-9.005929e+08
-3.406939e+08
-1.731963e+08
-1.028136e+08
-7.507758e+07
0
0
-9.215292e+08
-3.476612e+08
-1.769292e+08
-1.052997e+08
-7.697233e+07
0
0
0
-9.344315e+08
-3.520126e+08
-1.793167e+08
-1.069338e+08
-7.827867e+07
0
0
0
0
-9.402911e+08
-3.541109e+08
-1.804897e+08
-1.077635e+08
-7.896753e+07
0
0
0
0
0
-7.828049e+08
-7.662454e+08
-3.047899e+08
-7.665378e+08
-3.006461e+08
-1.560767e+08
-7.795241e+08
-3.029138e+08
-1.548572e+08
-9.309118e+07
-8.033755e+08
-3.096748e+08
-1.573745e+08
-9.315253e+07
-6.895159e+07
-8.353861e+08
-3.196807e+08
-1.622043e+08
-9.572659e+07
-6.984957e+07
0
-8.704804e+08
-3.309436e+08
-1.680465e+08
-9.939308e+07
-7.238694e+07
0
0
-9.001115e+08
-3.406806e+08
-1.732027e+08
-1.027977e+08
-7.49775e+07
0
0
0
-9.212262e+08
-3.476725e+08
-1.769936e+08
-1.05361e+08
-7.701466e+07
0
0
0
0
-9.340702e+08
-3.520608e+08
-1.79386e+08
-1.070143e+08
-7.836072e+07
0
0
0
0
0
-3.541272e+08
-1.805646e+08
-1.078387e+08
-7.905014e+07
0
0
0
0
0
0
-7.903451e+08
-7.662454e+08
-3.047899e+08
-7.580616e+08
-2.981186e+08
-1.549664e+08
-7.621302e+08
-2.975395e+08
-1.522477e+08
-9.165401e+07
-7.7714e+08
-3.014019e+08
-1.531875e+08
-9.057942e+07
-6.722486e+07
-8.018715e+08
-3.089847e+08
-1.566496e+08
-9.21451e+07
-6.716198e+07
0
-8.345738e+08
-3.193472e+08
-1.619362e+08
-9.534769e+07
-6.920805e+07
0
0
-8.698713e+08
-3.308478e+08
-1.679734e+08
-9.92996e+07
-7.218824e+07
0
0
0
-8.997634e+08
-3.406467e+08
-1.732369e+08
-1.028194e+08
-7.497075e+07
0
0
0
0
-9.208078e+08
-3.477034e+08
-1.770429e+08
-1.054252e+08
-7.707385e+07
0
0
0
0
0
-3.520628e+08
-1.794551e+08
-1.07082e+08
-7.843631e+07
0
0
0
0
0
0
-1.806122e+08
-1.079093e+08
-7.912099e+07
0
0
0
0
0
0
0
-8.054684e+08
-7.744217e+08
-3.070281e+08
-7.580616e+08
-2.981186e+08
-1.549664e+08
-7.534833e+08
-2.948712e+08
-1.509578e+08
-9.094831e+07
-7.595403e+08
-2.958651e+08
-1.504021e+08
-8.888131e+07
-6.609586e+07
-7.754117e+08
-3.005708e+08
-1.523125e+08
-8.938069e+07
-6.510816e+07
0
-8.008864e+08
-3.085235e+08
-1.562722e+08
-9.163317e+07
-6.63174e+07
0
0
-8.338045e+08
-3.19161e+08
-1.617754e+08
-9.516735e+07
-6.889373e+07
0
0
0
-8.694711e+08
-3.307484e+08
-1.679544e+08
-9.926184e+07
-7.211512e+07
0
0
0
0
-8.992394e+08
-3.406476e+08
-1.732561e+08
-1.028598e+08
-7.499555e+07
0
0
0
0
0
-3.476746e+08
-1.770995e+08
-1.054774e+08
-7.713502e+07
0
0
0
0
0
0
-1.79493e+08
-1.071479e+08
-7.850057e+07
0
0
0
0
0
0
0
-1.079587e+08
-7.918735e+07
0
0
0
0
0
0
0
0
-8.278927e+08
-7.908545e+08
-3.11534e+08
-7.665377e+08
-3.006461e+08
-1.560767e+08
-7.534834e+08
-2.948712e+08
-1.509578e+08
-9.094831e+07
-7.507905e+08
-2.931159e+08
-1.490243e+08
-8.80463e+07
-6.554409e+07
-7.576594e+08
-2.949371e+08
-1.49426e+08
-8.755598e+07
-6.376176e+07
0
-7.742892e+08
-3.000066e+08
-1.518476e+08
-8.876064e+07
-6.410436e+07
0
0
-7.999601e+08
-3.082549e+08
-1.560321e+08
-9.13732e+07
-6.58917e+07
0
0
0
-8.333265e+08
-3.189838e+08
-1.616988e+08
-9.506472e+07
-6.874694e+07
0
0
0
0
-8.688227e+08
-3.30715e+08
-1.67931e+08
-9.926204e+07
-7.208896e+07
0
0
0
0
0
-3.405654e+08
-1.732919e+08
-1.028886e+08
-7.503571e+07
0
0
0
0
0
0
-1.77117e+08
-1.055333e+08
-7.71856e+07
0
0
0
0
0
0
0
-1.071898e+08
-7.856265e+07
0
0
0
0
0
0
0
0
-7.923511e+07
0
0
0
0
0
0
0
0
0
-8.561754e+08
-8.152982e+08
-3.182541e+08
-7.835833e+08
-3.057376e+08
-1.583243e+08
-7.621303e+08
-2.975394e+08
-1.522477e+08
-9.1654e+07
-7.507907e+08
-2.931159e+08
-1.490243e+08
-8.80463e+07
-6.554409e+07
-7.488322e+08
-2.921387e+08
-1.479977e+08
-8.665788e+07
-6.310247e+07
0
-7.564399e+08
-2.943018e+08
-1.489007e+08
-8.686338e+07
-6.265299e+07
0
0
-7.732355e+08
-2.996729e+08
-1.515438e+08
-8.843746e+07
-6.35888e+07
0
0
0
-7.994049e+08
-3.080041e+08
-1.559038e+08
-9.121274e+07
-6.567807e+07
0
0
0
0
-8.325139e+08
-3.189061e+08
-1.616259e+08
-9.5022e+07
-6.86657e+07
0
0
0
0
0
-3.305711e+08
-1.679431e+08
-9.925848e+07
-7.209447e+07
0
0
0
0
0
0
-1.73275e+08
-1.029282e+08
-7.506588e+07
0
0
0
0
0
0
0
-1.055594e+08
-7.723878e+07
0
0
0
0
0
0
0
0
-7.860386e+07
0
0
0
0
0
0
0
0
0
0
0
0
0
0
0
0
0
0
0
-8.863561e+08
-8.462416e+08
-3.268044e+08
-8.089814e+08
-3.13339e+08
-1.617047e+08
-7.795244e+08
-3.029137e+08
-1.548572e+08
-9.309117e+07
-7.595408e+08
-2.958652e+08
-1.50402e+08
-8.888131e+07
-6.609586e+07
-7.488324e+08
-2.921387e+08
-1.479977e+08
-8.665787e+07
-6.310247e+07
0
-7.475646e+08
-2.914668e+08
-1.474417e+08
-8.592902e+07
-6.194152e+07
0
0
-7.552907e+08
-2.939219e+08
-1.48553e+08
-8.649685e+07
-6.207738e+07
0
0
0
-7.726168e+08
-2.993632e+08
-1.51375e+08
-8.823115e+07
-6.332255e+07
0
0
0
0
-7.98432e+08
-3.078852e+08
-1.55785e+08
-9.113206e+07
-6.554824e+07
0
0
0
0
0
-3.18685e+08
-1.616087e+08
-9.498148e+07
-6.863455e+07
0
0
0
0
0
0
-1.678863e+08
-9.927939e+07
-7.209663e+07
0
0
0
0
0
0
0
-1.029282e+08
-7.510472e+07
0
0
0
0
0
0
0
0
-7.726623e+07
0
0
0
0
0
0
0
0
0
0
0
0
0
0
0
0
0
0
0
0
0
0
0
0
0
0
0
0
0
-9.117204e+08
-8.79251e+08
-3.360305e+08
-8.411667e+08
-3.230188e+08
-1.660525e+08
-8.054548e+08
-3.109442e+08
-1.587789e+08
-9.527304e+07
-7.771407e+08
-3.01402e+08
-1.531875e+08
-9.057943e+07
-6.722485e+07
-7.576599e+08
-2.949373e+08
-1.49426e+08
-8.755596e+07
-6.376176e+07
0
-7.475646e+08
-2.914669e+08
-1.474417e+08
-8.592904e+07
-6.194151e+07
0
0
-7.463637e+08
-2.910637e+08
-1.470714e+08
-8.554049e+07
-6.133596e+07
0
0
0
-7.546335e+08
-2.935683e+08
-1.483555e+08
-8.625905e+07
-6.177523e+07
0
0
0
0
-7.715091e+08
-2.992113e+08
-1.512198e+08
-8.812103e+07
-6.315455e+07
0
0
0
0
0
-3.075909e+08
-1.557411e+08
-9.105791e+07
-6.548505e+07
0
0
0
0
0
0
-1.615033e+08
-9.498e+07
-6.860513e+07
0
0
0
0
0
0
0
-9.924911e+07
-7.2119e+07
0
0
0
0
0
0
0
0
-7.510954e+07
0
0
0
0
0
0
0
0
0
0
0
0
0
0
0
0
0
0
0
0
0
0
0
0
0
0
0
0
0
0
0
0
0
0
0
0
0
0
0
-9.29824e+08
-9.069796e+08
-3.438133e+08
-8.755028e+08
-3.334169e+08
-1.707959e+08
-8.383044e+08
-3.211678e+08
-1.638158e+08
-9.811255e+07
-8.033764e+08
-3.096749e+08
-1.573745e+08
-9.315255e+07
-6.895158e+07
-7.754126e+08
-3.005712e+08
-1.523126e+08
-8.938065e+07
-6.510817e+07
0
-7.564399e+08
-2.943021e+08
-1.489009e+08
-8.686342e+07
-6.265297e+07
0
0
-7.463635e+08
-2.910637e+08
-1.470714e+08
-8.554052e+07
-6.133598e+07
0
0
0
-7.456898e+08
-2.906863e+08
-1.468594e+08
-8.528656e+07
-6.101565e+07
0
0
0
0
-7.534359e+08
-2.933959e+08
-1.481734e+08
-8.612833e+07
-6.158118e+07
0
0
0
0
0
-2.988559e+08
-1.511548e+08
-8.802063e+07
-6.306675e+07
0
0
0
0
0
0
-1.555903e+08
-9.103647e+07
-6.542726e+07
0
0
0
0
0
0
0
-9.491375e+07
-6.860814e+07
0
0
0
0
0
0
0
0
-7.209773e+07
0
0
0
0
0
0
0
0
0
0
0
0
0
0
0
0
0
0
0
0
0
0
0
0
0
0
0
0
0
0
0
0
0
0
0
0
0
0
0
0
0
0
0
0
0
0
0
0
0
-9.409296e+08
-9.26723e+08
-3.493751e+08
-9.042983e+08
-3.421719e+08
-1.748111e+08
-8.733126e+08
-3.321374e+08
-1.692714e+08
-1.012453e+08
-8.366115e+08
-3.201951e+08
-1.627459e+08
-9.649148e+07
-7.121975e+07
-8.018725e+08
-3.089852e+08
-1.566497e+08
-9.214511e+07
-6.7162e+07
0
-7.742891e+08
-3.000071e+08
-1.518478e+08
-8.876071e+07
-6.410433e+07
0
0
-7.552903e+08
-2.939219e+08
-1.485532e+08
-8.649694e+07
-6.207741e+07
0
0
0
-7.456898e+08
-2.906862e+08
-1.468594e+08
-8.52866e+07
-6.101568e+07
0
0
0
0
-7.44449e+08
-2.905048e+08
-1.466628e+08
-8.51455e+07
-6.08083e+07
0
0
0
0
0
-2.929998e+08
-1.480954e+08
-8.600873e+07
-6.147629e+07
0
0
0
0
0
0
-1.509667e+08
-8.798372e+07
-6.298707e+07
0
0
0
0
0
0
0
-9.093727e+07
-6.541325e+07
0
0
0
0
0
0
0
0
-6.855629e+07
0
0
0
0
0
0
0
0
0
0
0
0
0
0
0
0
0
0
0
0
0
0
0
0
0
0
0
0
0
0
0
0
0
0
0
0
0
0
0
0
0
0
0
0
0
0
0
0
0
0
0
0
0
0
0
0
0
0
0
-9.460949e+08
-9.387457e+08
-3.5278e+08
-9.247045e+08
-3.484097e+08
-1.776823e+08
-9.026502e+08
-3.413534e+08
-1.738777e+08
-1.039055e+08
-8.720308e+08
-3.314635e+08
-1.685528e+08
-1.001435e+08
-7.374328e+07
-8.353874e+08
-3.196812e+08
-1.622044e+08
-9.572657e+07
-6.984958e+07
0
-8.008863e+08
-3.08524e+08
-1.562725e+08
-9.163324e+07
-6.631741e+07
0
0
-7.732349e+08
-2.996729e+08
-1.515441e+08
-8.843761e+07
-6.358885e+07
0
0
0
-7.546332e+08
-2.935681e+08
-1.483555e+08
-8.625916e+07
-6.177531e+07
0
0
0
0
-7.444491e+08
-2.905048e+08
-1.466627e+08
-8.51455e+07
-6.080833e+07
0
0
0
0
0
-2.90089e+08
-1.465789e+08
-8.501558e+07
-6.069486e+07
0
0
0
0
0
0
-1.478824e+08
-8.596229e+07
-6.138075e+07
0
0
0
0
0
0
0
-8.785783e+07
-6.296003e+07
0
0
0
0
0
0
0
0
-6.533379e+07
0
0
0
0
0
0
0
0
0
0
0
0
0
0
0
0
0
0
0
0
0
0
0
0
0
0
0
0
0
0
0
0
0
0
0
0
0
0
0
0
0
0
0
0
0
0
0
0
0
0
0
0
0
0
0
0
0
0
0
0
0
0
0
0
0
0
0
0
0
-9.444437e+08
-3.543559e+08
-9.373001e+08
-3.521943e+08
-1.794373e+08
-9.235184e+08
-3.478828e+08
-1.771611e+08
-1.058089e+08
-9.017169e+08
-3.409249e+08
-1.734446e+08
-1.032375e+08
-7.588575e+07
-8.711094e+08
-3.311378e+08
-1.68197e+08
-9.963532e+07
-7.281187e+07
0
-8.345737e+08
-3.193479e+08
-1.619365e+08
-9.534778e+07
-6.920804e+07
0
0
-7.999596e+08
-3.082549e+08
-1.560324e+08
-9.13734e+07
-6.589176e+07
0
0
0
-7.726163e+08
-2.993629e+08
-1.51375e+08
-8.823134e+07
-6.332267e+07
0
0
0
0
-7.534361e+08
-2.933958e+08
-1.481733e+08
-8.612832e+07
-6.158127e+07
0
0
0
0
0
-2.90089e+08
-1.465789e+08
-8.501555e+07
-6.069486e+07
0
0
0
0
0
0
-1.46354e+08
-8.496487e+07
-6.059084e+07
0
0
0
0
0
0
0
-8.581882e+07
-6.134572e+07
0
0
0
0
0
0
0
0
-6.285847e+07
0
0
0
0
0
0
0
0
0
0
0
0
0
0
0
0
0
0
0
0
0
0
0
0
0
0
0
0
0
0
0
0
0
0
0
0
0
0
0
0
0
0
0
0
0
0
0
0
0
0
0
0
0
0
0
0
0
0
0
0
0
0
0
0
0
0
0
0
0
0
0
0
0
0
0
0
0
0
-9.432216e+08
-3.539942e+08
-1.802478e+08
-9.363635e+08
-3.519211e+08
-1.791497e+08
-1.069715e+08
-9.228233e+08
-3.47666e+08
-1.769117e+08
-1.054452e+08
-7.741693e+07
-9.010597e+08
-3.407627e+08
-1.732433e+08
-1.029405e+08
-7.532257e+07
0
-8.704804e+08
-3.309446e+08
-1.680469e+08
-9.939321e+07
-7.238692e+07
0
0
-8.338041e+08
-3.191609e+08
-1.617758e+08
-9.516756e+07
-6.889381e+07
0
0
0
-7.994044e+08
-3.080039e+08
-1.559038e+08
-9.121297e+07
-6.567824e+07
0
0
0
0
-7.715095e+08
-2.99211e+08
-1.512196e+08
-8.812102e+07
-6.315471e+07
0
0
0
0
0
-2.929999e+08
-1.480953e+08
-8.600864e+07
-6.147629e+07
0
0
0
0
0
0
-1.46354e+08
-8.496484e+07
-6.059082e+07
0
0
0
0
0
0
0
-8.481295e+07
-6.055223e+07
0
0
0
0
0
0
0
0
-6.122972e+07
0
0
0
0
0
0
0
0
0
0
0
0
0
0
0
0
0
0
0
0
0
0
0
0
0
0
0
0
0
0
0
0
0
0
0
0
0
0
0
0
0
0
0
0
0
0
0
0
0
0
0
0
0
0
0
0
0
0
0
0
0
0
0
0
0
0
0
0
0
0
0
0
0
0
0
0
0
0
0
0
0
0
0
0
0
0
-9.423968e+08
-3.538223e+08
-1.800964e+08
-1.075079e+08
-9.358089e+08
-3.518232e+08
-1.790573e+08
-1.067819e+08
-7.835113e+07
-9.223206e+08
-3.476202e+08
-1.768434e+08
-1.052866e+08
-7.711331e+07
0
-9.005921e+08
-3.406952e+08
-1.731968e+08
-1.028138e+08
-7.507752e+07
0
0
-8.698708e+08
-3.308478e+08
-1.67974e+08
-9.929994e+07
-7.218834e+07
0
0
0
-8.333259e+08
-3.189835e+08
-1.616988e+08
-9.506501e+07
-6.874712e+07
0
0
0
0
-7.984324e+08
-3.078849e+08
-1.557849e+08
-9.113205e+07
-6.554843e+07
0
0
0
0
0
-2.988561e+08
-1.511547e+08
-8.80205e+07
-6.306674e+07
0
0
0
0
0
0
-1.478825e+08
-8.596221e+07
-6.138068e+07
0
0
0
0
0
0
0
-8.481296e+07
-6.055221e+07
0
0
0
0
0
0
0
0
-6.042933e+07
0
0
0
0
0
0
0
0
0
0
0
0
0
0
0
0
0
0
0
0
0
0
0
0
0
0
0
0
0
0
0
0
0
0
0
0
0
0
0
0
0
0
0
0
0
0
0
0
0
0
0
0
0
0
0
0
0
0
0
0
0
0
0
0
0
0
0
0
0
0
0
0
0
0
0
0
0
0
0
0
0
0
0
0
0
0
0
0
0
0
0
0
0
-9.41906e+08
-3.53779e+08
-1.800678e+08
-1.074184e+08
-7.878194e+07
-9.354035e+08
-3.51849e+08
-1.790651e+08
-1.067397e+08
-7.819695e+07
0
-9.219281e+08
-3.476314e+08
-1.768718e+08
-1.052591e+08
-7.698742e+07
0
0
-9.001096e+08
-3.406803e+08
-1.732035e+08
-1.02798e+08
-7.497763e+07
0
0
0
-8.694703e+08
-3.307481e+08
-1.679544e+08
-9.926226e+07
-7.21154e+07
0
0
0
0
-8.325144e+08
-3.189057e+08
-1.616258e+08
-9.502198e+07
-6.866595e+07
0
0
0
0
0
-3.07591e+08
-1.557409e+08
-9.105779e+07
-6.548504e+07
0
0
0
0
0
0
-1.509668e+08
-8.798359e+07
-6.298696e+07
0
0
0
0
0
0
0
-8.581886e+07
-6.134566e+07
0
0
0
0
0
0
0
0
-6.042934e+07
0
0
0
0
0
0
0
0
0
0
0
0
0
0
0
0
0
0
0
0
0
0
0
0
0
0
0
0
0
0
0
0
0
0
0
0
0
0
0
0
0
0
0
0
0
0
0
0
0
0
0
0
0
0
0
0
0
0
0
0
0
0
0
0
0
0
0
0
0
0
0
0
0
0
0
0
0
0
0
0
0
0
0
0
0
0
0
0
0
0
0
0
0
0
0
0
0
0
0
-9.415449e+08
-3.538385e+08
-1.80111e+08
-1.074243e+08
-7.871298e+07
0
-9.350595e+08
-3.519118e+08
-1.791403e+08
-1.067698e+08
-7.817042e+07
0
0
-9.215281e+08
-3.476611e+08
-1.769299e+08
-1.053001e+08
-7.697247e+07
0
0
0
-8.997612e+08
-3.406458e+08
-1.732367e+08
-1.0282e+08
-7.497105e+07
0
0
0
0
-8.688233e+08
-3.307146e+08
-1.679308e+08
-9.926204e+07
-7.208932e+07
0
0
0
0
0
-3.186852e+08
-1.616085e+08
-9.498136e+07
-6.863454e+07
0
0
0
0
0
0
-1.555904e+08
-9.103633e+07
-6.542716e+07
0
0
0
0
0
0
0
-8.785789e+07
-6.295992e+07
0
0
0
0
0
0
0
0
-6.122976e+07
0
0
0
0
0
0
0
0
0
0
0
0
0
0
0
0
0
0
0
0
0
0
0
0
0
0
0
0
0
0
0
0
0
0
0
0
0
0
0
0
0
0
0
0
0
0
0
0
0
0
0
0
0
0
0
0
0
0
0
0
0
0
0
0
0
0
0
0
0
0
0
0
0
0
0
0
0
0
0
0
0
0
0
0
0
0
0
0
0
0
0
0
0
0
0
0
0
0
0
0
0
0
0
0
-9.412227e+08
-3.539256e+08
-1.802083e+08
-1.074815e+08
-7.872791e+07
0
0
-9.347113e+08
-3.519714e+08
-1.792324e+08
-1.068467e+08
-7.820533e+07
0
0
0
-9.212249e+08
-3.47672e+08
-1.769935e+08
-1.053615e+08
-7.701499e+07
0
0
0
0
-8.992401e+08
-3.406465e+08
-1.732555e+08
-1.028597e+08
-7.499604e+07
0
0
0
0
0
-3.305713e+08
-1.679428e+08
-9.925833e+07
-7.209447e+07
0
0
0
0
0
0
-1.615034e+08
-9.497982e+07
-6.860503e+07
0
0
0
0
0
0
0
-9.093732e+07
-6.541313e+07
0
0
0
0
0
0
0
0
-6.285852e+07
0
0
0
0
0
0
0
0
0
0
0
0
0
0
0
0
0
0
0
0
0
0
0
0
0
0
0
0
0
0
0
0
0
0
0
0
0
0
0
0
0
0
0
0
0
0
0
0
0
0
0
0
0
0
0
0
0
0
0
0
0
0
0
0
0
0
0
0
0
0
0
0
0
0
0
0
0
0
0
0
0
0
0
0
0
0
0
0
0
0
0
0
0
0
0
0
0
0
0
0
0
0
0
0
0
0
0
0
-9.408977e+08
-3.539995e+08
-1.803166e+08
-1.075754e+08
-7.878621e+07
0
0
0
-9.344303e+08
-3.52012e+08
-1.793167e+08
-1.069343e+08
-7.827902e+07
0
0
0
0
-9.208085e+08
-3.477026e+08
-1.770425e+08
-1.054252e+08
-7.707429e+07
0
0
0
0
0
-3.405657e+08
-1.732913e+08
-1.028882e+08
-7.50356e+07
0
0
0
0
0
0
-1.678864e+08
-9.927916e+07
-7.209651e+07
0
0
0
0
0
0
0
-9.49138e+07
-6.860799e+07
0
0
0
0
0
0
0
0
-6.533383e+07
0
0
0
0
0
0
0
0
0
0
0
0
0
0
0
0
0
0
0
0
0
0
0
0
0
0
0
0
0
0
0
0
0
0
0
0
0
0
0
0
0
0
0
0
0
0
0
0
0
0
0
0
0
0
0
0
0
0
0
0
0
0
0
0
0
0
0
0
0
0
0
0
0
0
0
0
0
0
0
0
0
0
0
0
0
0
0
0
0
0
0
0
0
0
0
0
0
0
0
0
0
0
0
0
0
0
0
0
0
0
0
-9.406258e+08
-3.540541e+08
-1.804108e+08
-1.076756e+08
-7.887482e+07
0
0
0
0
-9.340708e+08
-3.520601e+08
-1.793857e+08
-1.070142e+08
-7.836117e+07
0
0
0
0
0
-3.476748e+08
-1.77099e+08
-1.054771e+08
-7.713496e+07
0
0
0
0
0
0
-1.732751e+08
-1.029277e+08
-7.506555e+07
0
0
0
0
0
0
0
-9.924918e+07
-7.211881e+07
0
0
0
0
0
0
0
0
-6.855633e+07
0
0
0
0
0
0
0
0
0
0
0
0
0
0
0
0
0
0
0
0
0
0
0
0
0
0
0
0
0
0
0
0
0
0
0
0
0
0
0
0
0
0
0
0
0
0
0
0
0
0
0
0
0
0
0
0
0
0
0
0
0
0
0
0
0
0
0
0
0
0
0
0
0
0
0
0
0
0
0
0
0
0
0
0
0
0
0
0
0
0
0
0
0
0
0
0
0
0
0
0
0
0
0
0
0
0
0
0
0
0
0
0
0
-9.402916e+08
-3.541101e+08
-1.804893e+08
-1.077634e+08
-7.896799e+07
0
0
0
0
0
-3.52063e+08
-1.794546e+08
-1.070817e+08
-7.843626e+07
0
0
0
0
0
0
-1.771171e+08
-1.055329e+08
-7.718536e+07
0
0
0
0
0
0
0
-1.029283e+08
-7.51043e+07
0
0
0
0
0
0
0
0
-7.209779e+07
0
0
0
0
0
0
0
0
0
0
0
0
0
0
0
0
0
0
0
0
0
0
0
0
0
0
0
0
0
0
0
0
0
0
0
0
0
0
0
0
0
0
0
0
0
0
0
0
0
0
0
0
0
0
0
0
0
0
0
0
0
0
0
0
0
0
0
0
0
0
0
0
0
0
0
0
0
0
0
0
0
0
0
0
0
0
0
0
0
0
0
0
0
0
0
0
0
0
0
0
0
0
0
0
0
0
0
0
0
0
0
0
0
0
-3.541273e+08
-1.805641e+08
-1.078384e+08
-7.905009e+07
0
0
0
0
0
0
-1.794931e+08
-1.071475e+08
-7.850033e+07
0
0
0
0
0
0
0
-1.055595e+08
-7.723846e+07
0
0
0
0
0
0
0
0
-7.51096e+07
0
0
0
0
0
0
0
0
0
0
0
0
0
0
0
0
0
0
0
0
0
0
0
0
0
0
0
0
0
0
0
0
0
0
0
0
0
0
0
0
0
0
0
0
0
0
0
0
0
0
0
0
0
0
0
0
0
0
0
0
0
0
0
0
0
0
0
0
0
0
0
0
0
0
0
0
0
0
0
0
0
0
0
0
0
0
0
0
0
0
0
0
0
0
0
0
0
0
0
0
0
0
0
0
0
0
0
0
0
0
0
0
0
0
-1.806123e+08
-1.07909e+08
-7.912075e+07
0
0
0
0
0
0
0
-1.071899e+08
-7.856234e+07
0
0
0
0
0
0
0
0
-7.726627e+07
0
0
0
0
0
0
0
0
0
0
0
0
0
0
0
0
0
0
0
0
0
0
0
0
0
0
0
0
0
0
0
0
0
0
0
0
0
0
0
0
0
0
0
0
0
0
0
0
0
0
0
0
0
0
0
0
0
0
0
0
0
0
0
0
0
0
0
0
0
0
0
0
0
0
0
0
0
0
0
0
0
0
0
0
0
0
0
0
0
0
0
0
0
0
0
0
0
0
0
0
0
0
0
0
0
0
0
0
0
0
0
0
0
0
0
-1.079588e+08
-7.918703e+07
0
0
0
0
0
0
0
0
-7.86039e+07
0
0
0
0
0
0
0
0
0
0
0
0
0
0
0
0
0
0
0
0
0
0
0
0
0
0
0
0
0
0
0
0
0
0
0
0
0
0
0
0
0
0
0
0
0
0
0
0
0
0
0
0
0
0
0
0
0
0
0
0
0
0
0
0
0
0
0
0
0
0
0
0
0
0
0
0
0
0
0
0
0
0
0
0
0
0
0
0
0
0
0
0
0
0
0
0
0
0
0
0
0
0
0
0
0
0
0
0
0
0
0
0
0
0
0
0
0
-7.923515e+07
0
0
0
0
0
0
0
0
0
0
0
0
0
0
0
0
0
0
0
0
0
0
0
0
0
0
0
0
0
0
0
0
0
0
0
0
0
0
0
0
0
0
0
0
0
0
0
0
0
0
0
0
0
0
0
0
0
0
0
0
0
0
0
0
0
0
0
0
0
0
0
0
0
0
0
0
0
0
0
0
0
0
0
0
0
0
0
0
0
0
0
0
0
0
0
0
0
0
0
0
0
0
0
0
0
0
0
0
0
0
0
0
0
0
0
0
0
0
0
0
0
0
0
0
0
0
0
0
0
0
0
0
0
0
0
0
0
0
0
0
0
0
0
0
0
0
0
0
0
0
0
0
0
0
0
0
0
0
0
0
0
0
0
0
0
0
0
0
0
0
0
0
0
0
0
0
0
0
0
0
0
0
0
0
0
0
0
0
0
0
0
0
0
0
0
0
0
0
0
0
0
0
0
0
0
0
0
0
0
0
0
0
0
0
0
0
0
0
0
0
0
0
0
0
0
0
0
0
0
0
0
0
0
0
0
0
0
0
0
0
0
0
0
0
0
0
0
0
0
0
0
0
0
0
0
0
0
0
0
0
0
0
0
0
0
0
0
0
0
0
0
0
0
0
0
0
0
0
0
0
0
0
0
0
0
0
0
0
0
0
0
0
0
0
0
0
0
0
0
0
0
0
0
0
0
0
0
0
0
0
0
0
0
0
0
0
0
0
0
0
0
0
0
0
0
0
0
0
0
0
0
0
0
0
0
0
0
0
0
0
0
0
0
0
0
0
0
0
0
0
0
0
0
0
0
0
0
0
0
0
0
0
0
0
0
0
0
0
0
0
0
0
0
0
0
0
0
0
0
0
0
0
0
0
0
0
0
0
0
0
0
0
0
0
0
0
0
0
0
0
0
0
0
0
0
0
0
0
0
0
0
0
0
0
0
0
0
0
0
0
0
0
0
0
0
0
0
0
0
0
0
0
0
0
0
0
0
0
0
0
0
0
0
0
0
0
0
0
0
0
0
0
0
0
0
0
0
0
0
0
0
0
0
0
0
0
0
0
0
0
0
0
0
0
0
0
0
0
0
0
0
0
0
0
0
0
0
0
0
0
0
0
0
0
0
0
0
0
0
0
0
0
0
0
0
0
0
0
0
0
0
0
0
0
0
0
0
0
0
0
0
0
0
0
0
0
0
0
0
0
0
0
0
0
0
0
0
0
0
0
0
0
0
0
0
0
0
0
0
0
0
0
0
0
0
0
0
0
0
0
0
0
0
0
0
0
0
0
0
0
0
0
0
0
0
0
0
0
0
0
0
0
0
0
0
0
0
0
0
0
0
0
0
0
0
0
0
0
0
0
0
0
0
0
0
0
0
0
0
0
0
0
0
0
0
0
0
0
0
0
0
0
0
0
0
0
0
0
0
0
0
0
0
0
0
0
0
0
0
0
0
0
0
0
0
0
0
0
0
0
0
0
0
0
0
0
0
0
0
0
0
0
0
0
0
0
0
0
0
0
0
0
0
0
0
0
0
0
0
0
0
0
0
0
0
0
0
0
0
0
0
0
0
0
0
0
0
0
0
0
0
0
0
0
0
0
0
0
0
0
0
0
0
0
0
0
0
0
0
0
0
0
0
0
0
0
0
0
0
0
0
0
0
0
0
0
0
0
0
0
0
0
0
0
0
0
0
0
0
0
0
0
0
0
0
0
0
0
0
0
0
0
0
0
0
0
0
0
0
0
0
0
0
0
0
0
0
0
0
0
0
0
0
0
0
0
0
0
0
0
0
0
0
0
0
0
0
0
0
0
0
0
0
0
0
0
0
0
0
0
0
0
0
0
0
0
0
0
0
0
0
0
0
0
0
0
0
0
0
0
0
0
0
0
0
0
0
0
0
0
0
0
0
0
0
0
0
0
0
0
0
0
0
0
0
0
0
0
0
0
0
0
0
0
0
0
0
0
0
0
0
0
0
0
0
0
0
0
0
0
0
0
0
0
0
0
0
0
0
0
0
0
0
0
0
0
0
0
0
0
0
0
0
0
0
0
0
0
0
0
0
0
0
0
0
0
0
0
0
0
0
0
0
0
0
0
0
0
0
0
0
0
0
0
0
0
0
0
0
0
0
0
0
0
0
0
0
0
0
0
0
0
0
0
0
0
0
0
0
0
0
0
0
0
0
0
0
0
0
0
0
0
0
0
0
0
0
0
0
0
0
0
0
0
0
0
0
0
0
0
0
0
0
0
0
0
0
0
0
0
0
0
0
0
0
0
0
0
0
0
0
0
0
0
0
0
0
0
0
0
0
0
0
0
0
0
0
0
0
0
0
0
0
0
0
0
0
0
0
0
0
0
0
0
0
0
0
0
0
0
0
0
0
0
0
0
0
0
0
0
0
0
0
0
0
0
0
0
0
0
0
0
0
0
0
0
0
0
0
0
0
0
0
0
0
0
0
0
0
0
0
0
0
0
0
0
0
0
0
0
0
0
0
0
0
0
0
0
0
0
0
0
0
0
0
0
0
0
0
0
0
0
0
0
0
0
0
0
0
0
0
0
0
0
0
0
0
0
0
0
0
0
0
0
0
0
0
0
0
0
0
0
0
0
0
0
0
0
0
0
0
0
0
0
0
0
0
0
0
0
0
0
0
0
0
0
0
0
0
0
0
0
0
0
0
0
0
0
0
0
0
0
0
0
0
0
0
0
0
0
0
0
0
0
0
0
0
0
0
0
0
0
0
0
0
0
0
0
0
0
0
0
0
0
0
0
0
0
0
0
0
0
0
0
0
0
0
0
0
0
0
0
0
0
0
0
0
0
0
0
0
0
0
0
0
0
0
0
0
0
0
0
0
0
0
0
0
0
0
0
0
0
0
0
0
0
0
0
0
0
0
0
0
0
0
0
0
0
0
0
0
0
0
0
0
0
0
0
0
0
0
0
0
0
0
0
0
0
0
0
0
0
0
0
0
0
0
0
0
0
0
0
0
0
0
0
0
0
0
0
0
0
0
0
0
0
0
0
0
0
0
0
0
0
0
0
0
0
0
0
0
0
0
0
0
0
0
0
0
0
0
0
0
0
0
0
0
0
0
0
0
0
0
0
0
0
0
0
0
0
0
0
0
0
0
0
0
0
0
0
0
0
0
0
0
0
0
0
0
0
0
0
0
0
0
0
0
0
0
0
0
0
0
0
0
0
0
0
0
0
0
0
0
0
0
0
0
0
0
0
0
0
0
0
0
0
0
0
0
0
0
0
0
0
0
0
0
0
0
0
0
0
0
0
0
0
0
0
0
0
0
0
0
0
0
0
0
0
0
0
0
0
0
0
0
0
0
0
0
0
0
0
0
0
0
0
0
0
0
0
0
0
0
0
0
0
0
0
0
0
0
0
0
0
0
0
0
0
0
0
0
0
0
0
0
0
0
0
0
0
0
0
0
0
0
0
0
0
0
0
0
0
0
0
0
0
0
0
0
0
0
0
0
0
0
0
0
0
0
0
0
0
0
0
0
0
0
0
0
0
0
0
0
0
0
0
0
0
0
0
0
0
0
0
0
0
0
0
0
0
0
0
0
0
0
0
0
0
0
0
0
0
0
0
0
0
0
0
0
0
0
0
0
0
0
0
0
0
0
0
0
0
0
0
0
0
0
0
0
0
0
0
0
0
0
0
0
0
0
0
0
0
0
0
0
0
0
0
0
0
0
0
0
0
0
0
0
0
0
0
0
0
0
0
0
0
0
0
0
0
0
0
0
0
0
0
0
0
0
0
0
0
0
0
0
0
0
0
0
0
0
0
0
0
0
0
0
0
0
0
0
0
0
0
0
0
0
0
0
0
0
0
0
0
0
0
0
0
0
0
0
0
0
0
0
0
0
0
0
0
0
0
0
0
0
0
0
0
0
0
0
0
0
0
0
0
0
0
0
0
0
0
0
0
0
0
0
0
0
0
0
0
0
0
0
)
;

boundaryField
{
    interconnectSides
    {
        type            zeroGradient;
    }
    anodeSides
    {
        type            zeroGradient;
    }
    interconnect1
    {
        type            zeroGradient;
    }
    phiEA_to_phiE0
    {
        type            zeroGradient;
    }
    procBoundary0to1
    {
        type            processor;
        value           uniform 0;
    }
}
)

// processor1

22466
(dimensions      [0 -3 0 0 0 1 0];

internalField   nonuniform List<scalar> 
5000
(
-9.398359e+08
-9.335391e+08
-9.3965e+08
-3.540748e+08
-9.20111e+08
-9.333535e+08
-3.51976e+08
-9.395076e+08
-3.541417e+08
-1.806135e+08
-8.982632e+08
-9.199216e+08
-3.47514e+08
-9.332129e+08
-3.520393e+08
-1.794727e+08
-9.39377e+08
-3.542192e+08
-1.806891e+08
-1.079723e+08
-8.674835e+08
-8.980465e+08
-3.402836e+08
-9.197855e+08
-3.475687e+08
-1.770508e+08
-9.330845e+08
-3.521144e+08
-1.795453e+08
-1.071872e+08
-9.392671e+08
-3.543012e+08
-1.807696e+08
-1.080414e+08
-7.925172e+07
-8.307301e+08
-8.672256e+08
-3.301352e+08
-8.979241e+08
-3.403172e+08
-1.731339e+08
-9.196602e+08
-3.476392e+08
-1.771163e+08
-1.055225e+08
-9.32977e+08
-3.521943e+08
-1.796235e+08
-1.072536e+08
-7.860653e+07
-9.391613e+08
-3.543817e+08
-1.808527e+08
-1.081136e+08
-7.931595e+07
0
-7.962109e+08
-8.304333e+08
-3.180639e+08
-8.671037e+08
-3.301409e+08
-1.676509e+08
-8.978002e+08
-3.403843e+08
-1.731846e+08
-1.02836e+08
-9.195561e+08
-3.477146e+08
-1.771904e+08
-1.05583e+08
-7.723949e+07
-9.328731e+08
-3.522729e+08
-1.797047e+08
-1.073238e+08
-7.866829e+07
0
-9.39084e+08
-3.544647e+08
-1.809325e+08
-1.081876e+08
-7.938265e+07
0
0
-7.689288e+08
-7.958779e+08
-3.06789e+08
-8.302958e+08
-3.18043e+08
-1.611561e+08
-8.669835e+08
-3.301973e+08
-1.676824e+08
-9.908778e+07
-8.976973e+08
-3.40452e+08
-1.732544e+08
-1.028847e+08
-7.503576e+07
-9.194553e+08
-3.47789e+08
-1.772675e+08
-1.056495e+08
-7.729586e+07
0
-9.327939e+08
-3.52354e+08
-1.797827e+08
-1.073962e+08
-7.873314e+07
0
0
-9.390286e+08
-3.545507e+08
-1.81014e+08
-1.082584e+08
-7.945095e+07
0
0
0
-7.506092e+08
-7.685661e+08
-2.979053e+08
-7.957177e+08
-3.06745e+08
-1.551351e+08
-8.301801e+08
-3.180832e+08
-1.611693e+08
-9.467172e+07
-8.668817e+08
-3.30257e+08
-1.677433e+08
-9.912147e+07
-7.196536e+07
-8.975958e+08
-3.405188e+08
-1.733251e+08
-1.02947e+08
-7.508164e+07
0
-9.193734e+08
-3.47866e+08
-1.773417e+08
-1.057183e+08
-7.73572e+07
0
0
-9.327396e+08
-3.524364e+08
-1.798624e+08
-1.074653e+08
-7.879983e+07
0
0
0
-9.38969e+08
-3.54649e+08
-1.810951e+08
-1.083305e+08
-7.95161e+07
0
0
0
0
-7.41487e+08
-7.502281e+08
-2.919466e+08
-7.683928e+08
-2.978434e+08
-1.504232e+08
-7.955959e+08
-3.067685e+08
-1.551328e+08
-9.061863e+07
-8.300768e+08
-3.181353e+08
-1.612184e+08
-9.469117e+07
-6.835644e+07
-8.667815e+08
-3.303149e+08
-1.67807e+08
-9.917615e+07
-7.199809e+07
0
-8.97515e+08
-3.405878e+08
-1.733929e+08
-1.030102e+08
-7.513893e+07
0
0
-9.193178e+08
-3.47942e+08
-1.774178e+08
-1.05784e+08
-7.742059e+07
0
0
0
-9.326855e+08
-3.525325e+08
-1.799408e+08
-1.075358e+08
-7.886344e+07
0
0
0
0
-9.388869e+08
-3.547365e+08
-1.811844e+08
-1.084014e+08
-7.958241e+07
0
0
0
0
0
-7.41487e+08
-7.41098e+08
-2.889791e+08
-7.500471e+08
-2.918737e+08
-1.472783e+08
-7.682509e+08
-2.978565e+08
-1.504092e+08
-8.747739e+07
-7.954885e+08
-3.068113e+08
-1.551705e+08
-9.062623e+07
-6.507072e+07
-8.299749e+08
-3.181837e+08
-1.612754e+08
-9.473631e+07
-6.837671e+07
0
-8.666988e+08
-3.303756e+08
-1.678674e+08
-9.923327e+07
-7.204839e+07
0
0
-8.97447e+08
-3.406567e+08
-1.734625e+08
-1.030705e+08
-7.51972e+07
0
0
0
-9.192727e+08
-3.480323e+08
-1.774911e+08
-1.058512e+08
-7.748102e+07
0
0
0
0
-9.326047e+08
-3.526195e+08
-1.800281e+08
-1.076044e+08
-7.892827e+07
0
0
0
0
0
-3.548166e+08
-1.81265e+08
-1.084784e+08
-7.964736e+07
0
0
0
0
0
0
-7.506093e+08
-7.410979e+08
-2.889791e+08
-7.409163e+08
-2.889013e+08
-1.457164e+08
-7.498894e+08
-2.918806e+08
-1.472571e+08
-8.539634e+07
-7.681452e+08
-2.978866e+08
-1.504396e+08
-8.747619e+07
-6.254498e+07
-7.953754e+08
-3.068513e+08
-1.552206e+08
-9.066252e+07
-6.508075e+07
0
-8.298904e+08
-3.182353e+08
-1.613282e+08
-9.478758e+07
-6.841849e+07
0
0
-8.666192e+08
-3.304347e+08
-1.679301e+08
-9.928717e+07
-7.210095e+07
0
0
0
-8.974043e+08
-3.407346e+08
-1.735299e+08
-1.031323e+08
-7.525262e+07
0
0
0
0
-9.191954e+08
-3.481177e+08
-1.775738e+08
-1.059157e+08
-7.754281e+07
0
0
0
0
0
-3.526978e+08
-1.801078e+08
-1.076798e+08
-7.899119e+07
0
0
0
0
0
0
-1.813418e+08
-1.085484e+08
-7.971757e+07
0
0
0
0
0
0
0
-7.68929e+08
-7.502281e+08
-2.919466e+08
-7.409163e+08
-2.889012e+08
-1.457164e+08
-7.407548e+08
-2.889065e+08
-1.456919e+08
-8.436742e+07
-7.497814e+08
-2.919015e+08
-1.472833e+08
-8.53898e+07
-6.088222e+07
-7.680235e+08
-2.979232e+08
-1.504814e+08
-8.750688e+07
-6.254752e+07
0
-7.95283e+08
-3.06892e+08
-1.552669e+08
-9.070805e+07
-6.511479e+07
0
0
-8.29804e+08
-3.182852e+08
-1.613836e+08
-9.4835e+07
-6.846557e+07
0
0
0
-8.665656e+08
-3.304994e+08
-1.679896e+08
-9.934298e+07
-7.215048e+07
0
0
0
0
-8.973374e+08
-3.408136e+08
-1.736035e+08
-1.031916e+08
-7.53094e+07
0
0
0
0
0
-3.481926e+08
-1.776512e+08
-1.059871e+08
-7.760193e+07
0
0
0
0
0
0
-1.801829e+08
-1.077488e+08
-7.90598e+07
0
0
0
0
0
0
0
-1.08616e+08
-7.978158e+07
0
0
0
0
0
0
0
0
-7.962112e+08
-7.685661e+08
-2.979053e+08
-7.500472e+08
-2.918737e+08
-1.472783e+08
-7.407547e+08
-2.889065e+08
-1.456919e+08
-8.436742e+07
-7.406387e+08
-2.889246e+08
-1.457169e+08
-8.435847e+07
-6.006325e+07
-7.496575e+08
-2.919348e+08
-1.473192e+08
-8.541717e+07
-6.088023e+07
0
-7.679243e+08
-2.979563e+08
-1.505249e+08
-8.754613e+07
-6.257665e+07
0
0
-7.951866e+08
-3.069325e+08
-1.553146e+08
-9.075018e+07
-6.515666e+07
0
0
0
-8.297335e+08
-3.183389e+08
-1.614358e+08
-9.488464e+07
-6.850916e+07
0
0
0
0
-8.665026e+08
-3.305653e+08
-1.680535e+08
-9.939567e+07
-7.220172e+07
0
0
0
0
0
-3.408858e+08
-1.736755e+08
-1.032558e+08
-7.536374e+07
0
0
0
0
0
0
-1.777232e+08
-1.060539e+08
-7.766696e+07
0
0
0
0
0
0
0
-1.078149e+08
-7.912282e+07
0
0
0
0
0
0
0
0
-7.984362e+07
0
0
0
0
0
0
0
0
0
-8.307304e+08
-7.95878e+08
-3.06789e+08
-7.683932e+08
-2.978434e+08
-1.504232e+08
-7.498891e+08
-2.918806e+08
-1.472571e+08
-8.539634e+07
-7.406386e+08
-2.889246e+08
-1.457169e+08
-8.435846e+07
-6.006325e+07
-7.405153e+08
-2.889533e+08
-1.457509e+08
-8.438482e+07
-6.005923e+07
0
-7.495531e+08
-2.919647e+08
-1.473602e+08
-8.545204e+07
-6.090647e+07
0
0
-7.678197e+08
-2.979899e+08
-1.505672e+08
-8.758567e+07
-6.261309e+07
0
0
0
-7.951057e+08
-3.069759e+08
-1.553598e+08
-9.079358e+07
-6.519544e+07
0
0
0
0
-8.2966e+08
-3.183899e+08
-1.614913e+08
-9.49311e+07
-6.855472e+07
0
0
0
0
0
-3.30631e+08
-1.681158e+08
-9.945195e+07
-7.225002e+07
0
0
0
0
0
0
-1.737443e+08
-1.033178e+08
-7.542232e+07
0
0
0
0
0
0
0
-1.061172e+08
-7.772777e+07
0
0
0
0
0
0
0
0
-7.918346e+07
0
0
0
0
0
0
0
0
0
0
0
0
0
0
0
0
0
0
0
-8.67484e+08
-8.304334e+08
-3.18064e+08
-7.957181e+08
-3.06745e+08
-1.551351e+08
-7.682504e+08
-2.978566e+08
-1.504092e+08
-8.747739e+07
-7.49781e+08
-2.919014e+08
-1.472833e+08
-8.538978e+07
-6.088222e+07
-7.405153e+08
-2.889533e+08
-1.457508e+08
-8.438482e+07
-6.005922e+07
0
-7.404097e+08
-2.889824e+08
-1.45789e+08
-8.441823e+07
-6.008455e+07
0
0
-7.494425e+08
-2.919938e+08
-1.474002e+08
-8.548959e+07
-6.093917e+07
0
0
0
-7.677325e+08
-2.980262e+08
-1.506076e+08
-8.762491e+07
-6.264943e+07
0
0
0
0
-7.950111e+08
-3.070166e+08
-1.55408e+08
-9.083439e+07
-6.523544e+07
0
0
0
0
0
-3.184437e+08
-1.615431e+08
-9.498047e+07
-6.859729e+07
0
0
0
0
0
0
-1.681788e+08
-9.950611e+07
-7.230149e+07
0
0
0
0
0
0
0
-1.033779e+08
-7.54787e+07
0
0
0
0
0
0
0
0
-7.778579e+07
0
0
0
0
0
0
0
0
0
0
0
0
0
0
0
0
0
0
0
0
0
0
0
0
0
0
0
0
0
-8.982637e+08
-8.672255e+08
-3.301354e+08
-8.302961e+08
-3.18043e+08
-1.611561e+08
-7.955954e+08
-3.067686e+08
-1.551328e+08
-9.061864e+07
-7.681447e+08
-2.978864e+08
-1.504397e+08
-8.747618e+07
-6.254498e+07
-7.496574e+08
-2.919346e+08
-1.473191e+08
-8.541718e+07
-6.088022e+07
0
-7.404097e+08
-2.889824e+08
-1.45789e+08
-8.441821e+07
-6.008455e+07
0
0
-7.402963e+08
-2.8901e+08
-1.458283e+08
-8.445367e+07
-6.011598e+07
0
0
0
-7.493507e+08
-2.920253e+08
-1.474374e+08
-8.552691e+07
-6.097371e+07
0
0
0
0
-7.676227e+08
-2.980604e+08
-1.506508e+08
-8.766183e+07
-6.268574e+07
0
0
0
0
0
-3.070562e+08
-1.554524e+08
-9.087787e+07
-6.527293e+07
0
0
0
0
0
0
-1.615974e+08
-9.502621e+07
-6.864248e+07
0
0
0
0
0
0
0
-9.956113e+07
-7.235079e+07
0
0
0
0
0
0
0
0
-7.55336e+07
0
0
0
0
0
0
0
0
0
0
0
0
0
0
0
0
0
0
0
0
0
0
0
0
0
0
0
0
0
0
0
0
0
0
0
0
0
0
0
-9.20111e+08
-8.98046e+08
-3.402837e+08
-8.671043e+08
-3.301408e+08
-1.676509e+08
-8.301798e+08
-3.180833e+08
-1.611693e+08
-9.467173e+07
-7.95488e+08
-3.06811e+08
-1.551706e+08
-9.062622e+07
-6.507073e+07
-7.680234e+08
-2.979229e+08
-1.504813e+08
-8.750693e+07
-6.25475e+07
0
-7.495531e+08
-2.919646e+08
-1.4736e+08
-8.545197e+07
-6.090648e+07
0
0
-7.402963e+08
-2.8901e+08
-1.458283e+08
-8.445364e+07
-6.011596e+07
0
0
0
-7.402031e+08
-2.890394e+08
-1.458645e+08
-8.449039e+07
-6.014873e+07
0
0
0
0
-7.49234e+08
-2.920554e+08
-1.474774e+08
-8.55614e+07
-6.100827e+07
0
0
0
0
0
-2.980901e+08
-1.506905e+08
-8.770131e+07
-6.271976e+07
0
0
0
0
0
0
-1.554971e+08
-9.091767e+07
-6.531285e+07
0
0
0
0
0
0
0
-9.507413e+07
-6.86843e+07
0
0
0
0
0
0
0
0
-7.240095e+07
0
0
0
0
0
0
0
0
0
0
0
0
0
0
0
0
0
0
0
0
0
0
0
0
0
0
0
0
0
0
0
0
0
0
0
0
0
0
0
0
0
0
0
0
0
0
0
0
0
-9.335392e+08
-9.199216e+08
-3.47514e+08
-8.979248e+08
-3.403169e+08
-1.73134e+08
-8.669832e+08
-3.301975e+08
-1.676823e+08
-9.908781e+07
-8.300763e+08
-3.181351e+08
-1.612184e+08
-9.469114e+07
-6.835645e+07
-7.953752e+08
-3.06851e+08
-1.552204e+08
-9.066256e+07
-6.508074e+07
0
-7.679243e+08
-2.979563e+08
-1.505247e+08
-8.754602e+07
-6.257669e+07
0
0
-7.494425e+08
-2.919938e+08
-1.474001e+08
-8.548949e+07
-6.093911e+07
0
0
0
-7.402031e+08
-2.890394e+08
-1.458645e+08
-8.449038e+07
-6.01487e+07
0
0
0
0
-7.400852e+08
-2.890678e+08
-1.45903e+08
-8.452399e+07
-6.018272e+07
0
0
0
0
0
-2.920801e+08
-1.475142e+08
-8.559838e+07
-6.104015e+07
0
0
0
0
0
0
-1.507287e+08
-8.773738e+07
-6.275612e+07
0
0
0
0
0
0
0
-9.095824e+07
-6.534935e+07
0
0
0
0
0
0
0
0
-6.872805e+07
0
0
0
0
0
0
0
0
0
0
0
0
0
0
0
0
0
0
0
0
0
0
0
0
0
0
0
0
0
0
0
0
0
0
0
0
0
0
0
0
0
0
0
0
0
0
0
0
0
0
0
0
0
0
0
0
0
0
0
-9.398359e+08
-9.333535e+08
-3.51976e+08
-9.197861e+08
-3.475686e+08
-1.770507e+08
-8.977994e+08
-3.403845e+08
-1.731844e+08
-1.028361e+08
-8.668809e+08
-3.302568e+08
-1.677434e+08
-9.912141e+07
-7.196538e+07
-8.299748e+08
-3.181833e+08
-1.612753e+08
-9.473633e+07
-6.837668e+07
0
-7.95283e+08
-3.068919e+08
-1.552667e+08
-9.070791e+07
-6.511482e+07
0
0
-7.678198e+08
-2.979899e+08
-1.505672e+08
-8.758553e+07
-6.2613e+07
0
0
0
-7.493508e+08
-2.920253e+08
-1.474374e+08
-8.552688e+07
-6.097363e+07
0
0
0
0
-7.400853e+08
-2.890679e+08
-1.45903e+08
-8.452398e+07
-6.018271e+07
0
0
0
0
0
-2.890911e+08
-1.459387e+08
-8.455983e+07
-6.021379e+07
0
0
0
0
0
0
-1.475491e+08
-8.563216e+07
-6.107429e+07
0
0
0
0
0
0
0
-8.777293e+07
-6.278929e+07
0
0
0
0
0
0
0
0
-6.538668e+07
0
0
0
0
0
0
0
0
0
0
0
0
0
0
0
0
0
0
0
0
0
0
0
0
0
0
0
0
0
0
0
0
0
0
0
0
0
0
0
0
0
0
0
0
0
0
0
0
0
0
0
0
0
0
0
0
0
0
0
0
0
0
0
0
0
0
0
0
0
-9.396501e+08
-3.540748e+08
-9.332136e+08
-3.520393e+08
-1.794727e+08
-9.196597e+08
-3.476394e+08
-1.771163e+08
-1.055225e+08
-8.976959e+08
-3.404516e+08
-1.732545e+08
-1.028846e+08
-7.503578e+07
-8.667813e+08
-3.303144e+08
-1.678068e+08
-9.917621e+07
-7.199804e+07
0
-8.298904e+08
-3.182352e+08
-1.61328e+08
-9.478748e+07
-6.841851e+07
0
0
-7.951868e+08
-3.069324e+08
-1.553145e+08
-9.075003e+07
-6.515655e+07
0
0
0
-7.677327e+08
-2.980262e+08
-1.506075e+08
-8.762487e+07
-6.264932e+07
0
0
0
0
-7.492343e+08
-2.920555e+08
-1.474774e+08
-8.556139e+07
-6.100824e+07
0
0
0
0
0
-2.890912e+08
-1.459387e+08
-8.455984e+07
-6.021378e+07
0
0
0
0
0
0
-1.459726e+08
-8.459269e+07
-6.024694e+07
0
0
0
0
0
0
0
-8.566513e+07
-6.110544e+07
0
0
0
0
0
0
0
0
-6.282225e+07
0
0
0
0
0
0
0
0
0
0
0
0
0
0
0
0
0
0
0
0
0
0
0
0
0
0
0
0
0
0
0
0
0
0
0
0
0
0
0
0
0
0
0
0
0
0
0
0
0
0
0
0
0
0
0
0
0
0
0
0
0
0
0
0
0
0
0
0
0
0
0
0
0
0
0
0
0
0
-9.395082e+08
-3.541416e+08
-1.806134e+08
-9.33084e+08
-3.521146e+08
-1.795452e+08
-1.071872e+08
-9.195551e+08
-3.477143e+08
-1.771905e+08
-1.05583e+08
-7.723946e+07
-8.975953e+08
-3.40518e+08
-1.733248e+08
-1.029471e+08
-7.508153e+07
0
-8.666988e+08
-3.303755e+08
-1.678671e+08
-9.923316e+07
-7.204843e+07
0
0
-8.298041e+08
-3.182852e+08
-1.613835e+08
-9.483485e+07
-6.846549e+07
0
0
0
-7.95106e+08
-3.069759e+08
-1.553597e+08
-9.079352e+07
-6.519532e+07
0
0
0
0
-7.676231e+08
-2.980605e+08
-1.506508e+08
-8.766181e+07
-6.26857e+07
0
0
0
0
0
-2.920803e+08
-1.475142e+08
-8.559838e+07
-6.104013e+07
0
0
0
0
0
0
-1.459726e+08
-8.459269e+07
-6.024694e+07
0
0
0
0
0
0
0
-8.462485e+07
-6.027725e+07
0
0
0
0
0
0
0
0
-6.113613e+07
0
0
0
0
0
0
0
0
0
0
0
0
0
0
0
0
0
0
0
0
0
0
0
0
0
0
0
0
0
0
0
0
0
0
0
0
0
0
0
0
0
0
0
0
0
0
0
0
0
0
0
0
0
0
0
0
0
0
0
0
0
0
0
0
0
0
0
0
0
0
0
0
0
0
0
0
0
0
0
0
0
0
0
0
0
0
-9.393765e+08
-3.542194e+08
-1.80689e+08
-1.079723e+08
-9.32976e+08
-3.52194e+08
-1.796236e+08
-1.072536e+08
-7.860648e+07
-9.19455e+08
-3.477884e+08
-1.772673e+08
-1.056495e+08
-7.729581e+07
0
-8.975149e+08
-3.405876e+08
-1.733924e+08
-1.0301e+08
-7.513899e+07
0
0
-8.666193e+08
-3.304346e+08
-1.6793e+08
-9.928694e+07
-7.210085e+07
0
0
0
-8.297337e+08
-3.183389e+08
-1.614357e+08
-9.488458e+07
-6.850902e+07
0
0
0
0
-7.950115e+08
-3.070167e+08
-1.55408e+08
-9.083436e+07
-6.523539e+07
0
0
0
0
0
-2.980903e+08
-1.506905e+08
-8.770132e+07
-6.271974e+07
0
0
0
0
0
0
-1.475492e+08
-8.563217e+07
-6.10743e+07
0
0
0
0
0
0
0
-8.462486e+07
-6.027725e+07
0
0
0
0
0
0
0
0
-6.03072e+07
0
0
0
0
0
0
0
0
0
0
0
0
0
0
0
0
0
0
0
0
0
0
0
0
0
0
0
0
0
0
0
0
0
0
0
0
0
0
0
0
0
0
0
0
0
0
0
0
0
0
0
0
0
0
0
0
0
0
0
0
0
0
0
0
0
0
0
0
0
0
0
0
0
0
0
0
0
0
0
0
0
0
0
0
0
0
0
0
0
0
0
0
0
-9.392661e+08
-3.543008e+08
-1.807697e+08
-1.080414e+08
-7.925167e+07
-9.328728e+08
-3.522723e+08
-1.797044e+08
-1.073239e+08
-7.866824e+07
0
-9.193732e+08
-3.478657e+08
-1.773413e+08
-1.057181e+08
-7.735726e+07
0
0
-8.974469e+08
-3.406565e+08
-1.734624e+08
-1.030702e+08
-7.519703e+07
0
0
0
-8.665656e+08
-3.304993e+08
-1.679895e+08
-9.934288e+07
-7.215029e+07
0
0
0
0
-8.296603e+08
-3.183899e+08
-1.614913e+08
-9.493106e+07
-6.855466e+07
0
0
0
0
0
-3.070564e+08
-1.554524e+08
-9.087788e+07
-6.52729e+07
0
0
0
0
0
0
-1.507288e+08
-8.77374e+07
-6.275612e+07
0
0
0
0
0
0
0
-8.566519e+07
-6.110545e+07
0
0
0
0
0
0
0
0
-6.030722e+07
0
0
0
0
0
0
0
0
0
0
0
0
0
0
0
0
0
0
0
0
0
0
0
0
0
0
0
0
0
0
0
0
0
0
0
0
0
0
0
0
0
0
0
0
0
0
0
0
0
0
0
0
0
0
0
0
0
0
0
0
0
0
0
0
0
0
0
0
0
0
0
0
0
0
0
0
0
0
0
0
0
0
0
0
0
0
0
0
0
0
0
0
0
0
0
0
0
0
0
-9.391609e+08
-3.543811e+08
-1.808524e+08
-1.081136e+08
-7.93159e+07
0
-9.327934e+08
-3.523537e+08
-1.797823e+08
-1.07396e+08
-7.873319e+07
0
0
-9.193175e+08
-3.479418e+08
-1.774176e+08
-1.057837e+08
-7.742044e+07
0
0
0
-8.974043e+08
-3.407345e+08
-1.735298e+08
-1.031322e+08
-7.525232e+07
0
0
0
0
-8.665029e+08
-3.305652e+08
-1.680535e+08
-9.93956e+07
-7.220164e+07
0
0
0
0
0
-3.184438e+08
-1.615431e+08
-9.498047e+07
-6.859725e+07
0
0
0
0
0
0
-1.554972e+08
-9.091769e+07
-6.531285e+07
0
0
0
0
0
0
0
-8.777302e+07
-6.27893e+07
0
0
0
0
0
0
0
0
-6.113617e+07
0
0
0
0
0
0
0
0
0
0
0
0
0
0
0
0
0
0
0
0
0
0
0
0
0
0
0
0
0
0
0
0
0
0
0
0
0
0
0
0
0
0
0
0
0
0
0
0
0
0
0
0
0
0
0
0
0
0
0
0
0
0
0
0
0
0
0
0
0
0
0
0
0
0
0
0
0
0
0
0
0
0
0
0
0
0
0
0
0
0
0
0
0
0
0
0
0
0
0
0
0
0
0
0
-9.390835e+08
-3.544644e+08
-1.809321e+08
-1.081874e+08
-7.93827e+07
0
0
-9.327393e+08
-3.524361e+08
-1.798622e+08
-1.07465e+08
-7.879968e+07
0
0
0
-9.192728e+08
-3.480321e+08
-1.77491e+08
-1.058511e+08
-7.748076e+07
0
0
0
0
-8.973381e+08
-3.408136e+08
-1.736035e+08
-1.031915e+08
-7.530927e+07
0
0
0
0
0
-3.306311e+08
-1.681158e+08
-9.945192e+07
-7.224996e+07
0
0
0
0
0
0
-1.615974e+08
-9.50262e+07
-6.864248e+07
0
0
0
0
0
0
0
-9.09583e+07
-6.534937e+07
0
0
0
0
0
0
0
0
-6.282232e+07
0
0
0
0
0
0
0
0
0
0
0
0
0
0
0
0
0
0
0
0
0
0
0
0
0
0
0
0
0
0
0
0
0
0
0
0
0
0
0
0
0
0
0
0
0
0
0
0
0
0
0
0
0
0
0
0
0
0
0
0
0
0
0
0
0
0
0
0
0
0
0
0
0
0
0
0
0
0
0
0
0
0
0
0
0
0
0
0
0
0
0
0
0
0
0
0
0
0
0
0
0
0
0
0
0
0
0
0
-9.390283e+08
-3.545504e+08
-1.810138e+08
-1.082581e+08
-7.945079e+07
0
0
0
-9.326859e+08
-3.525323e+08
-1.799406e+08
-1.075356e+08
-7.886317e+07
0
0
0
0
-9.191962e+08
-3.481177e+08
-1.775736e+08
-1.059156e+08
-7.754269e+07
0
0
0
0
0
-3.408861e+08
-1.736755e+08
-1.032557e+08
-7.536366e+07
0
0
0
0
0
0
-1.681789e+08
-9.950607e+07
-7.230147e+07
0
0
0
0
0
0
0
-9.507419e+07
-6.868429e+07
0
0
0
0
0
0
0
0
-6.538673e+07
0
0
0
0
0
0
0
0
0
0
0
0
0
0
0
0
0
0
0
0
0
0
0
0
0
0
0
0
0
0
0
0
0
0
0
0
0
0
0
0
0
0
0
0
0
0
0
0
0
0
0
0
0
0
0
0
0
0
0
0
0
0
0
0
0
0
0
0
0
0
0
0
0
0
0
0
0
0
0
0
0
0
0
0
0
0
0
0
0
0
0
0
0
0
0
0
0
0
0
0
0
0
0
0
0
0
0
0
0
0
0
-9.389694e+08
-3.546488e+08
-1.810949e+08
-1.083303e+08
-7.951583e+07
0
0
0
0
-9.326055e+08
-3.526196e+08
-1.800279e+08
-1.076043e+08
-7.892814e+07
0
0
0
0
0
-3.481929e+08
-1.776512e+08
-1.05987e+08
-7.760183e+07
0
0
0
0
0
0
-1.737445e+08
-1.033178e+08
-7.542226e+07
0
0
0
0
0
0
0
-9.95612e+07
-7.235076e+07
0
0
0
0
0
0
0
0
-6.872811e+07
0
0
0
0
0
0
0
0
0
0
0
0
0
0
0
0
0
0
0
0
0
0
0
0
0
0
0
0
0
0
0
0
0
0
0
0
0
0
0
0
0
0
0
0
0
0
0
0
0
0
0
0
0
0
0
0
0
0
0
0
0
0
0
0
0
0
0
0
0
0
0
0
0
0
0
0
0
0
0
0
0
0
0
0
0
0
0
0
0
0
0
0
0
0
0
0
0
0
0
0
0
0
0
0
0
0
0
0
0
0
0
0
0
-9.388876e+08
-3.547366e+08
-1.811842e+08
-1.084012e+08
-7.958227e+07
0
0
0
0
0
-3.526981e+08
-1.801078e+08
-1.076797e+08
-7.899105e+07
0
0
0
0
0
0
-1.777235e+08
-1.060539e+08
-7.766688e+07
0
0
0
0
0
0
0
-1.033781e+08
-7.547867e+07
0
0
0
0
0
0
0
0
-7.2401e+07
0
0
0
0
0
0
0
0
0
0
0
0
0
0
0
0
0
0
0
0
0
0
0
0
0
0
0
0
0
0
0
0
0
0
0
0
0
0
0
0
0
0
0
0
0
0
0
0
0
0
0
0
0
0
0
0
0
0
0
0
0
0
0
0
0
0
0
0
0
0
0
0
0
0
0
0
0
0
0
0
0
0
0
0
0
0
0
0
0
0
0
0
0
0
0
0
0
0
0
0
0
0
0
0
0
0
0
0
0
0
0
0
0
0
-3.548169e+08
-1.81265e+08
-1.084783e+08
-7.964721e+07
0
0
0
0
0
0
-1.801831e+08
-1.077488e+08
-7.905971e+07
0
0
0
0
0
0
0
-1.061173e+08
-7.772775e+07
0
0
0
0
0
0
0
0
-7.553372e+07
0
0
0
0
0
0
0
0
0
0
0
0
0
0
0
0
0
0
0
0
0
0
0
0
0
0
0
0
0
0
0
0
0
0
0
0
0
0
0
0
0
0
0
0
0
0
0
0
0
0
0
0
0
0
0
0
0
0
0
0
0
0
0
0
0
0
0
0
0
0
0
0
0
0
0
0
0
0
0
0
0
0
0
0
0
0
0
0
0
0
0
0
0
0
0
0
0
0
0
0
0
0
0
0
0
0
0
0
0
0
0
0
0
0
-1.81342e+08
-1.085485e+08
-7.971748e+07
0
0
0
0
0
0
0
-1.07815e+08
-7.912283e+07
0
0
0
0
0
0
0
0
-7.778592e+07
0
0
0
0
0
0
0
0
0
0
0
0
0
0
0
0
0
0
0
0
0
0
0
0
0
0
0
0
0
0
0
0
0
0
0
0
0
0
0
0
0
0
0
0
0
0
0
0
0
0
0
0
0
0
0
0
0
0
0
0
0
0
0
0
0
0
0
0
0
0
0
0
0
0
0
0
0
0
0
0
0
0
0
0
0
0
0
0
0
0
0
0
0
0
0
0
0
0
0
0
0
0
0
0
0
0
0
0
0
0
0
0
0
0
0
-1.086161e+08
-7.97816e+07
0
0
0
0
0
0
0
0
-7.918358e+07
0
0
0
0
0
0
0
0
0
0
0
0
0
0
0
0
0
0
0
0
0
0
0
0
0
0
0
0
0
0
0
0
0
0
0
0
0
0
0
0
0
0
0
0
0
0
0
0
0
0
0
0
0
0
0
0
0
0
0
0
0
0
0
0
0
0
0
0
0
0
0
0
0
0
0
0
0
0
0
0
0
0
0
0
0
0
0
0
0
0
0
0
0
0
0
0
0
0
0
0
0
0
0
0
0
0
0
0
0
0
0
0
0
0
0
0
0
-7.984374e+07
0
0
0
0
0
0
0
0
0
0
0
0
0
0
0
0
0
0
0
0
0
0
0
0
0
0
0
0
0
0
0
0
0
0
0
0
0
0
0
0
0
0
0
0
0
0
0
0
0
0
0
0
0
0
0
0
0
0
0
0
0
0
0
0
0
0
0
0
0
0
0
0
0
0
0
0
0
0
0
0
0
0
0
0
0
0
0
0
0
0
0
0
0
0
0
0
0
0
0
0
0
0
0
0
0
0
0
0
0
0
0
0
0
0
0
0
0
0
0
0
0
0
0
0
0
0
0
0
0
0
0
0
0
0
0
0
0
0
0
0
0
0
0
0
0
0
0
0
0
0
0
0
0
0
0
0
0
0
0
0
0
0
0
0
0
0
0
0
0
0
0
0
0
0
0
0
0
0
0
0
0
0
0
0
0
0
0
0
0
0
0
0
0
0
0
0
0
0
0
0
0
0
0
0
0
0
0
0
0
0
0
0
0
0
0
0
0
0
0
0
0
0
0
0
0
0
0
0
0
0
0
0
0
0
0
0
0
0
0
0
0
0
0
0
0
0
0
0
0
0
0
0
0
0
0
0
0
0
0
0
0
0
0
0
0
0
0
0
0
0
0
0
0
0
0
0
0
0
0
0
0
0
0
0
0
0
0
0
0
0
0
0
0
0
0
0
0
0
0
0
0
0
0
0
0
0
0
0
0
0
0
0
0
0
0
0
0
0
0
0
0
0
0
0
0
0
0
0
0
0
0
0
0
0
0
0
0
0
0
0
0
0
0
0
0
0
0
0
0
0
0
0
0
0
0
0
0
0
0
0
0
0
0
0
0
0
0
0
0
0
0
0
0
0
0
0
0
0
0
0
0
0
0
0
0
0
0
0
0
0
0
0
0
0
0
0
0
0
0
0
0
0
0
0
0
0
0
0
0
0
0
0
0
0
0
0
0
0
0
0
0
0
0
0
0
0
0
0
0
0
0
0
0
0
0
0
0
0
0
0
0
0
0
0
0
0
0
0
0
0
0
0
0
0
0
0
0
0
0
0
0
0
0
0
0
0
0
0
0
0
0
0
0
0
0
0
0
0
0
0
0
0
0
0
0
0
0
0
0
0
0
0
0
0
0
0
0
0
0
0
0
0
0
0
0
0
0
0
0
0
0
0
0
0
0
0
0
0
0
0
0
0
0
0
0
0
0
0
0
0
0
0
0
0
0
0
0
0
0
0
0
0
0
0
0
0
0
0
0
0
0
0
0
0
0
0
0
0
0
0
0
0
0
0
0
0
0
0
0
0
0
0
0
0
0
0
0
0
0
0
0
0
0
0
0
0
0
0
0
0
0
0
0
0
0
0
0
0
0
0
0
0
0
0
0
0
0
0
0
0
0
0
0
0
0
0
0
0
0
0
0
0
0
0
0
0
0
0
0
0
0
0
0
0
0
0
0
0
0
0
0
0
0
0
0
0
0
0
0
0
0
0
0
0
0
0
0
0
0
0
0
0
0
0
0
0
0
0
0
0
0
0
0
0
0
0
0
0
0
0
0
0
0
0
0
0
0
0
0
0
0
0
0
0
0
0
0
0
0
0
0
0
0
0
0
0
0
0
0
0
0
0
0
0
0
0
0
0
0
0
0
0
0
0
0
0
0
0
0
0
0
0
0
0
0
0
0
0
0
0
0
0
0
0
0
0
0
0
0
0
0
0
0
0
0
0
0
0
0
0
0
0
0
0
0
0
0
0
0
0
0
0
0
0
0
0
0
0
0
0
0
0
0
0
0
0
0
0
0
0
0
0
0
0
0
0
0
0
0
0
0
0
0
0
0
0
0
0
0
0
0
0
0
0
0
0
0
0
0
0
0
0
0
0
0
0
0
0
0
0
0
0
0
0
0
0
0
0
0
0
0
0
0
0
0
0
0
0
0
0
0
0
0
0
0
0
0
0
0
0
0
0
0
0
0
0
0
0
0
0
0
0
0
0
0
0
0
0
0
0
0
0
0
0
0
0
0
0
0
0
0
0
0
0
0
0
0
0
0
0
0
0
0
0
0
0
0
0
0
0
0
0
0
0
0
0
0
0
0
0
0
0
0
0
0
0
0
0
0
0
0
0
0
0
0
0
0
0
0
0
0
0
0
0
0
0
0
0
0
0
0
0
0
0
0
0
0
0
0
0
0
0
0
0
0
0
0
0
0
0
0
0
0
0
0
0
0
0
0
0
0
0
0
0
0
0
0
0
0
0
0
0
0
0
0
0
0
0
0
0
0
0
0
0
0
0
0
0
0
0
0
0
0
0
0
0
0
0
0
0
0
0
0
0
0
0
0
0
0
0
0
0
0
0
0
0
0
0
0
0
0
0
0
0
0
0
0
0
0
0
0
0
0
0
0
0
0
0
0
0
0
0
0
0
0
0
0
0
0
0
0
0
0
0
0
0
0
0
0
0
0
0
0
0
0
0
0
0
0
0
0
0
0
0
0
0
0
0
0
0
0
0
0
0
0
0
0
0
0
0
0
0
0
0
0
0
0
0
0
0
0
0
0
0
0
0
0
0
0
0
0
0
0
0
0
0
0
0
0
0
0
0
0
0
0
0
0
0
0
0
0
0
0
0
0
0
0
0
0
0
0
0
0
0
0
0
0
0
0
0
0
0
0
0
0
0
0
0
0
0
0
0
0
0
0
0
0
0
0
0
0
0
0
0
0
0
0
0
0
0
0
0
0
0
0
0
0
0
0
0
0
0
0
0
0
0
0
0
0
0
0
0
0
0
0
0
0
0
0
0
0
0
0
0
0
0
0
0
0
0
0
0
0
0
0
0
0
0
0
0
0
0
0
0
0
0
0
0
0
0
0
0
0
0
0
0
0
0
0
0
0
0
0
0
0
0
0
0
0
0
0
0
0
0
0
0
0
0
0
0
0
0
0
0
0
0
0
0
0
0
0
0
0
0
0
0
0
0
0
0
0
0
0
0
0
0
0
0
0
0
0
0
0
0
0
0
0
0
0
0
0
0
0
0
0
0
0
0
0
0
0
0
0
0
0
0
0
0
0
0
0
0
0
0
0
0
0
0
0
0
0
0
0
0
0
0
0
0
0
0
0
0
0
0
0
0
0
0
0
0
0
0
0
0
0
0
0
0
0
0
0
0
0
0
0
0
0
0
0
0
0
0
0
0
0
0
0
0
0
0
0
0
0
0
0
0
0
0
0
0
0
0
0
0
0
0
0
0
0
0
0
0
0
0
0
0
0
0
0
0
0
0
0
0
0
0
0
0
0
0
0
0
0
0
0
0
0
0
0
0
0
0
0
0
0
0
0
0
0
0
0
0
0
0
0
0
0
0
0
0
0
0
0
0
0
0
0
0
0
0
0
0
0
0
0
0
0
0
0
0
0
0
0
0
0
0
0
0
0
0
0
0
0
0
0
0
0
0
0
0
0
0
0
0
0
0
0
0
0
0
0
0
0
0
0
0
0
0
0
0
0
0
0
0
0
0
0
0
0
0
0
0
0
0
0
0
0
0
0
0
0
0
0
0
0
0
0
0
0
0
0
0
0
0
0
0
0
0
0
0
0
0
0
0
0
0
0
0
0
0
0
0
0
0
0
0
0
0
0
0
0
0
0
0
0
0
0
0
0
0
0
0
0
0
0
0
0
0
0
0
0
0
0
0
0
0
0
0
0
0
0
0
0
0
0
0
0
0
0
0
0
0
0
0
0
0
0
0
0
0
0
0
0
0
0
0
0
0
0
0
0
0
0
0
0
0
0
0
0
0
0
0
0
0
0
0
0
0
0
0
0
0
0
0
0
0
0
0
0
0
0
0
0
0
0
0
0
0
0
0
0
0
0
0
0
0
0
0
0
0
0
0
0
0
0
0
0
0
0
0
0
0
0
0
0
0
0
0
0
0
0
0
0
0
0
0
0
0
0
0
0
0
0
0
0
0
0
0
0
0
0
0
0
0
0
)
;

boundaryField
{
    interconnectSides
    {
        type            zeroGradient;
    }
    anodeSides
    {
        type            zeroGradient;
    }
    interconnect1
    {
        type            zeroGradient;
    }
    phiEA_to_phiE0
    {
        type            zeroGradient;
    }
    procBoundary1to0
    {
        type            processor;
        value           uniform 0;
    }
    procBoundary1to2
    {
        type            processor;
        value           uniform 0;
    }
}
)

// processor2

22491
(dimensions      [0 -3 0 0 0 1 0];

internalField   nonuniform List<scalar> 
5000
(
-9.388156e+08
-9.325329e+08
-9.387578e+08
-3.548925e+08
-9.191211e+08
-9.324762e+08
-3.52771e+08
-9.387261e+08
-3.549796e+08
-1.81414e+08
-8.972583e+08
-9.190657e+08
-3.482599e+08
-9.324442e+08
-3.528561e+08
-1.802529e+08
-9.387109e+08
-3.550702e+08
-1.814942e+08
-1.086793e+08
-8.664197e+08
-8.972022e+08
-3.409443e+08
-9.190342e+08
-3.48341e+08
-1.777886e+08
-9.324274e+08
-3.529441e+08
-1.803314e+08
-1.078763e+08
-9.387175e+08
-3.551737e+08
-1.815747e+08
-1.087491e+08
-7.990172e+07
-8.295667e+08
-8.663639e+08
-3.306801e+08
-8.971707e+08
-3.410184e+08
-1.738028e+08
-9.190116e+08
-3.484242e+08
-1.778636e+08
-1.061747e+08
-9.324342e+08
-3.530446e+08
-1.804098e+08
-1.079446e+08
-7.923984e+07
-9.387185e+08
-3.552787e+08
-1.816645e+08
-1.088183e+08
-7.996549e+07
0
-7.948982e+08
-8.295092e+08
-3.18481e+08
-8.663293e+08
-3.307466e+08
-1.682298e+08
-8.971389e+08
-3.410948e+08
-1.738721e+08
-1.034298e+08
-9.190178e+08
-3.485176e+08
-1.77938e+08
-1.062399e+08
-7.783863e+07
-9.324351e+08
-3.53147e+08
-1.804972e+08
-1.08012e+08
-7.930221e+07
0
-9.387388e+08
-3.553877e+08
-1.817532e+08
-1.088947e+08
-8.002851e+07
0
0
-7.674886e+08
-7.948384e+08
-3.070802e+08
-8.294689e+08
-3.185393e+08
-1.616396e+08
-8.662898e+08
-3.308137e+08
-1.682929e+08
-9.960663e+07
-8.971396e+08
-3.411778e+08
-1.739409e+08
-1.034901e+08
-7.558124e+07
-9.190175e+08
-3.486148e+08
-1.780201e+08
-1.063039e+08
-7.789814e+07
0
-9.324584e+08
-3.532535e+08
-1.805838e+08
-1.080864e+08
-7.936356e+07
0
0
-9.387395e+08
-3.554968e+08
-1.818459e+08
-1.089697e+08
-8.009787e+07
0
0
0
-7.490817e+08
-7.674203e+08
-2.981019e+08
-7.947951e+08
-3.071321e+08
-1.555303e+08
-8.294206e+08
-3.185966e+08
-1.616961e+08
-9.511248e+07
-8.662753e+08
-3.308857e+08
-1.683544e+08
-9.966157e+07
-7.244278e+07
-8.971355e+08
-3.412657e+08
-1.740153e+08
-1.035493e+08
-7.563633e+07
0
-9.190436e+08
-3.487161e+08
-1.781025e+08
-1.063741e+08
-7.795637e+07
0
0
-9.324594e+08
-3.533613e+08
-1.806745e+08
-1.081596e+08
-7.943111e+07
0
0
0
-9.387533e+08
-3.55604e+08
-1.819369e+08
-1.090483e+08
-8.01657e+07
0
0
0
0
-7.399254e+08
-7.490065e+08
-2.920824e+08
-7.673758e+08
-2.981471e+08
-1.50754e+08
-7.947372e+08
-3.071827e+08
-1.555819e+08
-9.098951e+07
-8.293907e+08
-3.186576e+08
-1.617501e+08
-9.516186e+07
-6.876344e+07
-8.662616e+08
-3.309595e+08
-1.684205e+08
-9.971456e+07
-7.249284e+07
0
-8.971581e+08
-3.413588e+08
-1.740906e+08
-1.036132e+08
-7.569007e+07
0
0
-9.190459e+08
-3.4882e+08
-1.78189e+08
-1.064436e+08
-7.802004e+07
0
0
0
-9.324731e+08
-3.534664e+08
-1.80764e+08
-1.082364e+08
-7.949728e+07
0
0
0
0
-9.387646e+08
-3.557078e+08
-1.820283e+08
-1.091248e+08
-8.023683e+07
0
0
0
0
0
-7.399254e+08
-7.39845e+08
-2.890894e+08
-7.489572e+08
-2.921228e+08
-1.475684e+08
-7.67312e+08
-2.981938e+08
-1.50801e+08
-8.77983e+07
-7.946968e+08
-3.072344e+08
-1.556306e+08
-9.103473e+07
-6.541585e+07
-8.293583e+08
-3.187175e+08
-1.618081e+08
-9.520857e+07
-6.880836e+07
0
-8.662757e+08
-3.310408e+08
-1.684855e+08
-9.977166e+07
-7.254093e+07
0
0
-8.97159e+08
-3.414543e+08
-1.741706e+08
-1.036768e+08
-7.574811e+07
0
0
0
-9.190597e+08
-3.48921e+08
-1.78275e+08
-1.065169e+08
-7.808282e+07
0
0
0
0
-9.324812e+08
-3.535677e+08
-1.808536e+08
-1.083116e+08
-7.956678e+07
0
0
0
0
0
-3.558172e+08
-1.821155e+08
-1.092024e+08
-8.03059e+07
0
0
0
0
0
0
-7.490818e+08
-7.39845e+08
-2.890894e+08
-7.397917e+08
-2.891267e+08
-1.459893e+08
-7.488931e+08
-2.921657e+08
-1.476122e+08
-8.568611e+07
-7.672634e+08
-2.982397e+08
-1.508467e+08
-8.783983e+07
-6.284634e+07
-7.946474e+08
-3.072845e+08
-1.55682e+08
-9.107706e+07
-6.545694e+07
0
-8.293579e+08
-3.187839e+08
-1.618631e+08
-9.525897e+07
-6.885074e+07
0
0
-8.662678e+08
-3.311248e+08
-1.685569e+08
-9.982705e+07
-7.259278e+07
0
0
0
-8.971775e+08
-3.415482e+08
-1.7425e+08
-1.037447e+08
-7.580553e+07
0
0
0
0
-9.19061e+08
-3.490176e+08
-1.78361e+08
-1.065889e+08
-7.814905e+07
0
0
0
0
0
-3.536735e+08
-1.809387e+08
-1.083876e+08
-7.963457e+07
0
0
0
0
0
0
-1.822077e+08
-1.092761e+08
-8.037619e+07
0
0
0
0
0
0
0
-7.674887e+08
-7.490064e+08
-2.920825e+08
-7.397915e+08
-2.891267e+08
-1.459893e+08
-7.397275e+08
-2.891671e+08
-1.460312e+08
-8.464393e+07
-7.488386e+08
-2.922097e+08
-1.476553e+08
-8.572519e+07
-6.11565e+07
-7.672035e+08
-2.98283e+08
-1.508939e+08
-8.787959e+07
-6.288414e+07
0
-7.94627e+08
-3.073386e+08
-1.5573e+08
-9.11221e+07
-6.54953e+07
0
0
-8.293361e+08
-3.188545e+08
-1.619241e+08
-9.530639e+07
-6.889652e+07
0
0
0
-8.662913e+08
-3.312075e+08
-1.686276e+08
-9.988776e+07
-7.264284e+07
0
0
0
0
-8.971697e+08
-3.416399e+08
-1.743303e+08
-1.038111e+08
-7.586681e+07
0
0
0
0
0
-3.491161e+08
-1.784422e+08
-1.066618e+08
-7.821389e+07
0
0
0
0
0
0
-1.810283e+08
-1.084595e+08
-7.970335e+07
0
0
0
0
0
0
0
-1.09354e+08
-8.044283e+07
0
0
0
0
0
0
0
0
-7.948984e+08
-7.674202e+08
-2.981019e+08
-7.489563e+08
-2.921228e+08
-1.475684e+08
-7.397273e+08
-2.89167e+08
-1.460312e+08
-8.464393e+07
-7.396712e+08
-2.892102e+08
-1.460726e+08
-8.468157e+07
-6.032597e+07
-7.487721e+08
-2.922485e+08
-1.477011e+08
-8.576286e+07
-6.119216e+07
0
-7.671652e+08
-2.983294e+08
-1.509372e+08
-8.792133e+07
-6.292012e+07
0
0
-7.945903e+08
-3.073957e+08
-1.557826e+08
-9.116386e+07
-6.553626e+07
0
0
0
-8.293534e+08
-3.189244e+08
-1.619851e+08
-9.535881e+07
-6.893945e+07
0
0
0
0
-8.662745e+08
-3.312935e+08
-1.686995e+08
-9.994703e+07
-7.269764e+07
0
0
0
0
0
-3.417285e+08
-1.74407e+08
-1.038791e+08
-7.592655e+07
0
0
0
0
0
0
-1.785265e+08
-1.067303e+08
-7.827978e+07
0
0
0
0
0
0
0
-1.085352e+08
-7.976835e+07
0
0
0
0
0
0
0
0
-8.051335e+07
0
0
0
0
0
0
0
0
0
-8.295669e+08
-7.948382e+08
-3.070802e+08
-7.673747e+08
-2.98147e+08
-1.50754e+08
-7.488928e+08
-2.921653e+08
-1.476122e+08
-8.568611e+07
-7.396711e+08
-2.892102e+08
-1.460725e+08
-8.468156e+07
-6.032597e+07
-7.396005e+08
-2.892475e+08
-1.461177e+08
-8.471799e+07
-6.036038e+07
0
-7.487232e+08
-2.922904e+08
-1.477413e+08
-8.580329e+07
-6.122627e+07
0
0
-7.671157e+08
-2.983757e+08
-1.509845e+08
-8.795926e+07
-6.29581e+07
0
0
0
-7.945936e+08
-3.074543e+08
-1.558345e+08
-9.120968e+07
-6.557411e+07
0
0
0
0
-8.293323e+08
-3.190006e+08
-1.620479e+08
-9.541028e+07
-6.898688e+07
0
0
0
0
0
-3.31371e+08
-1.687709e+08
-1.000081e+08
-7.275085e+07
0
0
0
0
0
0
-1.744839e+08
-1.039435e+08
-7.59879e+07
0
0
0
0
0
0
0
-1.068017e+08
-7.834164e+07
0
0
0
0
0
0
0
0
-7.98369e+07
0
0
0
0
0
0
0
0
0
0
0
0
0
0
0
0
0
0
0
-8.6642e+08
-8.295088e+08
-3.18481e+08
-7.947943e+08
-3.07132e+08
-1.555303e+08
-7.673115e+08
-2.981932e+08
-1.508009e+08
-8.779831e+07
-7.488381e+08
-2.922095e+08
-1.47655e+08
-8.572516e+07
-6.115651e+07
-7.396004e+08
-2.892474e+08
-1.461177e+08
-8.471793e+07
-6.036038e+07
0
-7.395492e+08
-2.892867e+08
-1.461568e+08
-8.475784e+07
-6.039341e+07
0
0
-7.486648e+08
-2.923303e+08
-1.477856e+08
-8.583887e+07
-6.126302e+07
0
0
0
-7.671061e+08
-2.984258e+08
-1.510293e+08
-8.800099e+07
-6.299254e+07
0
0
0
0
-7.945672e+08
-3.075197e+08
-1.558895e+08
-9.125399e+07
-6.56157e+07
0
0
0
0
0
-3.190694e+08
-1.621118e+08
-9.546393e+07
-6.903308e+07
0
0
0
0
0
0
-1.688396e+08
-1.000677e+08
-7.280596e+07
0
0
0
0
0
0
0
-1.040089e+08
-7.604589e+07
0
0
0
0
0
0
0
0
-7.840629e+07
0
0
0
0
0
0
0
0
0
0
0
0
0
0
0
0
0
0
0
0
0
0
0
0
0
0
0
0
0
-8.972588e+08
-8.663636e+08
-3.306801e+08
-8.294681e+08
-3.185391e+08
-1.616396e+08
-7.947364e+08
-3.071823e+08
-1.555818e+08
-9.098952e+07
-7.672623e+08
-2.982394e+08
-1.508463e+08
-8.783979e+07
-6.284635e+07
-7.487718e+08
-2.922482e+08
-1.477009e+08
-8.576268e+07
-6.119213e+07
0
-7.395494e+08
-2.892867e+08
-1.461568e+08
-8.475781e+07
-6.039336e+07
0
0
-7.394864e+08
-2.893248e+08
-1.461994e+08
-8.479252e+07
-6.042961e+07
0
0
0
-7.486451e+08
-2.923748e+08
-1.478262e+08
-8.587817e+07
-6.129537e+07
0
0
0
0
-7.6707e+08
-2.984828e+08
-1.510786e+08
-8.803989e+07
-6.30305e+07
0
0
0
0
0
-3.075813e+08
-1.559459e+08
-9.130147e+07
-6.565559e+07
0
0
0
0
0
0
-1.621737e+08
-9.551726e+07
-6.90815e+07
0
0
0
0
0
0
0
-1.001264e+08
-7.285935e+07
0
0
0
0
0
0
0
0
-7.610512e+07
0
0
0
0
0
0
0
0
0
0
0
0
0
0
0
0
0
0
0
0
0
0
0
0
0
0
0
0
0
0
0
0
0
0
0
0
0
0
0
-9.191216e+08
-8.972018e+08
-3.409445e+08
-8.663284e+08
-3.307464e+08
-1.682299e+08
-8.294196e+08
-3.185962e+08
-1.61696e+08
-9.511249e+07
-7.946952e+08
-3.07234e+08
-1.556304e+08
-9.103468e+07
-6.541585e+07
-7.672031e+08
-2.982824e+08
-1.508937e+08
-8.787935e+07
-6.288411e+07
0
-7.487245e+08
-2.922902e+08
-1.477411e+08
-8.58032e+07
-6.122612e+07
0
0
-7.394864e+08
-2.893249e+08
-1.461994e+08
-8.479247e+07
-6.042959e+07
0
0
0
-7.394586e+08
-2.893666e+08
-1.462388e+08
-8.483054e+07
-6.046116e+07
0
0
0
0
-7.486022e+08
-2.924259e+08
-1.478719e+08
-8.591391e+07
-6.133119e+07
0
0
0
0
0
-2.985374e+08
-1.511294e+08
-8.808295e+07
-6.306569e+07
0
0
0
0
0
0
-1.560024e+08
-9.13488e+07
-6.569852e+07
0
0
0
0
0
0
0
-9.557018e+07
-6.912916e+07
0
0
0
0
0
0
0
0
-7.291244e+07
0
0
0
0
0
0
0
0
0
0
0
0
0
0
0
0
0
0
0
0
0
0
0
0
0
0
0
0
0
0
0
0
0
0
0
0
0
0
0
0
0
0
0
0
0
0
0
0
0
-9.325333e+08
-9.190653e+08
-3.482601e+08
-8.971697e+08
-3.410182e+08
-1.738029e+08
-8.662885e+08
-3.308132e+08
-1.682928e+08
-9.960665e+07
-8.293886e+08
-3.18657e+08
-1.617498e+08
-9.516179e+07
-6.876344e+07
-7.946468e+08
-3.072836e+08
-1.556817e+08
-9.107687e+07
-6.545689e+07
0
-7.671683e+08
-2.983292e+08
-1.509368e+08
-8.792119e+07
-6.291992e+07
0
0
-7.486647e+08
-2.923309e+08
-1.477854e+08
-8.583871e+07
-6.126295e+07
0
0
0
-7.394569e+08
-2.893666e+08
-1.462388e+08
-8.483052e+07
-6.046112e+07
0
0
0
0
-7.394127e+08
-2.894135e+08
-1.462827e+08
-8.486528e+07
-6.049586e+07
0
0
0
0
0
-2.924761e+08
-1.479188e+08
-8.595419e+07
-6.136364e+07
0
0
0
0
0
0
-1.511812e+08
-8.812588e+07
-6.310473e+07
0
0
0
0
0
0
0
-9.139728e+07
-6.574082e+07
0
0
0
0
0
0
0
0
-6.917696e+07
0
0
0
0
0
0
0
0
0
0
0
0
0
0
0
0
0
0
0
0
0
0
0
0
0
0
0
0
0
0
0
0
0
0
0
0
0
0
0
0
0
0
0
0
0
0
0
0
0
0
0
0
0
0
0
0
0
0
0
-9.388161e+08
-9.324757e+08
-3.527711e+08
-9.190331e+08
-3.483407e+08
-1.777887e+08
-8.971366e+08
-3.410942e+08
-1.73872e+08
-1.034298e+08
-8.662731e+08
-3.30885e+08
-1.68354e+08
-9.966148e+07
-7.244279e+07
-8.293574e+08
-3.187164e+08
-1.618077e+08
-9.520836e+07
-6.88083e+07
0
-7.946319e+08
-3.073383e+08
-1.557295e+08
-9.11219e+07
-6.549514e+07
0
0
-7.671156e+08
-2.983771e+08
-1.509844e+08
-8.795899e+07
-6.295798e+07
0
0
0
-7.486401e+08
-2.923747e+08
-1.478265e+08
-8.587809e+07
-6.129524e+07
0
0
0
0
-7.394127e+08
-2.894127e+08
-1.462827e+08
-8.486532e+07
-6.049584e+07
0
0
0
0
0
-2.894618e+08
-1.46327e+08
-8.490422e+07
-6.052742e+07
0
0
0
0
0
0
-1.479677e+08
-8.599418e+07
-6.140024e+07
0
0
0
0
0
0
0
-8.817062e+07
-6.314315e+07
0
0
0
0
0
0
0
0
-6.578454e+07
0
0
0
0
0
0
0
0
0
0
0
0
0
0
0
0
0
0
0
0
0
0
0
0
0
0
0
0
0
0
0
0
0
0
0
0
0
0
0
0
0
0
0
0
0
0
0
0
0
0
0
0
0
0
0
0
0
0
0
0
0
0
0
0
0
0
0
0
0
-9.387573e+08
-3.548927e+08
-9.324428e+08
-3.528559e+08
-1.802529e+08
-9.190085e+08
-3.484236e+08
-1.778634e+08
-1.061748e+08
-8.971372e+08
-3.411766e+08
-1.739405e+08
-1.0349e+08
-7.558129e+07
-8.662605e+08
-3.309583e+08
-1.6842e+08
-9.97143e+07
-7.249276e+07
0
-8.293642e+08
-3.187834e+08
-1.618625e+08
-9.52587e+07
-6.885056e+07
0
0
-7.945895e+08
-3.073978e+08
-1.557824e+08
-9.116347e+07
-6.553609e+07
0
0
0
-7.670986e+08
-2.984256e+08
-1.510301e+08
-8.800087e+07
-6.299232e+07
0
0
0
0
-7.486022e+08
-2.924236e+08
-1.478718e+08
-8.591415e+07
-6.133113e+07
0
0
0
0
0
-2.894618e+08
-1.463265e+08
-8.490419e+07
-6.052746e+07
0
0
0
0
0
0
-1.463746e+08
-8.494228e+07
-6.056286e+07
0
0
0
0
0
0
0
-8.603664e+07
-6.143611e+07
0
0
0
0
0
0
0
0
-6.318353e+07
0
0
0
0
0
0
0
0
0
0
0
0
0
0
0
0
0
0
0
0
0
0
0
0
0
0
0
0
0
0
0
0
0
0
0
0
0
0
0
0
0
0
0
0
0
0
0
0
0
0
0
0
0
0
0
0
0
0
0
0
0
0
0
0
0
0
0
0
0
0
0
0
0
0
0
0
0
0
-9.387245e+08
-3.549793e+08
-1.81414e+08
-9.324241e+08
-3.529433e+08
-1.803312e+08
-1.078763e+08
-9.190153e+08
-3.485161e+08
-1.779376e+08
-1.062398e+08
-7.783867e+07
-8.971344e+08
-3.412645e+08
-1.740146e+08
-1.03549e+08
-7.563623e+07
0
-8.662828e+08
-3.310402e+08
-1.684848e+08
-9.97713e+07
-7.254071e+07
0
0
-8.293346e+08
-3.188572e+08
-1.619238e+08
-9.53059e+07
-6.889629e+07
0
0
0
-7.945843e+08
-3.074537e+08
-1.558357e+08
-9.120953e+07
-6.557378e+07
0
0
0
0
-7.670704e+08
-2.984794e+08
-1.510785e+08
-8.804044e+07
-6.30304e+07
0
0
0
0
0
-2.924762e+08
-1.479174e+08
-8.595411e+07
-6.136384e+07
0
0
0
0
0
0
-1.463746e+08
-8.494195e+07
-6.056283e+07
0
0
0
0
0
0
0
-8.498376e+07
-6.059707e+07
0
0
0
0
0
0
0
0
-6.147447e+07
0
0
0
0
0
0
0
0
0
0
0
0
0
0
0
0
0
0
0
0
0
0
0
0
0
0
0
0
0
0
0
0
0
0
0
0
0
0
0
0
0
0
0
0
0
0
0
0
0
0
0
0
0
0
0
0
0
0
0
0
0
0
0
0
0
0
0
0
0
0
0
0
0
0
0
0
0
0
0
0
0
0
0
0
0
0
-9.387076e+08
-3.550693e+08
-1.81494e+08
-1.086794e+08
-9.324317e+08
-3.530429e+08
-1.804093e+08
-1.079444e+08
-7.923987e+07
-9.190165e+08
-3.486135e+08
-1.780192e+08
-1.063036e+08
-7.789803e+07
0
-8.971651e+08
-3.413582e+08
-1.740897e+08
-1.036126e+08
-7.568982e+07
0
0
-8.662658e+08
-3.311278e+08
-1.685565e+08
-9.982649e+07
-7.259248e+07
0
0
0
-8.29344e+08
-3.189235e+08
-1.619867e+08
-9.535859e+07
-6.893904e+07
0
0
0
0
-7.945688e+08
-3.075155e+08
-1.558891e+08
-9.125484e+07
-6.561556e+07
0
0
0
0
0
-2.985377e+08
-1.511274e+08
-8.808283e+07
-6.306614e+07
0
0
0
0
0
0
-1.479677e+08
-8.599322e+07
-6.140018e+07
0
0
0
0
0
0
0
-8.498377e+07
-6.05968e+07
0
0
0
0
0
0
0
0
-6.063457e+07
0
0
0
0
0
0
0
0
0
0
0
0
0
0
0
0
0
0
0
0
0
0
0
0
0
0
0
0
0
0
0
0
0
0
0
0
0
0
0
0
0
0
0
0
0
0
0
0
0
0
0
0
0
0
0
0
0
0
0
0
0
0
0
0
0
0
0
0
0
0
0
0
0
0
0
0
0
0
0
0
0
0
0
0
0
0
0
0
0
0
0
0
0
-9.38715e+08
-3.551721e+08
-1.815742e+08
-1.087489e+08
-7.990175e+07
-9.324342e+08
-3.531456e+08
-1.804961e+08
-1.080116e+08
-7.930209e+07
0
-9.190481e+08
-3.487155e+08
-1.781016e+08
-1.063734e+08
-7.795608e+07
0
0
-8.971568e+08
-3.414572e+08
-1.741702e+08
-1.036762e+08
-7.574765e+07
0
0
0
-8.662876e+08
-3.312064e+08
-1.686293e+08
-9.988747e+07
-7.264237e+07
0
0
0
0
-8.293389e+08
-3.189964e+08
-1.620474e+08
-9.541136e+07
-6.898669e+07
0
0
0
0
0
-3.075821e+08
-1.559434e+08
-9.13012e+07
-6.565629e+07
0
0
0
0
0
0
-1.511814e+08
-8.812445e+07
-6.310462e+07
0
0
0
0
0
0
0
-8.603668e+07
-6.143532e+07
0
0
0
0
0
0
0
0
-6.063457e+07
0
0
0
0
0
0
0
0
0
0
0
0
0
0
0
0
0
0
0
0
0
0
0
0
0
0
0
0
0
0
0
0
0
0
0
0
0
0
0
0
0
0
0
0
0
0
0
0
0
0
0
0
0
0
0
0
0
0
0
0
0
0
0
0
0
0
0
0
0
0
0
0
0
0
0
0
0
0
0
0
0
0
0
0
0
0
0
0
0
0
0
0
0
0
0
0
0
0
0
-9.387176e+08
-3.552773e+08
-1.816634e+08
-1.088178e+08
-7.996536e+07
0
-9.324608e+08
-3.532529e+08
-1.805829e+08
-1.080856e+08
-7.936322e+07
0
0
-9.190441e+08
-3.48822e+08
-1.781886e+08
-1.06443e+08
-7.801943e+07
0
0
0
-8.971789e+08
-3.41547e+08
-1.742517e+08
-1.037444e+08
-7.580501e+07
0
0
0
0
-8.662827e+08
-3.312916e+08
-1.686988e+08
-9.994825e+07
-7.26974e+07
0
0
0
0
0
-3.190722e+08
-1.621093e+08
-9.546351e+07
-6.903397e+07
0
0
0
0
0
0
-1.560029e+08
-9.134705e+07
-6.569829e+07
0
0
0
0
0
0
0
-8.817075e+07
-6.314198e+07
0
0
0
0
0
0
0
0
-6.14745e+07
0
0
0
0
0
0
0
0
0
0
0
0
0
0
0
0
0
0
0
0
0
0
0
0
0
0
0
0
0
0
0
0
0
0
0
0
0
0
0
0
0
0
0
0
0
0
0
0
0
0
0
0
0
0
0
0
0
0
0
0
0
0
0
0
0
0
0
0
0
0
0
0
0
0
0
0
0
0
0
0
0
0
0
0
0
0
0
0
0
0
0
0
0
0
0
0
0
0
0
0
0
0
0
0
-9.387408e+08
-3.553871e+08
-1.817523e+08
-1.088939e+08
-8.002814e+07
0
0
-9.324578e+08
-3.533624e+08
-1.806741e+08
-1.081589e+08
-7.943045e+07
0
0
0
-9.190621e+08
-3.489199e+08
-1.782761e+08
-1.065166e+08
-7.808225e+07
0
0
0
0
-8.971763e+08
-3.416401e+08
-1.743295e+08
-1.038124e+08
-7.586655e+07
0
0
0
0
0
-3.313745e+08
-1.687697e+08
-1.000076e+08
-7.275186e+07
0
0
0
0
0
0
-1.621754e+08
-9.551549e+07
-6.908115e+07
0
0
0
0
0
0
0
-9.139765e+07
-6.573938e+07
0
0
0
0
0
0
0
0
-6.318365e+07
0
0
0
0
0
0
0
0
0
0
0
0
0
0
0
0
0
0
0
0
0
0
0
0
0
0
0
0
0
0
0
0
0
0
0
0
0
0
0
0
0
0
0
0
0
0
0
0
0
0
0
0
0
0
0
0
0
0
0
0
0
0
0
0
0
0
0
0
0
0
0
0
0
0
0
0
0
0
0
0
0
0
0
0
0
0
0
0
0
0
0
0
0
0
0
0
0
0
0
0
0
0
0
0
0
0
0
0
-9.387379e+08
-3.554977e+08
-1.818455e+08
-1.08969e+08
-8.009719e+07
0
0
0
-9.324757e+08
-3.534653e+08
-1.807647e+08
-1.082361e+08
-7.949669e+07
0
0
0
0
-9.190655e+08
-3.490181e+08
-1.783603e+08
-1.065898e+08
-7.814878e+07
0
0
0
0
0
-3.417314e+08
-1.74407e+08
-1.038785e+08
-7.592755e+07
0
0
0
0
0
0
-1.688417e+08
-1.000668e+08
-7.280551e+07
0
0
0
0
0
0
0
-9.557138e+07
-6.912771e+07
0
0
0
0
0
0
0
0
-6.578485e+07
0
0
0
0
0
0
0
0
0
0
0
0
0
0
0
0
0
0
0
0
0
0
0
0
0
0
0
0
0
0
0
0
0
0
0
0
0
0
0
0
0
0
0
0
0
0
0
0
0
0
0
0
0
0
0
0
0
0
0
0
0
0
0
0
0
0
0
0
0
0
0
0
0
0
0
0
0
0
0
0
0
0
0
0
0
0
0
0
0
0
0
0
0
0
0
0
0
0
0
0
0
0
0
0
0
0
0
0
0
0
0
-9.387559e+08
-3.55603e+08
-1.819374e+08
-1.09048e+08
-8.01651e+07
0
0
0
0
-9.32484e+08
-3.535683e+08
-1.808529e+08
-1.083121e+08
-7.956651e+07
0
0
0
0
0
-3.491182e+08
-1.784425e+08
-1.066613e+08
-7.821458e+07
0
0
0
0
0
0
-1.744856e+08
-1.039435e+08
-7.598741e+07
0
0
0
0
0
0
0
-1.001278e+08
-7.285863e+07
0
0
0
0
0
0
0
0
-6.917794e+07
0
0
0
0
0
0
0
0
0
0
0
0
0
0
0
0
0
0
0
0
0
0
0
0
0
0
0
0
0
0
0
0
0
0
0
0
0
0
0
0
0
0
0
0
0
0
0
0
0
0
0
0
0
0
0
0
0
0
0
0
0
0
0
0
0
0
0
0
0
0
0
0
0
0
0
0
0
0
0
0
0
0
0
0
0
0
0
0
0
0
0
0
0
0
0
0
0
0
0
0
0
0
0
0
0
0
0
0
0
0
0
0
0
-9.387667e+08
-3.557085e+08
-1.820276e+08
-1.091252e+08
-8.023655e+07
0
0
0
0
0
-3.536748e+08
-1.80939e+08
-1.08387e+08
-7.963498e+07
0
0
0
0
0
0
-1.785277e+08
-1.067304e+08
-7.827932e+07
0
0
0
0
0
0
0
-1.040102e+08
-7.604583e+07
0
0
0
0
0
0
0
0
-7.291367e+07
0
0
0
0
0
0
0
0
0
0
0
0
0
0
0
0
0
0
0
0
0
0
0
0
0
0
0
0
0
0
0
0
0
0
0
0
0
0
0
0
0
0
0
0
0
0
0
0
0
0
0
0
0
0
0
0
0
0
0
0
0
0
0
0
0
0
0
0
0
0
0
0
0
0
0
0
0
0
0
0
0
0
0
0
0
0
0
0
0
0
0
0
0
0
0
0
0
0
0
0
0
0
0
0
0
0
0
0
0
0
0
0
0
0
-3.558184e+08
-1.821158e+08
-1.092019e+08
-8.030626e+07
0
0
0
0
0
0
-1.810292e+08
-1.084596e+08
-7.97029e+07
0
0
0
0
0
0
0
-1.068027e+08
-7.834172e+07
0
0
0
0
0
0
0
0
-7.610616e+07
0
0
0
0
0
0
0
0
0
0
0
0
0
0
0
0
0
0
0
0
0
0
0
0
0
0
0
0
0
0
0
0
0
0
0
0
0
0
0
0
0
0
0
0
0
0
0
0
0
0
0
0
0
0
0
0
0
0
0
0
0
0
0
0
0
0
0
0
0
0
0
0
0
0
0
0
0
0
0
0
0
0
0
0
0
0
0
0
0
0
0
0
0
0
0
0
0
0
0
0
0
0
0
0
0
0
0
0
0
0
0
0
0
0
-1.822085e+08
-1.092762e+08
-8.037574e+07
0
0
0
0
0
0
0
-1.085359e+08
-7.976846e+07
0
0
0
0
0
0
0
0
-7.840709e+07
0
0
0
0
0
0
0
0
0
0
0
0
0
0
0
0
0
0
0
0
0
0
0
0
0
0
0
0
0
0
0
0
0
0
0
0
0
0
0
0
0
0
0
0
0
0
0
0
0
0
0
0
0
0
0
0
0
0
0
0
0
0
0
0
0
0
0
0
0
0
0
0
0
0
0
0
0
0
0
0
0
0
0
0
0
0
0
0
0
0
0
0
0
0
0
0
0
0
0
0
0
0
0
0
0
0
0
0
0
0
0
0
0
0
0
-1.093546e+08
-8.044295e+07
0
0
0
0
0
0
0
0
-7.983747e+07
0
0
0
0
0
0
0
0
0
0
0
0
0
0
0
0
0
0
0
0
0
0
0
0
0
0
0
0
0
0
0
0
0
0
0
0
0
0
0
0
0
0
0
0
0
0
0
0
0
0
0
0
0
0
0
0
0
0
0
0
0
0
0
0
0
0
0
0
0
0
0
0
0
0
0
0
0
0
0
0
0
0
0
0
0
0
0
0
0
0
0
0
0
0
0
0
0
0
0
0
0
0
0
0
0
0
0
0
0
0
0
0
0
0
0
0
0
-8.051384e+07
0
0
0
0
0
0
0
0
0
0
0
0
0
0
0
0
0
0
0
0
0
0
0
0
0
0
0
0
0
0
0
0
0
0
0
0
0
0
0
0
0
0
0
0
0
0
0
0
0
0
0
0
0
0
0
0
0
0
0
0
0
0
0
0
0
0
0
0
0
0
0
0
0
0
0
0
0
0
0
0
0
0
0
0
0
0
0
0
0
0
0
0
0
0
0
0
0
0
0
0
0
0
0
0
0
0
0
0
0
0
0
0
0
0
0
0
0
0
0
0
0
0
0
0
0
0
0
0
0
0
0
0
0
0
0
0
0
0
0
0
0
0
0
0
0
0
0
0
0
0
0
0
0
0
0
0
0
0
0
0
0
0
0
0
0
0
0
0
0
0
0
0
0
0
0
0
0
0
0
0
0
0
0
0
0
0
0
0
0
0
0
0
0
0
0
0
0
0
0
0
0
0
0
0
0
0
0
0
0
0
0
0
0
0
0
0
0
0
0
0
0
0
0
0
0
0
0
0
0
0
0
0
0
0
0
0
0
0
0
0
0
0
0
0
0
0
0
0
0
0
0
0
0
0
0
0
0
0
0
0
0
0
0
0
0
0
0
0
0
0
0
0
0
0
0
0
0
0
0
0
0
0
0
0
0
0
0
0
0
0
0
0
0
0
0
0
0
0
0
0
0
0
0
0
0
0
0
0
0
0
0
0
0
0
0
0
0
0
0
0
0
0
0
0
0
0
0
0
0
0
0
0
0
0
0
0
0
0
0
0
0
0
0
0
0
0
0
0
0
0
0
0
0
0
0
0
0
0
0
0
0
0
0
0
0
0
0
0
0
0
0
0
0
0
0
0
0
0
0
0
0
0
0
0
0
0
0
0
0
0
0
0
0
0
0
0
0
0
0
0
0
0
0
0
0
0
0
0
0
0
0
0
0
0
0
0
0
0
0
0
0
0
0
0
0
0
0
0
0
0
0
0
0
0
0
0
0
0
0
0
0
0
0
0
0
0
0
0
0
0
0
0
0
0
0
0
0
0
0
0
0
0
0
0
0
0
0
0
0
0
0
0
0
0
0
0
0
0
0
0
0
0
0
0
0
0
0
0
0
0
0
0
0
0
0
0
0
0
0
0
0
0
0
0
0
0
0
0
0
0
0
0
0
0
0
0
0
0
0
0
0
0
0
0
0
0
0
0
0
0
0
0
0
0
0
0
0
0
0
0
0
0
0
0
0
0
0
0
0
0
0
0
0
0
0
0
0
0
0
0
0
0
0
0
0
0
0
0
0
0
0
0
0
0
0
0
0
0
0
0
0
0
0
0
0
0
0
0
0
0
0
0
0
0
0
0
0
0
0
0
0
0
0
0
0
0
0
0
0
0
0
0
0
0
0
0
0
0
0
0
0
0
0
0
0
0
0
0
0
0
0
0
0
0
0
0
0
0
0
0
0
0
0
0
0
0
0
0
0
0
0
0
0
0
0
0
0
0
0
0
0
0
0
0
0
0
0
0
0
0
0
0
0
0
0
0
0
0
0
0
0
0
0
0
0
0
0
0
0
0
0
0
0
0
0
0
0
0
0
0
0
0
0
0
0
0
0
0
0
0
0
0
0
0
0
0
0
0
0
0
0
0
0
0
0
0
0
0
0
0
0
0
0
0
0
0
0
0
0
0
0
0
0
0
0
0
0
0
0
0
0
0
0
0
0
0
0
0
0
0
0
0
0
0
0
0
0
0
0
0
0
0
0
0
0
0
0
0
0
0
0
0
0
0
0
0
0
0
0
0
0
0
0
0
0
0
0
0
0
0
0
0
0
0
0
0
0
0
0
0
0
0
0
0
0
0
0
0
0
0
0
0
0
0
0
0
0
0
0
0
0
0
0
0
0
0
0
0
0
0
0
0
0
0
0
0
0
0
0
0
0
0
0
0
0
0
0
0
0
0
0
0
0
0
0
0
0
0
0
0
0
0
0
0
0
0
0
0
0
0
0
0
0
0
0
0
0
0
0
0
0
0
0
0
0
0
0
0
0
0
0
0
0
0
0
0
0
0
0
0
0
0
0
0
0
0
0
0
0
0
0
0
0
0
0
0
0
0
0
0
0
0
0
0
0
0
0
0
0
0
0
0
0
0
0
0
0
0
0
0
0
0
0
0
0
0
0
0
0
0
0
0
0
0
0
0
0
0
0
0
0
0
0
0
0
0
0
0
0
0
0
0
0
0
0
0
0
0
0
0
0
0
0
0
0
0
0
0
0
0
0
0
0
0
0
0
0
0
0
0
0
0
0
0
0
0
0
0
0
0
0
0
0
0
0
0
0
0
0
0
0
0
0
0
0
0
0
0
0
0
0
0
0
0
0
0
0
0
0
0
0
0
0
0
0
0
0
0
0
0
0
0
0
0
0
0
0
0
0
0
0
0
0
0
0
0
0
0
0
0
0
0
0
0
0
0
0
0
0
0
0
0
0
0
0
0
0
0
0
0
0
0
0
0
0
0
0
0
0
0
0
0
0
0
0
0
0
0
0
0
0
0
0
0
0
0
0
0
0
0
0
0
0
0
0
0
0
0
0
0
0
0
0
0
0
0
0
0
0
0
0
0
0
0
0
0
0
0
0
0
0
0
0
0
0
0
0
0
0
0
0
0
0
0
0
0
0
0
0
0
0
0
0
0
0
0
0
0
0
0
0
0
0
0
0
0
0
0
0
0
0
0
0
0
0
0
0
0
0
0
0
0
0
0
0
0
0
0
0
0
0
0
0
0
0
0
0
0
0
0
0
0
0
0
0
0
0
0
0
0
0
0
0
0
0
0
0
0
0
0
0
0
0
0
0
0
0
0
0
0
0
0
0
0
0
0
0
0
0
0
0
0
0
0
0
0
0
0
0
0
0
0
0
0
0
0
0
0
0
0
0
0
0
0
0
0
0
0
0
0
0
0
0
0
0
0
0
0
0
0
0
0
0
0
0
0
0
0
0
0
0
0
0
0
0
0
0
0
0
0
0
0
0
0
0
0
0
0
0
0
0
0
0
0
0
0
0
0
0
0
0
0
0
0
0
0
0
0
0
0
0
0
0
0
0
0
0
0
0
0
0
0
0
0
0
0
0
0
0
0
0
0
0
0
0
0
0
0
0
0
0
0
0
0
0
0
0
0
0
0
0
0
0
0
0
0
0
0
0
0
0
0
0
0
0
0
0
0
0
0
0
0
0
0
0
0
0
0
0
0
0
0
0
0
0
0
0
0
0
0
0
0
0
0
0
0
0
0
0
0
0
0
0
0
0
0
0
0
0
0
0
0
0
0
0
0
0
0
0
0
0
0
0
0
0
0
0
0
0
0
0
0
0
0
0
0
0
0
0
0
0
0
0
0
0
0
0
0
0
0
0
0
0
0
0
0
0
0
0
0
0
0
0
0
0
0
0
0
0
0
0
0
0
0
0
0
0
0
0
0
0
0
0
0
0
0
0
0
0
0
0
0
0
0
0
0
0
0
0
0
0
0
0
0
0
0
0
0
0
0
0
0
0
0
0
0
0
0
0
0
0
0
0
0
0
0
0
0
0
0
0
0
0
0
0
0
0
0
0
0
0
0
0
0
0
0
0
0
0
0
0
0
0
0
0
0
0
0
0
0
0
0
0
0
0
0
0
0
0
0
0
0
0
0
0
0
0
0
0
0
0
0
0
0
0
0
0
0
0
0
0
0
0
0
0
0
0
0
0
0
0
0
0
0
0
0
0
0
0
0
0
0
0
0
0
0
0
0
0
0
0
0
0
0
0
0
0
0
0
0
0
0
0
0
0
0
0
0
0
0
0
0
0
0
0
0
0
0
0
0
0
0
0
0
0
0
0
0
0
0
0
0
0
0
0
0
0
0
0
0
0
0
0
0
0
0
0
0
0
0
0
0
0
0
0
0
0
0
0
0
0
0
0
0
0
0
0
0
0
0
0
0
0
0
0
)
;

boundaryField
{
    interconnectSides
    {
        type            zeroGradient;
    }
    anodeSides
    {
        type            zeroGradient;
    }
    interconnect1
    {
        type            zeroGradient;
    }
    phiEA_to_phiE0
    {
        type            zeroGradient;
    }
    procBoundary2to1
    {
        type            processor;
        value           uniform 0;
    }
    procBoundary2to3
    {
        type            processor;
        value           uniform 0;
    }
}
)

// processor3

22360
(dimensions      [0 -3 0 0 0 1 0];

internalField   nonuniform List<scalar> 
5000
(
-9.387896e+08
-9.325054e+08
-9.388172e+08
-3.559213e+08
-9.190819e+08
-9.325326e+08
-3.537747e+08
-9.388515e+08
-3.560355e+08
-1.822941e+08
-8.971818e+08
-9.191077e+08
-3.492114e+08
-9.325665e+08
-3.538865e+08
-1.811124e+08
-9.388853e+08
-3.561409e+08
-1.823887e+08
-1.094266e+08
-8.662723e+08
-8.972025e+08
-3.418135e+08
-9.191399e+08
-3.49318e+08
-1.786058e+08
-9.326e+08
-3.539893e+08
-1.81205e+08
-1.08606e+08
-9.389309e+08
-3.562556e+08
-1.824753e+08
-1.095062e+08
-8.057892e+07
-8.293152e+08
-8.662796e+08
-3.314426e+08
-8.972304e+08
-3.419118e+08
-1.745557e+08
-9.191719e+08
-3.494155e+08
-1.786944e+08
-1.068685e+08
-9.326451e+08
-3.541016e+08
-1.812895e+08
-1.086838e+08
-7.990074e+07
-9.389717e+08
-3.563624e+08
-1.825698e+08
-1.095788e+08
-8.065072e+07
0
-7.945398e+08
-8.293007e+08
-3.191278e+08
-8.66299e+08
-3.315281e+08
-1.689017e+08
-8.972591e+08
-3.42001e+08
-1.746378e+08
-1.040695e+08
-9.192185e+08
-3.495229e+08
-1.787746e+08
-1.069429e+08
-7.846654e+07
-9.326845e+08
-3.542059e+08
-1.813821e+08
-1.087546e+08
-7.997096e+07
0
-9.390251e+08
-3.564769e+08
-1.826565e+08
-1.096581e+08
-8.071626e+07
0
0
-7.670332e+08
-7.945077e+08
-3.076304e+08
-8.29307e+08
-3.191976e+08
-1.622263e+08
-8.663163e+08
-3.316063e+08
-1.689746e+08
-1.001791e+08
-8.973003e+08
-3.421009e+08
-1.747115e+08
-1.041385e+08
-7.615975e+07
-9.192601e+08
-3.496233e+08
-1.788632e+08
-1.070101e+08
-7.853358e+07
0
-9.327406e+08
-3.543177e+08
-1.814666e+08
-1.088323e+08
-8.003484e+07
0
0
-9.390811e+08
-3.565832e+08
-1.827502e+08
-1.097306e+08
-8.078786e+07
0
0
0
-7.485576e+08
-7.669955e+08
-2.985794e+08
-7.944987e+08
-3.076879e+08
-1.560483e+08
-8.293119e+08
-3.192633e+08
-1.622884e+08
-9.561529e+07
-8.663399e+08
-3.316944e+08
-1.6904e+08
-1.002406e+08
-7.296006e+07
-8.973318e+08
-3.421927e+08
-1.747943e+08
-1.042003e+08
-7.622188e+07
0
-9.193298e+08
-3.49732e+08
-1.789444e+08
-1.070844e+08
-7.859411e+07
0
0
-9.328121e+08
-3.544229e+08
-1.815583e+08
-1.089029e+08
-8.010491e+07
0
0
0
-9.390856e+08
-3.567041e+08
-1.828357e+08
-1.098091e+08
-8.085308e+07
0
0
0
0
-7.393653e+08
-7.485189e+08
-2.92513e+08
-7.669744e+08
-2.986315e+08
-1.512222e+08
-7.944879e+08
-3.077424e+08
-1.561021e+08
-9.143694e+07
-8.29329e+08
-3.193397e+08
-1.623448e+08
-9.566826e+07
-6.921774e+07
-8.66355e+08
-3.317711e+08
-1.691141e+08
-1.002955e+08
-7.301544e+07
0
-8.973806e+08
-3.422911e+08
-1.748688e+08
-1.042696e+08
-7.627743e+07
0
0
-9.194166e+08
-3.49839e+08
-1.790332e+08
-1.07152e+08
-7.866107e+07
0
0
0
-9.328287e+08
-3.545486e+08
-1.816425e+08
-1.089797e+08
-8.016849e+07
0
0
0
0
-9.390345e+08
-3.567871e+08
-1.829334e+08
-1.098804e+08
-8.092394e+07
0
0
0
0
0
-7.393663e+08
-7.393254e+08
-2.894967e+08
-7.4849e+08
-2.92563e+08
-1.480053e+08
-7.669488e+08
-2.986778e+08
-1.512721e+08
-8.820639e+07
-7.944926e+08
-3.078074e+08
-1.561507e+08
-9.14834e+07
-6.582043e+07
-8.293358e+08
-3.194072e+08
-1.624105e+08
-9.571583e+07
-6.926555e+07
0
-8.663817e+08
-3.318557e+08
-1.69178e+08
-1.003578e+08
-7.306475e+07
0
0
-8.974449e+08
-3.423824e+08
-1.749502e+08
-1.043317e+08
-7.633982e+07
0
0
0
-9.1944e+08
-3.499671e+08
-1.791174e+08
-1.072262e+08
-7.872177e+07
0
0
0
0
-9.327498e+08
-3.546349e+08
-1.817425e+08
-1.090498e+08
-8.023773e+07
0
0
0
0
0
-3.568649e+08
-1.830043e+08
-1.099618e+08
-8.09881e+07
0
0
0
0
0
0
-7.485606e+08
-7.393262e+08
-2.894972e+08
-7.392932e+08
-2.895455e+08
-1.464109e+08
-7.484547e+08
-2.926041e+08
-1.480536e+08
-8.606983e+07
-7.669432e+08
-2.987337e+08
-1.513151e+08
-8.82497e+07
-6.321596e+07
-7.944859e+08
-3.078649e+08
-1.562086e+08
-9.152475e+07
-6.586247e+07
0
-8.293458e+08
-3.19482e+08
-1.624672e+08
-9.577121e+07
-6.930828e+07
0
0
-8.664196e+08
-3.319302e+08
-1.692495e+08
-1.004113e+08
-7.312076e+07
0
0
0
-8.974627e+08
-3.424941e+08
-1.750237e+08
-1.043999e+08
-7.639553e+07
0
0
0
0
-9.193669e+08
-3.500518e+08
-1.792178e+08
-1.072956e+08
-7.878855e+07
0
0
0
0
0
-3.546993e+08
-1.818148e+08
-1.091325e+08
-8.030071e+07
0
0
0
0
0
0
-1.83077e+08
-1.100224e+08
-8.106144e+07
0
0
0
0
0
0
0
-7.670377e+08
-7.485208e+08
-2.925144e+08
-7.392933e+08
-2.895459e+08
-1.464112e+08
-7.39253e+08
-2.895844e+08
-1.464584e+08
-8.501589e+07
-7.484412e+08
-2.926543e+08
-1.480932e+08
-8.611175e+07
-6.150463e+07
-7.669252e+08
-2.987838e+08
-1.51367e+08
-8.828669e+07
-6.325514e+07
0
-7.944979e+08
-3.079296e+08
-1.562583e+08
-9.157401e+07
-6.589968e+07
0
0
-8.293608e+08
-3.195429e+08
-1.625315e+08
-9.581877e+07
-6.935803e+07
0
0
0
-8.664331e+08
-3.320236e+08
-1.693112e+08
-1.004716e+08
-7.31689e+07
0
0
0
0
-8.974236e+08
-3.425699e+08
-1.751129e+08
-1.044609e+08
-7.64569e+07
0
0
0
0
0
-3.50117e+08
-1.792883e+08
-1.073782e+08
-7.885066e+07
0
0
0
0
0
0
-1.818795e+08
-1.091938e+08
-8.037492e+07
0
0
0
0
0
0
0
-1.100862e+08
-8.111656e+07
0
0
0
0
0
0
0
0
-7.945442e+08
-7.669985e+08
-2.985814e+08
-7.484906e+08
-2.92564e+08
-1.480061e+08
-7.392527e+08
-2.895844e+08
-1.464586e+08
-8.501607e+07
-7.392344e+08
-2.896317e+08
-1.464964e+08
-8.505712e+07
-6.066379e+07
-7.484155e+08
-2.926994e+08
-1.481414e+08
-8.614608e+07
-6.154251e+07
0
-7.669306e+08
-2.988408e+08
-1.514117e+08
-8.833131e+07
-6.32885e+07
0
0
-7.945001e+08
-3.079868e+08
-1.563155e+08
-9.16159e+07
-6.594398e+07
0
0
0
-8.293669e+08
-3.196201e+08
-1.625835e+08
-9.587304e+07
-6.940064e+07
0
0
0
0
-8.664049e+08
-3.320898e+08
-1.693879e+08
-1.005233e+08
-7.32232e+07
0
0
0
0
0
-3.426468e+08
-1.751764e+08
-1.045347e+08
-7.651162e+07
0
0
0
0
0
0
-1.793528e+08
-1.074375e+08
-7.892446e+07
0
0
0
0
0
0
0
-1.092519e+08
-8.043044e+07
0
0
0
0
0
0
0
0
-8.117526e+07
0
0
0
0
0
0
0
0
0
-8.293201e+08
-7.945118e+08
-3.076324e+08
-7.669754e+08
-2.98633e+08
-1.512234e+08
-7.484541e+08
-2.926044e+08
-1.480542e+08
-8.607038e+07
-7.392332e+08
-2.896316e+08
-1.464964e+08
-8.50573e+07
-6.066394e+07
-7.392058e+08
-2.896738e+08
-1.465428e+08
-8.509025e+07
-6.070103e+07
0
-7.484166e+08
-2.927516e+08
-1.481826e+08
-8.618785e+07
-6.157354e+07
0
0
-7.669267e+08
-2.988924e+08
-1.514638e+08
-8.836919e+07
-6.332873e+07
0
0
0
-7.944981e+08
-3.080539e+08
-1.563642e+08
-9.166453e+07
-6.598151e+07
0
0
0
0
-8.293366e+08
-3.196758e+08
-1.626491e+08
-9.591694e+07
-6.944943e+07
0
0
0
0
0
-3.321662e+08
-1.694439e+08
-1.005873e+08
-7.326966e+07
0
0
0
0
0
0
-1.752472e+08
-1.045883e+08
-7.657766e+07
0
0
0
0
0
0
0
-1.074951e+08
-7.897811e+07
0
0
0
0
0
0
0
0
-8.048439e+07
0
0
0
0
0
0
0
0
0
0
0
0
0
0
0
0
0
0
0
-8.662774e+08
-8.293059e+08
-3.1913e+08
-7.944999e+08
-3.0769e+08
-1.560495e+08
-7.669483e+08
-2.986783e+08
-1.512731e+08
-8.820724e+07
-7.484372e+08
-2.926541e+08
-1.480934e+08
-8.61122e+07
-6.150509e+07
-7.392048e+08
-2.896732e+08
-1.465427e+08
-8.509028e+07
-6.070118e+07
0
-7.392027e+08
-2.897241e+08
-1.46582e+08
-8.513064e+07
-6.073101e+07
0
0
-7.484014e+08
-2.927996e+08
-1.482315e+08
-8.622309e+07
-6.161127e+07
0
0
0
-7.66918e+08
-2.98954e+08
-1.515084e+08
-8.84138e+07
-6.336271e+07
0
0
0
0
-7.944647e+08
-3.081008e+08
-1.564227e+08
-9.170539e+07
-6.602525e+07
0
0
0
0
0
-3.197451e+08
-1.62697e+08
-9.597212e+07
-6.948891e+07
0
0
0
0
0
0
-1.695134e+08
-1.006346e+08
-7.332703e+07
0
0
0
0
0
0
0
-1.0465e+08
-7.662615e+07
0
0
0
0
0
0
0
0
-7.903141e+07
0
0
0
0
0
0
0
0
0
0
0
0
0
0
0
0
0
0
0
0
0
0
0
0
0
0
0
0
0
-8.971867e+08
-8.662857e+08
-3.31445e+08
-8.293083e+08
-3.192001e+08
-1.622277e+08
-7.944875e+08
-3.07743e+08
-1.561034e+08
-9.143779e+07
-7.669369e+08
-2.987335e+08
-1.513154e+08
-8.82504e+07
-6.321665e+07
-7.484123e+08
-2.926974e+08
-1.481412e+08
-8.614621e+07
-6.154289e+07
0
-7.392017e+08
-2.897237e+08
-1.465816e+08
-8.513058e+07
-6.073103e+07
0
0
-7.391814e+08
-2.897696e+08
-1.466297e+08
-8.516439e+07
-6.076754e+07
0
0
0
-7.483881e+08
-2.928547e+08
-1.482737e+08
-8.626522e+07
-6.164293e+07
0
0
0
0
-7.668885e+08
-2.989947e+08
-1.51563e+08
-8.845138e+07
-6.340287e+07
0
0
0
0
0
-3.081632e+08
-1.564642e+08
-9.175488e+07
-6.606181e+07
0
0
0
0
0
0
-1.627611e+08
-9.601277e+07
-6.953847e+07
0
0
0
0
0
0
0
-1.006947e+08
-7.33697e+07
0
0
0
0
0
0
0
0
-7.668249e+07
0
0
0
0
0
0
0
0
0
0
0
0
0
0
0
0
0
0
0
0
0
0
0
0
0
0
0
0
0
0
0
0
0
0
0
0
0
0
0
-9.19087e+08
-8.972092e+08
-3.418158e+08
-8.663005e+08
-3.315312e+08
-1.689031e+08
-8.293115e+08
-3.192641e+08
-1.6229e+08
-9.561626e+07
-7.944844e+08
-3.078074e+08
-1.561511e+08
-9.148435e+07
-6.582113e+07
-7.669204e+08
-2.987808e+08
-1.51367e+08
-8.828692e+07
-6.325572e+07
0
-7.484137e+08
-2.927502e+08
-1.481814e+08
-8.618777e+07
-6.157364e+07
0
0
-7.391812e+08
-2.897692e+08
-1.466295e+08
-8.51641e+07
-6.076749e+07
0
0
0
-7.391658e+08
-2.898214e+08
-1.466702e+08
-8.520556e+07
-6.07979e+07
0
0
0
0
-7.483642e+08
-2.928916e+08
-1.483241e+08
-8.63008e+07
-6.16809e+07
0
0
0
0
0
-2.990546e+08
-1.515999e+08
-8.849765e+07
-6.343647e+07
0
0
0
0
0
0
-1.565229e+08
-9.179022e+07
-6.610624e+07
0
0
0
0
0
0
0
-9.606825e+07
-6.957513e+07
0
0
0
0
0
0
0
0
-7.342436e+07
0
0
0
0
0
0
0
0
0
0
0
0
0
0
0
0
0
0
0
0
0
0
0
0
0
0
0
0
0
0
0
0
0
0
0
0
0
0
0
0
0
0
0
0
0
0
0
0
0
-9.325106e+08
-9.191147e+08
-3.492138e+08
-8.972322e+08
-3.419152e+08
-1.745571e+08
-8.66316e+08
-3.316072e+08
-1.689765e+08
-1.001801e+08
-8.293193e+08
-3.193397e+08
-1.623453e+08
-9.566945e+07
-6.921855e+07
-7.944792e+08
-3.078611e+08
-1.562086e+08
-9.152505e+07
-6.586326e+07
0
-7.669267e+08
-2.988387e+08
-1.514098e+08
-8.833128e+07
-6.32887e+07
0
0
-7.484004e+08
-2.927983e+08
-1.482307e+08
-8.622221e+07
-6.16112e+07
0
0
0
-7.391635e+08
-2.898213e+08
-1.4667e+08
-8.520537e+07
-6.079766e+07
0
0
0
0
-7.391402e+08
-2.898566e+08
-1.467185e+08
-8.523985e+07
-6.083502e+07
0
0
0
0
0
-2.929513e+08
-1.483583e+08
-8.634386e+07
-6.17127e+07
0
0
0
0
0
0
-1.516563e+08
-8.852935e+07
-6.347795e+07
0
0
0
0
0
0
0
-9.184127e+07
-6.613813e+07
0
0
0
0
0
0
0
0
-6.96255e+07
0
0
0
0
0
0
0
0
0
0
0
0
0
0
0
0
0
0
0
0
0
0
0
0
0
0
0
0
0
0
0
0
0
0
0
0
0
0
0
0
0
0
0
0
0
0
0
0
0
0
0
0
0
0
0
0
0
0
0
-9.38795e+08
-9.325399e+08
-3.537773e+08
-9.191419e+08
-3.493216e+08
-1.786074e+08
-8.972581e+08
-3.42002e+08
-1.746399e+08
-1.040706e+08
-8.663308e+08
-3.316944e+08
-1.690405e+08
-1.00242e+08
-7.296093e+07
-8.293278e+08
-3.194027e+08
-1.624105e+08
-9.571618e+07
-6.926655e+07
0
-7.944932e+08
-3.079267e+08
-1.562559e+08
-9.157403e+07
-6.589993e+07
0
0
-7.669267e+08
-2.988906e+08
-1.514625e+08
-8.836786e+07
-6.332871e+07
0
0
0
-7.483794e+08
-2.928543e+08
-1.482729e+08
-8.626463e+07
-6.16422e+07
0
0
0
0
-7.391344e+08
-2.898554e+08
-1.467184e+08
-8.523964e+07
-6.083487e+07
0
0
0
0
0
-2.899145e+08
-1.467515e+08
-8.52813e+07
-6.086569e+07
0
0
0
0
0
0
-1.48414e+08
-8.637341e+07
-6.17514e+07
0
0
0
0
0
0
0
-8.85782e+07
-6.350659e+07
0
0
0
0
0
0
0
0
-6.618442e+07
0
0
0
0
0
0
0
0
0
0
0
0
0
0
0
0
0
0
0
0
0
0
0
0
0
0
0
0
0
0
0
0
0
0
0
0
0
0
0
0
0
0
0
0
0
0
0
0
0
0
0
0
0
0
0
0
0
0
0
0
0
0
0
0
0
0
0
0
0
-9.388246e+08
-3.55924e+08
-9.325686e+08
-3.538903e+08
-1.81114e+08
-9.191707e+08
-3.494167e+08
-1.786967e+08
-1.068697e+08
-8.972882e+08
-3.421007e+08
-1.747122e+08
-1.041401e+08
-7.616066e+07
-8.66347e+08
-3.317668e+08
-1.691142e+08
-1.002959e+08
-7.301663e+07
0
-8.293412e+08
-3.194786e+08
-1.624644e+08
-9.577125e+07
-6.930858e+07
0
0
-7.945003e+08
-3.079846e+08
-1.563138e+08
-9.161419e+07
-6.5944e+07
0
0
0
-7.669067e+08
-2.989539e+08
-1.515073e+08
-8.841292e+07
-6.336161e+07
0
0
0
0
-7.483417e+08
-2.928878e+08
-1.483238e+08
-8.630022e+07
-6.168042e+07
0
0
0
0
0
-2.899115e+08
-1.467508e+08
-8.528126e+07
-6.086552e+07
0
0
0
0
0
0
-1.468061e+08
-8.53099e+07
-6.0903e+07
0
0
0
0
0
0
0
-8.642142e+07
-6.177812e+07
0
0
0
0
0
0
0
0
-6.355073e+07
0
0
0
0
0
0
0
0
0
0
0
0
0
0
0
0
0
0
0
0
0
0
0
0
0
0
0
0
0
0
0
0
0
0
0
0
0
0
0
0
0
0
0
0
0
0
0
0
0
0
0
0
0
0
0
0
0
0
0
0
0
0
0
0
0
0
0
0
0
0
0
0
0
0
0
0
0
0
-9.388537e+08
-3.560393e+08
-1.822958e+08
-9.325986e+08
-3.539906e+08
-1.812074e+08
-1.086072e+08
-9.192048e+08
-3.495226e+08
-1.787754e+08
-1.069446e+08
-7.846752e+07
-8.973214e+08
-3.421869e+08
-1.747942e+08
-1.042008e+08
-7.622322e+07
0
-8.663763e+08
-3.318522e+08
-1.691753e+08
-1.003578e+08
-7.306511e+07
0
0
-8.293606e+08
-3.195407e+08
-1.625295e+08
-9.581675e+07
-6.935807e+07
0
0
0
-7.944861e+08
-3.080539e+08
-1.563629e+08
-9.166331e+07
-6.59801e+07
0
0
0
0
-7.668624e+08
-2.989899e+08
-1.515629e+08
-8.845058e+07
-6.340214e+07
0
0
0
0
0
-2.929417e+08
-1.48356e+08
-8.634367e+07
-6.171222e+07
0
0
0
0
0
0
-1.468042e+08
-8.530934e+07
-6.090297e+07
0
0
0
0
0
0
0
-8.535694e+07
-6.092887e+07
0
0
0
0
0
0
0
0
-6.182135e+07
0
0
0
0
0
0
0
0
0
0
0
0
0
0
0
0
0
0
0
0
0
0
0
0
0
0
0
0
0
0
0
0
0
0
0
0
0
0
0
0
0
0
0
0
0
0
0
0
0
0
0
0
0
0
0
0
0
0
0
0
0
0
0
0
0
0
0
0
0
0
0
0
0
0
0
0
0
0
0
0
0
0
0
0
0
0
-9.388839e+08
-3.561422e+08
-1.823912e+08
-1.094279e+08
-9.326326e+08
-3.541013e+08
-1.812903e+08
-1.086856e+08
-7.990178e+07
-9.192462e+08
-3.496167e+08
-1.788631e+08
-1.070107e+08
-7.853504e+07
0
-8.97373e+08
-3.422864e+08
-1.748653e+08
-1.042695e+08
-7.627786e+07
0
0
-8.66419e+08
-3.319276e+08
-1.692474e+08
-1.004094e+08
-7.312082e+07
0
0
0
-8.293543e+08
-3.196199e+08
-1.625822e+08
-9.587157e+07
-6.939897e+07
0
0
0
0
-7.944393e+08
-3.080957e+08
-1.564227e+08
-9.170443e+07
-6.602425e+07
0
0
0
0
0
-2.990437e+08
-1.515971e+08
-8.849758e+07
-6.34358e+07
0
0
0
0
0
0
-1.484084e+08
-8.63718e+07
-6.175124e+07
0
0
0
0
0
0
0
-8.535557e+07
-6.092841e+07
0
0
0
0
0
0
0
0
-6.097121e+07
0
0
0
0
0
0
0
0
0
0
0
0
0
0
0
0
0
0
0
0
0
0
0
0
0
0
0
0
0
0
0
0
0
0
0
0
0
0
0
0
0
0
0
0
0
0
0
0
0
0
0
0
0
0
0
0
0
0
0
0
0
0
0
0
0
0
0
0
0
0
0
0
0
0
0
0
0
0
0
0
0
0
0
0
0
0
0
0
0
0
0
0
0
-9.389184e+08
-3.562551e+08
-1.824761e+08
-1.09508e+08
-8.058e+07
-9.326722e+08
-3.541998e+08
-1.813819e+08
-1.087552e+08
-7.997251e+07
0
-9.19318e+08
-3.497256e+08
-1.789403e+08
-1.070843e+08
-7.85946e+07
0
0
-8.974428e+08
-3.423788e+08
-1.749473e+08
-1.043291e+08
-7.633977e+07
0
0
0
-8.664201e+08
-3.320232e+08
-1.693096e+08
-1.004701e+08
-7.316724e+07
0
0
0
0
-8.293123e+08
-3.196704e+08
-1.626489e+08
-9.591595e+07
-6.944821e+07
0
0
0
0
0
-3.081526e+08
-1.564612e+08
-9.175485e+07
-6.6061e+07
0
0
0
0
0
0
-1.5165e+08
-8.852735e+07
-6.34779e+07
0
0
0
0
0
0
0
-8.641752e+07
-6.177681e+07
0
0
0
0
0
0
0
0
-6.097008e+07
0
0
0
0
0
0
0
0
0
0
0
0
0
0
0
0
0
0
0
0
0
0
0
0
0
0
0
0
0
0
0
0
0
0
0
0
0
0
0
0
0
0
0
0
0
0
0
0
0
0
0
0
0
0
0
0
0
0
0
0
0
0
0
0
0
0
0
0
0
0
0
0
0
0
0
0
0
0
0
0
0
0
0
0
0
0
0
0
0
0
0
0
0
0
0
0
0
0
0
-9.389593e+08
-3.563562e+08
-1.825696e+08
-1.095795e+08
-8.065231e+07
0
-9.327298e+08
-3.543119e+08
-1.814628e+08
-1.088322e+08
-8.003537e+07
0
0
-9.194129e+08
-3.498334e+08
-1.790293e+08
-1.07149e+08
-7.8661e+07
0
0
0
-8.974491e+08
-3.424931e+08
-1.750214e+08
-1.043978e+08
-7.639332e+07
0
0
0
0
-8.663815e+08
-3.320842e+08
-1.693876e+08
-1.005221e+08
-7.32219e+07
0
0
0
0
0
-3.197347e+08
-1.626939e+08
-9.5972e+07
-6.948808e+07
0
0
0
0
0
0
-1.565167e+08
-9.178813e+07
-6.610621e+07
0
0
0
0
0
0
0
-8.85738e+07
-6.350496e+07
0
0
0
0
0
0
0
0
-6.181818e+07
0
0
0
0
0
0
0
0
0
0
0
0
0
0
0
0
0
0
0
0
0
0
0
0
0
0
0
0
0
0
0
0
0
0
0
0
0
0
0
0
0
0
0
0
0
0
0
0
0
0
0
0
0
0
0
0
0
0
0
0
0
0
0
0
0
0
0
0
0
0
0
0
0
0
0
0
0
0
0
0
0
0
0
0
0
0
0
0
0
0
0
0
0
0
0
0
0
0
0
0
0
0
0
0
-9.390165e+08
-3.56471e+08
-1.826525e+08
-1.09658e+08
-8.071681e+07
0
0
-9.328068e+08
-3.544177e+08
-1.815547e+08
-1.089001e+08
-8.010481e+07
0
0
0
-9.194253e+08
-3.499654e+08
-1.791139e+08
-1.072233e+08
-7.871924e+07
0
0
0
0
-8.974012e+08
-3.425639e+08
-1.751122e+08
-1.044592e+08
-7.645513e+07
0
0
0
0
0
-3.321559e+08
-1.694405e+08
-1.005871e+08
-7.326865e+07
0
0
0
0
0
0
-1.627549e+08
-9.601057e+07
-6.953836e+07
0
0
0
0
0
0
0
-9.183695e+07
-6.613642e+07
0
0
0
0
0
0
0
0
-6.354716e+07
0
0
0
0
0
0
0
0
0
0
0
0
0
0
0
0
0
0
0
0
0
0
0
0
0
0
0
0
0
0
0
0
0
0
0
0
0
0
0
0
0
0
0
0
0
0
0
0
0
0
0
0
0
0
0
0
0
0
0
0
0
0
0
0
0
0
0
0
0
0
0
0
0
0
0
0
0
0
0
0
0
0
0
0
0
0
0
0
0
0
0
0
0
0
0
0
0
0
0
0
0
0
0
0
0
0
0
0
-9.390754e+08
-3.565789e+08
-1.827465e+08
-1.097276e+08
-8.078774e+07
0
0
0
-9.328132e+08
-3.545462e+08
-1.816393e+08
-1.089771e+08
-8.016606e+07
0
0
0
0
-9.193461e+08
-3.500453e+08
-1.792168e+08
-1.072931e+08
-7.878616e+07
0
0
0
0
0
-3.426367e+08
-1.751728e+08
-1.045342e+08
-7.65102e+07
0
0
0
0
0
0
-1.695072e+08
-1.006322e+08
-7.332684e+07
0
0
0
0
0
0
0
-9.606393e+07
-6.957332e+07
0
0
0
0
0
0
0
0
-6.618089e+07
0
0
0
0
0
0
0
0
0
0
0
0
0
0
0
0
0
0
0
0
0
0
0
0
0
0
0
0
0
0
0
0
0
0
0
0
0
0
0
0
0
0
0
0
0
0
0
0
0
0
0
0
0
0
0
0
0
0
0
0
0
0
0
0
0
0
0
0
0
0
0
0
0
0
0
0
0
0
0
0
0
0
0
0
0
0
0
0
0
0
0
0
0
0
0
0
0
0
0
0
0
0
0
0
0
0
0
0
0
0
0
-9.390701e+08
-3.567015e+08
-1.82833e+08
-1.098064e+08
-8.085061e+07
0
0
0
0
-9.32725e+08
-3.546279e+08
-1.81741e+08
-1.090474e+08
-8.023551e+07
0
0
0
0
0
-3.501075e+08
-1.792843e+08
-1.073774e+08
-7.884854e+07
0
0
0
0
0
0
-1.75241e+08
-1.045858e+08
-7.657727e+07
0
0
0
0
0
0
0
-1.006903e+08
-7.336774e+07
0
0
0
0
0
0
0
0
-6.962195e+07
0
0
0
0
0
0
0
0
0
0
0
0
0
0
0
0
0
0
0
0
0
0
0
0
0
0
0
0
0
0
0
0
0
0
0
0
0
0
0
0
0
0
0
0
0
0
0
0
0
0
0
0
0
0
0
0
0
0
0
0
0
0
0
0
0
0
0
0
0
0
0
0
0
0
0
0
0
0
0
0
0
0
0
0
0
0
0
0
0
0
0
0
0
0
0
0
0
0
0
0
0
0
0
0
0
0
0
0
0
0
0
0
0
-9.390088e+08
-3.5678e+08
-1.829318e+08
-1.098783e+08
-8.092167e+07
0
0
0
0
0
-3.546877e+08
-1.818106e+08
-1.091314e+08
-8.029872e+07
0
0
0
0
0
0
-1.793469e+08
-1.074347e+08
-7.892385e+07
0
0
0
0
0
0
0
-1.046455e+08
-7.6624e+07
0
0
0
0
0
0
0
0
-7.342069e+07
0
0
0
0
0
0
0
0
0
0
0
0
0
0
0
0
0
0
0
0
0
0
0
0
0
0
0
0
0
0
0
0
0
0
0
0
0
0
0
0
0
0
0
0
0
0
0
0
0
0
0
0
0
0
0
0
0
0
0
0
0
0
0
0
0
0
0
0
0
0
0
0
0
0
0
0
0
0
0
0
0
0
0
0
0
0
0
0
0
0
0
0
0
0
0
0
0
0
0
0
0
0
0
0
0
0
0
0
0
0
0
0
0
0
-3.568529e+08
-1.830001e+08
-1.099607e+08
-8.098637e+07
0
0
0
0
0
0
-1.818724e+08
-1.091907e+08
-8.037403e+07
0
0
0
0
0
0
0
-1.074909e+08
-7.897572e+07
0
0
0
0
0
0
0
0
-7.667876e+07
0
0
0
0
0
0
0
0
0
0
0
0
0
0
0
0
0
0
0
0
0
0
0
0
0
0
0
0
0
0
0
0
0
0
0
0
0
0
0
0
0
0
0
0
0
0
0
0
0
0
0
0
0
0
0
0
0
0
0
0
0
0
0
0
0
0
0
0
0
0
0
0
0
0
0
0
0
0
0
0
0
0
0
0
0
0
0
0
0
0
0
0
0
0
0
0
0
0
0
0
0
0
0
0
0
0
0
0
0
0
0
0
0
0
-1.830696e+08
-1.100193e+08
-8.106047e+07
0
0
0
0
0
0
0
-1.092467e+08
-8.042786e+07
0
0
0
0
0
0
0
0
-7.90278e+07
0
0
0
0
0
0
0
0
0
0
0
0
0
0
0
0
0
0
0
0
0
0
0
0
0
0
0
0
0
0
0
0
0
0
0
0
0
0
0
0
0
0
0
0
0
0
0
0
0
0
0
0
0
0
0
0
0
0
0
0
0
0
0
0
0
0
0
0
0
0
0
0
0
0
0
0
0
0
0
0
0
0
0
0
0
0
0
0
0
0
0
0
0
0
0
0
0
0
0
0
0
0
0
0
0
0
0
0
0
0
0
0
0
0
0
-1.100809e+08
-8.111395e+07
0
0
0
0
0
0
0
0
-8.048004e+07
0
0
0
0
0
0
0
0
0
0
0
0
0
0
0
0
0
0
0
0
0
0
0
0
0
0
0
0
0
0
0
0
0
0
0
0
0
0
0
0
0
0
0
0
0
0
0
0
0
0
0
0
0
0
0
0
0
0
0
0
0
0
0
0
0
0
0
0
0
0
0
0
0
0
0
0
0
0
0
0
0
0
0
0
0
0
0
0
0
0
0
0
0
0
0
0
0
0
0
0
0
0
0
0
0
0
0
0
0
0
0
0
0
0
0
0
0
-8.117072e+07
0
0
0
0
0
0
0
0
0
0
0
0
0
0
0
0
0
0
0
0
0
0
0
0
0
0
0
0
0
0
0
0
0
0
0
0
0
0
0
0
0
0
0
0
0
0
0
0
0
0
0
0
0
0
0
0
0
0
0
0
0
0
0
0
0
0
0
0
0
0
0
0
0
0
0
0
0
0
0
0
0
0
0
0
0
0
0
0
0
0
0
0
0
0
0
0
0
0
0
0
0
0
0
0
0
0
0
0
0
0
0
0
0
0
0
0
0
0
0
0
0
0
0
0
0
0
0
0
0
0
0
0
0
0
0
0
0
0
0
0
0
0
0
0
0
0
0
0
0
0
0
0
0
0
0
0
0
0
0
0
0
0
0
0
0
0
0
0
0
0
0
0
0
0
0
0
0
0
0
0
0
0
0
0
0
0
0
0
0
0
0
0
0
0
0
0
0
0
0
0
0
0
0
0
0
0
0
0
0
0
0
0
0
0
0
0
0
0
0
0
0
0
0
0
0
0
0
0
0
0
0
0
0
0
0
0
0
0
0
0
0
0
0
0
0
0
0
0
0
0
0
0
0
0
0
0
0
0
0
0
0
0
0
0
0
0
0
0
0
0
0
0
0
0
0
0
0
0
0
0
0
0
0
0
0
0
0
0
0
0
0
0
0
0
0
0
0
0
0
0
0
0
0
0
0
0
0
0
0
0
0
0
0
0
0
0
0
0
0
0
0
0
0
0
0
0
0
0
0
0
0
0
0
0
0
0
0
0
0
0
0
0
0
0
0
0
0
0
0
0
0
0
0
0
0
0
0
0
0
0
0
0
0
0
0
0
0
0
0
0
0
0
0
0
0
0
0
0
0
0
0
0
0
0
0
0
0
0
0
0
0
0
0
0
0
0
0
0
0
0
0
0
0
0
0
0
0
0
0
0
0
0
0
0
0
0
0
0
0
0
0
0
0
0
0
0
0
0
0
0
0
0
0
0
0
0
0
0
0
0
0
0
0
0
0
0
0
0
0
0
0
0
0
0
0
0
0
0
0
0
0
0
0
0
0
0
0
0
0
0
0
0
0
0
0
0
0
0
0
0
0
0
0
0
0
0
0
0
0
0
0
0
0
0
0
0
0
0
0
0
0
0
0
0
0
0
0
0
0
0
0
0
0
0
0
0
0
0
0
0
0
0
0
0
0
0
0
0
0
0
0
0
0
0
0
0
0
0
0
0
0
0
0
0
0
0
0
0
0
0
0
0
0
0
0
0
0
0
0
0
0
0
0
0
0
0
0
0
0
0
0
0
0
0
0
0
0
0
0
0
0
0
0
0
0
0
0
0
0
0
0
0
0
0
0
0
0
0
0
0
0
0
0
0
0
0
0
0
0
0
0
0
0
0
0
0
0
0
0
0
0
0
0
0
0
0
0
0
0
0
0
0
0
0
0
0
0
0
0
0
0
0
0
0
0
0
0
0
0
0
0
0
0
0
0
0
0
0
0
0
0
0
0
0
0
0
0
0
0
0
0
0
0
0
0
0
0
0
0
0
0
0
0
0
0
0
0
0
0
0
0
0
0
0
0
0
0
0
0
0
0
0
0
0
0
0
0
0
0
0
0
0
0
0
0
0
0
0
0
0
0
0
0
0
0
0
0
0
0
0
0
0
0
0
0
0
0
0
0
0
0
0
0
0
0
0
0
0
0
0
0
0
0
0
0
0
0
0
0
0
0
0
0
0
0
0
0
0
0
0
0
0
0
0
0
0
0
0
0
0
0
0
0
0
0
0
0
0
0
0
0
0
0
0
0
0
0
0
0
0
0
0
0
0
0
0
0
0
0
0
0
0
0
0
0
0
0
0
0
0
0
0
0
0
0
0
0
0
0
0
0
0
0
0
0
0
0
0
0
0
0
0
0
0
0
0
0
0
0
0
0
0
0
0
0
0
0
0
0
0
0
0
0
0
0
0
0
0
0
0
0
0
0
0
0
0
0
0
0
0
0
0
0
0
0
0
0
0
0
0
0
0
0
0
0
0
0
0
0
0
0
0
0
0
0
0
0
0
0
0
0
0
0
0
0
0
0
0
0
0
0
0
0
0
0
0
0
0
0
0
0
0
0
0
0
0
0
0
0
0
0
0
0
0
0
0
0
0
0
0
0
0
0
0
0
0
0
0
0
0
0
0
0
0
0
0
0
0
0
0
0
0
0
0
0
0
0
0
0
0
0
0
0
0
0
0
0
0
0
0
0
0
0
0
0
0
0
0
0
0
0
0
0
0
0
0
0
0
0
0
0
0
0
0
0
0
0
0
0
0
0
0
0
0
0
0
0
0
0
0
0
0
0
0
0
0
0
0
0
0
0
0
0
0
0
0
0
0
0
0
0
0
0
0
0
0
0
0
0
0
0
0
0
0
0
0
0
0
0
0
0
0
0
0
0
0
0
0
0
0
0
0
0
0
0
0
0
0
0
0
0
0
0
0
0
0
0
0
0
0
0
0
0
0
0
0
0
0
0
0
0
0
0
0
0
0
0
0
0
0
0
0
0
0
0
0
0
0
0
0
0
0
0
0
0
0
0
0
0
0
0
0
0
0
0
0
0
0
0
0
0
0
0
0
0
0
0
0
0
0
0
0
0
0
0
0
0
0
0
0
0
0
0
0
0
0
0
0
0
0
0
0
0
0
0
0
0
0
0
0
0
0
0
0
0
0
0
0
0
0
0
0
0
0
0
0
0
0
0
0
0
0
0
0
0
0
0
0
0
0
0
0
0
0
0
0
0
0
0
0
0
0
0
0
0
0
0
0
0
0
0
0
0
0
0
0
0
0
0
0
0
0
0
0
0
0
0
0
0
0
0
0
0
0
0
0
0
0
0
0
0
0
0
0
0
0
0
0
0
0
0
0
0
0
0
0
0
0
0
0
0
0
0
0
0
0
0
0
0
0
0
0
0
0
0
0
0
0
0
0
0
0
0
0
0
0
0
0
0
0
0
0
0
0
0
0
0
0
0
0
0
0
0
0
0
0
0
0
0
0
0
0
0
0
0
0
0
0
0
0
0
0
0
0
0
0
0
0
0
0
0
0
0
0
0
0
0
0
0
0
0
0
0
0
0
0
0
0
0
0
0
0
0
0
0
0
0
0
0
0
0
0
0
0
0
0
0
0
0
0
0
0
0
0
0
0
0
0
0
0
0
0
0
0
0
0
0
0
0
0
0
0
0
0
0
0
0
0
0
0
0
0
0
0
0
0
0
0
0
0
0
0
0
0
0
0
0
0
0
0
0
0
0
0
0
0
0
0
0
0
0
0
0
0
0
0
0
0
0
0
0
0
0
0
0
0
0
0
0
0
0
0
0
0
0
0
0
0
0
0
0
0
0
0
0
0
0
0
0
0
0
0
0
0
0
0
0
0
0
0
0
0
0
0
0
0
0
0
0
0
0
0
0
0
0
0
0
0
0
0
0
0
0
0
0
0
0
0
0
0
0
0
0
0
0
0
0
0
0
0
0
0
0
0
0
0
0
0
0
0
0
0
0
0
0
0
0
0
0
0
0
0
0
0
0
0
0
0
0
0
0
0
0
0
0
0
0
0
0
0
0
0
0
0
0
0
0
0
0
0
0
0
0
0
0
0
0
0
0
0
0
0
0
0
0
0
0
0
0
0
0
0
0
0
0
0
0
0
0
0
0
0
0
0
0
0
0
0
0
0
0
0
0
0
0
0
0
0
0
0
0
0
0
0
0
0
0
0
0
0
0
0
0
0
0
0
0
0
0
0
0
0
0
0
0
0
0
0
0
0
0
0
0
0
0
0
0
0
0
0
0
0
0
0
0
0
0
0
0
0
0
0
0
0
0
0
0
0
0
0
0
0
0
0
0
0
0
0
0
0
0
0
0
0
0
0
0
0
0
0
0
0
0
0
0
0
0
0
0
0
0
0
0
0
0
0
0
0
0
0
0
0
0
0
0
)
;

boundaryField
{
    interconnectSides
    {
        type            zeroGradient;
    }
    anodeSides
    {
        type            zeroGradient;
    }
    interconnect1
    {
        type            zeroGradient;
    }
    phiEA_to_phiE0
    {
        type            zeroGradient;
    }
    procBoundary3to2
    {
        type            processor;
        value           uniform 0;
    }
}
)

// processor4

373
(dimensions      [0 -3 0 0 0 1 0];

internalField   nonuniform List<scalar> 0();

boundaryField
{
    interconnectSides
    {
        type            zeroGradient;
    }
    anodeSides
    {
        type            zeroGradient;
    }
    interconnect1
    {
        type            zeroGradient;
    }
    phiEA_to_phiE0
    {
        type            zeroGradient;
    }
}
)

// processor5

373
(dimensions      [0 -3 0 0 0 1 0];

internalField   nonuniform List<scalar> 0();

boundaryField
{
    interconnectSides
    {
        type            zeroGradient;
    }
    anodeSides
    {
        type            zeroGradient;
    }
    interconnect1
    {
        type            zeroGradient;
    }
    phiEA_to_phiE0
    {
        type            zeroGradient;
    }
}
)

// processor6

373
(dimensions      [0 -3 0 0 0 1 0];

internalField   nonuniform List<scalar> 0();

boundaryField
{
    interconnectSides
    {
        type            zeroGradient;
    }
    anodeSides
    {
        type            zeroGradient;
    }
    interconnect1
    {
        type            zeroGradient;
    }
    phiEA_to_phiE0
    {
        type            zeroGradient;
    }
}
)

// processor7

373
(dimensions      [0 -3 0 0 0 1 0];

internalField   nonuniform List<scalar> 0();

boundaryField
{
    interconnectSides
    {
        type            zeroGradient;
    }
    anodeSides
    {
        type            zeroGradient;
    }
    interconnect1
    {
        type            zeroGradient;
    }
    phiEA_to_phiE0
    {
        type            zeroGradient;
    }
}
)
