/*--------------------------------*- C++ -*----------------------------------*\
| =========                 |                                                 |
| \\      /  F ield         | OpenFOAM: The Open Source CFD Toolbox           |
|  \\    /   O peration     | Version:  2306                                  |
|   \\  /    A nd           | Website:  www.openfoam.com                      |
|    \\/     M anipulation  |                                                 |
\*---------------------------------------------------------------------------*/
FoamFile
{
    version     2.0;
    format      ascii;
    arch        "LSB;label=32;scalar=64";
    class       labelList;
    location    "1/electrolyte/polyMesh";
    object      cellRegionAddressing;
}
// * * * * * * * * * * * * * * * * * * * * * * * * * * * * * * * * * * * * * //


8000
(
5169
5587
5618
5619
6024
6055
6056
6087
6088
6089
6480
6511
6512
6543
6544
6545
6576
6577
6578
6579
6955
6986
6987
7018
7019
7020
7051
7052
7053
7054
7085
7086
7087
7088
7089
7449
7480
7481
7512
7513
7514
7545
7546
7547
7548
7579
7580
7581
7582
7583
7614
7615
7616
7617
7618
7619
7962
7993
7994
8025
8026
8027
8058
8059
8060
8061
8092
8093
8094
8095
8096
8127
8128
8129
8130
8131
8132
8163
8164
8165
8166
8167
8168
8169
8494
8525
8526
8557
8558
8559
8590
8591
8592
8593
8624
8625
8626
8627
8628
8659
8660
8661
8662
8663
8664
8695
8696
8697
8698
8699
8700
8701
8732
8733
8734
8735
8736
8737
8738
8739
9045
9076
9077
9108
9109
9110
9141
9142
9143
9144
9175
9176
9177
9178
9179
9210
9211
9212
9213
9214
9215
9246
9247
9248
9249
9250
9251
9252
9283
9284
9285
9286
9287
9288
9289
9290
9321
9322
9323
9324
9325
9326
9327
9328
9329
9615
9646
9647
9678
9679
9680
9711
9712
9713
9714
9745
9746
9747
9748
9749
9780
9781
9782
9783
9784
9785
9816
9817
9818
9819
9820
9821
9822
9853
9854
9855
9856
9857
9858
9859
9860
9891
9892
9893
9894
9895
9896
9897
9898
9899
9930
9931
9932
9933
9934
9935
9936
9937
9938
9939
10204
10235
10236
10267
10268
10269
10300
10301
10302
10303
10334
10335
10336
10337
10338
10369
10370
10371
10372
10373
10374
10405
10406
10407
10408
10409
10410
10411
10442
10443
10444
10445
10446
10447
10448
10449
10480
10481
10482
10483
10484
10485
10486
10487
10488
10519
10520
10521
10522
10523
10524
10525
10526
10527
10528
10558
10559
10560
10561
10562
10563
10564
10565
10566
10567
10811
10842
10843
10874
10875
10876
10907
10908
10909
10910
10941
10942
10943
10944
10945
10976
10977
10978
10979
10980
10981
11012
11013
11014
11015
11016
11017
11018
11049
11050
11051
11052
11053
11054
11055
11056
11087
11088
11089
11090
11091
11092
11093
11094
11095
11126
11127
11128
11129
11130
11131
11132
11133
11134
11135
11165
11166
11167
11168
11169
11170
11171
11172
11173
11174
11204
11205
11206
11207
11208
11209
11210
11211
11212
11213
11435
11466
11467
11498
11499
11500
11531
11532
11533
11534
11565
11566
11567
11568
11569
11600
11601
11602
11603
11604
11605
11636
11637
11638
11639
11640
11641
11642
11673
11674
11675
11676
11677
11678
11679
11680
11711
11712
11713
11714
11715
11716
11717
11718
11719
11750
11751
11752
11753
11754
11755
11756
11757
11758
11759
11789
11790
11791
11792
11793
11794
11795
11796
11797
11798
11828
11829
11830
11831
11832
11833
11834
11835
11836
11837
11867
11868
11869
11870
11871
11872
11873
11874
11875
11876
12075
12106
12107
12138
12139
12140
12171
12172
12173
12174
12205
12206
12207
12208
12209
12240
12241
12242
12243
12244
12245
12276
12277
12278
12279
12280
12281
12282
12313
12314
12315
12316
12317
12318
12319
12320
12351
12352
12353
12354
12355
12356
12357
12358
12359
12390
12391
12392
12393
12394
12395
12396
12397
12398
12399
12429
12430
12431
12432
12433
12434
12435
12436
12437
12438
12468
12469
12470
12471
12472
12473
12474
12475
12476
12477
12507
12508
12509
12510
12511
12512
12513
12514
12515
12516
12546
12547
12548
12549
12550
12551
12552
12553
12554
12555
12730
12761
12762
12793
12794
12795
12826
12827
12828
12829
12860
12861
12862
12863
12864
12895
12896
12897
12898
12899
12900
12931
12932
12933
12934
12935
12936
12937
12968
12969
12970
12971
12972
12973
12974
12975
13006
13007
13008
13009
13010
13011
13012
13013
13014
13045
13046
13047
13048
13049
13050
13051
13052
13053
13054
13084
13085
13086
13087
13088
13089
13090
13091
13092
13093
13123
13124
13125
13126
13127
13128
13129
13130
13131
13132
13162
13163
13164
13165
13166
13167
13168
13169
13170
13171
13201
13202
13203
13204
13205
13206
13207
13208
13209
13210
13240
13241
13242
13243
13244
13245
13246
13247
13248
13249
13399
13430
13431
13462
13463
13464
13495
13496
13497
13498
13529
13530
13531
13532
13533
13564
13565
13566
13567
13568
13569
13600
13601
13602
13603
13604
13605
13606
13637
13638
13639
13640
13641
13642
13643
13644
13675
13676
13677
13678
13679
13680
13681
13682
13683
13714
13715
13716
13717
13718
13719
13720
13721
13722
13723
13753
13754
13755
13756
13757
13758
13759
13760
13761
13762
13792
13793
13794
13795
13796
13797
13798
13799
13800
13801
13831
13832
13833
13834
13835
13836
13837
13838
13839
13840
13870
13871
13872
13873
13874
13875
13876
13877
13878
13879
13909
13910
13911
13912
13913
13914
13915
13916
13917
13918
13948
13949
13950
13951
13952
13953
13954
13955
13956
13957
14081
14112
14113
14144
14145
14146
14177
14178
14179
14180
14211
14212
14213
14214
14215
14246
14247
14248
14249
14250
14251
14282
14283
14284
14285
14286
14287
14288
14319
14320
14321
14322
14323
14324
14325
14326
14357
14358
14359
14360
14361
14362
14363
14364
14365
14396
14397
14398
14399
14400
14401
14402
14403
14404
14405
14435
14436
14437
14438
14439
14440
14441
14442
14443
14444
14474
14475
14476
14477
14478
14479
14480
14481
14482
14483
14513
14514
14515
14516
14517
14518
14519
14520
14521
14522
14552
14553
14554
14555
14556
14557
14558
14559
14560
14561
14591
14592
14593
14594
14595
14596
14597
14598
14599
14600
14630
14631
14632
14633
14634
14635
14636
14637
14638
14639
14669
14670
14671
14672
14673
14674
14675
14676
14677
14678
14775
14806
14807
14838
14839
14840
14871
14872
14873
14874
14905
14906
14907
14908
14909
14940
14941
14942
14943
14944
14945
14976
14977
14978
14979
14980
14981
14982
15013
15014
15015
15016
15017
15018
15019
15020
15051
15052
15053
15054
15055
15056
15057
15058
15059
15090
15091
15092
15093
15094
15095
15096
15097
15098
15099
15129
15130
15131
15132
15133
15134
15135
15136
15137
15138
15168
15169
15170
15171
15172
15173
15174
15175
15176
15177
15207
15208
15209
15210
15211
15212
15213
15214
15215
15216
15246
15247
15248
15249
15250
15251
15252
15253
15254
15255
15285
15286
15287
15288
15289
15290
15291
15292
15293
15294
15324
15325
15326
15327
15328
15329
15330
15331
15332
15333
15363
15364
15365
15366
15367
15368
15369
15370
15371
15372
15402
15403
15404
15405
15406
15407
15408
15409
15410
15411
15480
15511
15512
15543
15544
15545
15576
15577
15578
15579
15610
15611
15612
15613
15614
15645
15646
15647
15648
15649
15650
15681
15682
15683
15684
15685
15686
15687
15718
15719
15720
15721
15722
15723
15724
15725
15756
15757
15758
15759
15760
15761
15762
15763
15764
15795
15796
15797
15798
15799
15800
15801
15802
15803
15804
15834
15835
15836
15837
15838
15839
15840
15841
15842
15843
15873
15874
15875
15876
15877
15878
15879
15880
15881
15882
15912
15913
15914
15915
15916
15917
15918
15919
15920
15921
15951
15952
15953
15954
15955
15956
15957
15958
15959
15960
15990
15991
15992
15993
15994
15995
15996
15997
15998
15999
16029
16030
16031
16032
16033
16034
16035
16036
16037
16038
16068
16069
16070
16071
16072
16073
16074
16075
16076
16077
16107
16108
16109
16110
16111
16112
16113
16114
16115
16116
16146
16147
16148
16149
16150
16151
16152
16153
16154
16155
16195
16226
16227
16258
16259
16260
16291
16292
16293
16294
16325
16326
16327
16328
16329
16360
16361
16362
16363
16364
16365
16396
16397
16398
16399
16400
16401
16402
16433
16434
16435
16436
16437
16438
16439
16440
16471
16472
16473
16474
16475
16476
16477
16478
16479
16510
16511
16512
16513
16514
16515
16516
16517
16518
16519
16549
16550
16551
16552
16553
16554
16555
16556
16557
16558
16588
16589
16590
16591
16592
16593
16594
16595
16596
16597
16627
16628
16629
16630
16631
16632
16633
16634
16635
16636
16666
16667
16668
16669
16670
16671
16672
16673
16674
16675
16705
16706
16707
16708
16709
16710
16711
16712
16713
16714
16744
16745
16746
16747
16748
16749
16750
16751
16752
16753
16783
16784
16785
16786
16787
16788
16789
16790
16791
16792
16822
16823
16824
16825
16826
16827
16828
16829
16830
16831
16861
16862
16863
16864
16865
16866
16867
16868
16869
16870
16900
16901
16902
16903
16904
16905
16906
16907
16908
16909
16950
16951
16982
16983
16984
17015
17016
17017
17018
17049
17050
17051
17052
17053
17084
17085
17086
17087
17088
17089
17120
17121
17122
17123
17124
17125
17126
17157
17158
17159
17160
17161
17162
17163
17164
17195
17196
17197
17198
17199
17200
17201
17202
17203
17234
17235
17236
17237
17238
17239
17240
17241
17242
17243
17273
17274
17275
17276
17277
17278
17279
17280
17281
17282
17312
17313
17314
17315
17316
17317
17318
17319
17320
17321
17351
17352
17353
17354
17355
17356
17357
17358
17359
17360
17390
17391
17392
17393
17394
17395
17396
17397
17398
17399
17429
17430
17431
17432
17433
17434
17435
17436
17437
17438
17468
17469
17470
17471
17472
17473
17474
17475
17476
17477
17507
17508
17509
17510
17511
17512
17513
17514
17515
17516
17546
17547
17548
17549
17550
17551
17552
17553
17554
17555
17585
17586
17587
17588
17589
17590
17591
17592
17593
17594
17624
17625
17626
17627
17628
17629
17630
17631
17632
17633
17663
17664
17665
17666
17667
17668
17669
17670
17671
17672
17714
17715
17716
17747
17748
17749
17750
17781
17782
17783
17784
17785
17816
17817
17818
17819
17820
17821
17852
17853
17854
17855
17856
17857
17858
17889
17890
17891
17892
17893
17894
17895
17896
17927
17928
17929
17930
17931
17932
17933
17934
17935
17966
17967
17968
17969
17970
17971
17972
17973
17974
17975
18005
18006
18007
18008
18009
18010
18011
18012
18013
18014
18044
18045
18046
18047
18048
18049
18050
18051
18052
18053
18083
18084
18085
18086
18087
18088
18089
18090
18091
18092
18122
18123
18124
18125
18126
18127
18128
18129
18130
18131
18161
18162
18163
18164
18165
18166
18167
18168
18169
18170
18200
18201
18202
18203
18204
18205
18206
18207
18208
18209
18239
18240
18241
18242
18243
18244
18245
18246
18247
18248
18278
18279
18280
18281
18282
18283
18284
18285
18286
18287
18317
18318
18319
18320
18321
18322
18323
18324
18325
18326
18356
18357
18358
18359
18360
18361
18362
18363
18364
18365
18395
18396
18397
18398
18399
18400
18401
18402
18403
18404
18434
18435
18436
18437
18438
18439
18440
18441
18442
18443
18486
18487
18488
18489
18520
18521
18522
18523
18524
18555
18556
18557
18558
18559
18560
18591
18592
18593
18594
18595
18596
18597
18628
18629
18630
18631
18632
18633
18634
18635
18666
18667
18668
18669
18670
18671
18672
18673
18674
18705
18706
18707
18708
18709
18710
18711
18712
18713
18714
18744
18745
18746
18747
18748
18749
18750
18751
18752
18753
18783
18784
18785
18786
18787
18788
18789
18790
18791
18792
18822
18823
18824
18825
18826
18827
18828
18829
18830
18831
18861
18862
18863
18864
18865
18866
18867
18868
18869
18870
18900
18901
18902
18903
18904
18905
18906
18907
18908
18909
18939
18940
18941
18942
18943
18944
18945
18946
18947
18948
18978
18979
18980
18981
18982
18983
18984
18985
18986
18987
19017
19018
19019
19020
19021
19022
19023
19024
19025
19026
19056
19057
19058
19059
19060
19061
19062
19063
19064
19065
19095
19096
19097
19098
19099
19100
19101
19102
19103
19104
19134
19135
19136
19137
19138
19139
19140
19141
19142
19143
19173
19174
19175
19176
19177
19178
19179
19180
19181
19182
19212
19213
19214
19215
19216
19217
19218
19219
19220
19221
19265
19266
19267
19268
19269
19300
19301
19302
19303
19304
19305
19336
19337
19338
19339
19340
19341
19342
19373
19374
19375
19376
19377
19378
19379
19380
19411
19412
19413
19414
19415
19416
19417
19418
19419
19450
19451
19452
19453
19454
19455
19456
19457
19458
19459
19489
19490
19491
19492
19493
19494
19495
19496
19497
19498
19528
19529
19530
19531
19532
19533
19534
19535
19536
19537
19567
19568
19569
19570
19571
19572
19573
19574
19575
19576
19606
19607
19608
19609
19610
19611
19612
19613
19614
19615
19645
19646
19647
19648
19649
19650
19651
19652
19653
19654
19684
19685
19686
19687
19688
19689
19690
19691
19692
19693
19723
19724
19725
19726
19727
19728
19729
19730
19731
19732
19762
19763
19764
19765
19766
19767
19768
19769
19770
19771
19801
19802
19803
19804
19805
19806
19807
19808
19809
19810
19840
19841
19842
19843
19844
19845
19846
19847
19848
19849
19879
19880
19881
19882
19883
19884
19885
19886
19887
19888
19918
19919
19920
19921
19922
19923
19924
19925
19926
19927
19957
19958
19959
19960
19961
19962
19963
19964
19965
19966
19996
19997
19998
19999
20000
20001
20002
20003
20004
20005
20050
20051
20052
20053
20054
20055
20086
20087
20088
20089
20090
20091
20092
20123
20124
20125
20126
20127
20128
20129
20130
20161
20162
20163
20164
20165
20166
20167
20168
20169
20200
20201
20202
20203
20204
20205
20206
20207
20208
20209
20239
20240
20241
20242
20243
20244
20245
20246
20247
20248
20278
20279
20280
20281
20282
20283
20284
20285
20286
20287
20317
20318
20319
20320
20321
20322
20323
20324
20325
20326
20356
20357
20358
20359
20360
20361
20362
20363
20364
20365
20395
20396
20397
20398
20399
20400
20401
20402
20403
20404
20434
20435
20436
20437
20438
20439
20440
20441
20442
20443
20473
20474
20475
20476
20477
20478
20479
20480
20481
20482
20512
20513
20514
20515
20516
20517
20518
20519
20520
20521
20551
20552
20553
20554
20555
20556
20557
20558
20559
20560
20590
20591
20592
20593
20594
20595
20596
20597
20598
20599
20629
20630
20631
20632
20633
20634
20635
20636
20637
20638
20668
20669
20670
20671
20672
20673
20674
20675
20676
20677
20707
20708
20709
20710
20711
20712
20713
20714
20715
20716
20746
20747
20748
20749
20750
20751
20752
20753
20754
20755
20785
20786
20787
20788
20789
20790
20791
20792
20793
20794
20840
20841
20842
20843
20844
20845
20846
20877
20878
20879
20880
20881
20882
20883
20884
20915
20916
20917
20918
20919
20920
20921
20922
20923
20954
20955
20956
20957
20958
20959
20960
20961
20962
20963
20993
20994
20995
20996
20997
20998
20999
21000
21001
21002
21032
21033
21034
21035
21036
21037
21038
21039
21040
21041
21071
21072
21073
21074
21075
21076
21077
21078
21079
21080
21110
21111
21112
21113
21114
21115
21116
21117
21118
21119
21149
21150
21151
21152
21153
21154
21155
21156
21157
21158
21188
21189
21190
21191
21192
21193
21194
21195
21196
21197
21227
21228
21229
21230
21231
21232
21233
21234
21235
21236
21266
21267
21268
21269
21270
21271
21272
21273
21274
21275
21305
21306
21307
21308
21309
21310
21311
21312
21313
21314
21344
21345
21346
21347
21348
21349
21350
21351
21352
21353
21383
21384
21385
21386
21387
21388
21389
21390
21391
21392
21422
21423
21424
21425
21426
21427
21428
21429
21430
21431
21461
21462
21463
21464
21465
21466
21467
21468
21469
21470
21500
21501
21502
21503
21504
21505
21506
21507
21508
21509
21539
21540
21541
21542
21543
21544
21545
21546
21547
21548
21578
21579
21580
21581
21582
21583
21584
21585
21586
21587
21634
21635
21636
21637
21638
21639
21640
21641
21672
21673
21674
21675
21676
21677
21678
21679
21680
21711
21712
21713
21714
21715
21716
21717
21718
21719
21720
21750
21751
21752
21753
21754
21755
21756
21757
21758
21759
21789
21790
21791
21792
21793
21794
21795
21796
21797
21798
21828
21829
21830
21831
21832
21833
21834
21835
21836
21837
21867
21868
21869
21870
21871
21872
21873
21874
21875
21876
21906
21907
21908
21909
21910
21911
21912
21913
21914
21915
21945
21946
21947
21948
21949
21950
21951
21952
21953
21954
21984
21985
21986
21987
21988
21989
21990
21991
21992
21993
22023
22024
22025
22026
22027
22028
22029
22030
22031
22032
22062
22063
22064
22065
22066
22067
22068
22069
22070
22071
22101
22102
22103
22104
22105
22106
22107
22108
22109
22110
22140
22141
22142
22143
22144
22145
22146
22147
22148
22149
22179
22180
22181
22182
22183
22184
22185
22186
22187
22188
22218
22219
22220
22221
22222
22223
22224
22225
22226
22227
22257
22258
22259
22260
22261
22262
22263
22264
22265
22266
22296
22297
22298
22299
22300
22301
22302
22303
22304
22305
22335
22336
22337
22338
22339
22340
22341
22342
22343
22344
22374
22375
22376
22377
22378
22379
22380
22381
22382
22383
22431
22432
22433
22434
22435
22436
22437
22438
22439
22470
22471
22472
22473
22474
22475
22476
22477
22478
22479
22509
22510
22511
22512
22513
22514
22515
22516
22517
22518
22548
22549
22550
22551
22552
22553
22554
22555
22556
22557
22587
22588
22589
22590
22591
22592
22593
22594
22595
22596
22626
22627
22628
22629
22630
22631
22632
22633
22634
22635
22665
22666
22667
22668
22669
22670
22671
22672
22673
22674
22704
22705
22706
22707
22708
22709
22710
22711
22712
22713
22743
22744
22745
22746
22747
22748
22749
22750
22751
22752
22782
22783
22784
22785
22786
22787
22788
22789
22790
22791
22821
22822
22823
22824
22825
22826
22827
22828
22829
22830
22860
22861
22862
22863
22864
22865
22866
22867
22868
22869
22899
22900
22901
22902
22903
22904
22905
22906
22907
22908
22938
22939
22940
22941
22942
22943
22944
22945
22946
22947
22977
22978
22979
22980
22981
22982
22983
22984
22985
22986
23016
23017
23018
23019
23020
23021
23022
23023
23024
23025
23055
23056
23057
23058
23059
23060
23061
23062
23063
23064
23094
23095
23096
23097
23098
23099
23100
23101
23102
23103
23133
23134
23135
23136
23137
23138
23139
23140
23141
23142
23172
23173
23174
23175
23176
23177
23178
23179
23180
23181
23230
23231
23232
23233
23234
23235
23236
23237
23238
23239
23269
23270
23271
23272
23273
23274
23275
23276
23277
23278
23308
23309
23310
23311
23312
23313
23314
23315
23316
23317
23347
23348
23349
23350
23351
23352
23353
23354
23355
23356
23386
23387
23388
23389
23390
23391
23392
23393
23394
23395
23425
23426
23427
23428
23429
23430
23431
23432
23433
23434
23464
23465
23466
23467
23468
23469
23470
23471
23472
23473
23503
23504
23505
23506
23507
23508
23509
23510
23511
23512
23542
23543
23544
23545
23546
23547
23548
23549
23550
23551
23581
23582
23583
23584
23585
23586
23587
23588
23589
23590
23620
23621
23622
23623
23624
23625
23626
23627
23628
23629
23659
23660
23661
23662
23663
23664
23665
23666
23667
23668
23698
23699
23700
23701
23702
23703
23704
23705
23706
23707
23737
23738
23739
23740
23741
23742
23743
23744
23745
23746
23776
23777
23778
23779
23780
23781
23782
23783
23784
23785
23815
23816
23817
23818
23819
23820
23821
23822
23823
23824
23854
23855
23856
23857
23858
23859
23860
23861
23862
23863
23893
23894
23895
23896
23897
23898
23899
23900
23901
23902
23932
23933
23934
23935
23936
23937
23938
23939
23940
23941
23971
23972
23973
23974
23975
23976
23977
23978
23979
23980
24029
24030
24031
24032
24033
24034
24035
24036
24037
24038
24068
24069
24070
24071
24072
24073
24074
24075
24076
24077
24107
24108
24109
24110
24111
24112
24113
24114
24115
24116
24146
24147
24148
24149
24150
24151
24152
24153
24154
24155
24185
24186
24187
24188
24189
24190
24191
24192
24193
24194
24224
24225
24226
24227
24228
24229
24230
24231
24232
24233
24263
24264
24265
24266
24267
24268
24269
24270
24271
24272
24302
24303
24304
24305
24306
24307
24308
24309
24310
24311
24341
24342
24343
24344
24345
24346
24347
24348
24349
24350
24380
24381
24382
24383
24384
24385
24386
24387
24388
24389
24419
24420
24421
24422
24423
24424
24425
24426
24427
24428
24458
24459
24460
24461
24462
24463
24464
24465
24466
24467
24497
24498
24499
24500
24501
24502
24503
24504
24505
24506
24536
24537
24538
24539
24540
24541
24542
24543
24544
24545
24575
24576
24577
24578
24579
24580
24581
24582
24583
24584
24614
24615
24616
24617
24618
24619
24620
24621
24622
24623
24653
24654
24655
24656
24657
24658
24659
24660
24661
24662
24692
24693
24694
24695
24696
24697
24698
24699
24700
24701
24731
24732
24733
24734
24735
24736
24737
24738
24739
24740
24770
24771
24772
24773
24774
24775
24776
24777
24778
24779
24828
24829
24830
24831
24832
24833
24834
24835
24836
24837
24867
24868
24869
24870
24871
24872
24873
24874
24875
24876
24906
24907
24908
24909
24910
24911
24912
24913
24914
24915
24945
24946
24947
24948
24949
24950
24951
24952
24953
24954
24984
24985
24986
24987
24988
24989
24990
24991
24992
24993
25023
25024
25025
25026
25027
25028
25029
25030
25031
25032
25062
25063
25064
25065
25066
25067
25068
25069
25070
25071
25101
25102
25103
25104
25105
25106
25107
25108
25109
25110
25140
25141
25142
25143
25144
25145
25146
25147
25148
25149
25179
25180
25181
25182
25183
25184
25185
25186
25187
25188
25218
25219
25220
25221
25222
25223
25224
25225
25226
25227
25257
25258
25259
25260
25261
25262
25263
25264
25265
25266
25296
25297
25298
25299
25300
25301
25302
25303
25304
25305
25335
25336
25337
25338
25339
25340
25341
25342
25343
25344
25374
25375
25376
25377
25378
25379
25380
25381
25382
25383
25413
25414
25415
25416
25417
25418
25419
25420
25421
25422
25452
25453
25454
25455
25456
25457
25458
25459
25460
25461
25491
25492
25493
25494
25495
25496
25497
25498
25499
25500
25530
25531
25532
25533
25534
25535
25536
25537
25538
25539
25569
25570
25571
25572
25573
25574
25575
25576
25577
25578
25627
25628
25629
25630
25631
25632
25633
25634
25635
25636
25666
25667
25668
25669
25670
25671
25672
25673
25674
25675
25705
25706
25707
25708
25709
25710
25711
25712
25713
25714
25744
25745
25746
25747
25748
25749
25750
25751
25752
25753
25783
25784
25785
25786
25787
25788
25789
25790
25791
25792
25822
25823
25824
25825
25826
25827
25828
25829
25830
25831
25861
25862
25863
25864
25865
25866
25867
25868
25869
25870
25900
25901
25902
25903
25904
25905
25906
25907
25908
25909
25939
25940
25941
25942
25943
25944
25945
25946
25947
25948
25978
25979
25980
25981
25982
25983
25984
25985
25986
25987
26017
26018
26019
26020
26021
26022
26023
26024
26025
26026
26056
26057
26058
26059
26060
26061
26062
26063
26064
26065
26095
26096
26097
26098
26099
26100
26101
26102
26103
26104
26134
26135
26136
26137
26138
26139
26140
26141
26142
26143
26173
26174
26175
26176
26177
26178
26179
26180
26181
26182
26212
26213
26214
26215
26216
26217
26218
26219
26220
26221
26251
26252
26253
26254
26255
26256
26257
26258
26259
26260
26290
26291
26292
26293
26294
26295
26296
26297
26298
26299
26329
26330
26331
26332
26333
26334
26335
26336
26337
26338
26368
26369
26370
26371
26372
26373
26374
26375
26376
26377
26426
26427
26428
26429
26430
26431
26432
26433
26434
26435
26465
26466
26467
26468
26469
26470
26471
26472
26473
26474
26504
26505
26506
26507
26508
26509
26510
26511
26512
26513
26543
26544
26545
26546
26547
26548
26549
26550
26551
26552
26582
26583
26584
26585
26586
26587
26588
26589
26590
26591
26621
26622
26623
26624
26625
26626
26627
26628
26629
26630
26660
26661
26662
26663
26664
26665
26666
26667
26668
26669
26699
26700
26701
26702
26703
26704
26705
26706
26707
26708
26738
26739
26740
26741
26742
26743
26744
26745
26746
26747
26777
26778
26779
26780
26781
26782
26783
26784
26785
26786
26816
26817
26818
26819
26820
26821
26822
26823
26824
26825
26855
26856
26857
26858
26859
26860
26861
26862
26863
26864
26894
26895
26896
26897
26898
26899
26900
26901
26902
26903
26933
26934
26935
26936
26937
26938
26939
26940
26941
26942
26972
26973
26974
26975
26976
26977
26978
26979
26980
26981
27011
27012
27013
27014
27015
27016
27017
27018
27019
27020
27050
27051
27052
27053
27054
27055
27056
27057
27058
27059
27089
27090
27091
27092
27093
27094
27095
27096
27097
27098
27128
27129
27130
27131
27132
27133
27134
27135
27136
27137
27167
27168
27169
27170
27171
27172
27173
27174
27175
27176
27225
27226
27227
27228
27229
27230
27231
27232
27233
27234
27264
27265
27266
27267
27268
27269
27270
27271
27272
27273
27303
27304
27305
27306
27307
27308
27309
27310
27311
27312
27342
27343
27344
27345
27346
27347
27348
27349
27350
27351
27381
27382
27383
27384
27385
27386
27387
27388
27389
27390
27420
27421
27422
27423
27424
27425
27426
27427
27428
27429
27459
27460
27461
27462
27463
27464
27465
27466
27467
27468
27498
27499
27500
27501
27502
27503
27504
27505
27506
27507
27537
27538
27539
27540
27541
27542
27543
27544
27545
27546
27576
27577
27578
27579
27580
27581
27582
27583
27584
27585
27615
27616
27617
27618
27619
27620
27621
27622
27623
27624
27654
27655
27656
27657
27658
27659
27660
27661
27662
27663
27693
27694
27695
27696
27697
27698
27699
27700
27701
27702
27732
27733
27734
27735
27736
27737
27738
27739
27740
27741
27771
27772
27773
27774
27775
27776
27777
27778
27779
27780
27810
27811
27812
27813
27814
27815
27816
27817
27818
27819
27849
27850
27851
27852
27853
27854
27855
27856
27857
27858
27888
27889
27890
27891
27892
27893
27894
27895
27896
27897
27927
27928
27929
27930
27931
27932
27933
27934
27935
27936
27966
27967
27968
27969
27970
27971
27972
27973
27974
27975
28024
28025
28026
28027
28028
28029
28030
28031
28032
28033
28063
28064
28065
28066
28067
28068
28069
28070
28071
28072
28102
28103
28104
28105
28106
28107
28108
28109
28110
28111
28141
28142
28143
28144
28145
28146
28147
28148
28149
28150
28180
28181
28182
28183
28184
28185
28186
28187
28188
28189
28219
28220
28221
28222
28223
28224
28225
28226
28227
28228
28258
28259
28260
28261
28262
28263
28264
28265
28266
28267
28297
28298
28299
28300
28301
28302
28303
28304
28305
28306
28336
28337
28338
28339
28340
28341
28342
28343
28344
28345
28375
28376
28377
28378
28379
28380
28381
28382
28383
28384
28414
28415
28416
28417
28418
28419
28420
28421
28422
28423
28453
28454
28455
28456
28457
28458
28459
28460
28461
28462
28492
28493
28494
28495
28496
28497
28498
28499
28500
28501
28531
28532
28533
28534
28535
28536
28537
28538
28539
28540
28570
28571
28572
28573
28574
28575
28576
28577
28578
28579
28609
28610
28611
28612
28613
28614
28615
28616
28617
28618
28648
28649
28650
28651
28652
28653
28654
28655
28656
28657
28687
28688
28689
28690
28691
28692
28693
28694
28695
28696
28726
28727
28728
28729
28730
28731
28732
28733
28734
28735
28765
28766
28767
28768
28769
28770
28771
28772
28773
28774
28823
28824
28825
28826
28827
28828
28829
28830
28831
28832
28862
28863
28864
28865
28866
28867
28868
28869
28870
28871
28901
28902
28903
28904
28905
28906
28907
28908
28909
28910
28940
28941
28942
28943
28944
28945
28946
28947
28948
28949
28979
28980
28981
28982
28983
28984
28985
28986
28987
28988
29018
29019
29020
29021
29022
29023
29024
29025
29026
29027
29057
29058
29059
29060
29061
29062
29063
29064
29065
29066
29096
29097
29098
29099
29100
29101
29102
29103
29104
29105
29135
29136
29137
29138
29139
29140
29141
29142
29143
29144
29174
29175
29176
29177
29178
29179
29180
29181
29182
29183
29213
29214
29215
29216
29217
29218
29219
29220
29221
29222
29252
29253
29254
29255
29256
29257
29258
29259
29260
29261
29291
29292
29293
29294
29295
29296
29297
29298
29299
29300
29330
29331
29332
29333
29334
29335
29336
29337
29338
29339
29369
29370
29371
29372
29373
29374
29375
29376
29377
29378
29408
29409
29410
29411
29412
29413
29414
29415
29416
29417
29447
29448
29449
29450
29451
29452
29453
29454
29455
29456
29486
29487
29488
29489
29490
29491
29492
29493
29494
29495
29525
29526
29527
29528
29529
29530
29531
29532
29533
29534
29564
29565
29566
29567
29568
29569
29570
29571
29572
29573
29622
29623
29624
29625
29626
29627
29628
29629
29630
29631
29661
29662
29663
29664
29665
29666
29667
29668
29669
29670
29700
29701
29702
29703
29704
29705
29706
29707
29708
29709
29739
29740
29741
29742
29743
29744
29745
29746
29747
29748
29778
29779
29780
29781
29782
29783
29784
29785
29786
29787
29817
29818
29819
29820
29821
29822
29823
29824
29825
29826
29856
29857
29858
29859
29860
29861
29862
29863
29864
29865
29895
29896
29897
29898
29899
29900
29901
29902
29903
29904
29934
29935
29936
29937
29938
29939
29940
29941
29942
29943
29973
29974
29975
29976
29977
29978
29979
29980
29981
29982
30012
30013
30014
30015
30016
30017
30018
30019
30020
30021
30051
30052
30053
30054
30055
30056
30057
30058
30059
30060
30090
30091
30092
30093
30094
30095
30096
30097
30098
30099
30129
30130
30131
30132
30133
30134
30135
30136
30137
30138
30168
30169
30170
30171
30172
30173
30174
30175
30176
30177
30207
30208
30209
30210
30211
30212
30213
30214
30215
30216
30246
30247
30248
30249
30250
30251
30252
30253
30254
30255
30285
30286
30287
30288
30289
30290
30291
30292
30293
30294
30324
30325
30326
30327
30328
30329
30330
30331
30332
30333
30363
30364
30365
30366
30367
30368
30369
30370
30371
30372
30421
30422
30423
30424
30425
30426
30427
30428
30429
30430
30460
30461
30462
30463
30464
30465
30466
30467
30468
30469
30499
30500
30501
30502
30503
30504
30505
30506
30507
30508
30538
30539
30540
30541
30542
30543
30544
30545
30546
30547
30577
30578
30579
30580
30581
30582
30583
30584
30585
30586
30616
30617
30618
30619
30620
30621
30622
30623
30624
30625
30655
30656
30657
30658
30659
30660
30661
30662
30663
30664
30694
30695
30696
30697
30698
30699
30700
30701
30702
30703
30733
30734
30735
30736
30737
30738
30739
30740
30741
30742
30772
30773
30774
30775
30776
30777
30778
30779
30780
30781
30811
30812
30813
30814
30815
30816
30817
30818
30819
30820
30850
30851
30852
30853
30854
30855
30856
30857
30858
30859
30889
30890
30891
30892
30893
30894
30895
30896
30897
30898
30928
30929
30930
30931
30932
30933
30934
30935
30936
30937
30967
30968
30969
30970
30971
30972
30973
30974
30975
30976
31006
31007
31008
31009
31010
31011
31012
31013
31014
31015
31045
31046
31047
31048
31049
31050
31051
31052
31053
31054
31084
31085
31086
31087
31088
31089
31090
31091
31092
31093
31123
31124
31125
31126
31127
31128
31129
31130
31131
31132
31162
31163
31164
31165
31166
31167
31168
31169
31170
31171
31220
31221
31222
31223
31224
31225
31226
31227
31228
31229
31259
31260
31261
31262
31263
31264
31265
31266
31267
31268
31298
31299
31300
31301
31302
31303
31304
31305
31306
31307
31337
31338
31339
31340
31341
31342
31343
31344
31345
31346
31376
31377
31378
31379
31380
31381
31382
31383
31384
31385
31415
31416
31417
31418
31419
31420
31421
31422
31423
31424
31454
31455
31456
31457
31458
31459
31460
31461
31462
31463
31493
31494
31495
31496
31497
31498
31499
31500
31501
31502
31532
31533
31534
31535
31536
31537
31538
31539
31540
31541
31571
31572
31573
31574
31575
31576
31577
31578
31579
31580
31610
31611
31612
31613
31614
31615
31616
31617
31618
31619
31649
31650
31651
31652
31653
31654
31655
31656
31657
31658
31688
31689
31690
31691
31692
31693
31694
31695
31696
31697
31727
31728
31729
31730
31731
31732
31733
31734
31735
31736
31766
31767
31768
31769
31770
31771
31772
31773
31774
31775
31805
31806
31807
31808
31809
31810
31811
31812
31813
31814
31844
31845
31846
31847
31848
31849
31850
31851
31852
31853
31883
31884
31885
31886
31887
31888
31889
31890
31891
31892
31922
31923
31924
31925
31926
31927
31928
31929
31930
31931
31961
31962
31963
31964
31965
31966
31967
31968
31969
31970
32019
32020
32021
32022
32023
32024
32025
32026
32027
32028
32058
32059
32060
32061
32062
32063
32064
32065
32066
32067
32097
32098
32099
32100
32101
32102
32103
32104
32105
32106
32136
32137
32138
32139
32140
32141
32142
32143
32144
32145
32175
32176
32177
32178
32179
32180
32181
32182
32183
32184
32214
32215
32216
32217
32218
32219
32220
32221
32222
32223
32253
32254
32255
32256
32257
32258
32259
32260
32261
32262
32292
32293
32294
32295
32296
32297
32298
32299
32300
32301
32331
32332
32333
32334
32335
32336
32337
32338
32339
32340
32370
32371
32372
32373
32374
32375
32376
32377
32378
32379
32409
32410
32411
32412
32413
32414
32415
32416
32417
32418
32448
32449
32450
32451
32452
32453
32454
32455
32456
32457
32487
32488
32489
32490
32491
32492
32493
32494
32495
32496
32526
32527
32528
32529
32530
32531
32532
32533
32534
32535
32565
32566
32567
32568
32569
32570
32571
32572
32573
32574
32604
32605
32606
32607
32608
32609
32610
32611
32612
32613
32643
32644
32645
32646
32647
32648
32649
32650
32651
32652
32682
32683
32684
32685
32686
32687
32688
32689
32690
32691
32721
32722
32723
32724
32725
32726
32727
32728
32729
32730
32760
32761
32762
32763
32764
32765
32766
32767
32768
32769
32818
32819
32820
32821
32822
32823
32824
32825
32826
32827
32857
32858
32859
32860
32861
32862
32863
32864
32865
32866
32896
32897
32898
32899
32900
32901
32902
32903
32904
32905
32935
32936
32937
32938
32939
32940
32941
32942
32943
32944
32974
32975
32976
32977
32978
32979
32980
32981
32982
32983
33013
33014
33015
33016
33017
33018
33019
33020
33021
33022
33052
33053
33054
33055
33056
33057
33058
33059
33060
33061
33091
33092
33093
33094
33095
33096
33097
33098
33099
33100
33130
33131
33132
33133
33134
33135
33136
33137
33138
33139
33169
33170
33171
33172
33173
33174
33175
33176
33177
33178
33208
33209
33210
33211
33212
33213
33214
33215
33216
33217
33247
33248
33249
33250
33251
33252
33253
33254
33255
33256
33286
33287
33288
33289
33290
33291
33292
33293
33294
33295
33325
33326
33327
33328
33329
33330
33331
33332
33333
33334
33364
33365
33366
33367
33368
33369
33370
33371
33372
33373
33403
33404
33405
33406
33407
33408
33409
33410
33411
33412
33442
33443
33444
33445
33446
33447
33448
33449
33450
33451
33481
33482
33483
33484
33485
33486
33487
33488
33489
33490
33520
33521
33522
33523
33524
33525
33526
33527
33528
33529
33560
33561
33562
33563
33564
33565
33566
33567
33568
33616
33617
33618
33619
33620
33621
33622
33623
33624
33625
33655
33656
33657
33658
33659
33660
33661
33662
33663
33664
33694
33695
33696
33697
33698
33699
33700
33701
33702
33703
33733
33734
33735
33736
33737
33738
33739
33740
33741
33742
33772
33773
33774
33775
33776
33777
33778
33779
33780
33781
33811
33812
33813
33814
33815
33816
33817
33818
33819
33820
33850
33851
33852
33853
33854
33855
33856
33857
33858
33859
33889
33890
33891
33892
33893
33894
33895
33896
33897
33898
33928
33929
33930
33931
33932
33933
33934
33935
33936
33937
33967
33968
33969
33970
33971
33972
33973
33974
33975
33976
34006
34007
34008
34009
34010
34011
34012
34013
34014
34015
34045
34046
34047
34048
34049
34050
34051
34052
34053
34054
34084
34085
34086
34087
34088
34089
34090
34091
34092
34093
34123
34124
34125
34126
34127
34128
34129
34130
34131
34132
34162
34163
34164
34165
34166
34167
34168
34169
34170
34171
34201
34202
34203
34204
34205
34206
34207
34208
34209
34210
34240
34241
34242
34243
34244
34245
34246
34247
34248
34249
34279
34280
34281
34282
34283
34284
34285
34286
34287
34288
34319
34320
34321
34322
34323
34324
34325
34326
34327
34358
34359
34360
34361
34362
34363
34364
34365
34412
34413
34414
34415
34416
34417
34418
34419
34420
34421
34451
34452
34453
34454
34455
34456
34457
34458
34459
34460
34490
34491
34492
34493
34494
34495
34496
34497
34498
34499
34529
34530
34531
34532
34533
34534
34535
34536
34537
34538
34568
34569
34570
34571
34572
34573
34574
34575
34576
34577
34607
34608
34609
34610
34611
34612
34613
34614
34615
34616
34646
34647
34648
34649
34650
34651
34652
34653
34654
34655
34685
34686
34687
34688
34689
34690
34691
34692
34693
34694
34724
34725
34726
34727
34728
34729
34730
34731
34732
34733
34763
34764
34765
34766
34767
34768
34769
34770
34771
34772
34802
34803
34804
34805
34806
34807
34808
34809
34810
34811
34841
34842
34843
34844
34845
34846
34847
34848
34849
34850
34880
34881
34882
34883
34884
34885
34886
34887
34888
34889
34919
34920
34921
34922
34923
34924
34925
34926
34927
34928
34958
34959
34960
34961
34962
34963
34964
34965
34966
34967
34997
34998
34999
35000
35001
35002
35003
35004
35005
35006
35036
35037
35038
35039
35040
35041
35042
35043
35044
35045
35076
35077
35078
35079
35080
35081
35082
35083
35084
35115
35116
35117
35118
35119
35120
35121
35122
35153
35154
35155
35156
35157
35158
35159
35205
35206
35207
35208
35209
35210
35211
35212
35213
35214
35244
35245
35246
35247
35248
35249
35250
35251
35252
35253
35283
35284
35285
35286
35287
35288
35289
35290
35291
35292
35322
35323
35324
35325
35326
35327
35328
35329
35330
35331
35361
35362
35363
35364
35365
35366
35367
35368
35369
35370
35400
35401
35402
35403
35404
35405
35406
35407
35408
35409
35439
35440
35441
35442
35443
35444
35445
35446
35447
35448
35478
35479
35480
35481
35482
35483
35484
35485
35486
35487
35517
35518
35519
35520
35521
35522
35523
35524
35525
35526
35556
35557
35558
35559
35560
35561
35562
35563
35564
35565
35595
35596
35597
35598
35599
35600
35601
35602
35603
35604
35634
35635
35636
35637
35638
35639
35640
35641
35642
35643
35673
35674
35675
35676
35677
35678
35679
35680
35681
35682
35712
35713
35714
35715
35716
35717
35718
35719
35720
35721
35751
35752
35753
35754
35755
35756
35757
35758
35759
35760
35790
35791
35792
35793
35794
35795
35796
35797
35798
35799
35830
35831
35832
35833
35834
35835
35836
35837
35838
35869
35870
35871
35872
35873
35874
35875
35876
35907
35908
35909
35910
35911
35912
35913
35944
35945
35946
35947
35948
35949
35994
35995
35996
35997
35998
35999
36000
36001
36002
36003
36033
36034
36035
36036
36037
36038
36039
36040
36041
36042
36072
36073
36074
36075
36076
36077
36078
36079
36080
36081
36111
36112
36113
36114
36115
36116
36117
36118
36119
36120
36150
36151
36152
36153
36154
36155
36156
36157
36158
36159
36189
36190
36191
36192
36193
36194
36195
36196
36197
36198
36228
36229
36230
36231
36232
36233
36234
36235
36236
36237
36267
36268
36269
36270
36271
36272
36273
36274
36275
36276
36306
36307
36308
36309
36310
36311
36312
36313
36314
36315
36345
36346
36347
36348
36349
36350
36351
36352
36353
36354
36384
36385
36386
36387
36388
36389
36390
36391
36392
36393
36423
36424
36425
36426
36427
36428
36429
36430
36431
36432
36462
36463
36464
36465
36466
36467
36468
36469
36470
36471
36501
36502
36503
36504
36505
36506
36507
36508
36509
36510
36540
36541
36542
36543
36544
36545
36546
36547
36548
36549
36580
36581
36582
36583
36584
36585
36586
36587
36588
36619
36620
36621
36622
36623
36624
36625
36626
36657
36658
36659
36660
36661
36662
36663
36694
36695
36696
36697
36698
36699
36730
36731
36732
36733
36734
36778
36779
36780
36781
36782
36783
36784
36785
36786
36787
36817
36818
36819
36820
36821
36822
36823
36824
36825
36826
36856
36857
36858
36859
36860
36861
36862
36863
36864
36865
36895
36896
36897
36898
36899
36900
36901
36902
36903
36904
36934
36935
36936
36937
36938
36939
36940
36941
36942
36943
36973
36974
36975
36976
36977
36978
36979
36980
36981
36982
37012
37013
37014
37015
37016
37017
37018
37019
37020
37021
37051
37052
37053
37054
37055
37056
37057
37058
37059
37060
37090
37091
37092
37093
37094
37095
37096
37097
37098
37099
37129
37130
37131
37132
37133
37134
37135
37136
37137
37138
37168
37169
37170
37171
37172
37173
37174
37175
37176
37177
37207
37208
37209
37210
37211
37212
37213
37214
37215
37216
37246
37247
37248
37249
37250
37251
37252
37253
37254
37255
37285
37286
37287
37288
37289
37290
37291
37292
37293
37294
37325
37326
37327
37328
37329
37330
37331
37332
37333
37364
37365
37366
37367
37368
37369
37370
37371
37402
37403
37404
37405
37406
37407
37408
37439
37440
37441
37442
37443
37444
37475
37476
37477
37478
37479
37510
37511
37512
37513
37556
37557
37558
37559
37560
37561
37562
37563
37564
37565
37595
37596
37597
37598
37599
37600
37601
37602
37603
37604
37634
37635
37636
37637
37638
37639
37640
37641
37642
37643
37673
37674
37675
37676
37677
37678
37679
37680
37681
37682
37712
37713
37714
37715
37716
37717
37718
37719
37720
37721
37751
37752
37753
37754
37755
37756
37757
37758
37759
37760
37790
37791
37792
37793
37794
37795
37796
37797
37798
37799
37829
37830
37831
37832
37833
37834
37835
37836
37837
37838
37868
37869
37870
37871
37872
37873
37874
37875
37876
37877
37907
37908
37909
37910
37911
37912
37913
37914
37915
37916
37946
37947
37948
37949
37950
37951
37952
37953
37954
37955
37985
37986
37987
37988
37989
37990
37991
37992
37993
37994
38024
38025
38026
38027
38028
38029
38030
38031
38032
38033
38064
38065
38066
38067
38068
38069
38070
38071
38072
38103
38104
38105
38106
38107
38108
38109
38110
38141
38142
38143
38144
38145
38146
38147
38178
38179
38180
38181
38182
38183
38214
38215
38216
38217
38218
38249
38250
38251
38252
38283
38284
38285
38327
38328
38329
38330
38331
38332
38333
38334
38335
38336
38366
38367
38368
38369
38370
38371
38372
38373
38374
38375
38405
38406
38407
38408
38409
38410
38411
38412
38413
38414
38444
38445
38446
38447
38448
38449
38450
38451
38452
38453
38483
38484
38485
38486
38487
38488
38489
38490
38491
38492
38522
38523
38524
38525
38526
38527
38528
38529
38530
38531
38561
38562
38563
38564
38565
38566
38567
38568
38569
38570
38600
38601
38602
38603
38604
38605
38606
38607
38608
38609
38639
38640
38641
38642
38643
38644
38645
38646
38647
38648
38678
38679
38680
38681
38682
38683
38684
38685
38686
38687
38717
38718
38719
38720
38721
38722
38723
38724
38725
38726
38756
38757
38758
38759
38760
38761
38762
38763
38764
38765
38796
38797
38798
38799
38800
38801
38802
38803
38804
38835
38836
38837
38838
38839
38840
38841
38842
38873
38874
38875
38876
38877
38878
38879
38910
38911
38912
38913
38914
38915
38946
38947
38948
38949
38950
38981
38982
38983
38984
39015
39016
39017
39048
39049
39090
39091
39092
39093
39094
39095
39096
39097
39098
39099
39129
39130
39131
39132
39133
39134
39135
39136
39137
39138
39168
39169
39170
39171
39172
39173
39174
39175
39176
39177
39207
39208
39209
39210
39211
39212
39213
39214
39215
39216
39246
39247
39248
39249
39250
39251
39252
39253
39254
39255
39285
39286
39287
39288
39289
39290
39291
39292
39293
39294
39324
39325
39326
39327
39328
39329
39330
39331
39332
39333
39363
39364
39365
39366
39367
39368
39369
39370
39371
39372
39402
39403
39404
39405
39406
39407
39408
39409
39410
39411
39441
39442
39443
39444
39445
39446
39447
39448
39449
39450
39480
39481
39482
39483
39484
39485
39486
39487
39488
39489
39520
39521
39522
39523
39524
39525
39526
39527
39528
39559
39560
39561
39562
39563
39564
39565
39566
39597
39598
39599
39600
39601
39602
39603
39634
39635
39636
39637
39638
39639
39670
39671
39672
39673
39674
39705
39706
39707
39708
39739
39740
39741
39772
39773
39804
39844
39845
39846
39847
39848
39849
39850
39851
39852
39853
39883
39884
39885
39886
39887
39888
39889
39890
39891
39892
39922
39923
39924
39925
39926
39927
39928
39929
39930
39931
39961
39962
39963
39964
39965
39966
39967
39968
39969
39970
40000
40001
40002
40003
40004
40005
40006
40007
40008
40009
40039
40040
40041
40042
40043
40044
40045
40046
40047
40048
40078
40079
40080
40081
40082
40083
40084
40085
40086
40087
40117
40118
40119
40120
40121
40122
40123
40124
40125
40126
40156
40157
40158
40159
40160
40161
40162
40163
40164
40165
40195
40196
40197
40198
40199
40200
40201
40202
40203
40204
40235
40236
40237
40238
40239
40240
40241
40242
40243
40274
40275
40276
40277
40278
40279
40280
40281
40312
40313
40314
40315
40316
40317
40318
40349
40350
40351
40352
40353
40354
40385
40386
40387
40388
40389
40420
40421
40422
40423
40454
40455
40456
40487
40488
40519
40588
40589
40590
40591
40592
40593
40594
40595
40596
40597
40627
40628
40629
40630
40631
40632
40633
40634
40635
40636
40666
40667
40668
40669
40670
40671
40672
40673
40674
40675
40705
40706
40707
40708
40709
40710
40711
40712
40713
40714
40744
40745
40746
40747
40748
40749
40750
40751
40752
40753
40783
40784
40785
40786
40787
40788
40789
40790
40791
40792
40822
40823
40824
40825
40826
40827
40828
40829
40830
40831
40861
40862
40863
40864
40865
40866
40867
40868
40869
40870
40900
40901
40902
40903
40904
40905
40906
40907
40908
40909
40940
40941
40942
40943
40944
40945
40946
40947
40948
40979
40980
40981
40982
40983
40984
40985
40986
41017
41018
41019
41020
41021
41022
41023
41054
41055
41056
41057
41058
41059
41090
41091
41092
41093
41094
41125
41126
41127
41128
41159
41160
41161
41192
41193
41224
41321
41322
41323
41324
41325
41326
41327
41328
41329
41330
41360
41361
41362
41363
41364
41365
41366
41367
41368
41369
41399
41400
41401
41402
41403
41404
41405
41406
41407
41408
41438
41439
41440
41441
41442
41443
41444
41445
41446
41447
41477
41478
41479
41480
41481
41482
41483
41484
41485
41486
41516
41517
41518
41519
41520
41521
41522
41523
41524
41525
41555
41556
41557
41558
41559
41560
41561
41562
41563
41564
41594
41595
41596
41597
41598
41599
41600
41601
41602
41603
41634
41635
41636
41637
41638
41639
41640
41641
41642
41673
41674
41675
41676
41677
41678
41679
41680
41711
41712
41713
41714
41715
41716
41717
41748
41749
41750
41751
41752
41753
41784
41785
41786
41787
41788
41819
41820
41821
41822
41853
41854
41855
41886
41887
41918
42042
42043
42044
42045
42046
42047
42048
42049
42050
42051
42081
42082
42083
42084
42085
42086
42087
42088
42089
42090
42120
42121
42122
42123
42124
42125
42126
42127
42128
42129
42159
42160
42161
42162
42163
42164
42165
42166
42167
42168
42198
42199
42200
42201
42202
42203
42204
42205
42206
42207
42237
42238
42239
42240
42241
42242
42243
42244
42245
42246
42276
42277
42278
42279
42280
42281
42282
42283
42284
42285
42316
42317
42318
42319
42320
42321
42322
42323
42324
42355
42356
42357
42358
42359
42360
42361
42362
42393
42394
42395
42396
42397
42398
42399
42430
42431
42432
42433
42434
42435
42466
42467
42468
42469
42470
42501
42502
42503
42504
42535
42536
42537
42568
42569
42600
42750
42751
42752
42753
42754
42755
42756
42757
42758
42759
42789
42790
42791
42792
42793
42794
42795
42796
42797
42798
42828
42829
42830
42831
42832
42833
42834
42835
42836
42837
42867
42868
42869
42870
42871
42872
42873
42874
42875
42876
42906
42907
42908
42909
42910
42911
42912
42913
42914
42915
42945
42946
42947
42948
42949
42950
42951
42952
42953
42954
42985
42986
42987
42988
42989
42990
42991
42992
42993
43024
43025
43026
43027
43028
43029
43030
43031
43062
43063
43064
43065
43066
43067
43068
43099
43100
43101
43102
43103
43104
43135
43136
43137
43138
43139
43170
43171
43172
43173
43204
43205
43206
43237
43238
43269
43444
43445
43446
43447
43448
43449
43450
43451
43452
43453
43483
43484
43485
43486
43487
43488
43489
43490
43491
43492
43522
43523
43524
43525
43526
43527
43528
43529
43530
43531
43561
43562
43563
43564
43565
43566
43567
43568
43569
43570
43600
43601
43602
43603
43604
43605
43606
43607
43608
43609
43640
43641
43642
43643
43644
43645
43646
43647
43648
43679
43680
43681
43682
43683
43684
43685
43686
43717
43718
43719
43720
43721
43722
43723
43754
43755
43756
43757
43758
43759
43790
43791
43792
43793
43794
43825
43826
43827
43828
43859
43860
43861
43892
43893
43924
44123
44124
44125
44126
44127
44128
44129
44130
44131
44132
44162
44163
44164
44165
44166
44167
44168
44169
44170
44171
44201
44202
44203
44204
44205
44206
44207
44208
44209
44210
44240
44241
44242
44243
44244
44245
44246
44247
44248
44249
44280
44281
44282
44283
44284
44285
44286
44287
44288
44319
44320
44321
44322
44323
44324
44325
44326
44357
44358
44359
44360
44361
44362
44363
44394
44395
44396
44397
44398
44399
44430
44431
44432
44433
44434
44465
44466
44467
44468
44499
44500
44501
44532
44533
44564
44786
44787
44788
44789
44790
44791
44792
44793
44794
44795
44825
44826
44827
44828
44829
44830
44831
44832
44833
44834
44864
44865
44866
44867
44868
44869
44870
44871
44872
44873
44904
44905
44906
44907
44908
44909
44910
44911
44912
44943
44944
44945
44946
44947
44948
44949
44950
44981
44982
44983
44984
44985
44986
44987
45018
45019
45020
45021
45022
45023
45054
45055
45056
45057
45058
45089
45090
45091
45092
45123
45124
45125
45156
45157
45188
45432
45433
45434
45435
45436
45437
45438
45439
45440
45441
45471
45472
45473
45474
45475
45476
45477
45478
45479
45480
45511
45512
45513
45514
45515
45516
45517
45518
45519
45550
45551
45552
45553
45554
45555
45556
45557
45588
45589
45590
45591
45592
45593
45594
45625
45626
45627
45628
45629
45630
45661
45662
45663
45664
45665
45696
45697
45698
45699
45730
45731
45732
45763
45764
45795
46060
46061
46062
46063
46064
46065
46066
46067
46068
46069
46100
46101
46102
46103
46104
46105
46106
46107
46108
46139
46140
46141
46142
46143
46144
46145
46146
46177
46178
46179
46180
46181
46182
46183
46214
46215
46216
46217
46218
46219
46250
46251
46252
46253
46254
46285
46286
46287
46288
46319
46320
46321
46352
46353
46384
46670
46671
46672
46673
46674
46675
46676
46677
46678
46709
46710
46711
46712
46713
46714
46715
46716
46747
46748
46749
46750
46751
46752
46753
46784
46785
46786
46787
46788
46789
46820
46821
46822
46823
46824
46855
46856
46857
46858
46889
46890
46891
46922
46923
46954
47260
47261
47262
47263
47264
47265
47266
47267
47298
47299
47300
47301
47302
47303
47304
47335
47336
47337
47338
47339
47340
47371
47372
47373
47374
47375
47406
47407
47408
47409
47440
47441
47442
47473
47474
47505
47830
47831
47832
47833
47834
47835
47836
47867
47868
47869
47870
47871
47872
47903
47904
47905
47906
47907
47938
47939
47940
47941
47972
47973
47974
48005
48006
48037
48380
48381
48382
48383
48384
48385
48416
48417
48418
48419
48420
48451
48452
48453
48454
48485
48486
48487
48518
48519
48550
48910
48911
48912
48913
48914
48945
48946
48947
48948
48979
48980
48981
49012
49013
49044
49420
49421
49422
49423
49454
49455
49456
49487
49488
49519
49910
49911
49912
49943
49944
49975
50380
50381
50412
50830
)


// ************************************************************************* //
