/*--------------------------------*- C++ -*----------------------------------*\
| =========                 |                                                 |
| \\      /  F ield         | OpenFOAM: The Open Source CFD Toolbox           |
|  \\    /   O peration     | Version:  2306                                  |
|   \\  /    A nd           | Website:  www.openfoam.com                      |
|    \\/     M anipulation  |                                                 |
\*---------------------------------------------------------------------------*/
FoamFile
{
    version     2.0;
    format      binary;
    arch        "LSB;label=32;scalar=64";
    class       decomposedBlockData;
    object      j;
    data.format     ascii;
    data.class      volScalarField;
}
// * * * * * * * * * * * * * * * * * * * * * * * * * * * * * * * * * * * * * //


// processor0

19777
(FoamFile
{
    version     2.0;
    format      ascii;
    arch        "LSB;label=32;scalar=64";
    class       volScalarField;
    location    "2/air";
    object      j;
}
dimensions      [0 -3 0 0 0 1 0];

internalField   nonuniform List<scalar> 
4000
(
0
0
0
0
0
0
0
0
0
0
0
0
0
0
0
0
0
0
0
0
0
0
0
0
0
0
0
0
0
0
0
0
0
0
0
0
0
0
0
0
0
0
0
0
0
0
0
0
0
0
0
0
0
0
0
0
0
0
0
0
0
0
0
0
0
0
0
0
0
0
0
0
0
0
0
0
0
0
0
0
0
0
0
0
0
0
0
0
0
0
0
0
0
0
0
0
0
0
0
0
0
0
0
0
0
0
0
0
0
0
0
0
0
0
0
0
0
0
0
0
0
0
0
0
0
0
0
0
0
0
0
0
0
0
0
0
0
0
0
0
0
0
0
0
0
0
0
0
0
0
0
0
0
0
0
0
0
0
0
0
0
0
0
0
0
0
0
0
0
0
0
0
0
0
0
0
0
0
0
0
0
0
0
0
0
0
0
0
0
0
0
0
0
0
0
0
0
0
0
0
0
0
0
0
0
0
0
0
0
0
0
0
0
0
0
0
0
0
0
0
0
0
0
0
0
0
0
0
0
0
0
0
0
0
0
0
0
0
0
0
0
0
0
0
0
0
0
0
0
0
0
0
0
0
0
0
0
0
0
0
0
0
0
0
0
0
0
0
0
0
0
0
0
0
0
0
0
0
0
0
0
0
0
0
0
0
0
0
0
0
0
0
0
0
0
0
0
0
0
0
0
0
0
0
0
0
0
0
0
0
0
0
0
0
0
0
0
0
0
0
0
0
0
0
0
0
0
0
0
0
0
0
0
0
0
0
0
0
0
0
0
0
0
0
0
0
0
0
0
0
0
0
0
0
0
0
0
0
0
0
0
0
0
0
0
0
0
0
0
0
0
0
0
0
0
0
0
0
0
0
0
0
0
0
0
0
0
0
0
0
0
0
0
0
0
0
0
0
0
0
0
0
0
0
0
0
0
0
0
0
0
0
0
0
0
0
0
0
0
0
0
0
0
0
0
0
0
0
0
0
0
0
0
0
0
0
0
0
0
0
0
0
0
0
0
0
0
0
0
0
0
0
0
0
0
0
0
0
0
0
0
0
0
0
0
0
0
0
0
0
0
0
0
0
0
0
0
0
0
0
0
0
0
0
0
0
0
0
0
0
0
0
0
0
0
0
0
0
0
0
0
0
0
0
0
0
0
0
0
0
0
0
0
0
0
0
0
0
0
0
0
0
0
0
0
0
0
0
0
0
0
0
0
0
0
0
0
0
0
0
0
0
0
0
0
0
0
0
0
0
0
0
0
0
0
0
0
0
0
0
0
0
0
0
0
0
0
0
0
0
0
0
0
0
0
0
0
0
0
0
0
0
0
0
0
0
0
0
0
0
0
0
0
0
0
0
0
0
0
0
0
0
0
0
0
0
0
0
0
0
0
0
0
0
0
0
0
0
0
0
0
0
0
0
0
0
0
0
0
0
0
0
0
0
0
0
0
0
0
0
0
0
0
0
0
0
0
0
0
0
0
0
0
0
0
0
0
0
0
0
0
0
0
0
0
0
0
0
0
0
0
0
0
0
0
0
0
0
0
0
0
0
0
0
0
0
0
0
0
0
0
0
0
0
0
0
0
0
0
0
0
0
0
0
0
0
0
0
0
0
0
0
0
0
0
0
0
0
0
0
0
0
0
0
0
0
0
0
0
0
0
0
0
0
0
0
0
0
0
0
0
0
0
0
0
0
0
0
0
0
0
0
0
0
0
0
0
0
0
0
0
0
0
0
0
0
0
0
0
0
0
0
0
0
0
0
0
0
0
0
0
0
0
0
0
0
0
0
0
0
0
0
0
0
0
0
0
0
0
0
0
0
0
0
0
0
0
0
0
0
0
0
0
0
0
0
0
0
0
0
0
0
0
0
0
0
0
0
0
0
0
0
0
0
0
0
0
0
0
0
0
0
0
0
0
0
0
0
0
0
0
0
0
0
0
0
0
0
0
0
0
0
0
0
0
0
0
0
0
0
0
0
0
0
0
0
0
0
0
0
0
0
0
0
0
0
0
0
0
0
0
0
0
0
0
0
0
0
0
0
0
0
0
0
0
0
0
0
0
0
0
0
0
0
0
0
0
0
0
0
0
0
0
0
0
0
0
0
0
0
0
0
1.75446e+08
0
0
0
0
0
0
0
0
0
0
0
0
0
0
0
0
0
0
0
0
0
0
0
0
0
0
0
0
0
0
0
0
0
0
0
0
0
0
0
0
0
0
0
0
0
0
0
0
0
0
0
0
0
0
0
0
0
0
0
0
0
0
0
0
0
0
0
0
0
0
0
0
0
0
0
0
0
0
0
0
0
0
0
0
0
0
0
0
0
0
0
0
0
0
0
0
0
0
0
0
0
0
0
0
0
0
0
0
0
0
0
0
0
0
0
0
0
0
0
0
0
0
0
0
0
0
0
0
0
0
0
0
0
1.740557e+08
0
0
0
0
0
0
0
0
1.754303e+08
1.940602e+08
0
0
0
0
0
0
0
0
0
0
0
0
0
0
0
0
0
0
0
0
0
0
0
0
0
0
0
0
0
0
0
0
0
0
0
0
0
0
0
0
0
0
0
0
0
0
0
0
0
0
0
0
0
0
0
0
0
0
0
0
0
0
0
0
0
0
0
0
0
0
0
0
0
0
0
0
0
0
0
0
0
0
0
0
0
0
0
0
0
0
0
0
0
0
0
0
0
0
0
0
0
0
0
0
0
0
0
0
0
0
0
0
0
0
0
0
0
0
0
0
0
0
0
0
0
0
0
1.711817e+08
0
0
0
0
0
0
0
0
1.740059e+08
1.925692e+08
0
0
0
0
0
0
0
1.755321e+08
1.940192e+08
2.45029e+08
0
0
0
0
0
0
0
0
0
0
0
0
0
0
0
0
0
0
0
0
0
0
0
0
0
0
0
0
0
0
0
0
0
0
0
0
0
0
0
0
0
0
0
0
0
0
0
0
0
0
0
0
0
0
0
0
0
0
0
0
0
0
0
0
0
0
0
0
0
0
0
0
0
0
0
0
0
0
0
0
0
0
0
0
0
0
0
0
0
0
0
0
0
0
0
0
0
0
0
0
0
0
0
0
0
0
0
0
0
0
0
0
0
0
0
0
0
0
0
1.667291e+08
0
0
0
0
0
0
0
0
1.709741e+08
1.894788e+08
0
0
0
0
0
0
0
1.740183e+08
1.924824e+08
2.4327e+08
0
0
0
0
0
0
1.757413e+08
1.941082e+08
2.448748e+08
3.656655e+08
0
0
0
0
0
0
0
0
0
0
0
0
0
0
0
0
0
0
0
0
0
0
0
0
0
0
0
0
0
0
0
0
0
0
0
0
0
0
0
0
0
0
0
0
0
0
0
0
0
0
0
0
0
0
0
0
0
0
0
0
0
0
0
0
0
0
0
0
0
0
0
0
0
0
0
0
0
0
0
0
0
0
0
0
0
0
0
0
0
0
0
0
0
0
0
0
0
0
0
0
0
0
0
0
0
0
0
0
0
1.608069e+08
0
0
0
0
0
0
0
0
1.661136e+08
1.846755e+08
0
0
0
0
0
0
0
1.708414e+08
1.89213e+08
2.396049e+08
0
0
0
0
0
0
1.74191e+08
1.924778e+08
2.430481e+08
3.633506e+08
0
0
0
0
0
1.759669e+08
1.943088e+08
2.4489e+08
3.651504e+08
7.036492e+08
0
0
0
0
0
0
0
0
0
0
0
0
0
0
0
0
0
0
0
0
0
0
0
0
0
0
0
0
0
0
0
0
0
0
0
0
0
0
0
0
0
0
0
0
0
0
0
0
0
0
0
0
0
0
0
0
0
0
0
0
0
0
0
0
0
0
0
0
0
0
0
0
0
0
0
0
0
0
0
0
0
0
0
0
0
0
0
0
0
0
0
0
0
0
0
0
0
0
0
0
1.541633e+08
0
0
0
0
0
0
0
0
1.594794e+08
1.782643e+08
0
0
0
0
0
0
0
1.657878e+08
1.839682e+08
2.338669e+08
0
0
0
0
0
0
1.709333e+08
1.890532e+08
2.391553e+08
3.584795e+08
0
0
0
0
0
1.743959e+08
1.926397e+08
2.429554e+08
3.627176e+08
7.002544e+08
0
0
0
0
1.761825e+08
1.945299e+08
2.450389e+08
3.64901e+08
7.01646e+08
0
0
0
0
0
0
0
0
0
0
0
0
0
0
0
0
0
0
0
0
0
0
0
0
0
0
0
0
0
0
0
0
0
0
0
0
0
0
0
0
0
0
0
0
0
0
0
0
0
0
0
0
0
0
0
0
0
0
0
0
0
0
0
0
0
0
0
0
0
0
0
0
0
0
0
0
0
0
0
0
0
0
0
0
0
0
0
0
0
0
0
0
1.482647e+08
0
0
0
0
0
0
0
0
1.518554e+08
1.710449e+08
0
0
0
0
0
0
0
1.588431e+08
1.767976e+08
2.261415e+08
0
0
0
0
0
0
1.657423e+08
1.83599e+08
2.328873e+08
3.507416e+08
0
0
0
0
0
1.710929e+08
1.891295e+08
2.3888e+08
3.575098e+08
6.929453e+08
0
0
0
0
1.745973e+08
1.92839e+08
2.430597e+08
3.623337e+08
6.979842e+08
0
0
0
1.763725e+08
1.947427e+08
2.452253e+08
3.64839e+08
7.001625e+08
0
0
0
0
0
0
0
0
0
0
0
0
0
0
0
0
0
0
0
0
0
0
0
0
0
0
0
0
0
0
0
0
0
0
0
0
0
0
0
0
0
0
0
0
0
0
0
0
0
0
0
0
0
0
0
0
0
0
0
0
0
0
0
0
0
0
0
0
0
0
0
0
0
0
0
0
0
0
0
0
0
0
0
0
0
1.438368e+08
0
0
0
0
0
0
0
0
1.450625e+08
1.646172e+08
0
0
0
0
0
0
0
1.508156e+08
1.685424e+08
2.173534e+08
0
0
0
0
0
0
1.586165e+08
1.760947e+08
2.242704e+08
3.401346e+08
0
0
0
0
0
1.658251e+08
1.835295e+08
2.323621e+08
3.490588e+08
6.809168e+08
0
0
0
0
1.712635e+08
1.892807e+08
2.388853e+08
3.568922e+08
6.90064e+08
0
0
0
1.747794e+08
1.930368e+08
2.43221e+08
3.622164e+08
6.963428e+08
0
0
1.765382e+08
1.949309e+08
2.454112e+08
3.648643e+08
6.990208e+08
0
0
0
0
0
0
0
0
0
0
0
0
0
0
0
0
0
0
0
0
0
0
0
0
0
0
0
0
0
0
0
0
0
0
0
0
0
0
0
0
0
0
0
0
0
0
0
0
0
0
0
0
0
0
0
0
0
0
0
0
0
0
0
0
0
0
0
0
0
0
0
0
0
0
0
0
0
0
0
1.409911e+08
0
0
0
0
0
0
0
0
1.399614e+08
1.59777e+08
0
0
0
0
0
0
0
1.43611e+08
1.611639e+08
2.094542e+08
0
0
0
0
0
0
1.503647e+08
1.67408e+08
2.14284e+08
3.278093e+08
0
0
0
0
0
1.585872e+08
1.758323e+08
2.233512e+08
3.373019e+08
6.637147e+08
0
0
0
0
1.659444e+08
1.835994e+08
2.321988e+08
3.48111e+08
6.769735e+08
0
0
0
1.714282e+08
1.894459e+08
2.389914e+08
3.566518e+08
6.881218e+08
0
0
1.749375e+08
1.932166e+08
2.433898e+08
3.622109e+08
6.95134e+08
0
1.766903e+08
1.950945e+08
2.455781e+08
3.649164e+08
6.981582e+08
0
0
0
0
0
0
0
0
0
0
0
0
0
0
0
0
0
0
0
0
0
0
0
0
0
0
0
0
0
0
0
0
0
0
0
0
0
0
0
0
0
0
0
0
0
0
0
0
0
0
0
0
0
0
0
0
0
0
0
0
0
0
0
0
0
0
0
0
0
0
0
0
0
0
1.396162e+08
0
0
0
0
0
0
0
0
1.366701e+08
1.566567e+08
0
0
0
0
0
0
0
1.381747e+08
1.556049e+08
2.034481e+08
0
0
0
0
0
0
1.429329e+08
1.595897e+08
2.052767e+08
3.165022e+08
0
0
0
0
0
1.501987e+08
1.669066e+08
2.128594e+08
3.234776e+08
6.427224e+08
0
0
0
0
1.586255e+08
1.757833e+08
2.229632e+08
3.358441e+08
6.582367e+08
0
0
0
1.660798e+08
1.837101e+08
2.32211e+08
3.476609e+08
6.745643e+08
0
0
1.715697e+08
1.896074e+08
2.391226e+08
3.56578e+08
6.867644e+08
0
1.750858e+08
1.933723e+08
2.435471e+08
3.622417e+08
6.942343e+08
1.768034e+08
1.952452e+08
2.457216e+08
3.649728e+08
6.97446e+08
0
0
0
0
0
0
0
0
0
0
0
0
0
0
0
0
0
0
0
0
0
0
0
0
0
0
0
0
0
0
0
0
0
0
0
0
0
0
0
0
0
0
0
0
0
0
0
0
0
0
0
0
0
0
0
0
0
0
0
0
0
0
0
0
0
0
0
0
0
1.396162e+08
0
0
0
0
0
0
0
0
1.350749e+08
1.551459e+08
0
0
0
0
0
0
0
1.346584e+08
1.520093e+08
1.995439e+08
0
0
0
0
0
0
1.373079e+08
1.53673e+08
1.984319e+08
3.077367e+08
0
0
0
0
0
1.426326e+08
1.588462e+08
2.033408e+08
3.107711e+08
6.225302e+08
0
0
0
0
1.501385e+08
1.667124e+08
2.121935e+08
3.213762e+08
6.354316e+08
0
0
0
1.587099e+08
1.758083e+08
2.228379e+08
3.351107e+08
6.551516e+08
0
0
1.661935e+08
1.838405e+08
2.322792e+08
3.474707e+08
6.729556e+08
0
1.717094e+08
1.897455e+08
2.392589e+08
3.565623e+08
6.857822e+08
1.751906e+08
1.935191e+08
2.436815e+08
3.622865e+08
6.934958e+08
1.953554e+08
2.45856e+08
3.650154e+08
6.968607e+08
0
0
0
0
0
0
0
0
0
0
0
0
0
0
0
0
0
0
0
0
0
0
0
0
0
0
0
0
0
0
0
0
0
0
0
0
0
0
0
0
0
0
0
0
0
0
0
0
0
0
0
0
0
0
0
0
0
0
0
0
0
0
0
0
1.409911e+08
0
0
0
0
0
0
0
0
1.350749e+08
1.551459e+08
0
0
0
0
0
0
0
1.329509e+08
1.502642e+08
1.976431e+08
0
0
0
0
0
0
1.336626e+08
1.498378e+08
1.939746e+08
3.019469e+08
0
0
0
0
0
1.368969e+08
1.527285e+08
1.960821e+08
3.009476e+08
6.062174e+08
0
0
0
0
1.42477e+08
1.585091e+08
2.023944e+08
3.08032e+08
6.135439e+08
0
0
0
1.501601e+08
1.66633e+08
2.119003e+08
3.202939e+08
6.315417e+08
0
0
1.58781e+08
1.758849e+08
2.228074e+08
3.3475e+08
6.531908e+08
0
1.663175e+08
1.839492e+08
2.323798e+08
3.473764e+08
6.718329e+08
1.717955e+08
1.898833e+08
2.393731e+08
3.565811e+08
6.849854e+08
1.936204e+08
2.438115e+08
3.623178e+08
6.928958e+08
2.459464e+08
3.650637e+08
6.963251e+08
0
0
0
0
0
0
0
0
0
0
0
0
0
0
0
0
0
0
0
0
0
0
0
0
0
0
0
0
0
0
0
0
0
0
0
0
0
0
0
0
0
0
0
0
0
0
0
0
0
0
0
0
0
0
0
0
0
0
0
1.438368e+08
0
0
0
0
0
0
0
0
1.366701e+08
1.566567e+08
0
0
0
0
0
0
0
1.329509e+08
1.502642e+08
1.976431e+08
0
0
0
0
0
0
1.318905e+08
1.479734e+08
1.918017e+08
2.990985e+08
0
0
0
0
0
1.331745e+08
1.487559e+08
1.913482e+08
2.944635e+08
5.950881e+08
0
0
0
0
1.366623e+08
1.522734e+08
1.949035e+08
2.976974e+08
5.959633e+08
0
0
0
1.424374e+08
1.583282e+08
2.019361e+08
3.066021e+08
6.089199e+08
0
0
1.501769e+08
1.666431e+08
2.11749e+08
3.19725e+08
6.291604e+08
0
1.588833e+08
1.759485e+08
2.228463e+08
3.345332e+08
6.518646e+08
1.663713e+08
1.840706e+08
2.324601e+08
3.473508e+08
6.709368e+08
1.899649e+08
2.394931e+08
3.565875e+08
6.843524e+08
2.438917e+08
3.623612e+08
6.923458e+08
3.650662e+08
6.958707e+08
0
0
0
0
0
0
0
0
0
0
0
0
0
0
0
0
0
0
0
0
0
0
0
0
0
0
0
0
0
0
0
0
0
0
0
0
0
0
0
0
0
0
0
0
0
0
0
0
0
0
0
0
0
0
1.482647e+08
0
0
0
0
0
0
0
0
1.399614e+08
1.59777e+08
0
0
0
0
0
0
0
1.346583e+08
1.520093e+08
1.995439e+08
0
0
0
0
0
0
1.318905e+08
1.479733e+08
1.918017e+08
2.990985e+08
0
0
0
0
0
1.313632e+08
1.468226e+08
1.89038e+08
2.912746e+08
5.894995e+08
0
0
0
0
1.328848e+08
1.482186e+08
1.900115e+08
2.908732e+08
5.840167e+08
0
0
0
1.365722e+08
1.520082e+08
1.943092e+08
2.959829e+08
5.907783e+08
0
0
1.423997e+08
1.582733e+08
2.016673e+08
3.0583e+08
6.061462e+08
0
1.502495e+08
1.666491e+08
2.117116e+08
3.193585e+08
6.27591e+08
1.58894e+08
1.76047e+08
2.228744e+08
3.344323e+08
6.508208e+08
1.84118e+08
2.325616e+08
3.473147e+08
6.702466e+08
2.395506e+08
3.566191e+08
6.837702e+08
3.623511e+08
6.918859e+08
6.954005e+08
0
0
0
0
0
0
0
0
0
0
0
0
0
0
0
0
0
0
0
0
0
0
0
0
0
0
0
0
0
0
0
0
0
0
0
0
0
0
0
0
0
0
0
0
0
0
0
0
0
1.541632e+08
0
0
0
0
0
0
0
0
1.450626e+08
1.646172e+08
0
0
0
0
0
0
0
1.381747e+08
1.556049e+08
2.034481e+08
0
0
0
0
0
0
1.336627e+08
1.498377e+08
1.939746e+08
3.019469e+08
0
0
0
0
0
1.313632e+08
1.468226e+08
1.89038e+08
2.912746e+08
5.894995e+08
0
0
0
0
1.31045e+08
1.462434e+08
1.876221e+08
2.87516e+08
5.780312e+08
0
0
0
1.327587e+08
1.478943e+08
1.893228e+08
2.88966e+08
5.784662e+08
0
0
1.364893e+08
1.518994e+08
1.939431e+08
2.950447e+08
5.876997e+08
0
1.424416e+08
1.582214e+08
2.015551e+08
3.053181e+08
6.043498e+08
1.502059e+08
1.667165e+08
2.116731e+08
3.191643e+08
6.263697e+08
1.760486e+08
2.229501e+08
3.34331e+08
6.500421e+08
2.325798e+08
3.473247e+08
6.696086e+08
3.56581e+08
6.832972e+08
6.914001e+08
0
0
0
0
0
0
0
0
0
0
0
0
0
0
0
0
0
0
0
0
0
0
0
0
0
0
0
0
0
0
0
0
0
0
0
0
0
0
0
0
0
0
0
1.608069e+08
0
0
0
0
0
0
0
0
1.518554e+08
1.710449e+08
0
0
0
0
0
0
0
1.43611e+08
1.611639e+08
2.094542e+08
0
0
0
0
0
0
1.37308e+08
1.53673e+08
1.984319e+08
3.077367e+08
0
0
0
0
0
1.331746e+08
1.487559e+08
1.913481e+08
2.944635e+08
5.950882e+08
0
0
0
0
1.310451e+08
1.462435e+08
1.876221e+08
2.87516e+08
5.780312e+08
0
0
0
1.309007e+08
1.458889e+08
1.868855e+08
2.855125e+08
5.72302e+08
0
0
1.32643e+08
1.477472e+08
1.888886e+08
2.879136e+08
5.751872e+08
0
1.365053e+08
1.517992e+08
1.937688e+08
2.944132e+08
5.857271e+08
1.423442e+08
1.582563e+08
2.014496e+08
3.050325e+08
6.029608e+08
1.666603e+08
2.117134e+08
3.1898e+08
6.254837e+08
2.229151e+08
3.343101e+08
6.49321e+08
3.472378e+08
6.691117e+08
6.827766e+08
0
0
0
0
0
0
0
0
0
0
0
0
0
0
0
0
0
0
0
0
0
0
0
0
0
0
0
0
0
0
0
0
0
0
0
0
1.667291e+08
0
0
0
0
0
0
0
0
1.594794e+08
1.782643e+08
0
0
0
0
0
0
0
1.508156e+08
1.685424e+08
2.173534e+08
0
0
0
0
0
0
1.42933e+08
1.595897e+08
2.052767e+08
3.165022e+08
0
0
0
0
0
1.36897e+08
1.527286e+08
1.960821e+08
3.009476e+08
6.062174e+08
0
0
0
0
1.328849e+08
1.482187e+08
1.900115e+08
2.908732e+08
5.840167e+08
0
0
0
1.309007e+08
1.458889e+08
1.868856e+08
2.855125e+08
5.72302e+08
0
0
1.307676e+08
1.457221e+08
1.864164e+08
2.844024e+08
5.689246e+08
0
1.326418e+08
1.476118e+08
1.886702e+08
2.871991e+08
5.730986e+08
1.363634e+08
1.518067e+08
1.936073e+08
2.940523e+08
5.842058e+08
1.581429e+08
2.01453e+08
3.047649e+08
6.019729e+08
2.116115e+08
3.189172e+08
6.246598e+08
3.341567e+08
6.487885e+08
6.685314e+08
0
0
0
0
0
0
0
0
0
0
0
0
0
0
0
0
0
0
0
0
0
0
0
0
0
0
0
0
1.711817e+08
0
0
0
0
0
0
0
0
1.661136e+08
1.846755e+08
0
0
0
0
0
0
0
1.58843e+08
1.767976e+08
2.261415e+08
0
0
0
0
0
0
1.503648e+08
1.67408e+08
2.14284e+08
3.278093e+08
0
0
0
0
0
1.426328e+08
1.588463e+08
2.033408e+08
3.107711e+08
6.225302e+08
0
0
0
0
1.366626e+08
1.522736e+08
1.949036e+08
2.976973e+08
5.959633e+08
0
0
0
1.327587e+08
1.478945e+08
1.893229e+08
2.88966e+08
5.784662e+08
0
0
1.307675e+08
1.457221e+08
1.864165e+08
2.844025e+08
5.689246e+08
0
1.30758e+08
1.455681e+08
1.861757e+08
2.836457e+08
5.66779e+08
1.324699e+08
1.476007e+08
1.88468e+08
2.867852e+08
5.714893e+08
1.516457e+08
1.935795e+08
2.937153e+08
5.831377e+08
2.012845e+08
3.046585e+08
6.010488e+08
3.186799e+08
6.240821e+08
6.481236e+08
0
0
0
0
0
0
0
0
0
0
0
0
0
0
0
0
0
0
0
1.740557e+08
0
0
0
0
0
0
0
0
1.709741e+08
1.894788e+08
0
0
0
0
0
0
0
1.657878e+08
1.839682e+08
2.338669e+08
0
0
0
0
0
0
1.586166e+08
1.760947e+08
2.242704e+08
3.401346e+08
0
0
0
0
0
1.50199e+08
1.669067e+08
2.128594e+08
3.234776e+08
6.427224e+08
0
0
0
0
1.424772e+08
1.585094e+08
2.023945e+08
3.08032e+08
6.135439e+08
0
0
0
1.365721e+08
1.520084e+08
1.943095e+08
2.95983e+08
5.907783e+08
0
0
1.326429e+08
1.477472e+08
1.888887e+08
2.879137e+08
5.751872e+08
0
1.30758e+08
1.455681e+08
1.861757e+08
2.836458e+08
5.66779e+08
1.305715e+08
1.455481e+08
1.859519e+08
2.83205e+08
5.651264e+08
1.474077e+08
1.884192e+08
2.863981e+08
5.703676e+08
1.933557e+08
2.935722e+08
5.821324e+08
3.04338e+08
6.004269e+08
6.23314e+08
0
0
0
0
0
0
0
0
0
1.75446e+08
0
0
0
0
0
0
0
0
1.740059e+08
1.925691e+08
0
0
0
0
0
0
0
1.708414e+08
1.892131e+08
2.396049e+08
0
0
0
0
0
0
1.657425e+08
1.835989e+08
2.328873e+08
3.507416e+08
0
0
0
0
0
1.585875e+08
1.758324e+08
2.233511e+08
3.373019e+08
6.637147e+08
0
0
0
0
1.501388e+08
1.667127e+08
2.121937e+08
3.213762e+08
6.354316e+08
0
0
0
1.424374e+08
1.583284e+08
2.019364e+08
3.066022e+08
6.0892e+08
0
0
1.364891e+08
1.518994e+08
1.939433e+08
2.950449e+08
5.876997e+08
0
1.326417e+08
1.476117e+08
1.886702e+08
2.871992e+08
5.730987e+08
1.305715e+08
1.45548e+08
1.859519e+08
2.83205e+08
5.651264e+08
1.453392e+08
1.858928e+08
2.827917e+08
5.639784e+08
1.881579e+08
2.862304e+08
5.693067e+08
2.931826e+08
5.814757e+08
5.995582e+08
0
0
0
0
0
0
0
0
1.754303e+08
1.940601e+08
0
0
0
0
0
0
0
1.740182e+08
1.924824e+08
2.4327e+08
0
0
0
0
0
0
1.709335e+08
1.890532e+08
2.391553e+08
3.584795e+08
0
0
0
0
0
1.658255e+08
1.835297e+08
2.32362e+08
3.490588e+08
6.809168e+08
0
0
0
0
1.58626e+08
1.757837e+08
2.229633e+08
3.358441e+08
6.582367e+08
0
0
0
1.501601e+08
1.666333e+08
2.119007e+08
3.20294e+08
6.315417e+08
0
0
1.423996e+08
1.582733e+08
2.016676e+08
3.058303e+08
6.061462e+08
0
1.365052e+08
1.517991e+08
1.937688e+08
2.944135e+08
5.857272e+08
1.3247e+08
1.476006e+08
1.884679e+08
2.867852e+08
5.714893e+08
1.453392e+08
1.858928e+08
2.827916e+08
5.639784e+08
1.856131e+08
2.82612e+08
5.628894e+08
2.857937e+08
5.686273e+08
5.805247e+08
0
0
0
0
0
0
0
1.755321e+08
1.940192e+08
2.45029e+08
0
0
0
0
0
0
1.741911e+08
1.924778e+08
2.430481e+08
3.633506e+08
0
0
0
0
0
1.710933e+08
1.891297e+08
2.3888e+08
3.575098e+08
6.929453e+08
0
0
0
0
1.65945e+08
1.835998e+08
2.32199e+08
3.481109e+08
6.769735e+08
0
0
0
1.587099e+08
1.758088e+08
2.228384e+08
3.351108e+08
6.551516e+08
0
0
1.501768e+08
1.666431e+08
2.117494e+08
3.197253e+08
6.291605e+08
0
1.424414e+08
1.582213e+08
2.01555e+08
3.053184e+08
6.043498e+08
1.363635e+08
1.518065e+08
1.936071e+08
2.940523e+08
5.842058e+08
1.474077e+08
1.884191e+08
2.86398e+08
5.703676e+08
1.856131e+08
2.82612e+08
5.628894e+08
2.82152e+08
5.621992e+08
5.676199e+08
0
0
0
0
0
0
1.757415e+08
1.941082e+08
2.448748e+08
3.656655e+08
0
0
0
0
0
1.743964e+08
1.926399e+08
2.429554e+08
3.627176e+08
7.002544e+08
0
0
0
0
1.71264e+08
1.892812e+08
2.388855e+08
3.568922e+08
6.90064e+08
0
0
0
1.660797e+08
1.837107e+08
2.322114e+08
3.476611e+08
6.745643e+08
0
0
1.587808e+08
1.758849e+08
2.228079e+08
3.347504e+08
6.531908e+08
0
1.502493e+08
1.66649e+08
2.117116e+08
3.193589e+08
6.275911e+08
1.423442e+08
1.582562e+08
2.014494e+08
3.050325e+08
6.029608e+08
1.516457e+08
1.935794e+08
2.937151e+08
5.831377e+08
1.881579e+08
2.862303e+08
5.693067e+08
2.821521e+08
5.621992e+08
5.611633e+08
0
0
0
0
0
1.759674e+08
1.94309e+08
2.4489e+08
3.651504e+08
7.036492e+08
0
0
0
0
1.745979e+08
1.928395e+08
2.430599e+08
3.623337e+08
6.979842e+08
0
0
0
1.714281e+08
1.894465e+08
2.389919e+08
3.56652e+08
6.881218e+08
0
0
1.661931e+08
1.838404e+08
2.322799e+08
3.474712e+08
6.729556e+08
0
1.58883e+08
1.759483e+08
2.228463e+08
3.345338e+08
6.518647e+08
1.502059e+08
1.667162e+08
2.11673e+08
3.191643e+08
6.263698e+08
1.581429e+08
2.014528e+08
3.047647e+08
6.019729e+08
1.933558e+08
2.93572e+08
5.821324e+08
2.857937e+08
5.686273e+08
5.611633e+08
0
0
0
0
1.76183e+08
1.945304e+08
2.450391e+08
3.64901e+08
7.01646e+08
0
0
0
1.747793e+08
1.930374e+08
2.432215e+08
3.622166e+08
6.963428e+08
0
0
1.715693e+08
1.896073e+08
2.391232e+08
3.565785e+08
6.867644e+08
0
1.66317e+08
1.839488e+08
2.323797e+08
3.473771e+08
6.718331e+08
1.58894e+08
1.760467e+08
2.228742e+08
3.344323e+08
6.50821e+08
1.666603e+08
2.117132e+08
3.189798e+08
6.254838e+08
2.012845e+08
3.046583e+08
6.010487e+08
2.931826e+08
5.814757e+08
5.676199e+08
0
0
0
1.763725e+08
1.947432e+08
2.452258e+08
3.648392e+08
7.001626e+08
0
0
1.749372e+08
1.932165e+08
2.433904e+08
3.622114e+08
6.951341e+08
0
1.71709e+08
1.897451e+08
2.392588e+08
3.56563e+08
6.857824e+08
1.663713e+08
1.840701e+08
2.324596e+08
3.473507e+08
6.70937e+08
1.760487e+08
2.229498e+08
3.343308e+08
6.500422e+08
2.116115e+08
3.189169e+08
6.246597e+08
3.04338e+08
6.004269e+08
5.805247e+08
0
0
1.765378e+08
1.949308e+08
2.454118e+08
3.648649e+08
6.990209e+08
0
1.750854e+08
1.933719e+08
2.43547e+08
3.622424e+08
6.942345e+08
1.717955e+08
1.898829e+08
2.393728e+08
3.565811e+08
6.849856e+08
1.841181e+08
2.32561e+08
3.473142e+08
6.702466e+08
2.229152e+08
3.343098e+08
6.493208e+08
3.186799e+08
6.240821e+08
5.995582e+08
0
1.766899e+08
1.950941e+08
2.45578e+08
3.64917e+08
6.981585e+08
1.751906e+08
1.935187e+08
2.436811e+08
3.622864e+08
6.93496e+08
1.899649e+08
2.394927e+08
3.565871e+08
6.843524e+08
2.325798e+08
3.473241e+08
6.696084e+08
3.341567e+08
6.487884e+08
6.233139e+08
1.768034e+08
1.952448e+08
2.457212e+08
3.649728e+08
6.974463e+08
1.936204e+08
2.438111e+08
3.623174e+08
6.928958e+08
2.395506e+08
3.566187e+08
6.837699e+08
3.472379e+08
6.691115e+08
6.481236e+08
1.953554e+08
2.458556e+08
3.65015e+08
6.968606e+08
2.438918e+08
3.623607e+08
6.923456e+08
3.56581e+08
6.83297e+08
6.685314e+08
2.459464e+08
3.650633e+08
6.963248e+08
3.623511e+08
6.918857e+08
6.827765e+08
3.650662e+08
6.958705e+08
6.914e+08
6.954004e+08
)
;

boundaryField
{
    airInlet
    {
        type            calculated;
        value           uniform 0;
    }
    airOutlet
    {
        type            calculated;
        value           nonuniform List<scalar> 0();
    }
    cathodeSides
    {
        type            calculated;
        value           uniform 0;
    }
    air_to_interconnect
    {
        type            calculated;
        value           uniform 0;
    }
    air_to_electrolyte
    {
        type            calculated;
        value           uniform 0;
    }
    procBoundary0to1
    {
        type            processor;
        value           uniform 0;
    }
}
)

// processor1

19740
(dimensions      [0 -3 0 0 0 1 0];

internalField   nonuniform List<scalar> 
4000
(
0
0
0
0
0
0
0
0
0
0
0
0
0
0
0
0
0
0
0
0
0
0
0
0
0
0
0
0
0
0
0
0
0
0
0
0
0
0
0
0
0
0
0
0
0
0
0
0
0
0
0
0
0
0
0
0
0
0
0
0
0
0
0
0
0
0
0
0
0
0
0
0
0
0
0
0
0
0
0
0
0
0
0
0
0
0
0
0
0
0
0
0
0
0
0
0
0
0
0
0
0
0
0
0
0
0
0
0
0
0
0
0
0
0
0
0
0
0
0
0
0
0
0
0
0
0
0
0
0
0
0
0
0
0
0
0
0
0
0
0
0
0
0
0
0
0
0
0
0
0
0
0
0
0
0
0
0
0
0
0
0
0
0
0
0
0
0
0
0
0
0
0
0
0
0
0
0
0
0
0
0
0
0
0
0
0
0
0
0
0
0
0
0
0
0
0
0
0
0
0
0
0
0
0
0
0
0
0
0
0
0
0
0
0
0
0
0
0
0
0
0
0
0
0
0
0
0
0
0
0
0
0
0
0
0
0
0
0
0
0
0
0
0
0
0
0
0
0
0
0
0
0
0
0
0
0
0
0
0
0
0
0
0
0
0
0
0
0
0
0
0
0
0
0
0
0
0
0
0
0
0
0
0
0
0
0
0
0
0
0
0
0
0
0
0
0
0
0
0
0
0
0
0
0
0
0
0
0
0
0
0
0
0
0
0
0
0
0
0
0
0
0
0
0
0
0
0
0
0
0
0
0
0
0
0
0
0
0
0
0
0
0
0
0
0
0
0
0
0
0
0
0
0
0
0
0
0
0
0
0
0
0
0
0
0
0
0
0
0
0
0
0
0
0
0
0
0
0
0
0
0
0
0
0
0
0
0
0
0
0
0
0
0
0
0
0
0
0
0
0
0
0
0
0
0
0
0
0
0
0
0
0
0
0
0
0
0
0
0
0
0
0
0
0
0
0
0
0
0
0
0
0
0
0
0
0
0
0
0
0
0
0
0
0
0
0
0
0
0
0
0
0
0
0
0
0
0
0
0
0
0
0
0
0
0
0
0
0
0
0
0
0
0
0
0
0
0
0
0
0
0
0
0
0
0
0
0
0
0
0
0
0
0
0
0
0
0
0
0
0
0
0
0
0
0
0
0
0
0
0
0
0
0
0
0
0
0
0
0
0
0
0
0
0
0
0
0
0
0
0
0
0
0
0
0
0
0
0
0
0
0
0
0
0
0
0
0
0
0
0
0
0
0
0
0
0
0
0
0
0
0
0
0
0
0
0
0
0
0
0
0
0
0
0
0
0
0
0
0
0
0
0
0
0
0
0
0
0
0
0
0
0
0
0
0
0
0
0
0
0
0
0
0
0
0
0
0
0
0
0
0
0
0
0
0
0
0
0
0
0
0
0
0
0
0
0
0
0
0
0
0
0
0
0
0
0
0
0
0
0
0
0
0
0
0
0
0
0
0
0
0
0
0
0
0
0
0
0
0
0
0
0
0
0
0
0
0
0
0
0
0
0
0
0
0
0
0
0
0
0
0
0
0
0
0
0
0
0
0
0
0
0
0
0
0
0
0
0
0
0
0
0
0
0
0
0
0
0
0
0
0
0
0
0
0
0
0
0
0
0
0
0
0
0
0
0
0
0
0
0
0
0
0
0
0
0
0
0
0
0
0
0
0
0
0
0
0
0
0
0
0
0
0
0
0
0
0
0
0
0
0
0
0
0
0
0
0
0
0
0
0
0
0
0
0
0
0
0
0
0
0
0
0
0
0
0
0
0
0
0
0
0
0
0
0
0
0
0
0
0
0
0
0
0
0
0
0
0
0
0
0
0
0
0
0
0
0
0
0
0
0
0
0
0
0
0
0
0
0
0
0
0
0
0
0
0
0
0
0
0
0
0
0
0
0
0
0
0
0
0
0
0
0
0
0
0
0
0
0
0
0
0
0
0
0
0
0
0
0
0
0
0
0
0
0
0
0
0
0
0
0
0
0
0
0
0
0
0
0
0
0
0
0
0
0
0
0
0
0
0
0
0
0
0
0
0
0
0
0
0
0
0
0
0
0
0
0
0
0
0
0
0
0
0
0
0
0
0
0
0
0
0
1.768461e+08
0
0
0
0
0
0
0
0
0
0
0
0
0
0
0
0
0
0
0
0
0
0
0
0
0
0
0
0
0
0
0
0
0
0
0
0
0
0
0
0
0
0
0
0
0
0
0
0
0
0
0
0
0
0
0
0
0
0
0
0
0
0
0
0
0
0
0
0
0
0
0
0
0
0
0
0
0
0
0
0
0
0
0
0
0
0
0
0
0
0
0
0
0
0
0
0
0
0
0
0
0
0
0
0
0
0
0
0
0
0
0
0
0
0
0
0
0
0
0
0
0
0
0
0
0
0
0
0
0
0
0
0
0
1.752104e+08
0
0
0
0
0
0
0
0
1.769812e+08
1.953919e+08
0
0
0
0
0
0
0
0
0
0
0
0
0
0
0
0
0
0
0
0
0
0
0
0
0
0
0
0
0
0
0
0
0
0
0
0
0
0
0
0
0
0
0
0
0
0
0
0
0
0
0
0
0
0
0
0
0
0
0
0
0
0
0
0
0
0
0
0
0
0
0
0
0
0
0
0
0
0
0
0
0
0
0
0
0
0
0
0
0
0
0
0
0
0
0
0
0
0
0
0
0
0
0
0
0
0
0
0
0
0
0
0
0
0
0
0
0
0
0
0
0
0
0
0
0
0
0
1.717656e+08
0
0
0
0
0
0
0
0
1.753444e+08
1.936326e+08
0
0
0
0
0
0
0
1.771198e+08
1.955263e+08
2.459562e+08
0
0
0
0
0
0
0
0
0
0
0
0
0
0
0
0
0
0
0
0
0
0
0
0
0
0
0
0
0
0
0
0
0
0
0
0
0
0
0
0
0
0
0
0
0
0
0
0
0
0
0
0
0
0
0
0
0
0
0
0
0
0
0
0
0
0
0
0
0
0
0
0
0
0
0
0
0
0
0
0
0
0
0
0
0
0
0
0
0
0
0
0
0
0
0
0
0
0
0
0
0
0
0
0
0
0
0
0
0
0
0
0
0
0
0
0
0
0
0
1.66259e+08
0
0
0
0
0
0
0
0
1.718961e+08
1.899243e+08
0
0
0
0
0
0
0
1.75483e+08
1.937659e+08
2.438734e+08
0
0
0
0
0
0
1.772622e+08
1.956652e+08
2.460788e+08
3.649817e+08
0
0
0
0
0
0
0
0
0
0
0
0
0
0
0
0
0
0
0
0
0
0
0
0
0
0
0
0
0
0
0
0
0
0
0
0
0
0
0
0
0
0
0
0
0
0
0
0
0
0
0
0
0
0
0
0
0
0
0
0
0
0
0
0
0
0
0
0
0
0
0
0
0
0
0
0
0
0
0
0
0
0
0
0
0
0
0
0
0
0
0
0
0
0
0
0
0
0
0
0
0
0
0
0
0
0
0
0
0
1.586687e+08
0
0
0
0
0
0
0
0
1.663806e+08
1.839898e+08
0
0
0
0
0
0
0
1.720348e+08
1.900541e+08
2.39471e+08
0
0
0
0
0
0
1.756259e+08
1.93905e+08
2.439949e+08
3.622314e+08
0
0
0
0
0
1.773948e+08
1.958083e+08
2.462093e+08
3.650366e+08
6.948845e+08
0
0
0
0
0
0
0
0
0
0
0
0
0
0
0
0
0
0
0
0
0
0
0
0
0
0
0
0
0
0
0
0
0
0
0
0
0
0
0
0
0
0
0
0
0
0
0
0
0
0
0
0
0
0
0
0
0
0
0
0
0
0
0
0
0
0
0
0
0
0
0
0
0
0
0
0
0
0
0
0
0
0
0
0
0
0
0
0
0
0
0
0
0
0
0
0
0
0
0
0
1.498444e+08
0
0
0
0
0
0
0
0
1.587767e+08
1.758e+08
0
0
0
0
0
0
0
1.665194e+08
1.841104e+08
2.323981e+08
0
0
0
0
0
0
1.721781e+08
1.901933e+08
2.395887e+08
3.563841e+08
0
0
0
0
0
1.757586e+08
1.940485e+08
2.441256e+08
3.62285e+08
6.908399e+08
0
0
0
0
1.775297e+08
1.959415e+08
2.463446e+08
3.651093e+08
6.945303e+08
0
0
0
0
0
0
0
0
0
0
0
0
0
0
0
0
0
0
0
0
0
0
0
0
0
0
0
0
0
0
0
0
0
0
0
0
0
0
0
0
0
0
0
0
0
0
0
0
0
0
0
0
0
0
0
0
0
0
0
0
0
0
0
0
0
0
0
0
0
0
0
0
0
0
0
0
0
0
0
0
0
0
0
0
0
0
0
0
0
0
0
0
1.418512e+08
0
0
0
0
0
0
0
0
1.49936e+08
1.662664e+08
0
0
0
0
0
0
0
1.589118e+08
1.759064e+08
2.225927e+08
0
0
0
0
0
0
1.666624e+08
1.842499e+08
2.325058e+08
3.469121e+08
0
0
0
0
0
1.723109e+08
1.903374e+08
2.3972e+08
3.564336e+08
6.821192e+08
0
0
0
0
1.75894e+08
1.94182e+08
2.442617e+08
3.623584e+08
6.904839e+08
0
0
0
1.776567e+08
1.960771e+08
2.464715e+08
3.651884e+08
6.942311e+08
0
0
0
0
0
0
0
0
0
0
0
0
0
0
0
0
0
0
0
0
0
0
0
0
0
0
0
0
0
0
0
0
0
0
0
0
0
0
0
0
0
0
0
0
0
0
0
0
0
0
0
0
0
0
0
0
0
0
0
0
0
0
0
0
0
0
0
0
0
0
0
0
0
0
0
0
0
0
0
0
0
0
0
0
0
1.357645e+08
0
0
0
0
0
0
0
0
1.419263e+08
1.576084e+08
0
0
0
0
0
0
0
1.500628e+08
1.663558e+08
2.111189e+08
0
0
0
0
0
0
1.590535e+08
1.760424e+08
2.226847e+08
3.336513e+08
0
0
0
0
0
1.667941e+08
1.84394e+08
2.326379e+08
3.469504e+08
6.67711e+08
0
0
0
0
1.724467e+08
1.904711e+08
2.398569e+08
3.565083e+08
6.817581e+08
0
0
0
1.760204e+08
1.943182e+08
2.44389e+08
3.624385e+08
6.90186e+08
0
0
1.777913e+08
1.96205e+08
2.466007e+08
3.652651e+08
6.93942e+08
0
0
0
0
0
0
0
0
0
0
0
0
0
0
0
0
0
0
0
0
0
0
0
0
0
0
0
0
0
0
0
0
0
0
0
0
0
0
0
0
0
0
0
0
0
0
0
0
0
0
0
0
0
0
0
0
0
0
0
0
0
0
0
0
0
0
0
0
0
0
0
0
0
0
0
0
0
0
0
1.317995e+08
0
0
0
0
0
0
0
0
1.358257e+08
1.509979e+08
0
0
0
0
0
0
0
1.420424e+08
1.576805e+08
2.006266e+08
0
0
0
0
0
0
1.502011e+08
1.664833e+08
2.111919e+08
3.179565e+08
0
0
0
0
0
1.591828e+08
1.761853e+08
2.228134e+08
3.336721e+08
6.470708e+08
0
0
0
0
1.669295e+08
1.845267e+08
2.327751e+08
3.47027e+08
6.673388e+08
0
0
0
1.725722e+08
1.906079e+08
2.399847e+08
3.565901e+08
6.814625e+08
0
0
1.761552e+08
1.944455e+08
2.445189e+08
3.625162e+08
6.898979e+08
0
1.77912e+08
1.963405e+08
2.467234e+08
3.65344e+08
6.936855e+08
0
0
0
0
0
0
0
0
0
0
0
0
0
0
0
0
0
0
0
0
0
0
0
0
0
0
0
0
0
0
0
0
0
0
0
0
0
0
0
0
0
0
0
0
0
0
0
0
0
0
0
0
0
0
0
0
0
0
0
0
0
0
0
0
0
0
0
0
0
0
0
0
0
0
1.298637e+08
0
0
0
0
0
0
0
0
1.318513e+08
1.466832e+08
0
0
0
0
0
0
0
1.359331e+08
1.510552e+08
1.92564e+08
0
0
0
0
0
0
1.421741e+08
1.57797e+08
2.006804e+08
3.034015e+08
0
0
0
0
0
1.503257e+08
1.666228e+08
2.113119e+08
3.17956e+08
6.219784e+08
0
0
0
0
1.593169e+08
1.763158e+08
2.229499e+08
3.337461e+08
6.46682e+08
0
0
0
1.670538e+08
1.846632e+08
2.329024e+08
3.471098e+08
6.670455e+08
0
0
1.727066e+08
1.907344e+08
2.401156e+08
3.56669e+08
6.811758e+08
0
1.762767e+08
1.945813e+08
2.446412e+08
3.625962e+08
6.896428e+08
1.780317e+08
1.96462e+08
2.468539e+08
3.654218e+08
6.934286e+08
0
0
0
0
0
0
0
0
0
0
0
0
0
0
0
0
0
0
0
0
0
0
0
0
0
0
0
0
0
0
0
0
0
0
0
0
0
0
0
0
0
0
0
0
0
0
0
0
0
0
0
0
0
0
0
0
0
0
0
0
0
0
0
0
0
0
0
0
0
1.298637e+08
0
0
0
0
0
0
0
0
1.29911e+08
1.445747e+08
0
0
0
0
0
0
0
1.319529e+08
1.467305e+08
1.872753e+08
0
0
0
0
0
0
1.36056e+08
1.511627e+08
1.926013e+08
2.920721e+08
0
0
0
0
0
1.422926e+08
1.579298e+08
2.007886e+08
3.033794e+08
5.979442e+08
0
0
0
0
1.504561e+08
1.667487e+08
2.114451e+08
3.180217e+08
6.215699e+08
0
0
0
1.594384e+08
1.764511e+08
2.230752e+08
3.33829e+08
6.46388e+08
0
0
1.671859e+08
1.847887e+08
2.330333e+08
3.471892e+08
6.667594e+08
0
1.728294e+08
1.9087e+08
2.402373e+08
3.567506e+08
6.80923e+08
1.763968e+08
1.947038e+08
2.447722e+08
3.626739e+08
6.893869e+08
1.965824e+08
2.46971e+08
3.655067e+08
6.932007e+08
0
0
0
0
0
0
0
0
0
0
0
0
0
0
0
0
0
0
0
0
0
0
0
0
0
0
0
0
0
0
0
0
0
0
0
0
0
0
0
0
0
0
0
0
0
0
0
0
0
0
0
0
0
0
0
0
0
0
0
0
0
0
0
0
1.317995e+08
0
0
0
0
0
0
0
0
1.29911e+08
1.445747e+08
0
0
0
0
0
0
0
1.300101e+08
1.446171e+08
1.846831e+08
0
0
0
0
0
0
1.320691e+08
1.468317e+08
1.873014e+08
2.845638e+08
0
0
0
0
0
1.361698e+08
1.512864e+08
1.926998e+08
2.920316e+08
5.786775e+08
0
0
0
0
1.424164e+08
1.580495e+08
2.009146e+08
3.034334e+08
5.975173e+08
0
0
0
1.505732e+08
1.668804e+08
2.115658e+08
3.181017e+08
6.212722e+08
0
0
1.595671e+08
1.765739e+08
2.232053e+08
3.339074e+08
6.461009e+08
0
1.673072e+08
1.849221e+08
2.331543e+08
3.472716e+08
6.665085e+08
1.729503e+08
1.909939e+08
2.403684e+08
3.568285e+08
6.806685e+08
1.948246e+08
2.448905e+08
3.627596e+08
6.8916e+08
2.470861e+08
3.655826e+08
6.929698e+08
0
0
0
0
0
0
0
0
0
0
0
0
0
0
0
0
0
0
0
0
0
0
0
0
0
0
0
0
0
0
0
0
0
0
0
0
0
0
0
0
0
0
0
0
0
0
0
0
0
0
0
0
0
0
0
0
0
0
0
1.357645e+08
0
0
0
0
0
0
0
0
1.318513e+08
1.466832e+08
0
0
0
0
0
0
0
1.300101e+08
1.446171e+08
1.846831e+08
0
0
0
0
0
0
1.301234e+08
1.447157e+08
1.847037e+08
2.808598e+08
0
0
0
0
0
1.321787e+08
1.469482e+08
1.873931e+08
2.845109e+08
5.656073e+08
0
0
0
0
1.362874e+08
1.51401e+08
1.92816e+08
2.920759e+08
5.782366e+08
0
0
0
1.425272e+08
1.581744e+08
2.01029e+08
3.035063e+08
5.972145e+08
0
0
1.506974e+08
1.669988e+08
2.116923e+08
3.181763e+08
6.209818e+08
0
1.596842e+08
1.76704e+08
2.233239e+08
3.339897e+08
6.458507e+08
1.674295e+08
1.850446e+08
2.332833e+08
3.473498e+08
6.662546e+08
1.911157e+08
2.404885e+08
3.569147e+08
6.804433e+08
2.450062e+08
3.628372e+08
6.889298e+08
3.656544e+08
6.927621e+08
0
0
0
0
0
0
0
0
0
0
0
0
0
0
0
0
0
0
0
0
0
0
0
0
0
0
0
0
0
0
0
0
0
0
0
0
0
0
0
0
0
0
0
0
0
0
0
0
0
0
0
0
0
0
1.418512e+08
0
0
0
0
0
0
0
0
1.358257e+08
1.509979e+08
0
0
0
0
0
0
0
1.319529e+08
1.467305e+08
1.872753e+08
0
0
0
0
0
0
1.301234e+08
1.447157e+08
1.847037e+08
2.808598e+08
0
0
0
0
0
1.302299e+08
1.448291e+08
1.847925e+08
2.808009e+08
5.590647e+08
0
0
0
0
1.322927e+08
1.470586e+08
1.875014e+08
2.845484e+08
5.651576e+08
0
0
0
1.363924e+08
1.515197e+08
1.929249e+08
2.921387e+08
5.779304e+08
0
0
1.426454e+08
1.582865e+08
2.011484e+08
3.035749e+08
5.96919e+08
0
1.508081e+08
1.671243e+08
2.118065e+08
3.182555e+08
6.207302e+08
1.598056e+08
1.768224e+08
2.234496e+08
3.340665e+08
6.455959e+08
1.851681e+08
2.334024e+08
3.474344e+08
6.660315e+08
2.406055e+08
3.56995e+08
6.802138e+08
3.629098e+08
6.88724e+08
6.925424e+08
0
0
0
0
0
0
0
0
0
0
0
0
0
0
0
0
0
0
0
0
0
0
0
0
0
0
0
0
0
0
0
0
0
0
0
0
0
0
0
0
0
0
0
0
0
0
0
0
0
1.498445e+08
0
0
0
0
0
0
0
0
1.419262e+08
1.576084e+08
0
0
0
0
0
0
0
1.359332e+08
1.510552e+08
1.92564e+08
0
0
0
0
0
0
1.32069e+08
1.468317e+08
1.873013e+08
2.845638e+08
0
0
0
0
0
1.302298e+08
1.44829e+08
1.847925e+08
2.808009e+08
5.590647e+08
0
0
0
0
1.303421e+08
1.44936e+08
1.848974e+08
2.808356e+08
5.58611e+08
0
0
0
1.323935e+08
1.471732e+08
1.876057e+08
2.846033e+08
5.648499e+08
0
0
1.36505e+08
1.516257e+08
1.930376e+08
2.922022e+08
5.776301e+08
0
1.427495e+08
1.584059e+08
2.01256e+08
3.03647e+08
5.966647e+08
1.509248e+08
1.672364e+08
2.119277e+08
3.183287e+08
6.204724e+08
1.76945e+08
2.235647e+08
3.341483e+08
6.453737e+08
2.335215e+08
3.475146e+08
6.658011e+08
3.570695e+08
6.80011e+08
6.885049e+08
0
0
0
0
0
0
0
0
0
0
0
0
0
0
0
0
0
0
0
0
0
0
0
0
0
0
0
0
0
0
0
0
0
0
0
0
0
0
0
0
0
0
0
1.586687e+08
0
0
0
0
0
0
0
0
1.49936e+08
1.662664e+08
0
0
0
0
0
0
0
1.420425e+08
1.576804e+08
2.006266e+08
0
0
0
0
0
0
1.360559e+08
1.511628e+08
1.926013e+08
2.920721e+08
0
0
0
0
0
1.321786e+08
1.469481e+08
1.873931e+08
2.845109e+08
5.656073e+08
0
0
0
0
1.303421e+08
1.44936e+08
1.848973e+08
2.808356e+08
5.586109e+08
0
0
0
1.304411e+08
1.450488e+08
1.84998e+08
2.808871e+08
5.583029e+08
0
0
1.325019e+08
1.472748e+08
1.87714e+08
2.846623e+08
5.645466e+08
0
1.366037e+08
1.517393e+08
1.931388e+08
2.922674e+08
5.773738e+08
1.428585e+08
1.585112e+08
2.013707e+08
3.037139e+08
5.964021e+08
1.673543e+08
2.120363e+08
3.184064e+08
6.202494e+08
2.236833e+08
3.342254e+08
6.451413e+08
3.475919e+08
6.656002e+08
6.797931e+08
0
0
0
0
0
0
0
0
0
0
0
0
0
0
0
0
0
0
0
0
0
0
0
0
0
0
0
0
0
0
0
0
0
0
0
0
1.66259e+08
0
0
0
0
0
0
0
0
1.587766e+08
1.758e+08
0
0
0
0
0
0
0
1.500629e+08
1.663557e+08
2.111189e+08
0
0
0
0
0
0
1.421739e+08
1.577971e+08
2.006803e+08
3.034015e+08
0
0
0
0
0
1.361696e+08
1.512862e+08
1.926998e+08
2.920316e+08
5.786776e+08
0
0
0
0
1.322926e+08
1.470585e+08
1.875013e+08
2.845485e+08
5.651576e+08
0
0
0
1.304411e+08
1.450488e+08
1.849979e+08
2.80887e+08
5.583029e+08
0
0
1.305473e+08
1.451484e+08
1.851043e+08
2.809423e+08
5.579986e+08
0
1.325968e+08
1.47384e+08
1.878105e+08
2.847231e+08
5.642891e+08
1.367059e+08
1.51839e+08
1.932472e+08
2.923282e+08
5.771075e+08
1.586212e+08
2.014723e+08
3.037852e+08
5.961768e+08
2.1215e+08
3.184776e+08
6.200134e+08
3.343027e+08
6.449405e+08
6.653833e+08
0
0
0
0
0
0
0
0
0
0
0
0
0
0
0
0
0
0
0
0
0
0
0
0
0
0
0
0
1.717656e+08
0
0
0
0
0
0
0
0
1.663804e+08
1.839898e+08
0
0
0
0
0
0
0
1.589118e+08
1.759063e+08
2.225928e+08
0
0
0
0
0
0
1.50201e+08
1.664833e+08
2.111919e+08
3.179565e+08
0
0
0
0
0
1.422925e+08
1.579296e+08
2.007887e+08
3.033793e+08
5.979443e+08
0
0
0
0
1.362874e+08
1.514009e+08
1.928158e+08
2.920759e+08
5.782366e+08
0
0
0
1.323935e+08
1.471732e+08
1.876056e+08
2.846032e+08
5.648499e+08
0
0
1.305473e+08
1.451484e+08
1.851042e+08
2.809423e+08
5.579986e+08
0
1.306405e+08
1.452553e+08
1.851986e+08
2.810012e+08
5.577403e+08
1.326948e+08
1.474798e+08
1.879141e+08
2.847792e+08
5.640208e+08
1.51942e+08
1.933429e+08
2.92393e+08
5.768802e+08
2.015776e+08
3.038498e+08
5.959364e+08
3.185502e+08
6.198114e+08
6.447222e+08
0
0
0
0
0
0
0
0
0
0
0
0
0
0
0
0
0
0
0
1.752104e+08
0
0
0
0
0
0
0
0
1.71896e+08
1.899242e+08
0
0
0
0
0
0
0
1.665195e+08
1.841102e+08
2.323981e+08
0
0
0
0
0
0
1.590534e+08
1.760424e+08
2.226846e+08
3.336513e+08
0
0
0
0
0
1.503256e+08
1.666227e+08
2.11312e+08
3.179559e+08
6.219784e+08
0
0
0
0
1.424163e+08
1.580493e+08
2.009144e+08
3.034335e+08
5.975172e+08
0
0
0
1.363924e+08
1.515196e+08
1.929248e+08
2.921385e+08
5.779305e+08
0
0
1.325019e+08
1.472748e+08
1.877139e+08
2.846621e+08
5.645465e+08
0
1.306405e+08
1.452553e+08
1.851986e+08
2.810012e+08
5.577403e+08
1.307368e+08
1.453491e+08
1.852997e+08
2.810552e+08
5.574713e+08
1.475783e+08
1.880056e+08
2.848393e+08
5.637924e+08
1.934406e+08
2.92452e+08
5.766362e+08
3.039138e+08
5.957322e+08
6.195887e+08
0
0
0
0
0
0
0
0
0
1.768461e+08
0
0
0
0
0
0
0
0
1.753443e+08
1.936326e+08
0
0
0
0
0
0
0
1.720349e+08
1.90054e+08
2.394709e+08
0
0
0
0
0
0
1.666622e+08
1.8425e+08
2.325056e+08
3.469121e+08
0
0
0
0
0
1.591825e+08
1.761851e+08
2.228135e+08
3.336719e+08
6.470709e+08
0
0
0
0
1.50456e+08
1.667485e+08
2.114449e+08
3.180218e+08
6.215698e+08
0
0
0
1.425272e+08
1.581743e+08
2.010288e+08
3.035061e+08
5.972146e+08
0
0
1.365049e+08
1.516257e+08
1.930375e+08
2.92202e+08
5.7763e+08
0
1.325968e+08
1.47384e+08
1.878105e+08
2.847231e+08
5.642891e+08
1.307368e+08
1.453492e+08
1.852997e+08
2.810552e+08
5.574713e+08
1.454458e+08
1.853891e+08
2.811127e+08
5.572426e+08
1.880984e+08
2.848941e+08
5.635462e+08
2.925081e+08
5.764305e+08
5.955038e+08
0
0
0
0
0
0
0
0
1.769811e+08
1.953918e+08
0
0
0
0
0
0
0
1.754831e+08
1.937659e+08
2.438734e+08
0
0
0
0
0
0
1.721779e+08
1.901934e+08
2.395885e+08
3.563841e+08
0
0
0
0
0
1.667938e+08
1.843937e+08
2.32638e+08
3.469502e+08
6.677111e+08
0
0
0
0
1.593167e+08
1.763155e+08
2.229497e+08
3.337462e+08
6.466819e+08
0
0
0
1.505731e+08
1.668803e+08
2.115656e+08
3.181015e+08
6.212723e+08
0
0
1.426453e+08
1.582864e+08
2.011482e+08
3.035747e+08
5.969189e+08
0
1.366037e+08
1.517392e+08
1.931388e+08
2.922673e+08
5.773738e+08
1.326949e+08
1.474798e+08
1.879141e+08
2.847792e+08
5.640208e+08
1.454458e+08
1.853891e+08
2.811127e+08
5.572426e+08
1.854798e+08
2.811657e+08
5.569954e+08
2.849452e+08
5.633397e+08
5.761975e+08
0
0
0
0
0
0
0
1.771199e+08
1.955262e+08
2.459561e+08
0
0
0
0
0
0
1.756256e+08
1.93905e+08
2.439948e+08
3.622313e+08
0
0
0
0
0
1.723105e+08
1.903372e+08
2.3972e+08
3.564334e+08
6.821192e+08
0
0
0
0
1.669293e+08
1.845264e+08
2.327748e+08
3.470271e+08
6.673387e+08
0
0
0
1.594383e+08
1.76451e+08
2.230749e+08
3.338288e+08
6.463881e+08
0
0
1.506974e+08
1.669987e+08
2.116922e+08
3.181761e+08
6.209817e+08
0
1.427495e+08
1.584059e+08
2.012559e+08
3.036468e+08
5.966647e+08
1.36706e+08
1.518391e+08
1.932472e+08
2.923282e+08
5.771074e+08
1.475784e+08
1.880056e+08
2.848392e+08
5.637924e+08
1.854799e+08
2.811657e+08
5.569954e+08
2.812146e+08
5.567887e+08
5.631041e+08
0
0
0
0
0
0
1.77262e+08
1.956653e+08
2.460787e+08
3.649816e+08
0
0
0
0
0
1.757583e+08
1.940483e+08
2.441257e+08
3.622849e+08
6.908399e+08
0
0
0
0
1.724465e+08
1.904708e+08
2.398567e+08
3.565084e+08
6.81758e+08
0
0
0
1.670537e+08
1.84663e+08
2.32902e+08
3.471095e+08
6.670456e+08
0
0
1.595671e+08
1.765739e+08
2.232051e+08
3.339071e+08
6.461008e+08
0
1.508081e+08
1.671243e+08
2.118065e+08
3.182553e+08
6.207302e+08
1.428586e+08
1.585112e+08
2.013706e+08
3.037139e+08
5.96402e+08
1.519421e+08
1.93343e+08
2.92393e+08
5.768802e+08
1.880984e+08
2.848942e+08
5.635462e+08
2.812146e+08
5.567887e+08
5.56552e+08
0
0
0
0
0
1.773945e+08
1.95808e+08
2.462094e+08
3.650365e+08
6.948845e+08
0
0
0
0
1.758938e+08
1.941817e+08
2.442614e+08
3.623584e+08
6.904838e+08
0
0
0
1.725721e+08
1.906077e+08
2.399844e+08
3.565898e+08
6.814626e+08
0
0
1.671858e+08
1.847886e+08
2.330331e+08
3.471888e+08
6.667592e+08
0
1.596842e+08
1.767039e+08
2.233238e+08
3.339895e+08
6.458506e+08
1.509249e+08
1.672364e+08
2.119277e+08
3.183287e+08
6.204723e+08
1.586213e+08
2.014723e+08
3.037851e+08
5.961769e+08
1.934407e+08
2.924521e+08
5.766362e+08
2.849452e+08
5.633398e+08
5.56552e+08
0
0
0
0
1.775295e+08
1.959412e+08
2.463444e+08
3.651093e+08
6.945302e+08
0
0
0
1.760203e+08
1.94318e+08
2.443886e+08
3.624382e+08
6.901861e+08
0
0
1.727065e+08
1.907343e+08
2.401154e+08
3.566686e+08
6.811756e+08
0
1.673071e+08
1.84922e+08
2.331542e+08
3.472714e+08
6.665084e+08
1.598056e+08
1.768224e+08
2.234496e+08
3.340664e+08
6.455958e+08
1.673543e+08
2.120363e+08
3.184063e+08
6.202495e+08
2.015776e+08
3.038499e+08
5.959363e+08
2.925082e+08
5.764306e+08
5.631041e+08
0
0
0
1.776566e+08
1.960769e+08
2.464711e+08
3.651881e+08
6.942312e+08
0
0
1.76155e+08
1.944453e+08
2.445187e+08
3.625158e+08
6.898977e+08
0
1.728294e+08
1.908699e+08
2.402372e+08
3.567504e+08
6.809228e+08
1.674296e+08
1.850446e+08
2.332832e+08
3.473497e+08
6.662544e+08
1.76945e+08
2.235647e+08
3.341482e+08
6.453738e+08
2.121501e+08
3.184776e+08
6.200133e+08
3.039138e+08
5.957323e+08
5.761975e+08
0
0
1.777911e+08
1.962048e+08
2.466005e+08
3.652647e+08
6.939418e+08
0
1.762767e+08
1.945812e+08
2.44641e+08
3.625959e+08
6.896427e+08
1.729505e+08
1.909939e+08
2.403682e+08
3.568284e+08
6.806683e+08
1.851681e+08
2.334023e+08
3.474342e+08
6.660315e+08
2.236833e+08
3.342254e+08
6.451411e+08
3.185502e+08
6.198114e+08
5.955037e+08
0
1.77912e+08
1.963403e+08
2.467232e+08
3.653438e+08
6.936853e+08
1.763969e+08
1.947038e+08
2.447721e+08
3.626738e+08
6.893868e+08
1.911159e+08
2.404885e+08
3.569145e+08
6.804433e+08
2.335216e+08
3.475146e+08
6.65801e+08
3.343027e+08
6.449406e+08
6.195886e+08
1.780318e+08
1.964621e+08
2.468537e+08
3.654216e+08
6.934285e+08
1.948247e+08
2.448905e+08
3.627594e+08
6.8916e+08
2.406057e+08
3.56995e+08
6.802136e+08
3.47592e+08
6.656003e+08
6.447221e+08
1.965826e+08
2.46971e+08
3.655065e+08
6.932007e+08
2.450063e+08
3.628372e+08
6.889296e+08
3.570697e+08
6.800111e+08
6.653832e+08
2.470863e+08
3.655827e+08
6.929696e+08
3.6291e+08
6.88724e+08
6.797931e+08
3.656546e+08
6.927622e+08
6.885049e+08
6.925424e+08
)
;

boundaryField
{
    airInlet
    {
        type            calculated;
        value           nonuniform List<scalar> 0();
    }
    airOutlet
    {
        type            calculated;
        value           nonuniform List<scalar> 0();
    }
    cathodeSides
    {
        type            calculated;
        value           uniform 0;
    }
    air_to_interconnect
    {
        type            calculated;
        value           uniform 0;
    }
    air_to_electrolyte
    {
        type            calculated;
        value           uniform 0;
    }
    procBoundary1to0
    {
        type            processor;
        value           uniform 0;
    }
    procBoundary1to2
    {
        type            processor;
        value           uniform 0;
    }
}
)

// processor2

19740
(dimensions      [0 -3 0 0 0 1 0];

internalField   nonuniform List<scalar> 
4000
(
0
0
0
0
0
0
0
0
0
0
0
0
0
0
0
0
0
0
0
0
0
0
0
0
0
0
0
0
0
0
0
0
0
0
0
0
0
0
0
0
0
0
0
0
0
0
0
0
0
0
0
0
0
0
0
0
0
0
0
0
0
0
0
0
0
0
0
0
0
0
0
0
0
0
0
0
0
0
0
0
0
0
0
0
0
0
0
0
0
0
0
0
0
0
0
0
0
0
0
0
0
0
0
0
0
0
0
0
0
0
0
0
0
0
0
0
0
0
0
0
0
0
0
0
0
0
0
0
0
0
0
0
0
0
0
0
0
0
0
0
0
0
0
0
0
0
0
0
0
0
0
0
0
0
0
0
0
0
0
0
0
0
0
0
0
0
0
0
0
0
0
0
0
0
0
0
0
0
0
0
0
0
0
0
0
0
0
0
0
0
0
0
0
0
0
0
0
0
0
0
0
0
0
0
0
0
0
0
0
0
0
0
0
0
0
0
0
0
0
0
0
0
0
0
0
0
0
0
0
0
0
0
0
0
0
0
0
0
0
0
0
0
0
0
0
0
0
0
0
0
0
0
0
0
0
0
0
0
0
0
0
0
0
0
0
0
0
0
0
0
0
0
0
0
0
0
0
0
0
0
0
0
0
0
0
0
0
0
0
0
0
0
0
0
0
0
0
0
0
0
0
0
0
0
0
0
0
0
0
0
0
0
0
0
0
0
0
0
0
0
0
0
0
0
0
0
0
0
0
0
0
0
0
0
0
0
0
0
0
0
0
0
0
0
0
0
0
0
0
0
0
0
0
0
0
0
0
0
0
0
0
0
0
0
0
0
0
0
0
0
0
0
0
0
0
0
0
0
0
0
0
0
0
0
0
0
0
0
0
0
0
0
0
0
0
0
0
0
0
0
0
0
0
0
0
0
0
0
0
0
0
0
0
0
0
0
0
0
0
0
0
0
0
0
0
0
0
0
0
0
0
0
0
0
0
0
0
0
0
0
0
0
0
0
0
0
0
0
0
0
0
0
0
0
0
0
0
0
0
0
0
0
0
0
0
0
0
0
0
0
0
0
0
0
0
0
0
0
0
0
0
0
0
0
0
0
0
0
0
0
0
0
0
0
0
0
0
0
0
0
0
0
0
0
0
0
0
0
0
0
0
0
0
0
0
0
0
0
0
0
0
0
0
0
0
0
0
0
0
0
0
0
0
0
0
0
0
0
0
0
0
0
0
0
0
0
0
0
0
0
0
0
0
0
0
0
0
0
0
0
0
0
0
0
0
0
0
0
0
0
0
0
0
0
0
0
0
0
0
0
0
0
0
0
0
0
0
0
0
0
0
0
0
0
0
0
0
0
0
0
0
0
0
0
0
0
0
0
0
0
0
0
0
0
0
0
0
0
0
0
0
0
0
0
0
0
0
0
0
0
0
0
0
0
0
0
0
0
0
0
0
0
0
0
0
0
0
0
0
0
0
0
0
0
0
0
0
0
0
0
0
0
0
0
0
0
0
0
0
0
0
0
0
0
0
0
0
0
0
0
0
0
0
0
0
0
0
0
0
0
0
0
0
0
0
0
0
0
0
0
0
0
0
0
0
0
0
0
0
0
0
0
0
0
0
0
0
0
0
0
0
0
0
0
0
0
0
0
0
0
0
0
0
0
0
0
0
0
0
0
0
0
0
0
0
0
0
0
0
0
0
0
0
0
0
0
0
0
0
0
0
0
0
0
0
0
0
0
0
0
0
0
0
0
0
0
0
0
0
0
0
0
0
0
0
0
0
0
0
0
0
0
0
0
0
0
0
0
0
0
0
0
0
0
0
0
0
0
0
0
0
0
0
0
0
0
0
0
0
0
0
0
0
0
0
0
0
0
0
0
0
0
0
0
0
0
0
0
0
0
0
0
0
0
0
0
0
0
0
0
0
0
0
0
0
0
0
0
0
0
0
0
0
0
0
0
0
0
0
0
0
0
0
0
0
0
0
0
0
0
0
0
0
0
0
0
0
0
0
0
0
0
0
0
0
0
0
0
0
0
0
0
0
0
0
0
0
0
0
0
0
0
0
0
0
0
0
0
0
0
0
0
0
0
0
0
0
0
0
0
0
0
1.781397e+08
0
0
0
0
0
0
0
0
0
0
0
0
0
0
0
0
0
0
0
0
0
0
0
0
0
0
0
0
0
0
0
0
0
0
0
0
0
0
0
0
0
0
0
0
0
0
0
0
0
0
0
0
0
0
0
0
0
0
0
0
0
0
0
0
0
0
0
0
0
0
0
0
0
0
0
0
0
0
0
0
0
0
0
0
0
0
0
0
0
0
0
0
0
0
0
0
0
0
0
0
0
0
0
0
0
0
0
0
0
0
0
0
0
0
0
0
0
0
0
0
0
0
0
0
0
0
0
0
0
0
0
0
0
1.765041e+08
0
0
0
0
0
0
0
0
1.782582e+08
1.96691e+08
0
0
0
0
0
0
0
0
0
0
0
0
0
0
0
0
0
0
0
0
0
0
0
0
0
0
0
0
0
0
0
0
0
0
0
0
0
0
0
0
0
0
0
0
0
0
0
0
0
0
0
0
0
0
0
0
0
0
0
0
0
0
0
0
0
0
0
0
0
0
0
0
0
0
0
0
0
0
0
0
0
0
0
0
0
0
0
0
0
0
0
0
0
0
0
0
0
0
0
0
0
0
0
0
0
0
0
0
0
0
0
0
0
0
0
0
0
0
0
0
0
0
0
0
0
0
0
1.730561e+08
0
0
0
0
0
0
0
0
1.76623e+08
1.949325e+08
0
0
0
0
0
0
0
1.783701e+08
1.968103e+08
2.471899e+08
0
0
0
0
0
0
0
0
0
0
0
0
0
0
0
0
0
0
0
0
0
0
0
0
0
0
0
0
0
0
0
0
0
0
0
0
0
0
0
0
0
0
0
0
0
0
0
0
0
0
0
0
0
0
0
0
0
0
0
0
0
0
0
0
0
0
0
0
0
0
0
0
0
0
0
0
0
0
0
0
0
0
0
0
0
0
0
0
0
0
0
0
0
0
0
0
0
0
0
0
0
0
0
0
0
0
0
0
0
0
0
0
0
0
0
0
0
0
0
1.675327e+08
0
0
0
0
0
0
0
0
1.73175e+08
1.912221e+08
0
0
0
0
0
0
0
1.767346e+08
1.950522e+08
2.451094e+08
0
0
0
0
0
0
1.784926e+08
1.969231e+08
2.473048e+08
3.657191e+08
0
0
0
0
0
0
0
0
0
0
0
0
0
0
0
0
0
0
0
0
0
0
0
0
0
0
0
0
0
0
0
0
0
0
0
0
0
0
0
0
0
0
0
0
0
0
0
0
0
0
0
0
0
0
0
0
0
0
0
0
0
0
0
0
0
0
0
0
0
0
0
0
0
0
0
0
0
0
0
0
0
0
0
0
0
0
0
0
0
0
0
0
0
0
0
0
0
0
0
0
0
0
0
0
0
0
0
0
0
1.599044e+08
0
0
0
0
0
0
0
0
1.67652e+08
1.852719e+08
0
0
0
0
0
0
0
1.732864e+08
1.91342e+08
2.407073e+08
0
0
0
0
0
0
1.768569e+08
1.951648e+08
2.452248e+08
3.629741e+08
0
0
0
0
0
1.786071e+08
1.970467e+08
2.474143e+08
3.657937e+08
6.923441e+08
0
0
0
0
0
0
0
0
0
0
0
0
0
0
0
0
0
0
0
0
0
0
0
0
0
0
0
0
0
0
0
0
0
0
0
0
0
0
0
0
0
0
0
0
0
0
0
0
0
0
0
0
0
0
0
0
0
0
0
0
0
0
0
0
0
0
0
0
0
0
0
0
0
0
0
0
0
0
0
0
0
0
0
0
0
0
0
0
0
0
0
0
0
0
0
0
0
0
0
0
1.510168e+08
0
0
0
0
0
0
0
0
1.600232e+08
1.770444e+08
0
0
0
0
0
0
0
1.677615e+08
1.853923e+08
2.336206e+08
0
0
0
0
0
0
1.734076e+08
1.914545e+08
2.408232e+08
3.571326e+08
0
0
0
0
0
1.769712e+08
1.952883e+08
2.453343e+08
3.630495e+08
6.883066e+08
0
0
0
0
1.78729e+08
1.971624e+08
2.475347e+08
3.658678e+08
6.921412e+08
0
0
0
0
0
0
0
0
0
0
0
0
0
0
0
0
0
0
0
0
0
0
0
0
0
0
0
0
0
0
0
0
0
0
0
0
0
0
0
0
0
0
0
0
0
0
0
0
0
0
0
0
0
0
0
0
0
0
0
0
0
0
0
0
0
0
0
0
0
0
0
0
0
0
0
0
0
0
0
0
0
0
0
0
0
0
0
0
0
0
0
0
1.429414e+08
0
0
0
0
0
0
0
0
1.511327e+08
1.674466e+08
0
0
0
0
0
0
0
1.601303e+08
1.771645e+08
2.237778e+08
0
0
0
0
0
0
1.678818e+08
1.855029e+08
2.337374e+08
3.476525e+08
0
0
0
0
0
1.735217e+08
1.915769e+08
2.409327e+08
3.572089e+08
6.795941e+08
0
0
0
0
1.770933e+08
1.954038e+08
2.454546e+08
3.631239e+08
6.881043e+08
0
0
0
1.78842e+08
1.972855e+08
2.476481e+08
3.659507e+08
6.919648e+08
0
0
0
0
0
0
0
0
0
0
0
0
0
0
0
0
0
0
0
0
0
0
0
0
0
0
0
0
0
0
0
0
0
0
0
0
0
0
0
0
0
0
0
0
0
0
0
0
0
0
0
0
0
0
0
0
0
0
0
0
0
0
0
0
0
0
0
0
0
0
0
0
0
0
0
0
0
0
0
0
0
0
0
0
0
1.367801e+08
0
0
0
0
0
0
0
0
1.430534e+08
1.587042e+08
0
0
0
0
0
0
0
1.512359e+08
1.675639e+08
2.12237e+08
0
0
0
0
0
0
1.602484e+08
1.772729e+08
2.238945e+08
3.343586e+08
0
0
0
0
0
1.679919e+08
1.856246e+08
2.338454e+08
3.477304e+08
6.651821e+08
0
0
0
0
1.736443e+08
1.916923e+08
2.410521e+08
3.572841e+08
6.793926e+08
0
0
0
1.772073e+08
1.955272e+08
2.45568e+08
3.632069e+08
6.87929e+08
0
0
1.789605e+08
1.973997e+08
2.477685e+08
3.660314e+08
6.917786e+08
0
0
0
0
0
0
0
0
0
0
0
0
0
0
0
0
0
0
0
0
0
0
0
0
0
0
0
0
0
0
0
0
0
0
0
0
0
0
0
0
0
0
0
0
0
0
0
0
0
0
0
0
0
0
0
0
0
0
0
0
0
0
0
0
0
0
0
0
0
0
0
0
0
0
0
0
0
0
0
1.327622e+08
0
0
0
0
0
0
0
0
1.368872e+08
1.520158e+08
0
0
0
0
0
0
0
1.431521e+08
1.588175e+08
2.016543e+08
0
0
0
0
0
0
1.513499e+08
1.676684e+08
2.123511e+08
3.18598e+08
0
0
0
0
0
1.603546e+08
1.773925e+08
2.240006e+08
3.34437e+08
6.445161e+08
0
0
0
0
1.681128e+08
1.857361e+08
2.339642e+08
3.478048e+08
6.649813e+08
0
0
0
1.737581e+08
1.918163e+08
2.411656e+08
3.573665e+08
6.792192e+08
0
0
1.773264e+08
1.956424e+08
2.456888e+08
3.63288e+08
6.877429e+08
0
1.790681e+08
1.975193e+08
2.47881e+08
3.661162e+08
6.916179e+08
0
0
0
0
0
0
0
0
0
0
0
0
0
0
0
0
0
0
0
0
0
0
0
0
0
0
0
0
0
0
0
0
0
0
0
0
0
0
0
0
0
0
0
0
0
0
0
0
0
0
0
0
0
0
0
0
0
0
0
0
0
0
0
0
0
0
0
0
0
0
0
0
0
0
1.30801e+08
0
0
0
0
0
0
0
0
1.328655e+08
1.47645e+08
0
0
0
0
0
0
0
1.36982e+08
1.521242e+08
1.935072e+08
0
0
0
0
0
0
1.432611e+08
1.589175e+08
2.017643e+08
3.039504e+08
0
0
0
0
0
1.514501e+08
1.677839e+08
2.124533e+08
3.186743e+08
6.193748e+08
0
0
0
0
1.604733e+08
1.775e+08
2.241174e+08
3.345104e+08
6.443147e+08
0
0
0
1.682218e+08
1.858584e+08
2.340739e+08
3.478871e+08
6.648091e+08
0
0
1.738778e+08
1.919314e+08
2.412872e+08
3.574483e+08
6.790329e+08
0
1.774356e+08
1.957628e+08
2.458025e+08
3.633734e+08
6.875831e+08
1.791847e+08
1.976281e+08
2.479981e+08
3.66198e+08
6.914428e+08
0
0
0
0
0
0
0
0
0
0
0
0
0
0
0
0
0
0
0
0
0
0
0
0
0
0
0
0
0
0
0
0
0
0
0
0
0
0
0
0
0
0
0
0
0
0
0
0
0
0
0
0
0
0
0
0
0
0
0
0
0
0
0
0
0
0
0
0
0
1.30801e+08
0
0
0
0
0
0
0
0
1.30902e+08
1.455092e+08
0
0
0
0
0
0
0
1.329569e+08
1.477493e+08
1.881571e+08
0
0
0
0
0
0
1.370869e+08
1.522202e+08
1.936119e+08
2.925336e+08
0
0
0
0
0
1.433554e+08
1.590279e+08
2.018619e+08
3.040226e+08
5.952803e+08
0
0
0
0
1.515636e+08
1.678854e+08
2.12566e+08
3.187444e+08
6.191707e+08
0
0
0
1.605802e+08
1.776202e+08
2.242232e+08
3.345912e+08
6.441434e+08
0
0
1.683401e+08
1.85969e+08
2.34194e+08
3.479657e+08
6.646224e+08
0
1.739836e+08
1.920524e+08
2.414011e+08
3.57535e+08
6.788747e+08
1.775525e+08
1.958731e+08
2.459205e+08
3.634568e+08
6.874083e+08
1.977459e+08
2.481052e+08
3.66281e+08
6.912931e+08
0
0
0
0
0
0
0
0
0
0
0
0
0
0
0
0
0
0
0
0
0
0
0
0
0
0
0
0
0
0
0
0
0
0
0
0
0
0
0
0
0
0
0
0
0
0
0
0
0
0
0
0
0
0
0
0
0
0
0
0
0
0
0
0
1.327622e+08
0
0
0
0
0
0
0
0
1.30902e+08
1.455092e+08
0
0
0
0
0
0
0
1.309915e+08
1.456111e+08
1.855348e+08
0
0
0
0
0
0
1.330593e+08
1.478418e+08
1.882574e+08
2.84962e+08
0
0
0
0
0
1.371761e+08
1.523263e+08
1.937054e+08
2.926005e+08
5.759656e+08
0
0
0
0
1.434626e+08
1.591234e+08
2.019694e+08
3.040886e+08
5.950728e+08
0
0
0
1.516651e+08
1.680004e+08
2.126657e+08
3.188214e+08
6.189988e+08
0
0
1.606969e+08
1.777287e+08
2.243413e+08
3.346664e+08
6.439547e+08
0
1.684439e+08
1.860887e+08
2.343033e+08
3.480512e+08
6.644639e+08
1.740986e+08
1.921595e+08
2.4152e+08
3.576191e+08
6.787003e+08
1.959912e+08
2.460293e+08
3.635409e+08
6.872601e+08
2.482207e+08
3.663589e+08
6.911257e+08
0
0
0
0
0
0
0
0
0
0
0
0
0
0
0
0
0
0
0
0
0
0
0
0
0
0
0
0
0
0
0
0
0
0
0
0
0
0
0
0
0
0
0
0
0
0
0
0
0
0
0
0
0
0
0
0
0
0
0
1.367801e+08
0
0
0
0
0
0
0
0
1.328654e+08
1.47645e+08
0
0
0
0
0
0
0
1.309914e+08
1.456111e+08
1.855348e+08
0
0
0
0
0
0
1.310926e+08
1.457015e+08
1.856325e+08
2.812273e+08
0
0
0
0
0
1.331449e+08
1.479453e+08
1.883472e+08
2.850245e+08
5.628663e+08
0
0
0
0
1.372782e+08
1.524166e+08
1.938083e+08
2.926627e+08
5.75755e+08
0
0
0
1.435566e+08
1.59232e+08
2.020627e+08
3.041603e+08
5.948994e+08
0
0
1.517777e+08
1.681033e+08
2.127784e+08
3.18891e+08
6.188066e+08
0
1.608012e+08
1.77847e+08
2.244487e+08
3.347503e+08
6.437957e+08
1.685575e+08
1.861939e+08
2.344211e+08
3.481311e+08
6.642881e+08
1.922758e+08
2.416257e+08
3.577044e+08
6.785535e+08
2.461453e+08
3.636209e+08
6.870932e+08
3.664415e+08
6.909835e+08
0
0
0
0
0
0
0
0
0
0
0
0
0
0
0
0
0
0
0
0
0
0
0
0
0
0
0
0
0
0
0
0
0
0
0
0
0
0
0
0
0
0
0
0
0
0
0
0
0
0
0
0
0
0
1.429415e+08
0
0
0
0
0
0
0
0
1.368871e+08
1.520158e+08
0
0
0
0
0
0
0
1.329567e+08
1.477493e+08
1.881571e+08
0
0
0
0
0
0
1.310925e+08
1.457015e+08
1.856325e+08
2.812273e+08
0
0
0
0
0
1.311766e+08
1.458036e+08
1.857201e+08
2.812871e+08
5.563113e+08
0
0
0
0
1.332434e+08
1.480319e+08
1.884473e+08
2.850831e+08
5.626536e+08
0
0
0
1.373653e+08
1.525199e+08
1.938961e+08
2.927297e+08
5.755804e+08
0
0
1.436634e+08
1.593273e+08
2.021687e+08
3.042239e+08
5.947031e+08
0
1.518783e+08
1.682175e+08
2.128801e+08
3.189695e+08
6.186458e+08
1.609129e+08
1.779527e+08
2.245652e+08
3.34829e+08
6.436174e+08
1.863089e+08
2.34525e+08
3.482157e+08
6.641402e+08
2.417398e+08
3.577816e+08
6.783868e+08
3.637042e+08
6.869528e+08
6.908233e+08
0
0
0
0
0
0
0
0
0
0
0
0
0
0
0
0
0
0
0
0
0
0
0
0
0
0
0
0
0
0
0
0
0
0
0
0
0
0
0
0
0
0
0
0
0
0
0
0
0
1.510168e+08
0
0
0
0
0
0
0
0
1.430533e+08
1.587042e+08
0
0
0
0
0
0
0
1.369818e+08
1.521241e+08
1.935072e+08
0
0
0
0
0
0
1.330592e+08
1.478417e+08
1.882574e+08
2.84962e+08
0
0
0
0
0
1.311765e+08
1.458036e+08
1.8572e+08
2.812871e+08
5.563114e+08
0
0
0
0
1.312731e+08
1.458885e+08
1.858187e+08
2.813435e+08
5.560976e+08
0
0
0
1.33326e+08
1.481314e+08
1.885312e+08
2.851474e+08
5.624782e+08
0
0
1.374667e+08
1.526081e+08
1.939964e+08
2.927879e+08
5.753811e+08
0
1.437581e+08
1.594355e+08
2.022623e+08
3.042955e+08
5.9454e+08
1.519874e+08
1.683196e+08
2.129923e+08
3.19043e+08
6.184628e+08
1.780658e+08
2.246701e+08
3.349125e+08
6.434695e+08
2.346379e+08
3.482917e+08
6.639719e+08
3.578631e+08
6.782456e+08
6.867927e+08
0
0
0
0
0
0
0
0
0
0
0
0
0
0
0
0
0
0
0
0
0
0
0
0
0
0
0
0
0
0
0
0
0
0
0
0
0
0
0
0
0
0
0
1.599044e+08
0
0
0
0
0
0
0
0
1.511326e+08
1.674466e+08
0
0
0
0
0
0
0
1.431519e+08
1.588174e+08
2.016544e+08
0
0
0
0
0
0
1.370867e+08
1.522199e+08
1.936118e+08
2.925336e+08
0
0
0
0
0
1.331447e+08
1.479452e+08
1.88347e+08
2.850244e+08
5.628663e+08
0
0
0
0
1.312731e+08
1.458885e+08
1.858186e+08
2.813434e+08
5.560976e+08
0
0
0
1.31354e+08
1.45986e+08
1.859008e+08
2.814063e+08
5.559218e+08
0
0
1.334234e+08
1.48215e+08
1.886274e+08
2.852017e+08
5.622773e+08
0
1.375557e+08
1.527108e+08
1.940825e+08
2.928537e+08
5.752163e+08
1.438634e+08
1.595316e+08
2.023683e+08
3.04361e+08
5.943519e+08
1.684301e+08
2.130937e+08
3.191222e+08
6.183127e+08
2.247812e+08
3.349903e+08
6.432986e+08
3.483722e+08
6.638311e+08
6.780841e+08
0
0
0
0
0
0
0
0
0
0
0
0
0
0
0
0
0
0
0
0
0
0
0
0
0
0
0
0
0
0
0
0
0
0
0
0
1.675328e+08
0
0
0
0
0
0
0
0
1.60023e+08
1.770444e+08
0
0
0
0
0
0
0
1.512357e+08
1.675638e+08
2.12237e+08
0
0
0
0
0
0
1.432609e+08
1.589173e+08
2.017642e+08
3.039504e+08
0
0
0
0
0
1.371758e+08
1.523261e+08
1.937051e+08
2.926004e+08
5.759656e+08
0
0
0
0
1.332432e+08
1.480317e+08
1.884472e+08
2.850829e+08
5.626536e+08
0
0
0
1.313541e+08
1.459859e+08
1.859007e+08
2.814063e+08
5.559218e+08
0
0
1.314494e+08
1.460677e+08
1.859947e+08
2.814589e+08
5.557202e+08
0
1.335081e+08
1.483135e+08
1.887086e+08
2.852633e+08
5.621115e+08
1.376564e+08
1.528009e+08
1.941825e+08
2.929117e+08
5.750245e+08
1.596383e+08
2.024633e+08
3.044338e+08
5.941984e+08
2.132023e+08
3.191969e+08
6.181371e+08
3.350692e+08
6.431589e+08
6.636676e+08
0
0
0
0
0
0
0
0
0
0
0
0
0
0
0
0
0
0
0
0
0
0
0
0
0
0
0
0
1.730563e+08
0
0
0
0
0
0
0
0
1.676519e+08
1.852719e+08
0
0
0
0
0
0
0
1.6013e+08
1.771643e+08
2.237778e+08
0
0
0
0
0
0
1.513496e+08
1.676682e+08
2.123509e+08
3.185981e+08
0
0
0
0
0
1.43355e+08
1.590277e+08
2.018616e+08
3.040225e+08
5.952803e+08
0
0
0
0
1.37278e+08
1.524163e+08
1.93808e+08
2.926624e+08
5.757549e+08
0
0
0
1.333263e+08
1.481313e+08
1.88531e+08
2.851472e+08
5.624782e+08
0
0
1.314493e+08
1.460678e+08
1.859947e+08
2.814589e+08
5.557201e+08
0
1.315314e+08
1.461641e+08
1.86074e+08
2.815182e+08
5.55554e+08
1.336054e+08
1.483993e+08
1.888041e+08
2.853164e+08
5.619176e+08
1.52903e+08
1.942714e+08
2.929783e+08
5.748684e+08
2.025679e+08
3.045022e+08
5.940176e+08
3.192734e+08
6.179958e+08
6.429924e+08
0
0
0
0
0
0
0
0
0
0
0
0
0
0
0
0
0
0
0
1.765042e+08
0
0
0
0
0
0
0
0
1.731749e+08
1.912222e+08
0
0
0
0
0
0
0
1.677612e+08
1.853921e+08
2.336207e+08
0
0
0
0
0
0
1.60248e+08
1.772727e+08
2.238943e+08
3.343586e+08
0
0
0
0
0
1.514496e+08
1.677835e+08
2.12453e+08
3.186741e+08
6.193749e+08
0
0
0
0
1.434624e+08
1.59123e+08
2.019691e+08
3.040884e+08
5.950727e+08
0
0
0
1.373659e+08
1.525197e+08
1.938958e+08
2.927295e+08
5.755804e+08
0
0
1.334232e+08
1.482153e+08
1.886273e+08
2.852016e+08
5.622772e+08
0
1.31531e+08
1.46164e+08
1.86074e+08
2.815181e+08
5.55554e+08
1.31627e+08
1.462471e+08
1.861671e+08
2.815693e+08
5.55359e+08
1.484978e+08
1.888882e+08
2.853783e+08
5.6176e+08
1.94371e+08
2.930406e+08
5.746834e+08
3.045745e+08
5.938731e+08
6.178247e+08
0
0
0
0
0
0
0
0
0
1.781397e+08
0
0
0
0
0
0
0
0
1.766228e+08
1.949326e+08
0
0
0
0
0
0
0
1.732861e+08
1.913419e+08
2.407074e+08
0
0
0
0
0
0
1.678812e+08
1.855027e+08
2.337372e+08
3.476526e+08
0
0
0
0
0
1.60354e+08
1.77392e+08
2.240003e+08
3.344368e+08
6.445162e+08
0
0
0
0
1.515634e+08
1.678849e+08
2.125656e+08
3.187442e+08
6.191706e+08
0
0
0
1.435576e+08
1.592318e+08
2.020622e+08
3.0416e+08
5.948994e+08
0
0
1.374664e+08
1.526087e+08
1.939962e+08
2.927876e+08
5.75381e+08
0
1.33507e+08
1.483133e+08
1.887089e+08
2.852632e+08
5.621115e+08
1.316271e+08
1.462467e+08
1.86167e+08
2.815694e+08
5.55359e+08
1.463438e+08
1.862482e+08
2.816288e+08
5.552011e+08
1.889839e+08
2.854359e+08
5.615725e+08
2.931076e+08
5.745365e+08
5.936972e+08
0
0
0
0
0
0
0
0
1.78258e+08
1.96691e+08
0
0
0
0
0
0
0
1.767342e+08
1.95052e+08
2.451095e+08
0
0
0
0
0
0
1.734068e+08
1.914542e+08
2.40823e+08
3.571327e+08
0
0
0
0
0
1.679913e+08
1.85624e+08
2.338451e+08
3.477301e+08
6.651823e+08
0
0
0
0
1.604729e+08
1.774994e+08
2.241169e+08
3.345101e+08
6.443145e+08
0
0
0
1.516663e+08
1.680002e+08
2.126651e+08
3.188209e+08
6.189989e+08
0
0
1.43663e+08
1.593283e+08
2.021685e+08
3.042234e+08
5.94703e+08
0
1.37554e+08
1.527104e+08
1.940832e+08
2.928535e+08
5.752163e+08
1.336055e+08
1.483982e+08
1.888038e+08
2.853167e+08
5.619175e+08
1.463438e+08
1.862478e+08
2.816287e+08
5.552011e+08
1.863421e+08
2.816834e+08
5.550124e+08
2.854989e+08
5.614242e+08
5.743564e+08
0
0
0
0
0
0
0
1.783696e+08
1.968101e+08
2.4719e+08
0
0
0
0
0
0
1.768561e+08
1.951644e+08
2.452246e+08
3.629742e+08
0
0
0
0
0
1.735211e+08
1.915761e+08
2.409324e+08
3.572087e+08
6.795943e+08
0
0
0
0
1.681124e+08
1.857355e+08
2.339635e+08
3.478045e+08
6.649811e+08
0
0
0
1.605815e+08
1.776199e+08
2.242225e+08
3.345906e+08
6.441434e+08
0
0
1.51777e+08
1.681046e+08
2.127781e+08
3.188904e+08
6.188064e+08
0
1.437561e+08
1.594351e+08
2.022634e+08
3.042952e+08
5.9454e+08
1.376565e+08
1.527992e+08
1.941822e+08
2.929124e+08
5.750244e+08
1.484978e+08
1.88887e+08
2.853781e+08
5.617601e+08
1.863421e+08
2.81683e+08
5.550123e+08
2.817444e+08
5.548632e+08
5.612413e+08
0
0
0
0
0
0
1.784918e+08
1.969226e+08
2.473046e+08
3.657192e+08
0
0
0
0
0
1.769706e+08
1.952874e+08
2.453338e+08
3.630492e+08
6.883067e+08
0
0
0
0
1.73644e+08
1.916916e+08
2.410512e+08
3.572838e+08
6.793925e+08
0
0
0
1.682225e+08
1.858581e+08
2.340732e+08
3.478864e+08
6.648091e+08
0
0
1.606963e+08
1.7773e+08
2.243409e+08
3.346658e+08
6.439544e+08
0
1.518764e+08
1.682168e+08
2.128815e+08
3.189692e+08
6.186458e+08
1.438638e+08
1.595295e+08
2.023678e+08
3.043621e+08
5.943518e+08
1.529031e+08
1.942695e+08
2.929779e+08
5.748686e+08
1.88984e+08
2.854346e+08
5.615724e+08
2.817444e+08
5.548631e+08
5.546791e+08
0
0
0
0
0
1.786064e+08
1.970458e+08
2.474138e+08
3.657934e+08
6.923442e+08
0
0
0
0
1.77093e+08
1.954031e+08
2.454536e+08
3.631235e+08
6.881041e+08
0
0
0
1.737587e+08
1.918159e+08
2.411649e+08
3.573656e+08
6.792191e+08
0
0
1.683394e+08
1.859698e+08
2.341936e+08
3.47965e+08
6.64622e+08
0
1.608002e+08
1.778462e+08
2.244501e+08
3.347498e+08
6.437956e+08
1.519886e+08
1.683177e+08
2.129916e+08
3.190445e+08
6.184626e+08
1.596387e+08
2.02461e+08
3.044332e+08
5.941988e+08
1.943711e+08
2.930387e+08
5.746833e+08
2.854989e+08
5.614239e+08
5.546791e+08
0
0
0
0
1.787286e+08
1.971617e+08
2.475337e+08
3.658673e+08
6.92141e+08
0
0
0
1.772083e+08
1.955268e+08
2.455672e+08
3.632058e+08
6.879288e+08
0
0
1.738772e+08
1.919321e+08
2.412868e+08
3.574475e+08
6.790323e+08
0
1.684436e+08
1.860881e+08
2.343042e+08
3.480507e+08
6.644637e+08
1.609144e+08
1.779517e+08
2.245644e+08
3.348305e+08
6.436171e+08
1.684314e+08
2.130916e+08
3.191215e+08
6.183132e+08
2.025683e+08
3.044999e+08
5.940173e+08
2.931077e+08
5.745361e+08
5.612412e+08
0
0
0
1.788425e+08
1.972851e+08
2.476473e+08
3.659496e+08
6.919647e+08
0
0
1.773258e+08
1.956434e+08
2.456884e+08
3.632872e+08
6.877423e+08
0
1.739836e+08
1.920518e+08
2.414019e+08
3.575345e+08
6.788744e+08
1.685583e+08
1.861937e+08
2.344204e+08
3.481321e+08
6.642877e+08
1.780673e+08
2.24669e+08
3.349117e+08
6.434701e+08
2.132036e+08
3.191947e+08
6.181367e+08
3.045749e+08
5.938726e+08
5.743562e+08
0
0
1.789599e+08
1.974002e+08
2.477681e+08
3.660306e+08
6.91778e+08
0
1.774359e+08
1.957622e+08
2.458035e+08
3.633729e+08
6.875828e+08
1.740994e+08
1.921596e+08
2.415193e+08
3.576199e+08
6.787e+08
1.863098e+08
2.345248e+08
3.482149e+08
6.641406e+08
2.247829e+08
3.349892e+08
6.432982e+08
3.192748e+08
6.179952e+08
5.936971e+08
0
1.790683e+08
1.975187e+08
2.478815e+08
3.661158e+08
6.916176e+08
1.775536e+08
1.958734e+08
2.459198e+08
3.634579e+08
6.87408e+08
1.922766e+08
2.416257e+08
3.577037e+08
6.785539e+08
2.346389e+08
3.482914e+08
6.639714e+08
3.350709e+08
6.431587e+08
6.17825e+08
1.791852e+08
1.976283e+08
2.479974e+08
3.661986e+08
6.914424e+08
1.959923e+08
2.460297e+08
3.635401e+08
6.872608e+08
2.417407e+08
3.577816e+08
6.783863e+08
3.483732e+08
6.638311e+08
6.429928e+08
1.977464e+08
2.481054e+08
3.662803e+08
6.912934e+08
2.461465e+08
3.636213e+08
6.870928e+08
3.57864e+08
6.782458e+08
6.636678e+08
2.482213e+08
3.663591e+08
6.911252e+08
3.637054e+08
6.869531e+08
6.780843e+08
3.664421e+08
6.909837e+08
6.867932e+08
6.908234e+08
)
;

boundaryField
{
    airInlet
    {
        type            calculated;
        value           nonuniform List<scalar> 0();
    }
    airOutlet
    {
        type            calculated;
        value           nonuniform List<scalar> 0();
    }
    cathodeSides
    {
        type            calculated;
        value           uniform 0;
    }
    air_to_interconnect
    {
        type            calculated;
        value           uniform 0;
    }
    air_to_electrolyte
    {
        type            calculated;
        value           uniform 0;
    }
    procBoundary2to1
    {
        type            processor;
        value           uniform 0;
    }
    procBoundary2to3
    {
        type            processor;
        value           uniform 0;
    }
}
)

// processor3

19624
(dimensions      [0 -3 0 0 0 1 0];

internalField   nonuniform List<scalar> 
4000
(
0
0
0
0
0
0
0
0
0
0
0
0
0
0
0
0
0
0
0
0
0
0
0
0
0
0
0
0
0
0
0
0
0
0
0
0
0
0
0
0
0
0
0
0
0
0
0
0
0
0
0
0
0
0
0
0
0
0
0
0
0
0
0
0
0
0
0
0
0
0
0
0
0
0
0
0
0
0
0
0
0
0
0
0
0
0
0
0
0
0
0
0
0
0
0
0
0
0
0
0
0
0
0
0
0
0
0
0
0
0
0
0
0
0
0
0
0
0
0
0
0
0
0
0
0
0
0
0
0
0
0
0
0
0
0
0
0
0
0
0
0
0
0
0
0
0
0
0
0
0
0
0
0
0
0
0
0
0
0
0
0
0
0
0
0
0
0
0
0
0
0
0
0
0
0
0
0
0
0
0
0
0
0
0
0
0
0
0
0
0
0
0
0
0
0
0
0
0
0
0
0
0
0
0
0
0
0
0
0
0
0
0
0
0
0
0
0
0
0
0
0
0
0
0
0
0
0
0
0
0
0
0
0
0
0
0
0
0
0
0
0
0
0
0
0
0
0
0
0
0
0
0
0
0
0
0
0
0
0
0
0
0
0
0
0
0
0
0
0
0
0
0
0
0
0
0
0
0
0
0
0
0
0
0
0
0
0
0
0
0
0
0
0
0
0
0
0
0
0
0
0
0
0
0
0
0
0
0
0
0
0
0
0
0
0
0
0
0
0
0
0
0
0
0
0
0
0
0
0
0
0
0
0
0
0
0
0
0
0
0
0
0
0
0
0
0
0
0
0
0
0
0
0
0
0
0
0
0
0
0
0
0
0
0
0
0
0
0
0
0
0
0
0
0
0
0
0
0
0
0
0
0
0
0
0
0
0
0
0
0
0
0
0
0
0
0
0
0
0
0
0
0
0
0
0
0
0
0
0
0
0
0
0
0
0
0
0
0
0
0
0
0
0
0
0
0
0
0
0
0
0
0
0
0
0
0
0
0
0
0
0
0
0
0
0
0
0
0
0
0
0
0
0
0
0
0
0
0
0
0
0
0
0
0
0
0
0
0
0
0
0
0
0
0
0
0
0
0
0
0
0
0
0
0
0
0
0
0
0
0
0
0
0
0
0
0
0
0
0
0
0
0
0
0
0
0
0
0
0
0
0
0
0
0
0
0
0
0
0
0
0
0
0
0
0
0
0
0
0
0
0
0
0
0
0
0
0
0
0
0
0
0
0
0
0
0
0
0
0
0
0
0
0
0
0
0
0
0
0
0
0
0
0
0
0
0
0
0
0
0
0
0
0
0
0
0
0
0
0
0
0
0
0
0
0
0
0
0
0
0
0
0
0
0
0
0
0
0
0
0
0
0
0
0
0
0
0
0
0
0
0
0
0
0
0
0
0
0
0
0
0
0
0
0
0
0
0
0
0
0
0
0
0
0
0
0
0
0
0
0
0
0
0
0
0
0
0
0
0
0
0
0
0
0
0
0
0
0
0
0
0
0
0
0
0
0
0
0
0
0
0
0
0
0
0
0
0
0
0
0
0
0
0
0
0
0
0
0
0
0
0
0
0
0
0
0
0
0
0
0
0
0
0
0
0
0
0
0
0
0
0
0
0
0
0
0
0
0
0
0
0
0
0
0
0
0
0
0
0
0
0
0
0
0
0
0
0
0
0
0
0
0
0
0
0
0
0
0
0
0
0
0
0
0
0
0
0
0
0
0
0
0
0
0
0
0
0
0
0
0
0
0
0
0
0
0
0
0
0
0
0
0
0
0
0
0
0
0
0
0
0
0
0
0
0
0
0
0
0
0
0
0
0
0
0
0
0
0
0
0
0
0
0
0
0
0
0
0
0
0
0
0
0
0
0
0
0
0
0
0
0
0
0
0
0
0
0
0
0
0
0
0
0
0
0
0
0
0
0
0
0
0
0
0
0
0
0
0
0
0
0
0
0
0
0
0
0
0
0
0
0
0
0
0
0
0
0
0
0
0
0
0
0
0
0
0
0
0
0
0
0
0
0
0
0
0
0
0
0
0
0
0
0
0
0
0
0
0
0
0
0
0
0
0
0
0
0
0
0
0
0
0
0
0
0
0
0
0
0
0
0
0
1.792889e+08
0
0
0
0
0
0
0
0
0
0
0
0
0
0
0
0
0
0
0
0
0
0
0
0
0
0
0
0
0
0
0
0
0
0
0
0
0
0
0
0
0
0
0
0
0
0
0
0
0
0
0
0
0
0
0
0
0
0
0
0
0
0
0
0
0
0
0
0
0
0
0
0
0
0
0
0
0
0
0
0
0
0
0
0
0
0
0
0
0
0
0
0
0
0
0
0
0
0
0
0
0
0
0
0
0
0
0
0
0
0
0
0
0
0
0
0
0
0
0
0
0
0
0
0
0
0
0
0
0
0
0
0
0
1.776579e+08
0
0
0
0
0
0
0
0
1.794053e+08
1.978511e+08
0
0
0
0
0
0
0
0
0
0
0
0
0
0
0
0
0
0
0
0
0
0
0
0
0
0
0
0
0
0
0
0
0
0
0
0
0
0
0
0
0
0
0
0
0
0
0
0
0
0
0
0
0
0
0
0
0
0
0
0
0
0
0
0
0
0
0
0
0
0
0
0
0
0
0
0
0
0
0
0
0
0
0
0
0
0
0
0
0
0
0
0
0
0
0
0
0
0
0
0
0
0
0
0
0
0
0
0
0
0
0
0
0
0
0
0
0
0
0
0
0
0
0
0
0
0
0
1.741995e+08
0
0
0
0
0
0
0
0
1.777763e+08
1.960978e+08
0
0
0
0
0
0
0
1.795075e+08
1.979688e+08
2.483245e+08
0
0
0
0
0
0
0
0
0
0
0
0
0
0
0
0
0
0
0
0
0
0
0
0
0
0
0
0
0
0
0
0
0
0
0
0
0
0
0
0
0
0
0
0
0
0
0
0
0
0
0
0
0
0
0
0
0
0
0
0
0
0
0
0
0
0
0
0
0
0
0
0
0
0
0
0
0
0
0
0
0
0
0
0
0
0
0
0
0
0
0
0
0
0
0
0
0
0
0
0
0
0
0
0
0
0
0
0
0
0
0
0
0
0
0
0
0
0
0
1.686546e+08
0
0
0
0
0
0
0
0
1.743152e+08
1.923779e+08
0
0
0
0
0
0
0
1.778817e+08
1.962173e+08
2.462505e+08
0
0
0
0
0
0
1.796232e+08
1.980721e+08
2.484402e+08
3.665174e+08
0
0
0
0
0
0
0
0
0
0
0
0
0
0
0
0
0
0
0
0
0
0
0
0
0
0
0
0
0
0
0
0
0
0
0
0
0
0
0
0
0
0
0
0
0
0
0
0
0
0
0
0
0
0
0
0
0
0
0
0
0
0
0
0
0
0
0
0
0
0
0
0
0
0
0
0
0
0
0
0
0
0
0
0
0
0
0
0
0
0
0
0
0
0
0
0
0
0
0
0
0
0
0
0
0
0
0
0
0
1.610067e+08
0
0
0
0
0
0
0
0
1.687687e+08
1.864073e+08
0
0
0
0
0
0
0
1.744141e+08
1.92495e+08
2.418405e+08
0
0
0
0
0
0
1.779974e+08
1.963239e+08
2.463684e+08
3.637819e+08
0
0
0
0
0
1.797264e+08
1.981891e+08
2.485423e+08
3.666016e+08
6.906884e+08
0
0
0
0
0
0
0
0
0
0
0
0
0
0
0
0
0
0
0
0
0
0
0
0
0
0
0
0
0
0
0
0
0
0
0
0
0
0
0
0
0
0
0
0
0
0
0
0
0
0
0
0
0
0
0
0
0
0
0
0
0
0
0
0
0
0
0
0
0
0
0
0
0
0
0
0
0
0
0
0
0
0
0
0
0
0
0
0
0
0
0
0
0
0
0
0
0
0
0
0
1.520756e+08
0
0
0
0
0
0
0
0
1.611192e+08
1.781608e+08
0
0
0
0
0
0
0
1.68864e+08
1.865228e+08
2.347349e+08
0
0
0
0
0
0
1.745281e+08
1.925952e+08
2.41956e+08
3.579366e+08
0
0
0
0
0
1.780971e+08
1.964409e+08
2.464741e+08
3.638685e+08
6.866595e+08
0
0
0
0
1.798403e+08
1.982932e+08
2.486576e+08
3.666772e+08
6.905353e+08
0
0
0
0
0
0
0
0
0
0
0
0
0
0
0
0
0
0
0
0
0
0
0
0
0
0
0
0
0
0
0
0
0
0
0
0
0
0
0
0
0
0
0
0
0
0
0
0
0
0
0
0
0
0
0
0
0
0
0
0
0
0
0
0
0
0
0
0
0
0
0
0
0
0
0
0
0
0
0
0
0
0
0
0
0
0
0
0
0
0
0
0
1.439457e+08
0
0
0
0
0
0
0
0
1.521829e+08
1.685194e+08
0
0
0
0
0
0
0
1.612113e+08
1.782748e+08
2.248749e+08
0
0
0
0
0
0
1.689764e+08
1.866194e+08
2.348489e+08
3.484424e+08
0
0
0
0
0
1.746235e+08
1.927105e+08
2.42055e+08
3.580208e+08
6.779495e+08
0
0
0
0
1.782099e+08
1.965418e+08
2.465895e+08
3.639482e+08
6.865075e+08
0
0
0
1.799408e+08
1.984083e+08
2.487609e+08
3.667617e+08
6.90408e+08
0
0
0
0
0
0
0
0
0
0
0
0
0
0
0
0
0
0
0
0
0
0
0
0
0
0
0
0
0
0
0
0
0
0
0
0
0
0
0
0
0
0
0
0
0
0
0
0
0
0
0
0
0
0
0
0
0
0
0
0
0
0
0
0
0
0
0
0
0
0
0
0
0
0
0
0
0
0
0
0
0
0
0
0
0
1.377337e+08
0
0
0
0
0
0
0
0
1.440473e+08
1.597217e+08
0
0
0
0
0
0
0
1.522712e+08
1.686282e+08
2.1329e+08
0
0
0
0
0
0
1.613217e+08
1.783682e+08
2.249873e+08
3.351365e+08
0
0
0
0
0
1.690681e+08
1.867332e+08
2.349444e+08
3.485253e+08
6.635323e+08
0
0
0
0
1.747351e+08
1.928071e+08
2.421688e+08
3.58094e+08
6.777956e+08
0
0
0
1.783057e+08
1.966557e+08
2.466894e+08
3.64033e+08
6.86383e+08
0
0
1.800604e+08
1.985097e+08
2.488743e+08
3.668399e+08
6.902603e+08
0
0
0
0
0
0
0
0
0
0
0
0
0
0
0
0
0
0
0
0
0
0
0
0
0
0
0
0
0
0
0
0
0
0
0
0
0
0
0
0
0
0
0
0
0
0
0
0
0
0
0
0
0
0
0
0
0
0
0
0
0
0
0
0
0
0
0
0
0
0
0
0
0
0
0
0
0
0
0
1.336789e+08
0
0
0
0
0
0
0
0
1.378313e+08
1.529812e+08
0
0
0
0
0
0
0
1.441294e+08
1.598245e+08
2.026494e+08
0
0
0
0
0
0
1.523792e+08
1.687177e+08
2.133971e+08
3.19335e+08
0
0
0
0
0
1.614096e+08
1.784801e+08
2.250797e+08
3.35218e+08
6.428562e+08
0
0
0
0
1.691782e+08
1.868262e+08
2.350567e+08
3.485953e+08
6.633763e+08
0
0
0
1.748271e+08
1.929201e+08
2.422644e+08
3.581773e+08
6.776687e+08
0
0
1.784221e+08
1.967527e+08
2.468017e+08
3.641078e+08
6.862352e+08
0
1.801436e+08
1.986304e+08
2.489748e+08
3.669231e+08
6.90141e+08
0
0
0
0
0
0
0
0
0
0
0
0
0
0
0
0
0
0
0
0
0
0
0
0
0
0
0
0
0
0
0
0
0
0
0
0
0
0
0
0
0
0
0
0
0
0
0
0
0
0
0
0
0
0
0
0
0
0
0
0
0
0
0
0
0
0
0
0
0
0
0
0
0
0
1.316988e+08
0
0
0
0
0
0
0
0
1.337742e+08
1.485721e+08
0
0
0
0
0
0
0
1.379078e+08
1.5308e+08
1.94447e+08
0
0
0
0
0
0
1.442322e+08
1.599078e+08
2.027502e+08
3.046301e+08
0
0
0
0
0
1.524643e+08
1.688272e+08
2.134856e+08
3.194111e+08
6.176861e+08
0
0
0
0
1.615173e+08
1.785693e+08
2.251902e+08
3.352857e+08
6.426972e+08
0
0
0
1.692663e+08
1.869377e+08
2.351487e+08
3.486774e+08
6.63249e+08
0
0
1.749422e+08
1.930132e+08
2.423757e+08
3.58248e+08
6.775192e+08
0
1.785079e+08
1.968703e+08
2.468976e+08
3.6419e+08
6.861146e+08
1.802252e+08
1.987138e+08
2.490939e+08
3.66999e+08
6.899962e+08
0
0
0
0
0
0
0
0
0
0
0
0
0
0
0
0
0
0
0
0
0
0
0
0
0
0
0
0
0
0
0
0
0
0
0
0
0
0
0
0
0
0
0
0
0
0
0
0
0
0
0
0
0
0
0
0
0
0
0
0
0
0
0
0
0
0
0
0
0
1.316991e+08
0
0
0
0
0
0
0
0
1.317928e+08
1.464163e+08
0
0
0
0
0
0
0
1.338469e+08
1.486685e+08
1.890559e+08
0
0
0
0
0
0
1.380051e+08
1.531576e+08
1.945435e+08
2.931577e+08
0
0
0
0
0
1.44312e+08
1.600121e+08
2.028322e+08
3.046995e+08
5.935555e+08
0
0
0
0
1.525692e+08
1.689135e+08
2.135936e+08
3.194753e+08
6.175216e+08
0
0
0
1.616006e+08
1.786784e+08
2.252784e+08
3.353659e+08
6.425697e+08
0
0
1.693801e+08
1.870269e+08
2.352586e+08
3.487449e+08
6.630972e+08
0
1.750267e+08
1.931298e+08
2.424677e+08
3.583293e+08
6.773975e+08
1.786131e+08
1.969564e+08
2.470137e+08
3.642613e+08
6.859687e+08
1.987961e+08
2.491738e+08
3.670877e+08
6.898797e+08
0
0
0
0
0
0
0
0
0
0
0
0
0
0
0
0
0
0
0
0
0
0
0
0
0
0
0
0
0
0
0
0
0
0
0
0
0
0
0
0
0
0
0
0
0
0
0
0
0
0
0
0
0
0
0
0
0
0
0
0
0
0
0
0
1.336796e+08
0
0
0
0
0
0
0
0
1.31793e+08
1.464166e+08
0
0
0
0
0
0
0
1.318636e+08
1.465114e+08
1.864121e+08
0
0
0
0
0
0
1.339401e+08
1.487421e+08
1.891497e+08
2.855448e+08
0
0
0
0
0
1.380796e+08
1.532562e+08
1.946194e+08
2.932227e+08
5.742124e+08
0
0
0
0
1.444122e+08
1.60093e+08
2.029347e+08
3.047573e+08
5.933855e+08
0
0
0
1.526473e+08
1.690199e+08
2.13679e+08
3.19553e+08
6.17393e+08
0
0
1.617113e+08
1.787629e+08
2.25386e+08
3.354303e+08
6.424145e+08
0
1.694609e+08
1.871422e+08
2.353467e+08
3.488249e+08
6.629751e+08
1.751475e+08
1.932145e+08
2.425828e+08
3.58397e+08
6.772504e+08
1.970617e+08
2.470966e+08
3.643468e+08
6.858503e+08
2.492494e+08
3.671383e+08
6.897348e+08
0
0
0
0
0
0
0
0
0
0
0
0
0
0
0
0
0
0
0
0
0
0
0
0
0
0
0
0
0
0
0
0
0
0
0
0
0
0
0
0
0
0
0
0
0
0
0
0
0
0
0
0
0
0
0
0
0
0
0
1.377347e+08
0
0
0
0
0
0
0
0
1.337747e+08
1.485728e+08
0
0
0
0
0
0
0
1.318637e+08
1.465116e+08
1.864123e+08
0
0
0
0
0
0
1.319548e+08
1.465831e+08
1.865045e+08
2.817884e+08
0
0
0
0
0
1.340107e+08
1.488365e+08
1.892215e+08
2.856072e+08
5.610959e+08
0
0
0
0
1.381751e+08
1.533317e+08
1.947159e+08
2.932745e+08
5.740387e+08
0
0
0
1.44487e+08
1.601946e+08
2.030145e+08
3.048293e+08
5.932543e+08
0
0
1.527531e+08
1.690991e+08
2.137838e+08
3.196151e+08
6.172331e+08
0
1.617862e+08
1.788751e+08
2.254693e+08
3.35508e+08
6.422919e+08
1.695891e+08
1.872235e+08
2.354607e+08
3.488892e+08
6.628258e+08
1.933359e+08
2.426645e+08
3.584818e+08
6.771312e+08
2.471967e+08
3.644009e+08
6.857034e+08
3.671734e+08
6.895892e+08
0
0
0
0
0
0
0
0
0
0
0
0
0
0
0
0
0
0
0
0
0
0
0
0
0
0
0
0
0
0
0
0
0
0
0
0
0
0
0
0
0
0
0
0
0
0
0
0
0
0
0
0
0
0
1.439468e+08
0
0
0
0
0
0
0
0
1.378321e+08
1.529822e+08
0
0
0
0
0
0
0
1.338471e+08
1.48669e+08
1.890566e+08
0
0
0
0
0
0
1.319548e+08
1.465831e+08
1.865047e+08
2.817887e+08
0
0
0
0
0
1.320233e+08
1.466753e+08
1.865742e+08
2.818493e+08
5.545331e+08
0
0
0
0
1.341027e+08
1.48908e+08
1.893134e+08
2.856549e+08
5.609201e+08
0
0
0
1.382457e+08
1.534285e+08
1.9479e+08
2.933401e+08
5.739054e+08
0
0
1.445882e+08
1.602704e+08
2.031143e+08
3.048859e+08
5.930888e+08
0
1.528207e+08
1.692066e+08
2.138618e+08
3.1969e+08
6.171099e+08
1.619148e+08
1.789504e+08
2.255802e+08
3.355679e+08
6.421388e+08
1.873528e+08
2.355389e+08
3.489732e+08
6.627063e+08
2.427823e+08
3.585351e+08
6.769834e+08
3.644623e+08
6.855603e+08
6.893812e+08
0
0
0
0
0
0
0
0
0
0
0
0
0
0
0
0
0
0
0
0
0
0
0
0
0
0
0
0
0
0
0
0
0
0
0
0
0
0
0
0
0
0
0
0
0
0
0
0
0
1.520767e+08
0
0
0
0
0
0
0
0
1.440483e+08
1.597227e+08
0
0
0
0
0
0
0
1.379082e+08
1.530808e+08
1.944481e+08
0
0
0
0
0
0
1.339401e+08
1.487423e+08
1.891503e+08
2.855456e+08
0
0
0
0
0
1.320231e+08
1.466754e+08
1.865743e+08
2.818495e+08
5.545332e+08
0
0
0
0
1.321137e+08
1.467447e+08
1.866638e+08
2.81895e+08
5.543564e+08
0
0
0
1.341702e+08
1.490012e+08
1.893833e+08
2.857157e+08
5.607858e+08
0
0
1.383429e+08
1.535e+08
1.948846e+08
2.933911e+08
5.737353e+08
0
1.446488e+08
1.603732e+08
2.031889e+08
3.049556e+08
5.929634e+08
1.52948e+08
1.692746e+08
2.139679e+08
3.19745e+08
6.169521e+08
1.790808e+08
2.256524e+08
3.356491e+08
6.420187e+08
2.356657e+08
3.490235e+08
6.625574e+08
3.586158e+08
6.76841e+08
6.853672e+08
0
0
0
0
0
0
0
0
0
0
0
0
0
0
0
0
0
0
0
0
0
0
0
0
0
0
0
0
0
0
0
0
0
0
0
0
0
0
0
0
0
0
0
1.610079e+08
0
0
0
0
0
0
0
0
1.521842e+08
1.685206e+08
0
0
0
0
0
0
0
1.441298e+08
1.598256e+08
2.026506e+08
0
0
0
0
0
0
1.38005e+08
1.531579e+08
1.945444e+08
2.931589e+08
0
0
0
0
0
1.340099e+08
1.488365e+08
1.892217e+08
2.856078e+08
5.610961e+08
0
0
0
0
1.321136e+08
1.467445e+08
1.866638e+08
2.818951e+08
5.543564e+08
0
0
0
1.321793e+08
1.468363e+08
1.867314e+08
2.819534e+08
5.542216e+08
0
0
1.342633e+08
1.490696e+08
1.89474e+08
2.857626e+08
5.606128e+08
0
1.383978e+08
1.535988e+08
1.949547e+08
2.934553e+08
5.73608e+08
1.447723e+08
1.60434e+08
2.032901e+08
3.050076e+08
5.928002e+08
1.694041e+08
2.140326e+08
3.198215e+08
6.168307e+08
2.25781e+08
3.356938e+08
6.41867e+08
3.491143e+08
6.624146e+08
6.76658e+08
0
0
0
0
0
0
0
0
0
0
0
0
0
0
0
0
0
0
0
0
0
0
0
0
0
0
0
0
0
0
0
0
0
0
0
0
1.686555e+08
0
0
0
0
0
0
0
0
1.611204e+08
1.78162e+08
0
0
0
0
0
0
0
1.522718e+08
1.686296e+08
2.132913e+08
0
0
0
0
0
0
1.442322e+08
1.599083e+08
2.027514e+08
3.046313e+08
0
0
0
0
0
1.380782e+08
1.532561e+08
1.946198e+08
2.932236e+08
5.742127e+08
0
0
0
0
1.341023e+08
1.489072e+08
1.893134e+08
2.856552e+08
5.609201e+08
0
0
0
1.321791e+08
1.468362e+08
1.867311e+08
2.819534e+08
5.542217e+08
0
0
1.322699e+08
1.469028e+08
1.868204e+08
2.81998e+08
5.540473e+08
0
1.343142e+08
1.491642e+08
1.895408e+08
2.858227e+08
5.604845e+08
1.385177e+08
1.536538e+08
1.950517e+08
2.93503e+08
5.734404e+08
1.605598e+08
2.033472e+08
3.050791e+08
5.926778e+08
2.14161e+08
3.19859e+08
6.166749e+08
3.357876e+08
6.417228e+08
6.622364e+08
0
0
0
0
0
0
0
0
0
0
0
0
0
0
0
0
0
0
0
0
0
0
0
0
0
0
0
0
1.742005e+08
0
0
0
0
0
0
0
0
1.687699e+08
1.864082e+08
0
0
0
0
0
0
0
1.612119e+08
1.78276e+08
2.248762e+08
0
0
0
0
0
0
1.523793e+08
1.687184e+08
2.133985e+08
3.193364e+08
0
0
0
0
0
1.443102e+08
1.600121e+08
2.028327e+08
3.047007e+08
5.935559e+08
0
0
0
0
1.381743e+08
1.533303e+08
1.947158e+08
2.93275e+08
5.740387e+08
0
0
0
1.3417e+08
1.490009e+08
1.893824e+08
2.857156e+08
5.607859e+08
0
0
1.322703e+08
1.469028e+08
1.868203e+08
2.819978e+08
5.540472e+08
0
1.323177e+08
1.46995e+08
1.868853e+08
2.820563e+08
5.539185e+08
1.344304e+08
1.492154e+08
1.896334e+08
2.858672e+08
5.603141e+08
1.53776e+08
1.951028e+08
2.935703e+08
5.733168e+08
2.034721e+08
3.051094e+08
5.925179e+08
3.199541e+08
6.165287e+08
6.415462e+08
0
0
0
0
0
0
0
0
0
0
0
0
0
0
0
0
0
0
0
1.776598e+08
0
0
0
0
0
0
0
0
1.743167e+08
1.92379e+08
0
0
0
0
0
0
0
1.688645e+08
1.86524e+08
2.347359e+08
0
0
0
0
0
0
1.613219e+08
1.783688e+08
2.249886e+08
3.351379e+08
0
0
0
0
0
1.524625e+08
1.688274e+08
2.134863e+08
3.194125e+08
6.176866e+08
0
0
0
0
1.444112e+08
1.600912e+08
2.029348e+08
3.04758e+08
5.933856e+08
0
0
0
1.382453e+08
1.534278e+08
1.947885e+08
2.9334e+08
5.739057e+08
0
0
1.342637e+08
1.490696e+08
1.894737e+08
2.857618e+08
5.606127e+08
0
1.323195e+08
1.469953e+08
1.868852e+08
2.820563e+08
5.539185e+08
1.324301e+08
1.470437e+08
1.869753e+08
2.82099e+08
5.537469e+08
1.493342e+08
1.896807e+08
2.859301e+08
5.601898e+08
1.952241e+08
2.935949e+08
5.731538e+08
3.052017e+08
5.923702e+08
6.163542e+08
0
0
0
0
0
0
0
0
0
1.792902e+08
0
0
0
0
0
0
0
0
1.77779e+08
1.960996e+08
0
0
0
0
0
0
0
1.744148e+08
1.924966e+08
2.418417e+08
0
0
0
0
0
0
1.689766e+08
1.8662e+08
2.348502e+08
3.484434e+08
0
0
0
0
0
1.614086e+08
1.784804e+08
2.250804e+08
3.352194e+08
6.428568e+08
0
0
0
0
1.525682e+08
1.689118e+08
2.135938e+08
3.19476e+08
6.175218e+08
0
0
0
1.444866e+08
1.601936e+08
2.030126e+08
3.048294e+08
5.932546e+08
0
0
1.383435e+08
1.534998e+08
1.948839e+08
2.933897e+08
5.737352e+08
0
1.343141e+08
1.491647e+08
1.895408e+08
2.858224e+08
5.604844e+08
1.32434e+08
1.470445e+08
1.869756e+08
2.82099e+08
5.537469e+08
1.471593e+08
1.870204e+08
2.821593e+08
5.536223e+08
1.897986e+08
2.859512e+08
5.600245e+08
2.936842e+08
5.730056e+08
5.921961e+08
0
0
0
0
0
0
0
0
1.794073e+08
1.978526e+08
0
0
0
0
0
0
0
1.778827e+08
1.962202e+08
2.462526e+08
0
0
0
0
0
0
1.745282e+08
1.925959e+08
2.419576e+08
3.579379e+08
0
0
0
0
0
1.69067e+08
1.867334e+08
2.34945e+08
3.485266e+08
6.635328e+08
0
0
0
0
1.615167e+08
1.785682e+08
2.251905e+08
3.352864e+08
6.426975e+08
0
0
0
1.526472e+08
1.69019e+08
2.136772e+08
3.195532e+08
6.173933e+08
0
0
1.44589e+08
1.602702e+08
2.031133e+08
3.048841e+08
5.930887e+08
0
1.383973e+08
1.535995e+08
1.949545e+08
2.934546e+08
5.73608e+08
1.344302e+08
1.49215e+08
1.896339e+08
2.858673e+08
5.60314e+08
1.471611e+08
1.870206e+08
2.821594e+08
5.536225e+08
1.871352e+08
2.821788e+08
5.534561e+08
2.860376e+08
5.59877e+08
5.728315e+08
0
0
0
0
0
0
0
1.795087e+08
1.979708e+08
2.48326e+08
0
0
0
0
0
0
1.779975e+08
1.963249e+08
2.463715e+08
3.637841e+08
0
0
0
0
0
1.74622e+08
1.927107e+08
2.420558e+08
3.580225e+08
6.779501e+08
0
0
0
0
1.691776e+08
1.868251e+08
2.350569e+08
3.485961e+08
6.633766e+08
0
0
0
1.616008e+08
1.786779e+08
2.252773e+08
3.353662e+08
6.425701e+08
0
0
1.527541e+08
1.690991e+08
2.137828e+08
3.196132e+08
6.17233e+08
0
1.446482e+08
1.603741e+08
2.031887e+08
3.049546e+08
5.929632e+08
1.385166e+08
1.536532e+08
1.950525e+08
2.935029e+08
5.734402e+08
1.493331e+08
1.896799e+08
2.859305e+08
5.6019e+08
1.871359e+08
2.821784e+08
5.534557e+08
2.822623e+08
5.5331e+08
5.597027e+08
0
0
0
0
0
0
1.796236e+08
1.980734e+08
2.484425e+08
3.665191e+08
0
0
0
0
0
1.780947e+08
1.96441e+08
2.464752e+08
3.638717e+08
6.866606e+08
0
0
0
0
1.74734e+08
1.928056e+08
2.42169e+08
3.580949e+08
6.777962e+08
0
0
0
1.692663e+08
1.86937e+08
2.351475e+08
3.486775e+08
6.632494e+08
0
0
1.617123e+08
1.787631e+08
2.253854e+08
3.354291e+08
6.424144e+08
0
1.528204e+08
1.692077e+08
2.138619e+08
3.196889e+08
6.171096e+08
1.447711e+08
1.604334e+08
2.032912e+08
3.050075e+08
5.927999e+08
1.537746e+08
1.951021e+08
2.935711e+08
5.73317e+08
1.897969e+08
2.859501e+08
5.600242e+08
2.822618e+08
5.533082e+08
5.531354e+08
0
0
0
0
0
1.79723e+08
1.981895e+08
2.485437e+08
3.666039e+08
6.906893e+08
0
0
0
0
1.782078e+08
1.965392e+08
2.465896e+08
3.639494e+08
6.865089e+08
0
0
0
1.748267e+08
1.929189e+08
2.422627e+08
3.581774e+08
6.776692e+08
0
0
1.693809e+08
1.87027e+08
2.352579e+08
3.487437e+08
6.630971e+08
0
1.617861e+08
1.788763e+08
2.254696e+08
3.355074e+08
6.422918e+08
1.529472e+08
1.692744e+08
2.139692e+08
3.197452e+08
6.169516e+08
1.605586e+08
2.033467e+08
3.050803e+08
5.926781e+08
1.952225e+08
2.935941e+08
5.731536e+08
2.860349e+08
5.598759e+08
5.531313e+08
0
0
0
0
1.798368e+08
1.982898e+08
2.48658e+08
3.666787e+08
6.905363e+08
0
0
0
1.783048e+08
1.966536e+08
2.466867e+08
3.640331e+08
6.863837e+08
0
0
1.749429e+08
1.930129e+08
2.423744e+08
3.582463e+08
6.775191e+08
0
1.694609e+08
1.871431e+08
2.353468e+08
3.488241e+08
6.629749e+08
1.619142e+08
1.789505e+08
2.255816e+08
3.355683e+08
6.421385e+08
1.694033e+08
2.140325e+08
3.198229e+08
6.16831e+08
2.034708e+08
3.05109e+08
5.925179e+08
2.936821e+08
5.730053e+08
5.596989e+08
0
0
0
1.799383e+08
1.984048e+08
2.487571e+08
3.667622e+08
6.904089e+08
0
0
1.784227e+08
1.967517e+08
2.467994e+08
3.641049e+08
6.86235e+08
0
1.750266e+08
1.931305e+08
2.424674e+08
3.583279e+08
6.773969e+08
1.695885e+08
1.872235e+08
2.354618e+08
3.488893e+08
6.628253e+08
1.790802e+08
2.256526e+08
3.356506e+08
6.420191e+08
2.141604e+08
3.198591e+08
6.166751e+08
3.052004e+08
5.923704e+08
5.72829e+08
0
0
1.800605e+08
1.985073e+08
2.488705e+08
3.66836e+08
6.902604e+08
0
1.785078e+08
1.968709e+08
2.468966e+08
3.641875e+08
6.861133e+08
1.751472e+08
1.932146e+08
2.425837e+08
3.583967e+08
6.772496e+08
1.873523e+08
2.355391e+08
3.489743e+08
6.627066e+08
2.257805e+08
3.356942e+08
6.418673e+08
3.199534e+08
6.165292e+08
5.921945e+08
0
1.801433e+08
1.986305e+08
2.489721e+08
3.66919e+08
6.901391e+08
1.786139e+08
1.969564e+08
2.470144e+08
3.642602e+08
6.859674e+08
1.933357e+08
2.426647e+08
3.584827e+08
6.771313e+08
2.356653e+08
3.490239e+08
6.625577e+08
3.357873e+08
6.417235e+08
6.163532e+08
1.802248e+08
1.987137e+08
2.490941e+08
3.669963e+08
6.899938e+08
1.970626e+08
2.470967e+08
3.643477e+08
6.8585e+08
2.427822e+08
3.585355e+08
6.769838e+08
3.491141e+08
6.624155e+08
6.415457e+08
1.987957e+08
2.491738e+08
3.67088e+08
6.898784e+08
2.471978e+08
3.644013e+08
6.857039e+08
3.58616e+08
6.76842e+08
6.622363e+08
2.492492e+08
3.671386e+08
6.89735e+08
3.644638e+08
6.855613e+08
6.766584e+08
3.671735e+08
6.895902e+08
6.853684e+08
6.893818e+08
)
;

boundaryField
{
    airInlet
    {
        type            calculated;
        value           nonuniform List<scalar> 0();
    }
    airOutlet
    {
        type            calculated;
        value           uniform 0;
    }
    cathodeSides
    {
        type            calculated;
        value           uniform 0;
    }
    air_to_interconnect
    {
        type            calculated;
        value           uniform 0;
    }
    air_to_electrolyte
    {
        type            calculated;
        value           uniform 0;
    }
    procBoundary3to2
    {
        type            processor;
        value           uniform 0;
    }
}
)

// processor4

695
(dimensions      [0 -3 0 0 0 1 0];

internalField   nonuniform List<scalar> 0();

boundaryField
{
    airInlet
    {
        type            calculated;
        value           nonuniform List<scalar> 0();
    }
    airOutlet
    {
        type            calculated;
        value           nonuniform List<scalar> 0();
    }
    cathodeSides
    {
        type            calculated;
        value           nonuniform List<scalar> 0();
    }
    air_to_interconnect
    {
        type            calculated;
        value           nonuniform List<scalar> 0();
    }
    air_to_electrolyte
    {
        type            calculated;
        value           nonuniform List<scalar> 0();
    }
}
)

// processor5

695
(dimensions      [0 -3 0 0 0 1 0];

internalField   nonuniform List<scalar> 0();

boundaryField
{
    airInlet
    {
        type            calculated;
        value           nonuniform List<scalar> 0();
    }
    airOutlet
    {
        type            calculated;
        value           nonuniform List<scalar> 0();
    }
    cathodeSides
    {
        type            calculated;
        value           nonuniform List<scalar> 0();
    }
    air_to_interconnect
    {
        type            calculated;
        value           nonuniform List<scalar> 0();
    }
    air_to_electrolyte
    {
        type            calculated;
        value           nonuniform List<scalar> 0();
    }
}
)

// processor6

695
(dimensions      [0 -3 0 0 0 1 0];

internalField   nonuniform List<scalar> 0();

boundaryField
{
    airInlet
    {
        type            calculated;
        value           nonuniform List<scalar> 0();
    }
    airOutlet
    {
        type            calculated;
        value           nonuniform List<scalar> 0();
    }
    cathodeSides
    {
        type            calculated;
        value           nonuniform List<scalar> 0();
    }
    air_to_interconnect
    {
        type            calculated;
        value           nonuniform List<scalar> 0();
    }
    air_to_electrolyte
    {
        type            calculated;
        value           nonuniform List<scalar> 0();
    }
}
)

// processor7

695
(dimensions      [0 -3 0 0 0 1 0];

internalField   nonuniform List<scalar> 0();

boundaryField
{
    airInlet
    {
        type            calculated;
        value           nonuniform List<scalar> 0();
    }
    airOutlet
    {
        type            calculated;
        value           nonuniform List<scalar> 0();
    }
    cathodeSides
    {
        type            calculated;
        value           nonuniform List<scalar> 0();
    }
    air_to_interconnect
    {
        type            calculated;
        value           nonuniform List<scalar> 0();
    }
    air_to_electrolyte
    {
        type            calculated;
        value           nonuniform List<scalar> 0();
    }
}
)
