/*--------------------------------*- C++ -*----------------------------------*\
| =========                 |                                                 |
| \\      /  F ield         | OpenFOAM: The Open Source CFD Toolbox           |
|  \\    /   O peration     | Version:  2306                                  |
|   \\  /    A nd           | Website:  www.openfoam.com                      |
|    \\/     M anipulation  |                                                 |
\*---------------------------------------------------------------------------*/
FoamFile
{
    version     2.0;
    format      binary;
    arch        "LSB;label=32;scalar=64";
    class       decomposedBlockData;
    object      j;
    data.format     ascii;
    data.class      volScalarField;
}
// * * * * * * * * * * * * * * * * * * * * * * * * * * * * * * * * * * * * * //


// processor0

19803
(FoamFile
{
    version     2.0;
    format      ascii;
    arch        "LSB;label=32;scalar=64";
    class       volScalarField;
    location    "2/fuel";
    object      j;
}
dimensions      [0 -3 0 0 0 1 0];

internalField   nonuniform List<scalar> 
4000
(
9.339327e+08
9.280972e+08
9.319535e+08
3.630398e+08
9.157392e+08
9.258578e+08
3.609158e+08
9.30549e+08
3.626545e+08
1.88748e+08
8.959417e+08
9.127788e+08
3.564677e+08
9.241861e+08
3.604115e+08
1.875518e+08
9.296379e+08
3.625189e+08
1.886317e+08
1.149438e+08
8.685376e+08
8.914565e+08
3.4946e+08
9.106407e+08
3.556337e+08
1.850602e+08
9.231749e+08
3.601402e+08
1.87358e+08
1.141029e+08
9.290189e+08
3.625523e+08
1.886685e+08
1.149064e+08
8.55692e+07
8.363161e+08
8.616147e+08
3.399425e+08
8.88661e+08
3.479403e+08
1.811661e+08
9.093998e+08
3.551269e+08
1.846552e+08
1.123578e+08
9.225047e+08
3.601145e+08
1.873068e+08
1.14005e+08
8.486955e+07
9.285325e+08
3.626592e+08
1.887971e+08
1.149819e+08
8.555718e+07
0
8.063008e+08
8.262641e+08
3.28977e+08
8.577839e+08
3.373421e+08
1.759285e+08
8.870146e+08
3.471075e+08
1.803301e+08
1.096455e+08
9.086113e+08
3.549723e+08
1.844505e+08
1.120984e+08
8.342053e+07
9.219851e+08
3.601866e+08
1.873951e+08
1.140137e+08
8.480409e+07
0
9.281294e+08
3.627842e+08
1.889578e+08
1.151204e+08
8.564156e+07
0
0
7.82659e+08
7.933648e+08
3.189836e+08
8.211249e+08
3.249969e+08
1.699649e+08
8.555825e+08
3.360194e+08
1.744206e+08
1.060228e+08
8.860141e+08
3.467391e+08
1.79913e+08
1.090627e+08
8.117468e+07
9.080148e+08
3.549692e+08
1.844522e+08
1.119898e+08
8.321421e+07
0
9.215673e+08
3.602869e+08
1.875313e+08
1.141206e+08
8.483061e+07
0
0
9.27744e+08
3.629042e+08
1.891202e+08
1.152777e+08
8.577788e+07
0
0
0
7.668326e+08
7.675824e+08
3.112441e+08
7.869485e+08
3.137179e+08
1.646165e+08
8.182326e+08
3.230716e+08
1.676045e+08
1.019349e+08
8.542587e+08
3.353714e+08
1.736906e+08
1.049418e+08
7.818455e+07
8.852796e+08
3.466122e+08
1.797736e+08
1.087913e+08
8.068984e+07
0
9.075612e+08
3.550165e+08
1.84536e+08
1.120292e+08
8.313876e+07
0
0
9.211665e+08
3.603919e+08
1.876758e+08
1.142582e+08
8.493903e+07
0
0
0
9.274217e+08
3.63006e+08
1.892698e+08
1.154326e+08
8.592826e+07
0
0
0
0
7.589787e+08
7.503743e+08
3.061241e+08
7.601609e+08
3.050012e+08
1.605341e+08
7.833701e+08
3.112039e+08
1.614593e+08
9.832116e+07
8.165061e+08
3.220906e+08
1.664949e+08
1.002282e+08
7.482328e+07
8.532949e+08
3.350701e+08
1.733692e+08
1.04435e+08
7.727423e+07
0
8.847577e+08
3.465728e+08
1.797732e+08
1.087225e+08
8.047291e+07
0
0
9.071233e+08
3.550893e+08
1.846429e+08
1.121253e+08
8.318799e+07
0
0
0
9.208418e+08
3.604796e+08
1.87814e+08
1.143986e+08
8.507186e+07
0
0
0
0
9.27042e+08
3.631069e+08
1.89402e+08
1.155743e+08
8.607515e+07
0
0
0
0
0
7.589787e+08
7.418498e+08
3.03601e+08
7.422948e+08
2.99235e+08
1.578637e+08
7.560274e+08
3.020157e+08
1.567666e+08
9.560104e+07
7.812495e+08
3.098977e+08
1.599809e+08
9.603296e+07
7.188142e+07
8.152545e+08
3.215848e+08
1.659609e+08
9.94404e+07
7.33829e+07
0
8.526408e+08
3.349022e+08
1.732533e+08
1.042279e+08
7.685495e+07
0
0
8.842507e+08
3.465929e+08
1.798201e+08
1.087528e+08
8.042796e+07
0
0
0
9.06789e+08
3.551465e+08
1.84757e+08
1.122356e+08
8.328407e+07
0
0
0
0
9.204427e+08
3.605727e+08
1.879355e+08
1.145309e+08
8.52058e+07
0
0
0
0
0
3.631581e+08
1.895267e+08
1.157008e+08
8.620941e+07
0
0
0
0
0
0
7.668326e+08
7.418498e+08
3.03601e+08
7.334481e+08
2.963929e+08
1.565569e+08
7.377908e+08
2.95934e+08
1.536897e+08
9.384122e+07
7.535875e+08
3.004446e+08
1.54992e+08
9.286827e+07
6.968937e+07
7.79716e+08
3.09198e+08
1.592415e+08
9.497514e+07
6.995107e+07
0
8.144295e+08
3.212667e+08
1.657123e+08
9.907455e+07
7.272471e+07
0
0
8.520185e+08
3.34839e+08
1.732141e+08
1.041695e+08
7.669053e+07
0
0
0
8.838914e+08
3.466004e+08
1.798959e+08
1.088157e+08
8.046623e+07
0
0
0
0
9.063439e+08
3.552224e+08
1.848561e+08
1.12348e+08
8.339109e+07
0
0
0
0
0
3.606092e+08
1.880537e+08
1.146486e+08
8.533141e+07
0
0
0
0
0
0
1.896146e+08
1.15819e+08
8.632962e+07
0
0
0
0
0
0
0
7.826589e+08
7.503744e+08
3.061241e+08
7.334481e+08
2.963929e+08
1.565569e+08
7.287612e+08
2.929348e+08
1.521813e+08
9.298606e+07
7.351336e+08
2.94183e+08
1.517159e+08
9.081277e+07
6.828249e+07
7.518224e+08
2.995882e+08
1.540857e+08
9.159515e+07
6.738597e+07
0
7.787201e+08
3.087389e+08
1.588691e+08
9.445844e+07
6.906566e+07
0
0
8.136526e+08
3.21106e+08
1.65575e+08
9.891626e+07
7.242476e+07
0
0
0
8.516174e+08
3.347743e+08
1.732325e+08
1.041659e+08
7.665167e+07
0
0
0
0
8.833606e+08
3.466469e+08
1.799595e+08
1.088971e+08
8.05313e+07
0
0
0
0
0
3.552268e+08
1.849604e+08
1.124474e+08
8.349879e+07
0
0
0
0
0
0
1.881309e+08
1.147611e+08
8.544371e+07
0
0
0
0
0
0
0
1.159074e+08
8.644169e+07
0
0
0
0
0
0
0
0
8.063008e+08
7.675824e+08
3.112441e+08
7.422947e+08
2.99235e+08
1.578637e+08
7.287612e+08
2.929348e+08
1.521813e+08
9.298606e+07
7.259952e+08
2.910936e+08
1.501079e+08
8.9811e+07
6.760229e+07
7.33209e+08
2.932187e+08
1.506959e+08
8.93953e+07
6.573178e+07
0
7.506848e+08
2.990148e+08
1.536138e+08
9.095706e+07
6.632063e+07
0
0
7.777838e+08
3.084868e+08
1.586414e+08
9.420843e+07
6.863852e+07
0
0
0
8.131851e+08
3.209543e+08
1.65528e+08
9.883831e+07
7.230016e+07
0
0
0
0
8.509648e+08
3.347814e+08
1.732462e+08
1.042022e+08
7.665875e+07
0
0
0
0
0
3.465977e+08
1.800411e+08
1.089678e+08
8.061119e+07
0
0
0
0
0
0
1.850148e+08
1.125482e+08
8.359461e+07
0
0
0
0
0
0
0
1.148409e+08
8.555058e+07
0
0
0
0
0
0
0
0
8.652721e+07
0
0
0
0
0
0
0
0
0
8.363161e+08
7.933648e+08
3.189836e+08
7.601608e+08
3.050012e+08
1.605341e+08
7.377909e+08
2.95934e+08
1.536897e+08
9.384121e+07
7.259953e+08
2.910936e+08
1.501079e+08
8.9811e+07
6.760229e+07
7.2399e+08
2.900748e+08
1.490308e+08
8.832153e+07
6.492916e+07
0
7.319719e+08
2.925664e+08
1.501556e+08
8.867489e+07
6.454631e+07
0
0
7.496143e+08
2.986893e+08
1.533136e+08
9.063428e+07
6.579203e+07
0
0
0
7.772426e+08
3.082517e+08
1.585346e+08
9.406327e+07
6.84362e+07
0
0
0
0
8.123726e+08
3.209126e+08
1.654838e+08
9.882434e+07
7.224322e+07
0
0
0
0
0
3.346615e+08
1.732984e+08
1.042338e+08
7.66989e+07
0
0
0
0
0
0
1.800584e+08
1.090498e+08
8.068143e+07
0
0
0
0
0
0
0
1.126096e+08
8.369061e+07
0
0
0
0
0
0
0
0
8.562834e+07
0
0
0
0
0
0
0
0
0
0
0
0
0
0
0
0
0
0
0
8.685375e+08
8.262641e+08
3.28977e+08
7.869485e+08
3.137179e+08
1.646165e+08
7.560276e+08
3.020156e+08
1.567666e+08
9.560104e+07
7.351338e+08
2.94183e+08
1.517158e+08
9.081277e+07
6.828249e+07
7.239901e+08
2.900749e+08
1.490308e+08
8.832152e+07
6.492916e+07
0
7.227028e+08
2.893822e+08
1.484558e+08
8.755984e+07
6.368392e+07
0
0
7.308043e+08
2.921896e+08
1.498054e+08
8.830243e+07
6.394927e+07
0
0
0
7.490093e+08
2.983864e+08
1.531595e+08
9.043602e+07
6.552867e+07
0
0
0
0
7.762679e+08
3.081632e+08
1.584362e+08
9.400433e+07
6.832213e+07
0
0
0
0
0
3.207079e+08
1.655013e+08
9.88114e+07
7.223967e+07
0
0
0
0
0
0
1.732678e+08
1.042916e+08
7.673461e+07
0
0
0
0
0
0
0
1.09082e+08
8.076033e+07
0
0
0
0
0
0
0
0
8.375202e+07
0
0
0
0
0
0
0
0
0
0
0
0
0
0
0
0
0
0
0
0
0
0
0
0
0
0
0
0
8.959416e+08
8.616147e+08
3.399425e+08
8.211249e+08
3.249969e+08
1.699649e+08
7.833703e+08
3.112039e+08
1.614593e+08
9.832115e+07
7.535878e+08
3.004447e+08
1.54992e+08
9.286827e+07
6.968936e+07
7.332093e+08
2.932189e+08
1.506959e+08
8.939528e+07
6.573178e+07
0
7.227028e+08
2.893823e+08
1.484558e+08
8.755985e+07
6.368391e+07
0
0
7.214842e+08
2.889796e+08
1.480802e+08
8.716226e+07
6.305264e+07
0
0
0
7.301565e+08
2.918384e+08
1.496186e+08
8.806789e+07
6.364449e+07
0
0
0
0
7.478983e+08
2.982602e+08
1.530178e+08
9.034202e+07
6.536997e+07
0
0
0
0
0
3.078774e+08
1.584217e+08
9.395076e+07
6.828005e+07
0
0
0
0
0
0
1.65415e+08
9.884166e+07
7.223664e+07
0
0
0
0
0
0
0
1.042866e+08
7.679179e+07
0
0
0
0
0
0
0
0
8.07959e+07
0
0
0
0
0
0
0
0
0
0
0
0
0
0
0
0
0
0
0
0
0
0
0
0
0
0
0
0
0
0
0
0
0
0
0
0
9.157391e+08
8.914565e+08
3.4946e+08
8.577839e+08
3.373421e+08
1.759285e+08
8.182329e+08
3.230716e+08
1.676045e+08
1.019349e+08
7.8125e+08
3.098978e+08
1.599809e+08
9.603296e+07
7.188142e+07
7.518228e+08
2.995884e+08
1.540858e+08
9.159513e+07
6.738597e+07
0
7.319719e+08
2.925665e+08
1.501556e+08
8.867492e+07
6.45463e+07
0
0
7.214841e+08
2.889796e+08
1.480802e+08
8.716228e+07
6.305265e+07
0
0
0
7.208159e+08
2.886031e+08
1.478768e+08
8.69093e+07
6.2727e+07
0
0
0
0
7.289525e+08
2.916874e+08
1.494463e+08
8.79499e+07
6.345553e+07
0
0
0
0
0
2.979081e+08
1.529782e+08
9.025655e+07
6.529821e+07
0
0
0
0
0
0
1.582835e+08
9.395628e+07
6.824225e+07
0
0
0
0
0
0
0
9.879433e+07
7.226943e+07
0
0
0
0
0
0
0
0
7.679473e+07
0
0
0
0
0
0
0
0
0
0
0
0
0
0
0
0
0
0
0
0
0
0
0
0
0
0
0
0
0
0
0
0
0
0
0
0
0
0
0
0
0
0
0
9.280971e+08
9.127788e+08
3.564677e+08
8.886608e+08
3.479403e+08
1.81166e+08
8.555828e+08
3.360194e+08
1.744206e+08
1.060228e+08
8.165067e+08
3.220907e+08
1.664949e+08
1.002282e+08
7.482327e+07
7.797166e+08
3.091983e+08
1.592416e+08
9.497514e+07
6.995108e+07
0
7.506848e+08
2.99015e+08
1.536139e+08
9.095709e+07
6.632062e+07
0
0
7.308041e+08
2.921896e+08
1.498055e+08
8.830249e+07
6.394929e+07
0
0
0
7.208158e+08
2.886031e+08
1.478768e+08
8.690932e+07
6.272702e+07
0
0
0
0
7.195658e+08
2.884401e+08
1.476886e+08
8.677926e+07
6.252273e+07
0
0
0
0
0
2.912904e+08
1.493903e+08
8.784219e+07
6.336364e+07
0
0
0
0
0
0
1.527983e+08
9.024304e+07
6.523345e+07
0
0
0
0
0
0
0
9.387038e+07
6.825349e+07
0
0
0
0
0
0
0
0
7.223586e+07
0
0
0
0
0
0
0
0
0
0
0
0
0
0
0
0
0
0
0
0
0
0
0
0
0
0
0
0
0
0
0
0
0
0
0
0
0
0
0
0
0
0
0
0
0
0
0
0
0
9.339327e+08
9.258578e+08
3.609157e+08
9.106406e+08
3.556338e+08
1.850601e+08
8.870149e+08
3.471074e+08
1.803301e+08
1.096455e+08
8.542595e+08
3.353716e+08
1.736906e+08
1.049418e+08
7.818454e+07
8.152553e+08
3.215851e+08
1.659609e+08
9.944039e+07
7.33829e+07
0
7.787201e+08
3.087391e+08
1.588692e+08
9.445848e+07
6.906567e+07
0
0
7.49614e+08
2.986892e+08
1.533137e+08
9.063437e+07
6.579205e+07
0
0
0
7.301563e+08
2.918383e+08
1.496185e+08
8.806795e+07
6.364454e+07
0
0
0
0
7.195659e+08
2.884401e+08
1.476886e+08
8.677926e+07
6.252274e+07
0
0
0
0
0
2.880209e+08
1.476247e+08
8.666006e+07
6.242077e+07
0
0
0
0
0
0
1.491823e+08
8.781639e+07
6.328028e+07
0
0
0
0
0
0
0
9.012676e+07
6.522836e+07
0
0
0
0
0
0
0
0
6.818716e+07
0
0
0
0
0
0
0
0
0
0
0
0
0
0
0
0
0
0
0
0
0
0
0
0
0
0
0
0
0
0
0
0
0
0
0
0
0
0
0
0
0
0
0
0
0
0
0
0
0
0
0
0
0
0
9.319535e+08
3.630398e+08
9.24186e+08
3.604115e+08
1.875518e+08
9.094002e+08
3.551268e+08
1.846552e+08
1.123578e+08
8.86015e+08
3.467393e+08
1.799129e+08
1.090627e+08
8.117467e+07
8.532959e+08
3.350705e+08
1.733693e+08
1.04435e+08
7.727423e+07
0
8.144295e+08
3.21267e+08
1.657125e+08
9.907461e+07
7.272471e+07
0
0
7.777835e+08
3.084868e+08
1.586415e+08
9.420855e+07
6.863856e+07
0
0
0
7.49009e+08
2.983862e+08
1.531595e+08
9.043613e+07
6.552874e+07
0
0
0
0
7.289526e+08
2.916873e+08
1.494462e+08
8.79499e+07
6.345558e+07
0
0
0
0
0
2.880209e+08
1.476247e+08
8.666004e+07
6.242077e+07
0
0
0
0
0
0
1.474028e+08
8.662836e+07
6.232785e+07
0
0
0
0
0
0
0
8.767988e+07
6.326471e+07
0
0
0
0
0
0
0
0
6.513657e+07
0
0
0
0
0
0
0
0
0
0
0
0
0
0
0
0
0
0
0
0
0
0
0
0
0
0
0
0
0
0
0
0
0
0
0
0
0
0
0
0
0
0
0
0
0
0
0
0
0
0
0
0
0
0
0
0
0
0
0
9.30549e+08
3.626545e+08
1.88748e+08
9.231753e+08
3.601401e+08
1.87358e+08
1.141029e+08
9.086122e+08
3.549726e+08
1.844505e+08
1.120984e+08
8.342051e+07
8.85281e+08
3.466127e+08
1.797737e+08
1.087913e+08
8.068984e+07
0
8.526408e+08
3.349027e+08
1.732535e+08
1.04228e+08
7.685494e+07
0
0
8.136523e+08
3.21106e+08
1.655753e+08
9.89164e+07
7.242481e+07
0
0
0
7.772422e+08
3.082516e+08
1.585346e+08
9.406341e+07
6.84363e+07
0
0
0
0
7.478985e+08
2.9826e+08
1.530177e+08
9.034202e+07
6.537006e+07
0
0
0
0
0
2.912905e+08
1.493902e+08
8.784214e+07
6.336364e+07
0
0
0
0
0
0
1.474028e+08
8.662835e+07
6.232784e+07
0
0
0
0
0
0
0
8.648191e+07
6.230728e+07
0
0
0
0
0
0
0
0
6.315613e+07
0
0
0
0
0
0
0
0
0
0
0
0
0
0
0
0
0
0
0
0
0
0
0
0
0
0
0
0
0
0
0
0
0
0
0
0
0
0
0
0
0
0
0
0
0
0
0
0
0
0
0
0
0
0
0
0
0
0
0
0
0
0
0
0
9.296384e+08
3.625189e+08
1.886317e+08
1.149438e+08
9.225056e+08
3.601147e+08
1.873068e+08
1.14005e+08
8.486954e+07
9.08016e+08
3.549698e+08
1.844523e+08
1.119898e+08
8.321421e+07
0
8.847574e+08
3.465735e+08
1.797735e+08
1.087226e+08
8.047289e+07
0
0
8.520181e+08
3.34839e+08
1.732144e+08
1.041697e+08
7.66906e+07
0
0
0
8.131846e+08
3.209541e+08
1.65528e+08
9.883849e+07
7.230028e+07
0
0
0
0
7.76268e+08
3.08163e+08
1.584361e+08
9.400433e+07
6.832224e+07
0
0
0
0
0
2.979082e+08
1.529781e+08
9.025647e+07
6.529821e+07
0
0
0
0
0
0
1.491823e+08
8.781634e+07
6.328024e+07
0
0
0
0
0
0
0
8.648192e+07
6.230727e+07
0
0
0
0
0
0
0
0
6.219048e+07
0
0
0
0
0
0
0
0
0
0
0
0
0
0
0
0
0
0
0
0
0
0
0
0
0
0
0
0
0
0
0
0
0
0
0
0
0
0
0
0
0
0
0
0
0
0
0
0
0
0
0
0
0
0
0
0
0
0
0
0
0
0
0
0
0
0
0
0
0
9.290199e+08
3.625525e+08
1.886685e+08
1.149064e+08
8.556919e+07
9.219863e+08
3.601871e+08
1.873953e+08
1.140137e+08
8.480409e+07
0
9.07561e+08
3.550171e+08
1.845363e+08
1.120293e+08
8.313875e+07
0
0
8.842497e+08
3.465928e+08
1.798206e+08
1.087531e+08
8.042804e+07
0
0
0
8.516168e+08
3.347741e+08
1.732325e+08
1.041661e+08
7.665184e+07
0
0
0
0
8.123727e+08
3.209124e+08
1.654837e+08
9.882434e+07
7.224336e+07
0
0
0
0
0
3.078774e+08
1.584216e+08
9.395068e+07
6.828005e+07
0
0
0
0
0
0
1.527983e+08
9.024297e+07
6.523339e+07
0
0
0
0
0
0
0
8.767989e+07
6.326468e+07
0
0
0
0
0
0
0
0
6.219049e+07
0
0
0
0
0
0
0
0
0
0
0
0
0
0
0
0
0
0
0
0
0
0
0
0
0
0
0
0
0
0
0
0
0
0
0
0
0
0
0
0
0
0
0
0
0
0
0
0
0
0
0
0
0
0
0
0
0
0
0
0
0
0
0
0
0
0
0
0
0
0
0
0
0
0
9.285337e+08
3.626597e+08
1.887972e+08
1.149819e+08
8.555718e+07
0
9.215671e+08
3.602876e+08
1.875316e+08
1.141207e+08
8.483061e+07
0
0
9.071226e+08
3.550892e+08
1.846433e+08
1.121256e+08
8.318808e+07
0
0
0
8.838902e+08
3.465999e+08
1.798958e+08
1.08816e+08
8.046643e+07
0
0
0
0
8.509649e+08
3.34781e+08
1.732461e+08
1.042022e+08
7.665897e+07
0
0
0
0
0
3.207079e+08
1.655011e+08
9.881132e+07
7.223967e+07
0
0
0
0
0
0
1.582835e+08
9.395619e+07
6.824218e+07
0
0
0
0
0
0
0
9.012677e+07
6.52283e+07
0
0
0
0
0
0
0
0
6.315614e+07
0
0
0
0
0
0
0
0
0
0
0
0
0
0
0
0
0
0
0
0
0
0
0
0
0
0
0
0
0
0
0
0
0
0
0
0
0
0
0
0
0
0
0
0
0
0
0
0
0
0
0
0
0
0
0
0
0
0
0
0
0
0
0
0
0
0
0
0
0
0
0
0
0
0
0
0
0
0
0
9.281292e+08
3.627849e+08
1.889582e+08
1.151205e+08
8.564156e+07
0
0
9.211658e+08
3.603919e+08
1.876763e+08
1.142585e+08
8.493912e+07
0
0
0
9.067881e+08
3.551461e+08
1.847569e+08
1.122359e+08
8.328429e+07
0
0
0
0
8.833607e+08
3.466463e+08
1.799591e+08
1.08897e+08
8.053158e+07
0
0
0
0
0
3.346616e+08
1.732982e+08
1.042337e+08
7.66989e+07
0
0
0
0
0
0
1.65415e+08
9.884155e+07
7.223657e+07
0
0
0
0
0
0
0
9.38704e+07
6.825342e+07
0
0
0
0
0
0
0
0
6.513658e+07
0
0
0
0
0
0
0
0
0
0
0
0
0
0
0
0
0
0
0
0
0
0
0
0
0
0
0
0
0
0
0
0
0
0
0
0
0
0
0
0
0
0
0
0
0
0
0
0
0
0
0
0
0
0
0
0
0
0
0
0
0
0
0
0
0
0
0
0
0
0
0
0
0
0
0
0
0
0
0
0
0
0
0
0
0
9.277434e+08
3.629042e+08
1.891207e+08
1.15278e+08
8.577798e+07
0
0
0
9.208409e+08
3.604792e+08
1.878139e+08
1.143989e+08
8.507209e+07
0
0
0
0
9.06344e+08
3.552219e+08
1.848559e+08
1.12348e+08
8.339136e+07
0
0
0
0
0
3.465977e+08
1.800407e+08
1.089676e+08
8.061114e+07
0
0
0
0
0
0
1.732678e+08
1.042914e+08
7.673451e+07
0
0
0
0
0
0
0
9.879434e+07
7.226934e+07
0
0
0
0
0
0
0
0
6.818717e+07
0
0
0
0
0
0
0
0
0
0
0
0
0
0
0
0
0
0
0
0
0
0
0
0
0
0
0
0
0
0
0
0
0
0
0
0
0
0
0
0
0
0
0
0
0
0
0
0
0
0
0
0
0
0
0
0
0
0
0
0
0
0
0
0
0
0
0
0
0
0
0
0
0
0
0
0
0
0
0
0
0
0
0
0
0
0
0
0
0
0
0
0
9.274209e+08
3.630056e+08
1.892698e+08
1.154329e+08
8.59285e+07
0
0
0
0
9.204428e+08
3.605722e+08
1.879353e+08
1.145308e+08
8.520608e+07
0
0
0
0
0
3.552268e+08
1.8496e+08
1.124472e+08
8.349876e+07
0
0
0
0
0
0
1.800584e+08
1.090495e+08
8.068124e+07
0
0
0
0
0
0
0
1.042866e+08
7.679165e+07
0
0
0
0
0
0
0
0
7.223587e+07
0
0
0
0
0
0
0
0
0
0
0
0
0
0
0
0
0
0
0
0
0
0
0
0
0
0
0
0
0
0
0
0
0
0
0
0
0
0
0
0
0
0
0
0
0
0
0
0
0
0
0
0
0
0
0
0
0
0
0
0
0
0
0
0
0
0
0
0
0
0
0
0
0
0
0
0
0
0
0
0
0
0
0
0
0
0
0
0
0
0
0
0
0
0
0
0
0
0
0
0
9.270421e+08
3.631064e+08
1.894018e+08
1.155743e+08
8.607544e+07
0
0
0
0
0
3.606093e+08
1.880534e+08
1.146484e+08
8.533138e+07
0
0
0
0
0
0
1.850148e+08
1.125479e+08
8.359444e+07
0
0
0
0
0
0
0
1.09082e+08
8.076009e+07
0
0
0
0
0
0
0
0
7.679474e+07
0
0
0
0
0
0
0
0
0
0
0
0
0
0
0
0
0
0
0
0
0
0
0
0
0
0
0
0
0
0
0
0
0
0
0
0
0
0
0
0
0
0
0
0
0
0
0
0
0
0
0
0
0
0
0
0
0
0
0
0
0
0
0
0
0
0
0
0
0
0
0
0
0
0
0
0
0
0
0
0
0
0
0
0
0
0
0
0
0
0
0
0
0
0
0
0
0
0
0
0
0
0
0
0
0
0
0
0
0
3.631581e+08
1.895263e+08
1.157006e+08
8.620939e+07
0
0
0
0
0
0
1.881309e+08
1.147609e+08
8.544354e+07
0
0
0
0
0
0
0
1.126096e+08
8.369041e+07
0
0
0
0
0
0
0
0
8.079592e+07
0
0
0
0
0
0
0
0
0
0
0
0
0
0
0
0
0
0
0
0
0
0
0
0
0
0
0
0
0
0
0
0
0
0
0
0
0
0
0
0
0
0
0
0
0
0
0
0
0
0
0
0
0
0
0
0
0
0
0
0
0
0
0
0
0
0
0
0
0
0
0
0
0
0
0
0
0
0
0
0
0
0
0
0
0
0
0
0
0
0
0
0
0
0
0
0
0
0
0
0
0
0
0
0
0
0
0
0
0
0
0
0
0
0
0
0
0
0
0
1.896146e+08
1.158187e+08
8.632945e+07
0
0
0
0
0
0
0
1.148409e+08
8.555038e+07
0
0
0
0
0
0
0
0
8.375203e+07
0
0
0
0
0
0
0
0
0
0
0
0
0
0
0
0
0
0
0
0
0
0
0
0
0
0
0
0
0
0
0
0
0
0
0
0
0
0
0
0
0
0
0
0
0
0
0
0
0
0
0
0
0
0
0
0
0
0
0
0
0
0
0
0
0
0
0
0
0
0
0
0
0
0
0
0
0
0
0
0
0
0
0
0
0
0
0
0
0
0
0
0
0
0
0
0
0
0
0
0
0
0
0
0
0
0
0
0
0
0
0
0
0
0
0
0
0
0
0
0
0
0
0
0
0
0
0
1.159074e+08
8.644148e+07
0
0
0
0
0
0
0
0
8.562834e+07
0
0
0
0
0
0
0
0
0
0
0
0
0
0
0
0
0
0
0
0
0
0
0
0
0
0
0
0
0
0
0
0
0
0
0
0
0
0
0
0
0
0
0
0
0
0
0
0
0
0
0
0
0
0
0
0
0
0
0
0
0
0
0
0
0
0
0
0
0
0
0
0
0
0
0
0
0
0
0
0
0
0
0
0
0
0
0
0
0
0
0
0
0
0
0
0
0
0
0
0
0
0
0
0
0
0
0
0
0
0
0
0
0
0
0
0
0
0
0
0
0
0
0
0
0
0
0
0
0
0
0
0
0
8.652721e+07
0
0
0
0
0
0
0
0
0
0
0
0
0
0
0
0
0
0
0
0
0
0
0
0
0
0
0
0
0
0
0
0
0
0
0
0
0
0
0
0
0
0
0
0
0
0
0
0
0
0
0
0
0
0
0
0
0
0
0
0
0
0
0
0
0
0
0
0
0
0
0
0
0
0
0
0
0
0
0
0
0
0
0
0
0
0
0
0
0
0
0
0
0
0
0
0
0
0
0
0
0
0
0
0
0
0
0
0
0
0
0
0
0
0
0
0
0
0
0
0
0
0
0
0
0
0
0
0
0
0
0
0
0
0
0
0
0
0
0
0
0
0
0
0
0
0
0
0
0
0
0
0
0
0
0
0
0
0
0
0
0
0
0
0
0
0
0
0
0
0
0
0
0
0
0
0
0
0
0
0
0
0
0
0
0
0
0
0
0
0
0
0
0
0
0
0
0
0
0
0
0
0
0
0
0
0
0
0
0
0
0
0
0
0
0
0
0
0
0
0
0
0
0
0
0
0
0
0
0
0
0
0
0
0
0
0
0
0
0
0
0
0
0
0
0
0
0
0
0
0
0
0
0
0
0
0
0
0
0
0
0
0
0
0
0
0
0
0
0
0
0
0
0
0
0
0
0
0
0
0
0
0
0
0
0
0
0
0
0
0
0
0
0
0
0
0
0
0
0
0
0
0
0
0
0
0
0
0
0
0
0
0
0
0
0
0
0
0
0
0
0
0
0
0
0
0
0
0
0
0
0
0
0
0
0
0
0
0
0
0
0
0
0
0
0
0
0
0
0
0
0
0
0
0
0
0
0
0
0
0
0
0
0
0
0
0
0
0
0
0
0
0
0
0
0
0
0
0
0
0
0
0
0
0
0
0
0
0
0
0
0
0
0
0
0
0
0
0
0
0
0
0
0
0
0
0
0
0
0
0
0
0
0
0
0
0
0
0
0
0
0
0
0
0
0
0
0
0
0
0
0
0
0
0
0
0
0
0
0
0
0
0
0
0
0
0
0
0
0
0
0
0
0
0
0
0
0
0
0
0
0
0
0
0
0
0
0
0
0
0
0
0
0
0
0
0
0
0
0
0
0
0
0
0
0
0
0
0
0
0
0
0
0
0
0
0
0
0
0
0
0
0
0
0
0
0
0
0
0
0
0
0
0
0
0
0
0
0
0
0
0
0
0
0
0
0
0
0
0
0
0
0
0
0
0
0
0
0
0
0
0
0
0
0
0
0
0
0
0
0
0
0
0
0
0
0
0
0
0
0
0
0
0
0
0
0
0
0
0
0
0
0
0
0
0
0
0
0
0
0
0
0
0
0
0
0
0
0
0
0
0
0
0
0
0
0
0
0
0
0
0
0
0
0
0
0
0
0
0
0
0
0
0
0
0
0
0
0
0
0
0
0
0
0
0
0
0
0
0
0
0
0
0
0
0
0
0
0
0
0
0
0
0
0
0
0
0
0
0
0
0
0
0
0
0
0
0
0
0
0
0
0
0
0
0
0
0
0
0
0
0
0
0
0
0
0
0
0
0
0
0
0
0
0
0
0
0
0
0
0
0
0
0
0
0
0
0
0
0
0
0
0
0
0
0
0
0
0
0
0
0
0
0
0
0
0
0
0
0
0
0
0
0
0
0
0
0
0
0
0
0
0
0
0
0
0
0
0
0
0
0
0
0
0
0
0
0
0
0
0
0
0
0
0
0
0
0
0
0
0
0
0
0
0
0
0
0
0
0
0
0
0
0
0
0
0
0
0
0
0
0
0
0
0
0
0
0
0
0
0
0
0
0
0
0
0
0
0
0
0
0
0
0
0
0
0
0
0
0
0
0
0
0
0
0
0
0
0
0
0
0
0
0
0
0
0
0
0
0
0
0
0
0
0
0
0
0
0
0
0
0
0
0
0
0
0
0
0
0
0
0
0
0
0
0
0
0
0
0
0
0
0
0
0
0
0
0
0
0
0
0
0
0
0
0
0
0
0
0
0
0
0
0
0
0
0
0
0
0
0
0
0
0
0
0
0
0
0
0
0
0
0
0
0
0
0
0
0
0
0
0
0
0
0
0
0
0
0
0
0
0
0
0
0
0
0
0
0
0
0
0
0
)
;

boundaryField
{
    anodeSides
    {
        type            calculated;
        value           uniform 0;
    }
    fuelInlet
    {
        type            calculated;
        value           uniform 0;
    }
    fuelOutlet
    {
        type            calculated;
        value           nonuniform List<scalar> 0();
    }
    fuel_to_electrolyte
    {
        type            calculated;
        value           uniform 0;
    }
    fuel_to_interconnect
    {
        type            calculated;
        value           uniform 0;
    }
    procBoundary0to1
    {
        type            processor;
        value           uniform 0;
    }
}
)

// processor1

19760
(dimensions      [0 -3 0 0 0 1 0];

internalField   nonuniform List<scalar> 
4000
(
9.265346e+08
9.198665e+08
9.262968e+08
3.631149e+08
9.05614e+08
9.196327e+08
3.605297e+08
9.261113e+08
3.632143e+08
1.896344e+08
8.823676e+08
9.053843e+08
3.55069e+08
9.194548e+08
3.606254e+08
1.881268e+08
9.259413e+08
3.633289e+08
1.897487e+08
1.159414e+08
8.49599e+08
8.821317e+08
3.463121e+08
9.052211e+08
3.551558e+08
1.849595e+08
9.192925e+08
3.607384e+08
1.882375e+08
1.148564e+08
9.257904e+08
3.634511e+08
1.898708e+08
1.160482e+08
8.656436e+07
8.105482e+08
8.493455e+08
3.342035e+08
8.819892e+08
3.463808e+08
1.799212e+08
9.050728e+08
3.552653e+08
1.85062e+08
1.12586e+08
9.19149e+08
3.608594e+08
1.883572e+08
1.149599e+08
8.564931e+07
9.256441e+08
3.635671e+08
1.899978e+08
1.161602e+08
8.666521e+07
0
7.739916e+08
8.102687e+08
3.200465e+08
8.492165e+08
3.342465e+08
1.730218e+08
8.818577e+08
3.46485e+08
1.800087e+08
1.089963e+08
9.049426e+08
3.553832e+08
1.851771e+08
1.126821e+08
8.373898e+07
9.190099e+08
3.609741e+08
1.884823e+08
1.150696e+08
8.574695e+07
0
9.255172e+08
3.636866e+08
1.901173e+08
1.162761e+08
8.67703e+07
0
0
7.452504e+08
7.736816e+08
3.070202e+08
8.101398e+08
3.20061e+08
1.650433e+08
8.491018e+08
3.343391e+08
1.730892e+08
1.041198e+08
8.81743e+08
3.465968e+08
1.801169e+08
1.090797e+08
8.072935e+07
9.048165e+08
3.554947e+08
1.85298e+08
1.127871e+08
8.382968e+07
0
9.188881e+08
3.610925e+08
1.885999e+08
1.151834e+08
8.584977e+07
0
0
9.254001e+08
3.63801e+08
1.902395e+08
1.163849e+08
8.687879e+07
0
0
0
7.260479e+08
7.449128e+08
2.968909e+08
7.735421e+08
3.070087e+08
1.577927e+08
8.100352e+08
3.201368e+08
1.650892e+08
9.853566e+07
8.490017e+08
3.344419e+08
1.731862e+08
1.041863e+08
7.665884e+07
8.816321e+08
3.467021e+08
1.802307e+08
1.091779e+08
8.080827e+07
0
9.047048e+08
3.556104e+08
1.854114e+08
1.128968e+08
8.392794e+07
0
0
9.187776e+08
3.61205e+08
1.887203e+08
1.152903e+08
8.595626e+07
0
0
0
9.252859e+08
3.639246e+08
1.903551e+08
1.16496e+08
8.69807e+07
0
0
0
0
7.16527e+08
7.256914e+08
2.901624e+08
7.447628e+08
2.96859e+08
1.522109e+08
7.73435e+08
3.070673e+08
1.578197e+08
9.352632e+07
8.099428e+08
3.202279e+08
1.651718e+08
9.858449e+07
7.202252e+07
8.489059e+08
3.345379e+08
1.732905e+08
1.042742e+08
7.672245e+07
0
8.815348e+08
3.468119e+08
1.803371e+08
1.092807e+08
8.089981e+07
0
0
9.046049e+08
3.557188e+08
1.85528e+08
1.129995e+08
8.403024e+07
0
0
0
9.186718e+08
3.613273e+08
1.888337e+08
1.153995e+08
8.605621e+07
0
0
0
0
9.251583e+08
3.640353e+08
1.904776e+08
1.166008e+08
8.708455e+07
0
0
0
0
0
7.16527e+08
7.161613e+08
2.868346e+08
7.255339e+08
2.901171e+08
1.485283e+08
7.446433e+08
2.969049e+08
1.522237e+08
8.971454e+07
7.733425e+08
3.071452e+08
1.57889e+08
9.35601e+07
6.790293e+07
8.098549e+08
3.203118e+08
1.652651e+08
9.866e+07
7.20702e+07
0
8.488214e+08
3.346392e+08
1.733873e+08
1.043681e+08
7.680415e+07
0
0
8.814443e+08
3.469144e+08
1.804471e+08
1.093767e+08
8.099546e+07
0
0
0
9.045147e+08
3.558377e+08
1.856368e+08
1.131049e+08
8.412607e+07
0
0
0
0
9.185505e+08
3.614378e+08
1.889543e+08
1.155021e+08
8.615825e+07
0
0
0
0
0
3.64144e+08
1.905886e+08
1.167111e+08
8.718253e+07
0
0
0
0
0
0
7.260479e+08
7.161613e+08
2.868346e+08
7.160012e+08
2.867829e+08
1.46714e+08
7.254032e+08
2.90155e+08
1.48532e+08
8.722114e+07
7.445489e+08
2.969696e+08
1.522834e+08
8.973718e+07
6.479647e+07
7.73251e+08
3.072176e+08
1.579715e+08
9.362444e+07
6.793725e+07
0
8.097779e+08
3.204017e+08
1.65351e+08
9.874387e+07
7.214037e+07
0
0
8.487397e+08
3.347325e+08
1.734884e+08
1.044552e+08
7.689117e+07
0
0
0
8.813673e+08
3.470253e+08
1.805492e+08
1.094757e+08
8.108474e+07
0
0
0
0
9.044059e+08
3.55947e+08
1.857532e+08
1.132031e+08
8.422429e+07
0
0
0
0
0
3.615455e+08
1.890642e+08
1.156106e+08
8.625408e+07
0
0
0
0
0
0
1.906995e+08
1.168117e+08
8.72854e+07
0
0
0
0
0
0
0
7.452503e+08
7.256913e+08
2.901624e+08
7.160012e+08
2.867829e+08
1.46714e+08
7.158662e+08
2.868174e+08
1.467133e+08
8.599892e+07
7.253048e+08
2.902104e+08
1.485857e+08
8.723674e+07
6.277822e+07
7.444509e+08
2.970338e+08
1.523562e+08
8.979364e+07
6.482104e+07
0
7.731725e+08
3.072947e+08
1.580476e+08
9.3699e+07
6.799725e+07
0
0
8.097013e+08
3.204838e+08
1.654415e+08
9.882105e+07
7.221788e+07
0
0
0
8.486712e+08
3.348328e+08
1.735813e+08
1.045458e+08
7.69719e+07
0
0
0
0
8.812767e+08
3.471287e+08
1.806578e+08
1.095675e+08
8.117674e+07
0
0
0
0
0
3.560527e+08
1.858603e+08
1.133075e+08
8.431585e+07
0
0
0
0
0
0
1.891735e+08
1.157098e+08
8.635512e+07
0
0
0
0
0
0
0
1.169126e+08
8.737936e+07
0
0
0
0
0
0
0
0
7.739916e+08
7.449128e+08
2.968909e+08
7.255339e+08
2.901171e+08
1.485283e+08
7.158661e+08
2.868174e+08
1.467133e+08
8.599892e+07
7.157626e+08
2.868689e+08
1.467645e+08
8.601118e+07
6.179296e+07
7.252027e+08
2.902685e+08
1.486519e+08
8.728837e+07
6.279669e+07
0
7.443676e+08
2.97101e+08
1.524256e+08
8.986029e+07
6.487393e+07
0
0
7.730931e+08
3.073654e+08
1.581278e+08
9.376767e+07
6.80661e+07
0
0
0
8.096346e+08
3.205721e+08
1.655241e+08
9.890217e+07
7.228924e+07
0
0
0
0
8.485943e+08
3.349256e+08
1.7368e+08
1.046291e+08
7.705586e+07
0
0
0
0
0
3.472315e+08
1.807584e+08
1.096648e+08
8.126209e+07
0
0
0
0
0
0
1.859666e+08
1.134036e+08
8.441287e+07
0
0
0
0
0
0
0
1.158091e+08
8.644764e+07
0
0
0
0
0
0
0
0
8.747387e+07
0
0
0
0
0
0
0
0
0
8.105482e+08
7.736816e+08
3.070202e+08
7.447629e+08
2.968589e+08
1.522109e+08
7.25403e+08
2.90155e+08
1.48532e+08
8.722114e+07
7.157625e+08
2.868688e+08
1.467645e+08
8.601118e+07
6.179296e+07
7.156589e+08
2.869229e+08
1.468278e+08
8.606075e+07
6.180855e+07
0
7.251148e+08
2.903298e+08
1.487167e+08
8.734973e+07
6.284524e+07
0
0
7.442824e+08
2.971625e+08
1.524981e+08
8.992319e+07
6.493564e+07
0
0
0
7.730238e+08
3.074418e+08
1.582008e+08
9.383993e+07
6.812954e+07
0
0
0
0
8.095608e+08
3.206519e+08
1.65612e+08
9.897616e+07
7.236415e+07
0
0
0
0
0
3.35021e+08
1.737707e+08
1.047173e+08
7.713304e+07
0
0
0
0
0
0
1.808601e+08
1.097546e+08
8.135232e+07
0
0
0
0
0
0
0
1.134997e+08
8.450229e+07
0
0
0
0
0
0
0
0
8.654055e+07
0
0
0
0
0
0
0
0
0
0
0
0
0
0
0
0
0
0
0
8.495991e+08
8.102686e+08
3.200465e+08
7.735422e+08
3.070086e+08
1.577927e+08
7.44643e+08
2.969049e+08
1.522237e+08
8.971454e+07
7.253045e+08
2.902103e+08
1.485857e+08
8.723673e+07
6.277822e+07
7.156589e+08
2.869228e+08
1.468278e+08
8.606075e+07
6.180855e+07
0
7.15569e+08
2.869816e+08
1.468896e+08
8.611981e+07
6.185524e+07
0
0
7.250241e+08
2.903854e+08
1.487847e+08
8.740879e+07
6.290224e+07
0
0
0
7.442089e+08
2.972295e+08
1.52564e+08
8.998902e+07
6.499372e+07
0
0
0
0
7.729417e+08
3.075101e+08
1.582791e+08
9.390567e+07
6.819624e+07
0
0
0
0
0
3.207352e+08
1.656915e+08
9.905479e+07
7.243252e+07
0
0
0
0
0
0
1.738645e+08
1.047983e+08
7.721466e+07
0
0
0
0
0
0
0
1.09846e+08
8.143568e+07
0
0
0
0
0
0
0
0
8.459199e+07
0
0
0
0
0
0
0
0
0
0
0
0
0
0
0
0
0
0
0
0
0
0
0
0
0
0
0
0
8.823676e+08
8.493454e+08
3.342035e+08
8.101398e+08
3.200609e+08
1.650433e+08
7.734347e+08
3.070674e+08
1.578197e+08
9.352632e+07
7.445485e+08
2.969695e+08
1.522834e+08
8.973716e+07
6.479647e+07
7.252027e+08
2.902684e+08
1.486519e+08
8.728838e+07
6.279668e+07
0
7.15569e+08
2.869815e+08
1.468896e+08
8.61198e+07
6.185524e+07
0
0
7.154754e+08
2.870345e+08
1.469557e+08
8.617654e+07
6.191019e+07
0
0
0
7.249469e+08
2.904461e+08
1.488461e+08
8.747087e+07
6.295681e+07
0
0
0
0
7.441173e+08
2.972894e+08
1.52635e+08
9.004876e+07
6.505452e+07
0
0
0
0
0
3.075797e+08
1.583491e+08
9.397593e+07
6.825693e+07
0
0
0
0
0
0
1.657748e+08
9.91259e+07
7.25051e+07
0
0
0
0
0
0
0
1.048823e+08
7.728958e+07
0
0
0
0
0
0
0
0
8.15206e+07
0
0
0
0
0
0
0
0
0
0
0
0
0
0
0
0
0
0
0
0
0
0
0
0
0
0
0
0
0
0
0
0
0
0
0
0
9.056139e+08
8.821313e+08
3.463122e+08
8.492166e+08
3.342464e+08
1.730218e+08
8.100349e+08
3.201368e+08
1.650891e+08
9.853567e+07
7.733421e+08
3.071451e+08
1.57889e+08
9.356008e+07
6.790293e+07
7.444508e+08
2.970336e+08
1.523561e+08
8.979367e+07
6.482102e+07
0
7.251148e+08
2.903298e+08
1.487166e+08
8.734968e+07
6.284525e+07
0
0
7.154754e+08
2.870345e+08
1.469557e+08
8.617652e+07
6.191018e+07
0
0
0
7.153963e+08
2.870921e+08
1.470151e+08
8.623696e+07
6.196268e+07
0
0
0
0
7.248492e+08
2.905005e+08
1.489124e+08
8.752684e+07
6.301417e+07
0
0
0
0
0
2.973484e+08
1.526984e+08
9.011291e+07
6.51097e+07
0
0
0
0
0
0
1.584218e+08
9.40389e+07
6.832173e+07
0
0
0
0
0
0
0
9.920056e+07
7.257078e+07
0
0
0
0
0
0
0
0
7.73673e+07
0
0
0
0
0
0
0
0
0
0
0
0
0
0
0
0
0
0
0
0
0
0
0
0
0
0
0
0
0
0
0
0
0
0
0
0
0
0
0
0
0
0
0
9.198663e+08
9.053842e+08
3.550689e+08
8.819894e+08
3.463806e+08
1.799212e+08
8.491015e+08
3.343392e+08
1.730892e+08
1.041198e+08
8.099424e+08
3.202277e+08
1.651718e+08
9.858446e+07
7.202253e+07
7.732508e+08
3.072174e+08
1.579714e+08
9.362446e+07
6.793723e+07
0
7.443675e+08
2.971009e+08
1.524255e+08
8.986022e+07
6.487395e+07
0
0
7.250241e+08
2.903854e+08
1.487847e+08
8.740874e+07
6.290221e+07
0
0
0
7.153963e+08
2.870921e+08
1.470151e+08
8.623695e+07
6.196267e+07
0
0
0
0
7.152963e+08
2.871441e+08
1.470792e+08
8.629124e+07
6.201852e+07
0
0
0
0
0
2.905531e+08
1.489716e+08
8.758712e+07
6.306592e+07
0
0
0
0
0
0
1.527632e+08
9.017024e+07
6.516889e+07
0
0
0
0
0
0
0
9.410462e+07
6.837987e+07
0
0
0
0
0
0
0
0
7.263976e+07
0
0
0
0
0
0
0
0
0
0
0
0
0
0
0
0
0
0
0
0
0
0
0
0
0
0
0
0
0
0
0
0
0
0
0
0
0
0
0
0
0
0
0
0
0
0
0
0
0
9.265344e+08
9.196326e+08
3.605296e+08
9.052213e+08
3.551557e+08
1.849595e+08
8.818572e+08
3.464851e+08
1.800086e+08
1.089963e+08
8.490011e+08
3.344418e+08
1.731862e+08
1.041863e+08
7.665885e+07
8.098547e+08
3.203116e+08
1.65265e+08
9.866002e+07
7.207017e+07
0
7.731724e+08
3.072947e+08
1.580474e+08
9.369891e+07
6.799727e+07
0
0
7.442824e+08
2.971625e+08
1.524981e+08
8.992312e+07
6.493558e+07
0
0
0
7.249469e+08
2.904461e+08
1.488461e+08
8.747084e+07
6.295677e+07
0
0
0
0
7.152963e+08
2.871441e+08
1.470791e+08
8.629124e+07
6.201851e+07
0
0
0
0
0
2.87194e+08
1.471364e+08
8.63497e+07
6.206873e+07
0
0
0
0
0
0
1.490317e+08
8.764095e+07
6.312158e+07
0
0
0
0
0
0
0
9.022944e+07
6.522183e+07
0
0
0
0
0
0
0
0
6.844064e+07
0
0
0
0
0
0
0
0
0
0
0
0
0
0
0
0
0
0
0
0
0
0
0
0
0
0
0
0
0
0
0
0
0
0
0
0
0
0
0
0
0
0
0
0
0
0
0
0
0
0
0
0
0
0
9.262966e+08
3.631148e+08
9.194549e+08
3.606253e+08
1.881268e+08
9.050724e+08
3.552654e+08
1.850619e+08
1.125859e+08
8.817422e+08
3.465965e+08
1.80117e+08
1.090796e+08
8.072936e+07
8.489057e+08
3.345376e+08
1.732904e+08
1.042743e+08
7.67224e+07
0
8.097778e+08
3.204016e+08
1.653508e+08
9.87438e+07
7.214039e+07
0
0
7.730932e+08
3.073653e+08
1.581277e+08
9.376758e+07
6.806603e+07
0
0
0
7.44209e+08
2.972295e+08
1.52564e+08
8.998899e+07
6.499366e+07
0
0
0
0
7.248493e+08
2.905006e+08
1.489124e+08
8.752683e+07
6.301415e+07
0
0
0
0
0
2.87194e+08
1.471364e+08
8.634969e+07
6.206872e+07
0
0
0
0
0
0
1.471945e+08
8.640192e+07
6.212273e+07
0
0
0
0
0
0
0
8.769629e+07
6.317132e+07
0
0
0
0
0
0
0
0
6.527668e+07
0
0
0
0
0
0
0
0
0
0
0
0
0
0
0
0
0
0
0
0
0
0
0
0
0
0
0
0
0
0
0
0
0
0
0
0
0
0
0
0
0
0
0
0
0
0
0
0
0
0
0
0
0
0
0
0
0
0
0
9.261114e+08
3.632142e+08
1.896344e+08
9.192921e+08
3.607384e+08
1.882374e+08
1.148564e+08
9.049418e+08
3.553829e+08
1.851771e+08
1.12682e+08
8.373896e+07
8.816317e+08
3.467016e+08
1.802306e+08
1.091779e+08
8.080819e+07
0
8.488213e+08
3.346391e+08
1.733871e+08
1.04368e+08
7.680418e+07
0
0
8.097013e+08
3.204838e+08
1.654414e+08
9.882095e+07
7.221781e+07
0
0
0
7.730238e+08
3.074417e+08
1.582008e+08
9.383988e+07
6.812947e+07
0
0
0
0
7.441175e+08
2.972895e+08
1.52635e+08
9.004875e+07
6.505449e+07
0
0
0
0
0
2.905532e+08
1.489716e+08
8.758711e+07
6.306591e+07
0
0
0
0
0
0
1.471945e+08
8.640192e+07
6.212273e+07
0
0
0
0
0
0
0
8.645561e+07
6.2171e+07
0
0
0
0
0
0
0
0
6.322268e+07
0
0
0
0
0
0
0
0
0
0
0
0
0
0
0
0
0
0
0
0
0
0
0
0
0
0
0
0
0
0
0
0
0
0
0
0
0
0
0
0
0
0
0
0
0
0
0
0
0
0
0
0
0
0
0
0
0
0
0
0
0
0
0
0
9.259409e+08
3.633289e+08
1.897487e+08
1.159413e+08
9.191483e+08
3.608591e+08
1.883572e+08
1.149598e+08
8.564928e+07
9.048162e+08
3.554943e+08
1.852978e+08
1.127872e+08
8.382963e+07
0
8.815346e+08
3.468117e+08
1.803368e+08
1.092806e+08
8.089985e+07
0
0
8.487397e+08
3.347325e+08
1.734883e+08
1.04455e+08
7.689109e+07
0
0
0
8.096345e+08
3.20572e+08
1.65524e+08
9.890211e+07
7.228916e+07
0
0
0
0
7.729419e+08
3.075101e+08
1.58279e+08
9.390566e+07
6.819619e+07
0
0
0
0
0
2.973485e+08
1.526984e+08
9.01129e+07
6.510969e+07
0
0
0
0
0
0
1.490317e+08
8.764096e+07
6.312158e+07
0
0
0
0
0
0
0
8.645562e+07
6.2171e+07
0
0
0
0
0
0
0
0
6.222086e+07
0
0
0
0
0
0
0
0
0
0
0
0
0
0
0
0
0
0
0
0
0
0
0
0
0
0
0
0
0
0
0
0
0
0
0
0
0
0
0
0
0
0
0
0
0
0
0
0
0
0
0
0
0
0
0
0
0
0
0
0
0
0
0
0
0
0
0
0
0
9.257898e+08
3.634508e+08
1.898708e+08
1.160482e+08
8.656433e+07
9.190096e+08
3.609737e+08
1.884821e+08
1.150696e+08
8.574691e+07
0
9.047046e+08
3.556102e+08
1.854111e+08
1.128966e+08
8.392797e+07
0
0
8.814441e+08
3.469143e+08
1.804469e+08
1.093765e+08
8.099534e+07
0
0
0
8.48671e+08
3.348327e+08
1.735812e+08
1.045457e+08
7.697178e+07
0
0
0
0
8.09561e+08
3.206519e+08
1.65612e+08
9.897614e+07
7.23641e+07
0
0
0
0
0
3.075798e+08
1.583491e+08
9.397591e+07
6.825692e+07
0
0
0
0
0
0
1.527632e+08
9.017026e+07
6.516888e+07
0
0
0
0
0
0
0
8.769631e+07
6.317133e+07
0
0
0
0
0
0
0
0
6.222087e+07
0
0
0
0
0
0
0
0
0
0
0
0
0
0
0
0
0
0
0
0
0
0
0
0
0
0
0
0
0
0
0
0
0
0
0
0
0
0
0
0
0
0
0
0
0
0
0
0
0
0
0
0
0
0
0
0
0
0
0
0
0
0
0
0
0
0
0
0
0
0
0
0
0
0
9.256438e+08
3.635667e+08
1.899976e+08
1.161603e+08
8.666517e+07
0
9.188877e+08
3.610923e+08
1.885996e+08
1.151833e+08
8.584979e+07
0
0
9.046047e+08
3.557187e+08
1.855278e+08
1.129993e+08
8.403012e+07
0
0
0
8.813671e+08
3.470252e+08
1.805491e+08
1.094756e+08
8.108457e+07
0
0
0
0
8.485944e+08
3.349256e+08
1.736799e+08
1.046291e+08
7.705579e+07
0
0
0
0
0
3.207352e+08
1.656915e+08
9.905477e+07
7.24325e+07
0
0
0
0
0
0
1.584218e+08
9.403892e+07
6.832171e+07
0
0
0
0
0
0
0
9.022947e+07
6.522184e+07
0
0
0
0
0
0
0
0
6.32227e+07
0
0
0
0
0
0
0
0
0
0
0
0
0
0
0
0
0
0
0
0
0
0
0
0
0
0
0
0
0
0
0
0
0
0
0
0
0
0
0
0
0
0
0
0
0
0
0
0
0
0
0
0
0
0
0
0
0
0
0
0
0
0
0
0
0
0
0
0
0
0
0
0
0
0
0
0
0
0
0
9.255168e+08
3.636863e+08
1.90117e+08
1.162759e+08
8.677033e+07
0
0
9.187773e+08
3.612048e+08
1.887202e+08
1.152901e+08
8.595614e+07
0
0
0
9.045146e+08
3.558375e+08
1.856367e+08
1.131048e+08
8.412591e+07
0
0
0
0
8.812769e+08
3.471286e+08
1.806578e+08
1.095674e+08
8.117664e+07
0
0
0
0
0
3.35021e+08
1.737707e+08
1.047173e+08
7.713301e+07
0
0
0
0
0
0
1.657749e+08
9.912591e+07
7.250508e+07
0
0
0
0
0
0
0
9.410464e+07
6.837988e+07
0
0
0
0
0
0
0
0
6.527671e+07
0
0
0
0
0
0
0
0
0
0
0
0
0
0
0
0
0
0
0
0
0
0
0
0
0
0
0
0
0
0
0
0
0
0
0
0
0
0
0
0
0
0
0
0
0
0
0
0
0
0
0
0
0
0
0
0
0
0
0
0
0
0
0
0
0
0
0
0
0
0
0
0
0
0
0
0
0
0
0
0
0
0
0
0
0
9.253999e+08
3.638008e+08
1.902393e+08
1.163847e+08
8.687867e+07
0
0
0
9.186718e+08
3.613272e+08
1.888335e+08
1.153994e+08
8.605604e+07
0
0
0
0
9.044063e+08
3.55947e+08
1.857531e+08
1.13203e+08
8.422419e+07
0
0
0
0
0
3.472316e+08
1.807584e+08
1.096647e+08
8.126205e+07
0
0
0
0
0
0
1.738646e+08
1.047983e+08
7.721462e+07
0
0
0
0
0
0
0
9.920057e+07
7.257079e+07
0
0
0
0
0
0
0
0
6.844066e+07
0
0
0
0
0
0
0
0
0
0
0
0
0
0
0
0
0
0
0
0
0
0
0
0
0
0
0
0
0
0
0
0
0
0
0
0
0
0
0
0
0
0
0
0
0
0
0
0
0
0
0
0
0
0
0
0
0
0
0
0
0
0
0
0
0
0
0
0
0
0
0
0
0
0
0
0
0
0
0
0
0
0
0
0
0
0
0
0
0
0
0
0
9.252859e+08
3.639245e+08
1.90355e+08
1.164958e+08
8.698053e+07
0
0
0
0
9.185508e+08
3.614378e+08
1.889542e+08
1.15502e+08
8.615815e+07
0
0
0
0
0
3.560529e+08
1.858603e+08
1.133074e+08
8.431579e+07
0
0
0
0
0
0
1.808602e+08
1.097546e+08
8.135226e+07
0
0
0
0
0
0
0
1.048823e+08
7.728957e+07
0
0
0
0
0
0
0
0
7.263977e+07
0
0
0
0
0
0
0
0
0
0
0
0
0
0
0
0
0
0
0
0
0
0
0
0
0
0
0
0
0
0
0
0
0
0
0
0
0
0
0
0
0
0
0
0
0
0
0
0
0
0
0
0
0
0
0
0
0
0
0
0
0
0
0
0
0
0
0
0
0
0
0
0
0
0
0
0
0
0
0
0
0
0
0
0
0
0
0
0
0
0
0
0
0
0
0
0
0
0
0
0
9.251586e+08
3.640354e+08
1.904774e+08
1.166007e+08
8.708444e+07
0
0
0
0
0
3.615456e+08
1.890642e+08
1.156106e+08
8.625399e+07
0
0
0
0
0
0
1.859667e+08
1.134036e+08
8.44128e+07
0
0
0
0
0
0
0
1.098461e+08
8.143567e+07
0
0
0
0
0
0
0
0
7.736732e+07
0
0
0
0
0
0
0
0
0
0
0
0
0
0
0
0
0
0
0
0
0
0
0
0
0
0
0
0
0
0
0
0
0
0
0
0
0
0
0
0
0
0
0
0
0
0
0
0
0
0
0
0
0
0
0
0
0
0
0
0
0
0
0
0
0
0
0
0
0
0
0
0
0
0
0
0
0
0
0
0
0
0
0
0
0
0
0
0
0
0
0
0
0
0
0
0
0
0
0
0
0
0
0
0
0
0
0
0
0
3.641441e+08
1.905886e+08
1.16711e+08
8.718244e+07
0
0
0
0
0
0
1.891736e+08
1.157098e+08
8.635505e+07
0
0
0
0
0
0
0
1.134998e+08
8.450229e+07
0
0
0
0
0
0
0
0
8.152063e+07
0
0
0
0
0
0
0
0
0
0
0
0
0
0
0
0
0
0
0
0
0
0
0
0
0
0
0
0
0
0
0
0
0
0
0
0
0
0
0
0
0
0
0
0
0
0
0
0
0
0
0
0
0
0
0
0
0
0
0
0
0
0
0
0
0
0
0
0
0
0
0
0
0
0
0
0
0
0
0
0
0
0
0
0
0
0
0
0
0
0
0
0
0
0
0
0
0
0
0
0
0
0
0
0
0
0
0
0
0
0
0
0
0
0
0
0
0
0
0
1.906996e+08
1.168117e+08
8.728532e+07
0
0
0
0
0
0
0
1.158092e+08
8.644766e+07
0
0
0
0
0
0
0
0
8.459205e+07
0
0
0
0
0
0
0
0
0
0
0
0
0
0
0
0
0
0
0
0
0
0
0
0
0
0
0
0
0
0
0
0
0
0
0
0
0
0
0
0
0
0
0
0
0
0
0
0
0
0
0
0
0
0
0
0
0
0
0
0
0
0
0
0
0
0
0
0
0
0
0
0
0
0
0
0
0
0
0
0
0
0
0
0
0
0
0
0
0
0
0
0
0
0
0
0
0
0
0
0
0
0
0
0
0
0
0
0
0
0
0
0
0
0
0
0
0
0
0
0
0
0
0
0
0
0
0
1.169127e+08
8.737938e+07
0
0
0
0
0
0
0
0
8.654061e+07
0
0
0
0
0
0
0
0
0
0
0
0
0
0
0
0
0
0
0
0
0
0
0
0
0
0
0
0
0
0
0
0
0
0
0
0
0
0
0
0
0
0
0
0
0
0
0
0
0
0
0
0
0
0
0
0
0
0
0
0
0
0
0
0
0
0
0
0
0
0
0
0
0
0
0
0
0
0
0
0
0
0
0
0
0
0
0
0
0
0
0
0
0
0
0
0
0
0
0
0
0
0
0
0
0
0
0
0
0
0
0
0
0
0
0
0
0
0
0
0
0
0
0
0
0
0
0
0
0
0
0
0
0
8.747392e+07
0
0
0
0
0
0
0
0
0
0
0
0
0
0
0
0
0
0
0
0
0
0
0
0
0
0
0
0
0
0
0
0
0
0
0
0
0
0
0
0
0
0
0
0
0
0
0
0
0
0
0
0
0
0
0
0
0
0
0
0
0
0
0
0
0
0
0
0
0
0
0
0
0
0
0
0
0
0
0
0
0
0
0
0
0
0
0
0
0
0
0
0
0
0
0
0
0
0
0
0
0
0
0
0
0
0
0
0
0
0
0
0
0
0
0
0
0
0
0
0
0
0
0
0
0
0
0
0
0
0
0
0
0
0
0
0
0
0
0
0
0
0
0
0
0
0
0
0
0
0
0
0
0
0
0
0
0
0
0
0
0
0
0
0
0
0
0
0
0
0
0
0
0
0
0
0
0
0
0
0
0
0
0
0
0
0
0
0
0
0
0
0
0
0
0
0
0
0
0
0
0
0
0
0
0
0
0
0
0
0
0
0
0
0
0
0
0
0
0
0
0
0
0
0
0
0
0
0
0
0
0
0
0
0
0
0
0
0
0
0
0
0
0
0
0
0
0
0
0
0
0
0
0
0
0
0
0
0
0
0
0
0
0
0
0
0
0
0
0
0
0
0
0
0
0
0
0
0
0
0
0
0
0
0
0
0
0
0
0
0
0
0
0
0
0
0
0
0
0
0
0
0
0
0
0
0
0
0
0
0
0
0
0
0
0
0
0
0
0
0
0
0
0
0
0
0
0
0
0
0
0
0
0
0
0
0
0
0
0
0
0
0
0
0
0
0
0
0
0
0
0
0
0
0
0
0
0
0
0
0
0
0
0
0
0
0
0
0
0
0
0
0
0
0
0
0
0
0
0
0
0
0
0
0
0
0
0
0
0
0
0
0
0
0
0
0
0
0
0
0
0
0
0
0
0
0
0
0
0
0
0
0
0
0
0
0
0
0
0
0
0
0
0
0
0
0
0
0
0
0
0
0
0
0
0
0
0
0
0
0
0
0
0
0
0
0
0
0
0
0
0
0
0
0
0
0
0
0
0
0
0
0
0
0
0
0
0
0
0
0
0
0
0
0
0
0
0
0
0
0
0
0
0
0
0
0
0
0
0
0
0
0
0
0
0
0
0
0
0
0
0
0
0
0
0
0
0
0
0
0
0
0
0
0
0
0
0
0
0
0
0
0
0
0
0
0
0
0
0
0
0
0
0
0
0
0
0
0
0
0
0
0
0
0
0
0
0
0
0
0
0
0
0
0
0
0
0
0
0
0
0
0
0
0
0
0
0
0
0
0
0
0
0
0
0
0
0
0
0
0
0
0
0
0
0
0
0
0
0
0
0
0
0
0
0
0
0
0
0
0
0
0
0
0
0
0
0
0
0
0
0
0
0
0
0
0
0
0
0
0
0
0
0
0
0
0
0
0
0
0
0
0
0
0
0
0
0
0
0
0
0
0
0
0
0
0
0
0
0
0
0
0
0
0
0
0
0
0
0
0
0
0
0
0
0
0
0
0
0
0
0
0
0
0
0
0
0
0
0
0
0
0
0
0
0
0
0
0
0
0
0
0
0
0
0
0
0
0
0
0
0
0
0
0
0
0
0
0
0
0
0
0
0
0
0
0
0
0
0
0
0
0
0
0
0
0
0
0
0
0
0
0
0
0
0
0
0
0
0
0
0
0
0
0
0
0
0
0
0
0
0
0
0
0
0
0
0
0
0
0
0
0
0
0
0
0
0
0
0
0
0
0
0
0
0
0
0
0
0
0
0
0
0
0
0
0
0
0
0
0
0
0
0
0
0
0
0
0
0
0
0
0
0
0
0
0
0
0
0
0
0
0
0
0
0
0
0
0
0
0
0
0
0
0
0
0
0
0
0
0
0
0
0
0
0
0
0
0
0
0
0
0
0
0
0
0
0
0
0
0
0
0
0
0
0
0
0
0
0
0
0
0
0
0
0
0
0
0
0
0
0
0
0
0
0
0
0
0
0
0
0
0
0
0
0
0
0
0
0
0
0
0
0
0
0
0
0
0
0
0
0
0
0
0
0
0
0
0
0
0
0
0
0
0
0
0
0
0
0
0
0
0
0
0
0
0
0
0
0
0
0
0
)
;

boundaryField
{
    anodeSides
    {
        type            calculated;
        value           uniform 0;
    }
    fuelInlet
    {
        type            calculated;
        value           nonuniform List<scalar> 0();
    }
    fuelOutlet
    {
        type            calculated;
        value           nonuniform List<scalar> 0();
    }
    fuel_to_electrolyte
    {
        type            calculated;
        value           uniform 0;
    }
    fuel_to_interconnect
    {
        type            calculated;
        value           uniform 0;
    }
    procBoundary1to0
    {
        type            processor;
        value           uniform 0;
    }
    procBoundary1to2
    {
        type            processor;
        value           uniform 0;
    }
}
)

// processor2

19745
(dimensions      [0 -3 0 0 0 1 0];

internalField   nonuniform List<scalar> 
4000
(
9.25037e+08
9.184331e+08
9.249255e+08
3.642413e+08
9.042949e+08
9.183276e+08
3.616408e+08
9.248317e+08
3.643516e+08
1.907999e+08
8.811729e+08
9.041997e+08
3.561433e+08
9.182391e+08
3.6175e+08
1.892717e+08
9.247437e+08
3.644574e+08
1.909105e+08
1.170043e+08
8.484946e+08
8.810926e+08
3.473144e+08
9.041219e+08
3.562499e+08
1.8606e+08
9.181555e+08
3.618545e+08
1.893807e+08
1.158987e+08
9.246705e+08
3.645753e+08
1.910152e+08
1.171045e+08
8.755987e+07
8.094574e+08
8.484291e+08
3.350927e+08
8.810255e+08
3.47417e+08
1.809461e+08
9.040454e+08
3.563517e+08
1.861656e+08
1.135849e+08
9.180878e+08
3.619707e+08
1.894836e+08
1.159973e+08
8.662449e+07
9.245917e+08
3.646868e+08
1.911297e+08
1.17199e+08
8.765354e+07
0
7.728248e+08
8.093996e+08
3.207927e+08
8.48374e+08
3.351888e+08
1.739404e+08
8.809605e+08
3.475127e+08
1.810466e+08
1.099244e+08
9.039884e+08
3.564639e+08
1.86265e+08
1.1368e+08
8.467167e+07
9.180146e+08
3.62081e+08
1.895963e+08
1.160901e+08
8.671659e+07
0
9.245268e+08
3.64806e+08
1.912371e+08
1.173019e+08
8.774185e+07
0
0
7.439837e+08
7.727684e+08
3.07622e+08
8.093511e+08
3.208793e+08
1.658389e+08
8.483187e+08
3.352768e+08
1.740338e+08
1.049516e+08
8.809091e+08
3.476194e+08
1.811396e+08
1.100145e+08
8.159381e+07
9.039261e+08
3.565714e+08
1.863734e+08
1.137693e+08
8.476038e+07
0
9.179578e+08
3.621991e+08
1.89702e+08
1.161911e+08
8.680316e+07
0
0
9.244494e+08
3.649176e+08
1.913519e+08
1.173981e+08
8.783772e+07
0
0
0
7.247016e+08
7.439228e+08
2.973775e+08
7.727215e+08
3.076995e+08
1.584744e+08
8.093001e+08
3.209576e+08
1.659235e+08
9.925974e+07
8.482746e+08
3.35375e+08
1.74119e+08
1.050349e+08
7.743205e+07
8.80856e+08
3.477186e+08
1.81242e+08
1.100978e+08
8.167754e+07
0
9.038802e+08
3.566874e+08
1.864755e+08
1.138663e+08
8.484351e+07
0
0
9.178868e+08
3.623108e+08
1.898152e+08
1.162856e+08
8.689723e+07
0
0
0
9.243834e+08
3.650343e+08
1.914585e+08
1.175009e+08
8.792729e+07
0
0
0
0
7.15142e+08
7.246354e+08
2.905727e+08
7.43875e+08
2.974468e+08
1.528064e+08
7.726691e+08
3.077689e+08
1.585511e+08
9.415431e+07
8.092574e+08
3.210449e+08
1.659995e+08
9.933494e+07
7.269506e+07
8.48231e+08
3.354645e+08
1.742131e+08
1.051108e+08
7.750911e+07
0
8.808137e+08
3.478281e+08
1.813364e+08
1.101891e+08
8.175489e+07
0
0
9.038199e+08
3.567966e+08
1.865856e+08
1.139572e+08
8.493367e+07
0
0
0
9.178299e+08
3.62427e+08
1.899209e+08
1.163868e+08
8.698506e+07
0
0
0
0
9.243105e+08
3.651411e+08
1.915712e+08
1.175963e+08
8.802306e+07
0
0
0
0
0
7.15142e+08
7.150723e+08
2.872091e+08
7.245844e+08
2.906361e+08
1.490684e+08
7.438193e+08
2.975097e+08
1.528766e+08
9.027162e+07
7.72624e+08
3.07846e+08
1.586195e+08
9.422256e+07
6.848734e+07
8.092146e+08
3.211224e+08
1.66084e+08
9.940266e+07
7.27644e+07
0
8.482006e+08
3.355656e+08
1.742983e+08
1.051945e+08
7.757935e+07
0
0
8.807631e+08
3.479282e+08
1.8144e+08
1.10273e+08
8.183954e+07
0
0
0
9.037658e+08
3.569108e+08
1.86688e+08
1.140553e+08
8.501803e+07
0
0
0
0
9.177625e+08
3.625344e+08
1.900324e+08
1.16481e+08
8.707927e+07
0
0
0
0
0
3.65257e+08
1.916739e+08
1.176973e+08
8.811182e+07
0
0
0
0
0
0
7.247016e+08
7.150722e+08
2.872091e+08
7.150185e+08
2.872693e+08
1.472281e+08
7.245269e+08
2.906942e+08
1.491343e+08
8.773338e+07
7.437699e+08
2.975792e+08
1.529397e+08
9.033443e+07
6.531671e+07
7.72576e+08
3.079131e+08
1.586955e+08
9.428351e+07
6.855012e+07
0
8.091862e+08
3.212113e+08
1.661589e+08
9.947771e+07
7.282686e+07
0
0
8.481606e+08
3.356582e+08
1.743937e+08
1.052702e+08
7.765666e+07
0
0
0
8.807189e+08
3.480365e+08
1.815342e+08
1.103651e+08
8.191727e+07
0
0
0
0
9.037024e+08
3.570123e+08
1.867965e+08
1.141461e+08
8.510904e+07
0
0
0
0
0
3.626495e+08
1.901346e+08
1.165808e+08
8.716679e+07
0
0
0
0
0
0
1.917854e+08
1.177894e+08
8.820603e+07
0
0
0
0
0
0
0
7.439838e+08
7.246354e+08
2.905727e+08
7.150184e+08
2.872693e+08
1.472281e+08
7.149599e+08
2.873246e+08
1.472918e+08
8.649033e+07
7.244737e+08
2.907594e+08
1.491935e+08
8.77926e+07
6.325823e+07
7.437162e+08
2.976385e+08
1.530097e+08
9.039066e+07
6.537446e+07
0
7.725408e+08
3.079903e+08
1.587618e+08
9.43512e+07
6.86062e+07
0
0
8.09149e+08
3.212925e+08
1.662439e+08
9.954429e+07
7.289602e+07
0
0
0
8.481343e+08
3.357589e+08
1.744802e+08
1.053546e+08
7.772657e+07
0
0
0
0
8.806643e+08
3.481322e+08
1.816366e+08
1.104486e+08
8.200248e+07
0
0
0
0
0
3.571224e+08
1.868932e+08
1.142429e+08
8.519319e+07
0
0
0
0
0
0
1.902448e+08
1.16672e+08
8.725965e+07
0
0
0
0
0
0
0
1.178895e+08
8.829183e+07
0
0
0
0
0
0
0
0
7.728248e+08
7.439227e+08
2.973776e+08
7.245839e+08
2.906361e+08
1.490684e+08
7.149599e+08
2.873245e+08
1.472917e+08
8.649033e+07
7.14905e+08
2.873878e+08
1.47349e+08
8.65477e+07
6.225433e+07
7.244151e+08
2.908136e+08
1.492602e+08
8.784565e+07
6.331272e+07
0
7.43672e+08
2.977071e+08
1.530697e+08
9.045321e+07
6.542613e+07
0
0
7.724993e+08
3.080592e+08
1.588375e+08
9.441031e+07
6.866849e+07
0
0
0
8.091293e+08
3.213822e+08
1.663203e+08
9.961958e+07
7.295741e+07
0
0
0
0
8.480886e+08
3.358503e+08
1.74575e+08
1.054308e+08
7.780448e+07
0
0
0
0
0
3.482365e+08
1.817272e+08
1.105396e+08
8.207975e+07
0
0
0
0
0
0
1.869987e+08
1.143292e+08
8.5283e+07
0
0
0
0
0
0
0
1.167707e+08
8.734448e+07
0
0
0
0
0
0
0
0
8.838511e+07
0
0
0
0
0
0
0
0
0
8.094574e+08
7.727682e+08
3.07622e+08
7.438744e+08
2.974467e+08
1.528064e+08
7.245267e+08
2.906939e+08
1.491342e+08
8.773339e+07
7.149049e+08
2.873878e+08
1.47349e+08
8.654769e+07
6.225434e+07
7.148435e+08
2.874397e+08
1.47414e+08
8.659911e+07
6.230716e+07
0
7.243647e+08
2.908766e+08
1.493163e+08
8.790527e+07
6.336147e+07
0
0
7.436237e+08
2.977661e+08
1.531388e+08
9.050704e+07
6.548364e+07
0
0
0
7.724761e+08
3.081378e+08
1.589042e+08
9.447763e+07
6.872294e+07
0
0
0
0
8.090899e+08
3.214645e+08
1.664055e+08
9.968694e+07
7.302673e+07
0
0
0
0
0
3.359467e+08
1.746599e+08
1.055147e+08
7.787475e+07
0
0
0
0
0
0
1.818268e+08
1.106202e+08
8.216404e+07
0
0
0
0
0
0
0
1.144236e+08
8.536327e+07
0
0
0
0
0
0
0
0
8.743632e+07
0
0
0
0
0
0
0
0
0
0
0
0
0
0
0
0
0
0
0
8.484946e+08
8.093993e+08
3.207928e+08
7.72721e+08
3.076994e+08
1.584744e+08
7.43819e+08
2.975094e+08
1.528766e+08
9.027164e+07
7.244733e+08
2.907593e+08
1.491934e+08
8.779258e+07
6.325824e+07
7.148434e+08
2.874396e+08
1.47414e+08
8.659908e+07
6.230715e+07
0
7.14791e+08
2.874998e+08
1.474684e+08
8.665735e+07
6.235441e+07
0
0
7.243104e+08
2.909295e+08
1.493812e+08
8.795583e+07
6.341624e+07
0
0
0
7.43594e+08
2.978358e+08
1.531981e+08
9.056877e+07
6.553322e+07
0
0
0
0
7.724369e+08
3.082096e+08
1.589804e+08
9.453679e+07
6.878487e+07
0
0
0
0
0
3.215518e+08
1.664818e+08
9.976223e+07
7.308864e+07
0
0
0
0
0
0
1.747517e+08
1.055896e+08
7.795213e+07
0
0
0
0
0
0
0
1.107089e+08
8.223875e+07
0
0
0
0
0
0
0
0
8.545104e+07
0
0
0
0
0
0
0
0
0
0
0
0
0
0
0
0
0
0
0
0
0
0
0
0
0
0
0
0
8.81173e+08
8.484288e+08
3.350928e+08
8.093506e+08
3.208792e+08
1.65839e+08
7.726686e+08
3.077687e+08
1.58551e+08
9.415432e+07
7.437692e+08
2.97579e+08
1.529395e+08
9.033439e+07
6.531672e+07
7.244149e+08
2.908134e+08
1.492601e+08
8.784556e+07
6.33127e+07
0
7.147911e+08
2.874998e+08
1.474684e+08
8.665733e+07
6.235438e+07
0
0
7.147334e+08
2.875503e+08
1.475312e+08
8.670644e+07
6.240791e+07
0
0
0
7.242748e+08
2.909932e+08
1.49436e+08
8.801408e+07
6.346282e+07
0
0
0
0
7.435499e+08
2.97899e+08
1.532675e+08
9.062183e+07
6.559e+07
0
0
0
0
0
3.08288e+08
1.590482e+08
9.46044e+07
6.883925e+07
0
0
0
0
0
0
1.665652e+08
9.982927e+07
7.315792e+07
0
0
0
0
0
0
0
1.056711e+08
7.80211e+07
0
0
0
0
0
0
0
0
8.232109e+07
0
0
0
0
0
0
0
0
0
0
0
0
0
0
0
0
0
0
0
0
0
0
0
0
0
0
0
0
0
0
0
0
0
0
0
0
9.042951e+08
8.810923e+08
3.473145e+08
8.483733e+08
3.351886e+08
1.739405e+08
8.092995e+08
3.209573e+08
1.659234e+08
9.925975e+07
7.72623e+08
3.078457e+08
1.586194e+08
9.422251e+07
6.848735e+07
7.437159e+08
2.976382e+08
1.530095e+08
9.039054e+07
6.537443e+07
0
7.243653e+08
2.908765e+08
1.493162e+08
8.790521e+07
6.336139e+07
0
0
7.147333e+08
2.875504e+08
1.475312e+08
8.670642e+07
6.240789e+07
0
0
0
7.146933e+08
2.87611e+08
1.475842e+08
8.676299e+07
6.245313e+07
0
0
0
0
7.242258e+08
2.910505e+08
1.49501e+08
8.806345e+07
6.351643e+07
0
0
0
0
0
2.979694e+08
1.533287e+08
9.068372e+07
6.563884e+07
0
0
0
0
0
0
1.59124e+08
9.466404e+07
6.890139e+07
0
0
0
0
0
0
0
9.990322e+07
7.321946e+07
0
0
0
0
0
0
0
0
7.809654e+07
0
0
0
0
0
0
0
0
0
0
0
0
0
0
0
0
0
0
0
0
0
0
0
0
0
0
0
0
0
0
0
0
0
0
0
0
0
0
0
0
0
0
0
9.184332e+08
9.041994e+08
3.561435e+08
8.810249e+08
3.474168e+08
1.809461e+08
8.483179e+08
3.352765e+08
1.740337e+08
1.049516e+08
8.092561e+08
3.210445e+08
1.659994e+08
9.933487e+07
7.269508e+07
7.725756e+08
3.079126e+08
1.586953e+08
9.428341e+07
6.855008e+07
0
7.436734e+08
2.977069e+08
1.530695e+08
9.04531e+07
6.542603e+07
0
0
7.2431e+08
2.909298e+08
1.493811e+08
8.795575e+07
6.341619e+07
0
0
0
7.146924e+08
2.876109e+08
1.475842e+08
8.676297e+07
6.245311e+07
0
0
0
0
7.146418e+08
2.876648e+08
1.47647e+08
8.681082e+07
6.25052e+07
0
0
0
0
0
2.911155e+08
1.495578e+08
8.81217e+07
6.356192e+07
0
0
0
0
0
0
1.533984e+08
9.073785e+07
6.569574e+07
0
0
0
0
0
0
0
9.473131e+07
6.895605e+07
0
0
0
0
0
0
0
0
7.328759e+07
0
0
0
0
0
0
0
0
0
0
0
0
0
0
0
0
0
0
0
0
0
0
0
0
0
0
0
0
0
0
0
0
0
0
0
0
0
0
0
0
0
0
0
0
0
0
0
0
0
9.250371e+08
9.183273e+08
3.616408e+08
9.041212e+08
3.562498e+08
1.8606e+08
8.809593e+08
3.475124e+08
1.810465e+08
1.099244e+08
8.482732e+08
3.353745e+08
1.741188e+08
1.050348e+08
7.743206e+07
8.092141e+08
3.211218e+08
1.660838e+08
9.940255e+07
7.276433e+07
0
7.725431e+08
3.079901e+08
1.587615e+08
9.435106e+07
6.860612e+07
0
0
7.436231e+08
2.977668e+08
1.531387e+08
9.05069e+07
6.548355e+07
0
0
0
7.242721e+08
2.90993e+08
1.494362e+08
8.801403e+07
6.346275e+07
0
0
0
0
7.146419e+08
2.876644e+08
1.47647e+08
8.681085e+07
6.250518e+07
0
0
0
0
0
2.877273e+08
1.477014e+08
8.686731e+07
6.254929e+07
0
0
0
0
0
0
1.496234e+08
8.817224e+07
6.361551e+07
0
0
0
0
0
0
0
9.079988e+07
6.574535e+07
0
0
0
0
0
0
0
0
6.901789e+07
0
0
0
0
0
0
0
0
0
0
0
0
0
0
0
0
0
0
0
0
0
0
0
0
0
0
0
0
0
0
0
0
0
0
0
0
0
0
0
0
0
0
0
0
0
0
0
0
0
0
0
0
0
0
9.249252e+08
3.642414e+08
9.182382e+08
3.617498e+08
1.892717e+08
9.040438e+08
3.563514e+08
1.861654e+08
1.135849e+08
8.809077e+08
3.476186e+08
1.811394e+08
1.100144e+08
8.159384e+07
8.482304e+08
3.354638e+08
1.742127e+08
1.051107e+08
7.750902e+07
0
8.091892e+08
3.21211e+08
1.661585e+08
9.947752e+07
7.282676e+07
0
0
7.724984e+08
3.080603e+08
1.588373e+08
9.44101e+07
6.866837e+07
0
0
0
7.435899e+08
2.978355e+08
1.531986e+08
9.056868e+07
6.55331e+07
0
0
0
0
7.242258e+08
2.910492e+08
1.495008e+08
8.806358e+07
6.351638e+07
0
0
0
0
0
2.877273e+08
1.477012e+08
8.686727e+07
6.254932e+07
0
0
0
0
0
0
1.477652e+08
8.69159e+07
6.260128e+07
0
0
0
0
0
0
0
8.823091e+07
6.366186e+07
0
0
0
0
0
0
0
0
6.580233e+07
0
0
0
0
0
0
0
0
0
0
0
0
0
0
0
0
0
0
0
0
0
0
0
0
0
0
0
0
0
0
0
0
0
0
0
0
0
0
0
0
0
0
0
0
0
0
0
0
0
0
0
0
0
0
0
0
0
0
0
9.248308e+08
3.643514e+08
1.907999e+08
9.181539e+08
3.61854e+08
1.893806e+08
1.158987e+08
9.039868e+08
3.564629e+08
1.862647e+08
1.136799e+08
8.467173e+07
8.808553e+08
3.477178e+08
1.812416e+08
1.100976e+08
8.167745e+07
0
8.482036e+08
3.355652e+08
1.742979e+08
1.051942e+08
7.757922e+07
0
0
8.091477e+08
3.212939e+08
1.662437e+08
9.954401e+07
7.289586e+07
0
0
0
7.724711e+08
3.081373e+08
1.589049e+08
9.447752e+07
6.872276e+07
0
0
0
0
7.435501e+08
2.978971e+08
1.532673e+08
9.062214e+07
6.558993e+07
0
0
0
0
0
2.911155e+08
1.495571e+08
8.81216e+07
6.356204e+07
0
0
0
0
0
0
1.477652e+08
8.691572e+07
6.260125e+07
0
0
0
0
0
0
0
8.697301e+07
6.264589e+07
0
0
0
0
0
0
0
0
6.371577e+07
0
0
0
0
0
0
0
0
0
0
0
0
0
0
0
0
0
0
0
0
0
0
0
0
0
0
0
0
0
0
0
0
0
0
0
0
0
0
0
0
0
0
0
0
0
0
0
0
0
0
0
0
0
0
0
0
0
0
0
0
0
0
0
0
9.24742e+08
3.644569e+08
1.909103e+08
1.170043e+08
9.180864e+08
3.619697e+08
1.894833e+08
1.159972e+08
8.662453e+07
9.039255e+08
3.565706e+08
1.863727e+08
1.137692e+08
8.47603e+07
0
8.808154e+08
3.478277e+08
1.813359e+08
1.101887e+08
8.175474e+07
0
0
8.481591e+08
3.356597e+08
1.743935e+08
1.052698e+08
7.765643e+07
0
0
0
8.091245e+08
3.213815e+08
1.663212e+08
9.961943e+07
7.295717e+07
0
0
0
0
7.724379e+08
3.082073e+08
1.589801e+08
9.453728e+07
6.878478e+07
0
0
0
0
0
2.979696e+08
1.533276e+08
9.068358e+07
6.56391e+07
0
0
0
0
0
0
1.496235e+08
8.817172e+07
6.361543e+07
0
0
0
0
0
0
0
8.697302e+07
6.264575e+07
0
0
0
0
0
0
0
0
6.269838e+07
0
0
0
0
0
0
0
0
0
0
0
0
0
0
0
0
0
0
0
0
0
0
0
0
0
0
0
0
0
0
0
0
0
0
0
0
0
0
0
0
0
0
0
0
0
0
0
0
0
0
0
0
0
0
0
0
0
0
0
0
0
0
0
0
0
0
0
0
0
9.246691e+08
3.645742e+08
1.910148e+08
1.171043e+08
8.75599e+07
9.18014e+08
3.620801e+08
1.895957e+08
1.160898e+08
8.671649e+07
0
9.038816e+08
3.56687e+08
1.864749e+08
1.138658e+08
8.484335e+07
0
0
8.807619e+08
3.479291e+08
1.814398e+08
1.102727e+08
8.183922e+07
0
0
0
8.48132e+08
3.357582e+08
1.744811e+08
1.053544e+08
7.772629e+07
0
0
0
0
8.09093e+08
3.214623e+08
1.664051e+08
9.968757e+07
7.30266e+07
0
0
0
0
0
3.082885e+08
1.590468e+08
9.460417e+07
6.883965e+07
0
0
0
0
0
0
1.533985e+08
9.073706e+07
6.569562e+07
0
0
0
0
0
0
0
8.823092e+07
6.366143e+07
0
0
0
0
0
0
0
0
6.269839e+07
0
0
0
0
0
0
0
0
0
0
0
0
0
0
0
0
0
0
0
0
0
0
0
0
0
0
0
0
0
0
0
0
0
0
0
0
0
0
0
0
0
0
0
0
0
0
0
0
0
0
0
0
0
0
0
0
0
0
0
0
0
0
0
0
0
0
0
0
0
0
0
0
0
0
9.245911e+08
3.646859e+08
1.91129e+08
1.171987e+08
8.765343e+07
0
9.179597e+08
3.621987e+08
1.897014e+08
1.161906e+08
8.680295e+07
0
0
9.038187e+08
3.567974e+08
1.865853e+08
1.139568e+08
8.493326e+07
0
0
0
8.807185e+08
3.480358e+08
1.815348e+08
1.103649e+08
8.191696e+07
0
0
0
0
8.480923e+08
3.358492e+08
1.745745e+08
1.054315e+08
7.780431e+07
0
0
0
0
0
3.215532e+08
1.664805e+08
9.976191e+07
7.308917e+07
0
0
0
0
0
0
1.591243e+08
9.466307e+07
6.890119e+07
0
0
0
0
0
0
0
9.079993e+07
6.574469e+07
0
0
0
0
0
0
0
0
6.371579e+07
0
0
0
0
0
0
0
0
0
0
0
0
0
0
0
0
0
0
0
0
0
0
0
0
0
0
0
0
0
0
0
0
0
0
0
0
0
0
0
0
0
0
0
0
0
0
0
0
0
0
0
0
0
0
0
0
0
0
0
0
0
0
0
0
0
0
0
0
0
0
0
0
0
0
0
0
0
0
0
9.245275e+08
3.648055e+08
1.912366e+08
1.173014e+08
8.774162e+07
0
0
9.178858e+08
3.623119e+08
1.898149e+08
1.162851e+08
8.689677e+07
0
0
0
9.03766e+08
3.569101e+08
1.866885e+08
1.140551e+08
8.501767e+07
0
0
0
0
8.806664e+08
3.481319e+08
1.816362e+08
1.10449e+08
8.200229e+07
0
0
0
0
0
3.359485e+08
1.746592e+08
1.055143e+08
7.787531e+07
0
0
0
0
0
0
1.665661e+08
9.982833e+07
7.315765e+07
0
0
0
0
0
0
0
9.473153e+07
6.895524e+07
0
0
0
0
0
0
0
0
6.580238e+07
0
0
0
0
0
0
0
0
0
0
0
0
0
0
0
0
0
0
0
0
0
0
0
0
0
0
0
0
0
0
0
0
0
0
0
0
0
0
0
0
0
0
0
0
0
0
0
0
0
0
0
0
0
0
0
0
0
0
0
0
0
0
0
0
0
0
0
0
0
0
0
0
0
0
0
0
0
0
0
0
0
0
0
0
0
9.244483e+08
3.649181e+08
1.913516e+08
1.173976e+08
8.783726e+07
0
0
0
9.178308e+08
3.624263e+08
1.899217e+08
1.163866e+08
8.69847e+07
0
0
0
0
9.037042e+08
3.570123e+08
1.86796e+08
1.141465e+08
8.510885e+07
0
0
0
0
0
3.482376e+08
1.81727e+08
1.105392e+08
8.208014e+07
0
0
0
0
0
0
1.747527e+08
1.05589e+08
7.795181e+07
0
0
0
0
0
0
0
9.990385e+07
7.321867e+07
0
0
0
0
0
0
0
0
6.901807e+07
0
0
0
0
0
0
0
0
0
0
0
0
0
0
0
0
0
0
0
0
0
0
0
0
0
0
0
0
0
0
0
0
0
0
0
0
0
0
0
0
0
0
0
0
0
0
0
0
0
0
0
0
0
0
0
0
0
0
0
0
0
0
0
0
0
0
0
0
0
0
0
0
0
0
0
0
0
0
0
0
0
0
0
0
0
0
0
0
0
0
0
0
9.243839e+08
3.650336e+08
1.914589e+08
1.175007e+08
8.792692e+07
0
0
0
0
9.177648e+08
3.625348e+08
1.90032e+08
1.164816e+08
8.707906e+07
0
0
0
0
0
3.571234e+08
1.868932e+08
1.142425e+08
8.519355e+07
0
0
0
0
0
0
1.818275e+08
1.1062e+08
8.216374e+07
0
0
0
0
0
0
0
1.056719e+08
7.802067e+07
0
0
0
0
0
0
0
0
7.328812e+07
0
0
0
0
0
0
0
0
0
0
0
0
0
0
0
0
0
0
0
0
0
0
0
0
0
0
0
0
0
0
0
0
0
0
0
0
0
0
0
0
0
0
0
0
0
0
0
0
0
0
0
0
0
0
0
0
0
0
0
0
0
0
0
0
0
0
0
0
0
0
0
0
0
0
0
0
0
0
0
0
0
0
0
0
0
0
0
0
0
0
0
0
0
0
0
0
0
0
0
0
9.243115e+08
3.651413e+08
1.915707e+08
1.175966e+08
8.802286e+07
0
0
0
0
0
3.626508e+08
1.901348e+08
1.165804e+08
8.716727e+07
0
0
0
0
0
0
1.869994e+08
1.143292e+08
8.528269e+07
0
0
0
0
0
0
0
1.107095e+08
8.223863e+07
0
0
0
0
0
0
0
0
7.809721e+07
0
0
0
0
0
0
0
0
0
0
0
0
0
0
0
0
0
0
0
0
0
0
0
0
0
0
0
0
0
0
0
0
0
0
0
0
0
0
0
0
0
0
0
0
0
0
0
0
0
0
0
0
0
0
0
0
0
0
0
0
0
0
0
0
0
0
0
0
0
0
0
0
0
0
0
0
0
0
0
0
0
0
0
0
0
0
0
0
0
0
0
0
0
0
0
0
0
0
0
0
0
0
0
0
0
0
0
0
0
3.652577e+08
1.91674e+08
1.17697e+08
8.811209e+07
0
0
0
0
0
0
1.902456e+08
1.166722e+08
8.725934e+07
0
0
0
0
0
0
0
1.144241e+08
8.536327e+07
0
0
0
0
0
0
0
0
8.232154e+07
0
0
0
0
0
0
0
0
0
0
0
0
0
0
0
0
0
0
0
0
0
0
0
0
0
0
0
0
0
0
0
0
0
0
0
0
0
0
0
0
0
0
0
0
0
0
0
0
0
0
0
0
0
0
0
0
0
0
0
0
0
0
0
0
0
0
0
0
0
0
0
0
0
0
0
0
0
0
0
0
0
0
0
0
0
0
0
0
0
0
0
0
0
0
0
0
0
0
0
0
0
0
0
0
0
0
0
0
0
0
0
0
0
0
0
0
0
0
0
1.917859e+08
1.177895e+08
8.820571e+07
0
0
0
0
0
0
0
1.167713e+08
8.734462e+07
0
0
0
0
0
0
0
0
8.545147e+07
0
0
0
0
0
0
0
0
0
0
0
0
0
0
0
0
0
0
0
0
0
0
0
0
0
0
0
0
0
0
0
0
0
0
0
0
0
0
0
0
0
0
0
0
0
0
0
0
0
0
0
0
0
0
0
0
0
0
0
0
0
0
0
0
0
0
0
0
0
0
0
0
0
0
0
0
0
0
0
0
0
0
0
0
0
0
0
0
0
0
0
0
0
0
0
0
0
0
0
0
0
0
0
0
0
0
0
0
0
0
0
0
0
0
0
0
0
0
0
0
0
0
0
0
0
0
0
1.178899e+08
8.82919e+07
0
0
0
0
0
0
0
0
8.743687e+07
0
0
0
0
0
0
0
0
0
0
0
0
0
0
0
0
0
0
0
0
0
0
0
0
0
0
0
0
0
0
0
0
0
0
0
0
0
0
0
0
0
0
0
0
0
0
0
0
0
0
0
0
0
0
0
0
0
0
0
0
0
0
0
0
0
0
0
0
0
0
0
0
0
0
0
0
0
0
0
0
0
0
0
0
0
0
0
0
0
0
0
0
0
0
0
0
0
0
0
0
0
0
0
0
0
0
0
0
0
0
0
0
0
0
0
0
0
0
0
0
0
0
0
0
0
0
0
0
0
0
0
0
0
8.838544e+07
0
0
0
0
0
0
0
0
0
0
0
0
0
0
0
0
0
0
0
0
0
0
0
0
0
0
0
0
0
0
0
0
0
0
0
0
0
0
0
0
0
0
0
0
0
0
0
0
0
0
0
0
0
0
0
0
0
0
0
0
0
0
0
0
0
0
0
0
0
0
0
0
0
0
0
0
0
0
0
0
0
0
0
0
0
0
0
0
0
0
0
0
0
0
0
0
0
0
0
0
0
0
0
0
0
0
0
0
0
0
0
0
0
0
0
0
0
0
0
0
0
0
0
0
0
0
0
0
0
0
0
0
0
0
0
0
0
0
0
0
0
0
0
0
0
0
0
0
0
0
0
0
0
0
0
0
0
0
0
0
0
0
0
0
0
0
0
0
0
0
0
0
0
0
0
0
0
0
0
0
0
0
0
0
0
0
0
0
0
0
0
0
0
0
0
0
0
0
0
0
0
0
0
0
0
0
0
0
0
0
0
0
0
0
0
0
0
0
0
0
0
0
0
0
0
0
0
0
0
0
0
0
0
0
0
0
0
0
0
0
0
0
0
0
0
0
0
0
0
0
0
0
0
0
0
0
0
0
0
0
0
0
0
0
0
0
0
0
0
0
0
0
0
0
0
0
0
0
0
0
0
0
0
0
0
0
0
0
0
0
0
0
0
0
0
0
0
0
0
0
0
0
0
0
0
0
0
0
0
0
0
0
0
0
0
0
0
0
0
0
0
0
0
0
0
0
0
0
0
0
0
0
0
0
0
0
0
0
0
0
0
0
0
0
0
0
0
0
0
0
0
0
0
0
0
0
0
0
0
0
0
0
0
0
0
0
0
0
0
0
0
0
0
0
0
0
0
0
0
0
0
0
0
0
0
0
0
0
0
0
0
0
0
0
0
0
0
0
0
0
0
0
0
0
0
0
0
0
0
0
0
0
0
0
0
0
0
0
0
0
0
0
0
0
0
0
0
0
0
0
0
0
0
0
0
0
0
0
0
0
0
0
0
0
0
0
0
0
0
0
0
0
0
0
0
0
0
0
0
0
0
0
0
0
0
0
0
0
0
0
0
0
0
0
0
0
0
0
0
0
0
0
0
0
0
0
0
0
0
0
0
0
0
0
0
0
0
0
0
0
0
0
0
0
0
0
0
0
0
0
0
0
0
0
0
0
0
0
0
0
0
0
0
0
0
0
0
0
0
0
0
0
0
0
0
0
0
0
0
0
0
0
0
0
0
0
0
0
0
0
0
0
0
0
0
0
0
0
0
0
0
0
0
0
0
0
0
0
0
0
0
0
0
0
0
0
0
0
0
0
0
0
0
0
0
0
0
0
0
0
0
0
0
0
0
0
0
0
0
0
0
0
0
0
0
0
0
0
0
0
0
0
0
0
0
0
0
0
0
0
0
0
0
0
0
0
0
0
0
0
0
0
0
0
0
0
0
0
0
0
0
0
0
0
0
0
0
0
0
0
0
0
0
0
0
0
0
0
0
0
0
0
0
0
0
0
0
0
0
0
0
0
0
0
0
0
0
0
0
0
0
0
0
0
0
0
0
0
0
0
0
0
0
0
0
0
0
0
0
0
0
0
0
0
0
0
0
0
0
0
0
0
0
0
0
0
0
0
0
0
0
0
0
0
0
0
0
0
0
0
0
0
0
0
0
0
0
0
0
0
0
0
0
0
0
0
0
0
0
0
0
0
0
0
0
0
0
0
0
0
0
0
0
0
0
0
0
0
0
0
0
0
0
0
0
0
0
0
0
0
0
0
0
0
0
0
0
0
0
0
0
0
0
0
0
0
0
0
0
0
0
0
0
0
0
0
0
0
0
0
0
0
0
0
0
0
0
0
0
0
0
0
0
0
0
0
0
0
0
0
0
0
0
0
0
0
0
0
0
0
0
0
0
0
0
0
0
0
0
0
0
0
0
0
0
0
0
0
0
0
0
0
0
0
0
0
0
0
0
0
0
0
0
0
0
0
0
0
0
0
0
0
0
0
0
0
0
0
0
0
0
0
0
0
0
0
0
0
0
0
0
0
0
0
0
0
0
0
0
0
0
0
0
0
0
0
0
0
0
0
0
0
0
0
0
0
0
0
0
0
0
0
)
;

boundaryField
{
    anodeSides
    {
        type            calculated;
        value           uniform 0;
    }
    fuelInlet
    {
        type            calculated;
        value           nonuniform List<scalar> 0();
    }
    fuelOutlet
    {
        type            calculated;
        value           nonuniform List<scalar> 0();
    }
    fuel_to_electrolyte
    {
        type            calculated;
        value           uniform 0;
    }
    fuel_to_interconnect
    {
        type            calculated;
        value           uniform 0;
    }
    procBoundary2to1
    {
        type            processor;
        value           uniform 0;
    }
    procBoundary2to3
    {
        type            processor;
        value           uniform 0;
    }
}
)

// processor3

19615
(dimensions      [0 -3 0 0 0 1 0];

internalField   nonuniform List<scalar> 
4000
(
9.242487e+08
9.177091e+08
9.241827e+08
3.653612e+08
9.036488e+08
9.176522e+08
3.627541e+08
9.24126e+08
3.654786e+08
1.918855e+08
8.806157e+08
9.035948e+08
3.572197e+08
9.176087e+08
3.628725e+08
1.903441e+08
9.240639e+08
3.65582e+08
1.919976e+08
1.179792e+08
8.480476e+08
8.805699e+08
3.483259e+08
9.035464e+08
3.573326e+08
1.870919e+08
9.175514e+08
3.629786e+08
1.90456e+08
1.168594e+08
9.24019e+08
3.656999e+08
1.920964e+08
1.180796e+08
8.846871e+07
8.090496e+08
8.48011e+08
3.360276e+08
8.80527e+08
3.484327e+08
1.819125e+08
9.034935e+08
3.574293e+08
1.871987e+08
1.145069e+08
9.175042e+08
3.630953e+08
1.905556e+08
1.169592e+08
8.751886e+07
9.239569e+08
3.658057e+08
1.922086e+08
1.181681e+08
8.856224e+07
0
7.723937e+08
8.090127e+08
3.216214e+08
8.479766e+08
3.361267e+08
1.748293e+08
8.80482e+08
3.485219e+08
1.820134e+08
1.107857e+08
9.034466e+08
3.575414e+08
1.872908e+08
1.146022e+08
8.552857e+07
9.174439e+08
3.631964e+08
1.906663e+08
1.170478e+08
8.761163e+07
0
9.239136e+08
3.659225e+08
1.923082e+08
1.182685e+08
8.864481e+07
0
0
7.435016e+08
7.723517e+08
3.083476e+08
8.089838e+08
3.217086e+08
1.666331e+08
8.479397e+08
3.362079e+08
1.749225e+08
1.057404e+08
8.804402e+08
3.48628e+08
1.820983e+08
1.108753e+08
8.239235e+07
9.03392e+08
3.576356e+08
1.873971e+08
1.146845e+08
8.561709e+07
0
9.17396e+08
3.633108e+08
1.907621e+08
1.171467e+08
8.7694e+07
0
0
9.238571e+08
3.660265e+08
1.924197e+08
1.183573e+08
8.873833e+07
0
0
0
7.241727e+08
7.434564e+08
2.980213e+08
7.723189e+08
3.084237e+08
1.591836e+08
8.089529e+08
3.217807e+08
1.667163e+08
9.996383e+07
8.479046e+08
3.363061e+08
1.749996e+08
1.058229e+08
7.816065e+07
8.803932e+08
3.487146e+08
1.821986e+08
1.109511e+08
8.247541e+07
0
9.033455e+08
3.577461e+08
1.874868e+08
1.147793e+08
8.569365e+07
0
0
9.173371e+08
3.634089e+08
1.908712e+08
1.172322e+08
8.778601e+07
0
0
0
9.237678e+08
3.6615e+08
1.925175e+08
1.184572e+08
8.882094e+07
0
0
0
0
7.145866e+08
7.241256e+08
2.91162e+08
7.434176e+08
2.980901e+08
1.534519e+08
7.722845e+08
3.084855e+08
1.592579e+08
9.47848e+07
8.089258e+08
3.218701e+08
1.66785e+08
1.000376e+08
7.334363e+07
8.478641e+08
3.363841e+08
1.750922e+08
1.058916e+08
7.823692e+07
0
8.803517e+08
3.488193e+08
1.822813e+08
1.110404e+08
8.254584e+07
0
0
9.032923e+08
3.578378e+08
1.875921e+08
1.148597e+08
8.578179e+07
0
0
0
9.172612e+08
3.635277e+08
1.909645e+08
1.1733e+08
8.786566e+07
0
0
0
0
9.235546e+08
3.662359e+08
1.926342e+08
1.185445e+08
8.8914e+07
0
0
0
0
0
7.145871e+08
7.145381e+08
2.877714e+08
7.24082e+08
2.912268e+08
1.49673e+08
7.433756e+08
2.981437e+08
1.535205e+08
9.084822e+07
7.722556e+08
3.085644e+08
1.593183e+08
9.485096e+07
6.906731e+07
8.088903e+08
3.219404e+08
1.668694e+08
1.000986e+08
7.341164e+07
0
8.478273e+08
3.364803e+08
1.751668e+08
1.059737e+08
7.830044e+07
0
0
8.803066e+08
3.489034e+08
1.823806e+08
1.111143e+08
8.26286e+07
0
0
0
9.03227e+08
3.579525e+08
1.876797e+08
1.149537e+08
8.585655e+07
0
0
0
0
9.170999e+08
3.636163e+08
1.910775e+08
1.174135e+08
8.795673e+07
0
0
0
0
0
3.663046e+08
1.927219e+08
1.186487e+08
8.899525e+07
0
0
0
0
0
0
7.241743e+08
7.145387e+08
2.877717e+08
7.144922e+08
2.878341e+08
1.478129e+08
7.240339e+08
2.912751e+08
1.497383e+08
8.827595e+07
7.433414e+08
2.982137e+08
1.535745e+08
9.090945e+07
6.584702e+07
7.722177e+08
3.086254e+08
1.593943e+08
9.490475e+07
6.912825e+07
0
8.088562e+08
3.220274e+08
1.669364e+08
1.001733e+08
7.346791e+07
0
0
8.477871e+08
3.365549e+08
1.752582e+08
1.060402e+08
7.837639e+07
0
0
0
8.802524e+08
3.49012e+08
1.824611e+08
1.112029e+08
8.269729e+07
0
0
0
0
9.031036e+08
3.580388e+08
1.877885e+08
1.150322e+08
8.594407e+07
0
0
0
0
0
3.637091e+08
1.911659e+08
1.175146e+08
8.803457e+07
0
0
0
0
0
0
1.928101e+08
1.18729e+08
8.909224e+07
0
0
0
0
0
0
0
7.435038e+08
7.241269e+08
2.911628e+08
7.144924e+08
2.878344e+08
1.478131e+08
7.144409e+08
2.8788e+08
1.478766e+08
8.701656e+07
7.239948e+08
2.91339e+08
1.497883e+08
8.833435e+07
6.375745e+07
7.432979e+08
2.982669e+08
1.536437e+08
9.095791e+07
6.590337e+07
0
7.721873e+08
3.087027e+08
1.594535e+08
9.497215e+07
6.917782e+07
0
0
8.088162e+08
3.22092e+08
1.670195e+08
1.002327e+08
7.353668e+07
0
0
0
8.477421e+08
3.366539e+08
1.7533e+08
1.061216e+08
7.8438e+07
0
0
0
0
8.801483e+08
3.490928e+08
1.825638e+08
1.112749e+08
8.277952e+07
0
0
0
0
0
3.581457e+08
1.878737e+08
1.151294e+08
8.60172e+07
0
0
0
0
0
0
1.912687e+08
1.17595e+08
8.812869e+07
0
0
0
0
0
0
0
1.188149e+08
8.916786e+07
0
0
0
0
0
0
0
0
7.723959e+08
7.434583e+08
2.980224e+08
7.240825e+08
2.912274e+08
1.496734e+08
7.144411e+08
2.878801e+08
1.478768e+08
8.701668e+07
7.143987e+08
2.87941e+08
1.479248e+08
8.70736e+07
6.27387e+07
7.239467e+08
2.91387e+08
1.498531e+08
8.837952e+07
6.381116e+07
0
7.432654e+08
2.983361e+08
1.536968e+08
9.101964e+07
6.594807e+07
0
0
7.721457e+08
3.087605e+08
1.595286e+08
9.502487e+07
6.923982e+07
0
0
0
8.087765e+08
3.221792e+08
1.670823e+08
1.003066e+08
7.359155e+07
0
0
0
0
8.476427e+08
3.36726e+08
1.754239e+08
1.061858e+08
7.851333e+07
0
0
0
0
0
3.492014e+08
1.826429e+08
1.113665e+08
8.284655e+07
0
0
0
0
0
0
1.879843e+08
1.152065e+08
8.610758e+07
0
0
0
0
0
0
0
1.176913e+08
8.820413e+07
0
0
0
0
0
0
0
0
8.925047e+07
0
0
0
0
0
0
0
0
0
8.090521e+08
7.723543e+08
3.083487e+08
7.434183e+08
2.980911e+08
1.534526e+08
7.240342e+08
2.912754e+08
1.497386e+08
8.827628e+07
7.143984e+08
2.879411e+08
1.479248e+08
8.707371e+07
6.27388e+07
7.14349e+08
2.879862e+08
1.479875e+08
8.711723e+07
6.279115e+07
0
7.239115e+08
2.914509e+08
1.499023e+08
8.843762e+07
6.385286e+07
0
0
7.432215e+08
2.983876e+08
1.537656e+08
9.106723e+07
6.600486e+07
0
0
0
7.721064e+08
3.088379e+08
1.595851e+08
9.509172e+07
6.928839e+07
0
0
0
0
8.086795e+08
3.22241e+08
1.671662e+08
1.003628e+08
7.365968e+07
0
0
0
0
0
3.36826e+08
1.754945e+08
1.062694e+08
7.857294e+07
0
0
0
0
0
0
1.82753e+08
1.114378e+08
8.293146e+07
0
0
0
0
0
0
0
1.15308e+08
8.617975e+07
0
0
0
0
0
0
0
0
8.829532e+07
0
0
0
0
0
0
0
0
0
0
0
0
0
0
0
0
0
0
0
8.4805e+08
8.090158e+08
3.216227e+08
7.723199e+08
3.084249e+08
1.591844e+08
7.43376e+08
2.981442e+08
1.53521e+08
9.084871e+07
7.239933e+08
2.913391e+08
1.497885e+08
8.833462e+07
6.375773e+07
7.143492e+08
2.879861e+08
1.479875e+08
8.711728e+07
6.279124e+07
0
7.143115e+08
2.880479e+08
1.480346e+08
8.717362e+07
6.283145e+07
0
0
7.238627e+08
2.914981e+08
1.499671e+08
8.848192e+07
6.390636e+07
0
0
0
7.431803e+08
2.984578e+08
1.53817e+08
9.112878e+07
6.604873e+07
0
0
0
0
7.720087e+08
3.088903e+08
1.596609e+08
9.514225e+07
6.934999e+07
0
0
0
0
0
3.223298e+08
1.672273e+08
1.004376e+08
7.371175e+07
0
0
0
0
0
0
1.75597e+08
1.06333e+08
7.865036e+07
0
0
0
0
0
0
0
1.115379e+08
8.299807e+07
0
0
0
0
0
0
0
0
8.6275e+07
0
0
0
0
0
0
0
0
0
0
0
0
0
0
0
0
0
0
0
0
0
0
0
0
0
0
0
0
8.806172e+08
8.480138e+08
3.360289e+08
8.089849e+08
3.217101e+08
1.666339e+08
7.722851e+08
3.08486e+08
1.592587e+08
9.478534e+07
7.433386e+08
2.982138e+08
1.535747e+08
9.090986e+07
6.584743e+07
7.239471e+08
2.913863e+08
1.498531e+08
8.837965e+07
6.381139e+07
0
7.143119e+08
2.88048e+08
1.480345e+08
8.717363e+07
6.283149e+07
0
0
7.142599e+08
2.880927e+08
1.480978e+08
8.721628e+07
6.288339e+07
0
0
0
7.238196e+08
2.915627e+08
1.500151e+08
8.854016e+07
6.394723e+07
0
0
0
0
7.430836e+08
2.985034e+08
1.53887e+08
9.11748e+07
6.610543e+07
0
0
0
0
0
3.089682e+08
1.597138e+08
9.520988e+07
6.939663e+07
0
0
0
0
0
0
1.673202e+08
1.004926e+08
7.378087e+07
0
0
0
0
0
0
0
1.064263e+08
7.87095e+07
0
0
0
0
0
0
0
0
8.309165e+07
0
0
0
0
0
0
0
0
0
0
0
0
0
0
0
0
0
0
0
0
0
0
0
0
0
0
0
0
0
0
0
0
0
0
0
0
9.036507e+08
8.805724e+08
3.483269e+08
8.479777e+08
3.361282e+08
1.748301e+08
8.089539e+08
3.217814e+08
1.667172e+08
9.996446e+07
7.722519e+08
3.085647e+08
1.593186e+08
9.485153e+07
6.906776e+07
7.432977e+08
2.982657e+08
1.536437e+08
9.095812e+07
6.590371e+07
0
7.239124e+08
2.91451e+08
1.499018e+08
8.843766e+07
6.385297e+07
0
0
7.142611e+08
2.880929e+08
1.480978e+08
8.72162e+07
6.28834e+07
0
0
0
7.142148e+08
2.881545e+08
1.48144e+08
8.727308e+07
6.292277e+07
0
0
0
0
7.237238e+08
2.91604e+08
1.500809e+08
8.858333e+07
6.400089e+07
0
0
0
0
0
2.985741e+08
1.539342e+08
9.123747e+07
6.614787e+07
0
0
0
0
0
0
1.597977e+08
9.525777e+07
6.945902e+07
0
0
0
0
0
0
0
1.005775e+08
7.383199e+07
0
0
0
0
0
0
0
0
7.879658e+07
0
0
0
0
0
0
0
0
0
0
0
0
0
0
0
0
0
0
0
0
0
0
0
0
0
0
0
0
0
0
0
0
0
0
0
0
0
0
0
0
0
0
0
9.177128e+08
9.03598e+08
3.57221e+08
8.80528e+08
3.484342e+08
1.819133e+08
8.479409e+08
3.362085e+08
1.749235e+08
1.05741e+08
8.089222e+08
3.218705e+08
1.667854e+08
1.000383e+08
7.334417e+07
7.722168e+08
3.086237e+08
1.593944e+08
9.490503e+07
6.912873e+07
0
7.432662e+08
2.983359e+08
1.53696e+08
9.10197e+07
6.594825e+07
0
0
7.238657e+08
2.914985e+08
1.499672e+08
8.848162e+07
6.390639e+07
0
0
0
7.142162e+08
2.88155e+08
1.481441e+08
8.727311e+07
6.292271e+07
0
0
0
0
7.141176e+08
2.881935e+08
1.482077e+08
8.731479e+07
6.297511e+07
0
0
0
0
0
2.916704e+08
1.501247e+08
8.864246e+07
6.40407e+07
0
0
0
0
0
0
1.540119e+08
9.128039e+07
6.620562e+07
0
0
0
0
0
0
0
9.533476e+07
6.95035e+07
0
0
0
0
0
0
0
0
7.391108e+07
0
0
0
0
0
0
0
0
0
0
0
0
0
0
0
0
0
0
0
0
0
0
0
0
0
0
0
0
0
0
0
0
0
0
0
0
0
0
0
0
0
0
0
0
0
0
0
0
0
9.242513e+08
9.176584e+08
3.627563e+08
9.035477e+08
3.573345e+08
1.870927e+08
8.804829e+08
3.485226e+08
1.820143e+08
1.107862e+08
8.479027e+08
3.363066e+08
1.750001e+08
1.058237e+08
7.816122e+07
8.088896e+08
3.219386e+08
1.668697e+08
1.000989e+08
7.341224e+07
0
7.721881e+08
3.087023e+08
1.594524e+08
9.497227e+07
6.917806e+07
0
0
7.432259e+08
2.98388e+08
1.537655e+08
9.106668e+07
6.600491e+07
0
0
0
7.2382e+08
2.91564e+08
1.500154e+08
8.854018e+07
6.394698e+07
0
0
0
0
7.141223e+08
2.881939e+08
1.48208e+08
8.731486e+07
6.297513e+07
0
0
0
0
0
2.88257e+08
1.482497e+08
8.737219e+07
6.301359e+07
0
0
0
0
0
0
1.501987e+08
8.868242e+07
6.409521e+07
0
0
0
0
0
0
0
9.135195e+07
6.62455e+07
0
0
0
0
0
0
0
0
6.957518e+07
0
0
0
0
0
0
0
0
0
0
0
0
0
0
0
0
0
0
0
0
0
0
0
0
0
0
0
0
0
0
0
0
0
0
0
0
0
0
0
0
0
0
0
0
0
0
0
0
0
0
0
0
0
0
9.241869e+08
3.653629e+08
9.176106e+08
3.628759e+08
1.903456e+08
9.034943e+08
3.574301e+08
1.872e+08
1.145076e+08
8.804383e+08
3.486284e+08
1.820988e+08
1.10876e+08
8.239284e+07
8.478645e+08
3.36383e+08
1.750925e+08
1.058919e+08
7.823754e+07
0
8.088577e+08
3.220269e+08
1.669353e+08
1.001735e+08
7.34682e+07
0
0
7.721511e+08
3.08761e+08
1.595283e+08
9.502412e+07
6.923992e+07
0
0
0
7.431816e+08
2.984598e+08
1.538172e+08
9.112868e+07
6.604827e+07
0
0
0
0
7.237263e+08
2.91604e+08
1.500816e+08
8.858352e+07
6.40009e+07
0
0
0
0
0
2.882584e+08
1.482499e+08
8.737239e+07
6.301365e+07
0
0
0
0
0
0
1.483214e+08
8.741067e+07
6.306653e+07
0
0
0
0
0
0
0
8.875067e+07
6.413236e+07
0
0
0
0
0
0
0
0
6.631203e+07
0
0
0
0
0
0
0
0
0
0
0
0
0
0
0
0
0
0
0
0
0
0
0
0
0
0
0
0
0
0
0
0
0
0
0
0
0
0
0
0
0
0
0
0
0
0
0
0
0
0
0
0
0
0
0
0
0
0
0
9.241284e+08
3.654811e+08
1.918866e+08
9.175519e+08
3.629798e+08
1.904582e+08
1.168605e+08
9.034438e+08
3.575418e+08
1.872914e+08
1.146032e+08
8.552916e+07
8.803932e+08
3.487135e+08
1.821989e+08
1.109515e+08
8.247605e+07
0
8.478292e+08
3.364802e+08
1.751661e+08
1.05974e+08
7.830075e+07
0
0
8.088221e+08
3.220927e+08
1.670191e+08
1.00232e+08
7.353683e+07
0
0
0
7.721087e+08
3.088402e+08
1.595854e+08
9.509148e+07
6.928778e+07
0
0
0
0
7.430883e+08
2.985039e+08
1.538882e+08
9.117499e+07
6.610534e+07
0
0
0
0
0
2.916708e+08
1.501246e+08
8.864299e+07
6.404086e+07
0
0
0
0
0
0
1.483222e+08
8.741078e+07
6.306669e+07
0
0
0
0
0
0
0
8.7477e+07
6.310233e+07
0
0
0
0
0
0
0
0
6.419574e+07
0
0
0
0
0
0
0
0
0
0
0
0
0
0
0
0
0
0
0
0
0
0
0
0
0
0
0
0
0
0
0
0
0
0
0
0
0
0
0
0
0
0
0
0
0
0
0
0
0
0
0
0
0
0
0
0
0
0
0
0
0
0
0
0
9.240653e+08
3.655836e+08
1.919993e+08
1.179801e+08
9.174991e+08
3.630956e+08
1.905565e+08
1.169608e+08
8.751981e+07
9.033908e+08
3.576339e+08
1.873973e+08
1.14685e+08
8.561793e+07
0
8.803531e+08
3.48819e+08
1.822805e+08
1.110406e+08
8.254619e+07
0
0
8.477928e+08
3.365558e+08
1.752581e+08
1.060397e+08
7.837658e+07
0
0
0
8.087797e+08
3.221819e+08
1.670827e+08
1.003063e+08
7.35909e+07
0
0
0
0
7.720153e+08
3.088914e+08
1.596623e+08
9.514246e+07
6.934979e+07
0
0
0
0
0
2.985757e+08
1.539346e+08
9.12383e+07
6.614803e+07
0
0
0
0
0
0
1.501988e+08
8.86824e+07
6.409565e+07
0
0
0
0
0
0
0
8.747747e+07
6.310242e+07
0
0
0
0
0
0
0
0
6.316394e+07
0
0
0
0
0
0
0
0
0
0
0
0
0
0
0
0
0
0
0
0
0
0
0
0
0
0
0
0
0
0
0
0
0
0
0
0
0
0
0
0
0
0
0
0
0
0
0
0
0
0
0
0
0
0
0
0
0
0
0
0
0
0
0
0
0
0
0
0
0
9.240118e+08
3.657005e+08
1.920975e+08
1.180809e+08
8.846949e+07
9.174406e+08
3.631935e+08
1.906665e+08
1.170485e+08
8.761305e+07
0
9.03346e+08
3.577452e+08
1.874857e+08
1.147795e+08
8.569407e+07
0
0
8.803114e+08
3.48904e+08
1.823803e+08
1.111137e+08
8.262875e+07
0
0
0
8.477459e+08
3.366566e+08
1.753305e+08
1.061215e+08
7.843754e+07
0
0
0
0
8.086872e+08
3.222426e+08
1.671679e+08
1.003631e+08
7.365946e+07
0
0
0
0
0
3.089708e+08
1.597145e+08
9.521093e+07
6.93968e+07
0
0
0
0
0
0
1.540128e+08
9.128063e+07
6.620631e+07
0
0
0
0
0
0
0
8.875072e+07
6.413235e+07
0
0
0
0
0
0
0
0
6.31643e+07
0
0
0
0
0
0
0
0
0
0
0
0
0
0
0
0
0
0
0
0
0
0
0
0
0
0
0
0
0
0
0
0
0
0
0
0
0
0
0
0
0
0
0
0
0
0
0
0
0
0
0
0
0
0
0
0
0
0
0
0
0
0
0
0
0
0
0
0
0
0
0
0
0
0
9.239504e+08
3.658018e+08
1.922091e+08
1.181689e+08
8.856337e+07
0
9.17395e+08
3.633087e+08
1.907602e+08
1.171468e+08
8.769456e+07
0
0
9.032965e+08
3.57838e+08
1.875914e+08
1.148588e+08
8.578193e+07
0
0
0
8.802561e+08
3.490144e+08
1.824615e+08
1.112027e+08
8.269677e+07
0
0
0
0
8.476505e+08
3.367279e+08
1.754256e+08
1.061862e+08
7.851322e+07
0
0
0
0
0
3.223331e+08
1.672284e+08
1.004388e+08
7.371202e+07
0
0
0
0
0
0
1.597992e+08
9.525829e+07
6.945989e+07
0
0
0
0
0
0
0
9.135253e+07
6.624571e+07
0
0
0
0
0
0
0
0
6.419577e+07
0
0
0
0
0
0
0
0
0
0
0
0
0
0
0
0
0
0
0
0
0
0
0
0
0
0
0
0
0
0
0
0
0
0
0
0
0
0
0
0
0
0
0
0
0
0
0
0
0
0
0
0
0
0
0
0
0
0
0
0
0
0
0
0
0
0
0
0
0
0
0
0
0
0
0
0
0
0
0
9.239092e+08
3.659188e+08
1.923057e+08
1.182688e+08
8.86455e+07
0
0
9.173409e+08
3.634083e+08
1.908699e+08
1.172308e+08
8.778611e+07
0
0
0
9.032306e+08
3.579547e+08
1.876798e+08
1.149532e+08
8.58558e+07
0
0
0
0
8.801558e+08
3.490948e+08
1.825654e+08
1.112753e+08
8.277932e+07
0
0
0
0
0
3.368294e+08
1.754958e+08
1.062707e+08
7.857328e+07
0
0
0
0
0
0
1.673222e+08
1.004934e+08
7.378188e+07
0
0
0
0
0
0
0
9.533583e+07
6.950394e+07
0
0
0
0
0
0
0
0
6.631251e+07
0
0
0
0
0
0
0
0
0
0
0
0
0
0
0
0
0
0
0
0
0
0
0
0
0
0
0
0
0
0
0
0
0
0
0
0
0
0
0
0
0
0
0
0
0
0
0
0
0
0
0
0
0
0
0
0
0
0
0
0
0
0
0
0
0
0
0
0
0
0
0
0
0
0
0
0
0
0
0
0
0
0
0
0
0
9.238597e+08
3.660243e+08
1.924173e+08
1.183554e+08
8.873859e+07
0
0
0
9.172646e+08
3.635297e+08
1.909642e+08
1.173289e+08
8.786444e+07
0
0
0
0
9.031114e+08
3.580408e+08
1.877899e+08
1.150324e+08
8.594361e+07
0
0
0
0
0
3.492049e+08
1.826443e+08
1.113676e+08
8.28468e+07
0
0
0
0
0
0
1.755991e+08
1.063339e+08
7.865141e+07
0
0
0
0
0
0
0
1.005789e+08
7.383266e+07
0
0
0
0
0
0
0
0
6.957607e+07
0
0
0
0
0
0
0
0
0
0
0
0
0
0
0
0
0
0
0
0
0
0
0
0
0
0
0
0
0
0
0
0
0
0
0
0
0
0
0
0
0
0
0
0
0
0
0
0
0
0
0
0
0
0
0
0
0
0
0
0
0
0
0
0
0
0
0
0
0
0
0
0
0
0
0
0
0
0
0
0
0
0
0
0
0
0
0
0
0
0
0
0
9.237708e+08
3.661515e+08
1.925161e+08
1.184554e+08
8.88193e+07
0
0
0
0
9.1711e+08
3.636183e+08
1.910789e+08
1.174133e+08
8.795583e+07
0
0
0
0
0
3.581495e+08
1.87875e+08
1.151305e+08
8.601729e+07
0
0
0
0
0
0
1.827552e+08
1.114389e+08
8.293245e+07
0
0
0
0
0
0
0
1.064279e+08
7.871032e+07
0
0
0
0
0
0
0
0
7.391227e+07
0
0
0
0
0
0
0
0
0
0
0
0
0
0
0
0
0
0
0
0
0
0
0
0
0
0
0
0
0
0
0
0
0
0
0
0
0
0
0
0
0
0
0
0
0
0
0
0
0
0
0
0
0
0
0
0
0
0
0
0
0
0
0
0
0
0
0
0
0
0
0
0
0
0
0
0
0
0
0
0
0
0
0
0
0
0
0
0
0
0
0
0
0
0
0
0
0
0
0
0
9.235615e+08
3.662377e+08
1.926353e+08
1.185434e+08
8.891246e+07
0
0
0
0
0
3.637141e+08
1.911673e+08
1.175156e+08
8.803436e+07
0
0
0
0
0
0
1.879868e+08
1.152076e+08
8.610854e+07
0
0
0
0
0
0
0
1.115396e+08
8.299897e+07
0
0
0
0
0
0
0
0
7.879793e+07
0
0
0
0
0
0
0
0
0
0
0
0
0
0
0
0
0
0
0
0
0
0
0
0
0
0
0
0
0
0
0
0
0
0
0
0
0
0
0
0
0
0
0
0
0
0
0
0
0
0
0
0
0
0
0
0
0
0
0
0
0
0
0
0
0
0
0
0
0
0
0
0
0
0
0
0
0
0
0
0
0
0
0
0
0
0
0
0
0
0
0
0
0
0
0
0
0
0
0
0
0
0
0
0
0
0
0
0
0
3.663081e+08
1.927232e+08
1.186495e+08
8.89944e+07
0
0
0
0
0
0
1.91272e+08
1.175961e+08
8.812961e+07
0
0
0
0
0
0
0
1.153099e+08
8.618069e+07
0
0
0
0
0
0
0
0
8.30931e+07
0
0
0
0
0
0
0
0
0
0
0
0
0
0
0
0
0
0
0
0
0
0
0
0
0
0
0
0
0
0
0
0
0
0
0
0
0
0
0
0
0
0
0
0
0
0
0
0
0
0
0
0
0
0
0
0
0
0
0
0
0
0
0
0
0
0
0
0
0
0
0
0
0
0
0
0
0
0
0
0
0
0
0
0
0
0
0
0
0
0
0
0
0
0
0
0
0
0
0
0
0
0
0
0
0
0
0
0
0
0
0
0
0
0
0
0
0
0
0
1.928125e+08
1.1873e+08
8.909297e+07
0
0
0
0
0
0
0
1.176937e+08
8.820508e+07
0
0
0
0
0
0
0
0
8.627662e+07
0
0
0
0
0
0
0
0
0
0
0
0
0
0
0
0
0
0
0
0
0
0
0
0
0
0
0
0
0
0
0
0
0
0
0
0
0
0
0
0
0
0
0
0
0
0
0
0
0
0
0
0
0
0
0
0
0
0
0
0
0
0
0
0
0
0
0
0
0
0
0
0
0
0
0
0
0
0
0
0
0
0
0
0
0
0
0
0
0
0
0
0
0
0
0
0
0
0
0
0
0
0
0
0
0
0
0
0
0
0
0
0
0
0
0
0
0
0
0
0
0
0
0
0
0
0
0
1.188167e+08
8.916878e+07
0
0
0
0
0
0
0
0
8.829745e+07
0
0
0
0
0
0
0
0
0
0
0
0
0
0
0
0
0
0
0
0
0
0
0
0
0
0
0
0
0
0
0
0
0
0
0
0
0
0
0
0
0
0
0
0
0
0
0
0
0
0
0
0
0
0
0
0
0
0
0
0
0
0
0
0
0
0
0
0
0
0
0
0
0
0
0
0
0
0
0
0
0
0
0
0
0
0
0
0
0
0
0
0
0
0
0
0
0
0
0
0
0
0
0
0
0
0
0
0
0
0
0
0
0
0
0
0
0
0
0
0
0
0
0
0
0
0
0
0
0
0
0
0
0
8.92521e+07
0
0
0
0
0
0
0
0
0
0
0
0
0
0
0
0
0
0
0
0
0
0
0
0
0
0
0
0
0
0
0
0
0
0
0
0
0
0
0
0
0
0
0
0
0
0
0
0
0
0
0
0
0
0
0
0
0
0
0
0
0
0
0
0
0
0
0
0
0
0
0
0
0
0
0
0
0
0
0
0
0
0
0
0
0
0
0
0
0
0
0
0
0
0
0
0
0
0
0
0
0
0
0
0
0
0
0
0
0
0
0
0
0
0
0
0
0
0
0
0
0
0
0
0
0
0
0
0
0
0
0
0
0
0
0
0
0
0
0
0
0
0
0
0
0
0
0
0
0
0
0
0
0
0
0
0
0
0
0
0
0
0
0
0
0
0
0
0
0
0
0
0
0
0
0
0
0
0
0
0
0
0
0
0
0
0
0
0
0
0
0
0
0
0
0
0
0
0
0
0
0
0
0
0
0
0
0
0
0
0
0
0
0
0
0
0
0
0
0
0
0
0
0
0
0
0
0
0
0
0
0
0
0
0
0
0
0
0
0
0
0
0
0
0
0
0
0
0
0
0
0
0
0
0
0
0
0
0
0
0
0
0
0
0
0
0
0
0
0
0
0
0
0
0
0
0
0
0
0
0
0
0
0
0
0
0
0
0
0
0
0
0
0
0
0
0
0
0
0
0
0
0
0
0
0
0
0
0
0
0
0
0
0
0
0
0
0
0
0
0
0
0
0
0
0
0
0
0
0
0
0
0
0
0
0
0
0
0
0
0
0
0
0
0
0
0
0
0
0
0
0
0
0
0
0
0
0
0
0
0
0
0
0
0
0
0
0
0
0
0
0
0
0
0
0
0
0
0
0
0
0
0
0
0
0
0
0
0
0
0
0
0
0
0
0
0
0
0
0
0
0
0
0
0
0
0
0
0
0
0
0
0
0
0
0
0
0
0
0
0
0
0
0
0
0
0
0
0
0
0
0
0
0
0
0
0
0
0
0
0
0
0
0
0
0
0
0
0
0
0
0
0
0
0
0
0
0
0
0
0
0
0
0
0
0
0
0
0
0
0
0
0
0
0
0
0
0
0
0
0
0
0
0
0
0
0
0
0
0
0
0
0
0
0
0
0
0
0
0
0
0
0
0
0
0
0
0
0
0
0
0
0
0
0
0
0
0
0
0
0
0
0
0
0
0
0
0
0
0
0
0
0
0
0
0
0
0
0
0
0
0
0
0
0
0
0
0
0
0
0
0
0
0
0
0
0
0
0
0
0
0
0
0
0
0
0
0
0
0
0
0
0
0
0
0
0
0
0
0
0
0
0
0
0
0
0
0
0
0
0
0
0
0
0
0
0
0
0
0
0
0
0
0
0
0
0
0
0
0
0
0
0
0
0
0
0
0
0
0
0
0
0
0
0
0
0
0
0
0
0
0
0
0
0
0
0
0
0
0
0
0
0
0
0
0
0
0
0
0
0
0
0
0
0
0
0
0
0
0
0
0
0
0
0
0
0
0
0
0
0
0
0
0
0
0
0
0
0
0
0
0
0
0
0
0
0
0
0
0
0
0
0
0
0
0
0
0
0
0
0
0
0
0
0
0
0
0
0
0
0
0
0
0
0
0
0
0
0
0
0
0
0
0
0
0
0
0
0
0
0
0
0
0
0
0
0
0
0
0
0
0
0
0
0
0
0
0
0
0
0
0
0
0
0
0
0
0
0
0
0
0
0
0
0
0
0
0
0
0
0
0
0
0
0
0
0
0
0
0
0
0
0
0
0
0
0
0
0
0
0
0
0
0
0
0
0
0
0
0
0
0
0
0
0
0
0
0
0
0
0
0
0
0
0
0
0
0
0
0
0
0
0
0
0
0
0
0
0
0
0
0
0
0
0
0
0
0
0
0
0
0
0
0
0
0
0
0
0
0
0
0
0
0
0
0
0
0
0
0
0
0
0
0
0
0
0
0
0
0
0
0
0
0
0
0
0
0
0
0
0
0
0
0
0
0
0
0
0
0
0
0
0
0
0
0
0
0
0
0
0
0
0
0
0
0
0
0
0
0
0
0
0
0
0
0
0
0
0
0
0
0
0
0
0
0
0
0
0
0
0
0
0
)
;

boundaryField
{
    anodeSides
    {
        type            calculated;
        value           uniform 0;
    }
    fuelInlet
    {
        type            calculated;
        value           nonuniform List<scalar> 0();
    }
    fuelOutlet
    {
        type            calculated;
        value           uniform 0;
    }
    fuel_to_electrolyte
    {
        type            calculated;
        value           uniform 0;
    }
    fuel_to_interconnect
    {
        type            calculated;
        value           uniform 0;
    }
    procBoundary3to2
    {
        type            processor;
        value           uniform 0;
    }
}
)

// processor4

697
(dimensions      [0 -3 0 0 0 1 0];

internalField   nonuniform List<scalar> 0();

boundaryField
{
    anodeSides
    {
        type            calculated;
        value           nonuniform List<scalar> 0();
    }
    fuelInlet
    {
        type            calculated;
        value           nonuniform List<scalar> 0();
    }
    fuelOutlet
    {
        type            calculated;
        value           nonuniform List<scalar> 0();
    }
    fuel_to_electrolyte
    {
        type            calculated;
        value           nonuniform List<scalar> 0();
    }
    fuel_to_interconnect
    {
        type            calculated;
        value           nonuniform List<scalar> 0();
    }
}
)

// processor5

697
(dimensions      [0 -3 0 0 0 1 0];

internalField   nonuniform List<scalar> 0();

boundaryField
{
    anodeSides
    {
        type            calculated;
        value           nonuniform List<scalar> 0();
    }
    fuelInlet
    {
        type            calculated;
        value           nonuniform List<scalar> 0();
    }
    fuelOutlet
    {
        type            calculated;
        value           nonuniform List<scalar> 0();
    }
    fuel_to_electrolyte
    {
        type            calculated;
        value           nonuniform List<scalar> 0();
    }
    fuel_to_interconnect
    {
        type            calculated;
        value           nonuniform List<scalar> 0();
    }
}
)

// processor6

697
(dimensions      [0 -3 0 0 0 1 0];

internalField   nonuniform List<scalar> 0();

boundaryField
{
    anodeSides
    {
        type            calculated;
        value           nonuniform List<scalar> 0();
    }
    fuelInlet
    {
        type            calculated;
        value           nonuniform List<scalar> 0();
    }
    fuelOutlet
    {
        type            calculated;
        value           nonuniform List<scalar> 0();
    }
    fuel_to_electrolyte
    {
        type            calculated;
        value           nonuniform List<scalar> 0();
    }
    fuel_to_interconnect
    {
        type            calculated;
        value           nonuniform List<scalar> 0();
    }
}
)

// processor7

697
(dimensions      [0 -3 0 0 0 1 0];

internalField   nonuniform List<scalar> 0();

boundaryField
{
    anodeSides
    {
        type            calculated;
        value           nonuniform List<scalar> 0();
    }
    fuelInlet
    {
        type            calculated;
        value           nonuniform List<scalar> 0();
    }
    fuelOutlet
    {
        type            calculated;
        value           nonuniform List<scalar> 0();
    }
    fuel_to_electrolyte
    {
        type            calculated;
        value           nonuniform List<scalar> 0();
    }
    fuel_to_interconnect
    {
        type            calculated;
        value           nonuniform List<scalar> 0();
    }
}
)
