/*--------------------------------*- C++ -*----------------------------------*\
| =========                 |                                                 |
| \\      /  F ield         | OpenFOAM: The Open Source CFD Toolbox           |
|  \\    /   O peration     | Version:  2306                                  |
|   \\  /    A nd           | Website:  www.openfoam.com                      |
|    \\/     M anipulation  |                                                 |
\*---------------------------------------------------------------------------*/
FoamFile
{
    version     2.0;
    format      ascii;
    arch        "LSB;label=32;scalar=64";
    class       cellSet;
    location    "constant/polyMesh/sets";
    object      achannel;
}
// * * * * * * * * * * * * * * * * * * * * * * * * * * * * * * * * * * * * * //


4000
(
49152
49153
49154
49155
49156
49174
49175
49176
49177
49178
49179
49180
49181
49182
49183
49200
49201
49202
49203
49204
49205
49206
49207
49208
49209
49225
49226
49227
49228
49229
49230
49231
49232
49233
49234
49249
49250
49251
49252
49253
49254
49255
49256
49257
49258
49272
49273
49274
49275
49276
49277
49278
49279
49280
49281
49294
49295
49296
49297
49298
49299
49300
49301
49302
49303
49315
49316
49317
49318
49319
49320
49321
49322
49323
49324
33038
33039
33077
33078
33079
33116
33117
33118
33119
33155
33156
33157
33158
33159
33194
33195
33196
33197
33198
33199
49594
49595
49596
49597
49598
49599
49600
49601
49602
49603
33233
33234
33235
33236
33237
49622
33238
49623
33239
49624
49625
49626
49627
49628
49629
49630
49631
49649
49650
49651
49652
49653
49654
49655
49656
33272
49657
33273
49658
33274
33275
33276
33277
33278
33279
49675
49676
49677
49678
49679
49680
49681
49682
49683
49684
33311
33312
33313
33314
33315
49700
33316
49701
33317
49702
33318
49703
33319
49704
49705
49706
49707
49708
49709
49724
49725
49726
49727
49728
49729
49730
49731
49732
49733
33350
33351
33352
33353
33354
33355
33356
33357
33358
33359
49747
49748
49749
49750
49751
49752
49753
49754
49755
49756
49769
49770
49771
49772
49773
33389
49774
33390
49775
33391
49776
33392
49777
33393
49778
33394
33395
33396
33397
33398
49790
49791
49792
49793
49794
49795
49796
49797
49798
49799
49810
49811
49812
49813
49814
49815
49816
49817
49818
49819
50078
50079
50080
50081
50082
50083
50084
50085
50086
50087
50105
50106
50107
50108
50109
50110
50111
50112
50113
50114
50131
50132
50133
50134
50135
50136
50137
50138
50139
50140
50156
50157
50158
50159
50160
50161
50162
50163
50164
50165
50180
50181
50182
50183
50184
50185
50186
50187
50188
50189
50203
50204
50205
50206
50207
50208
50209
50210
50211
50212
33836
33837
33838
50225
50226
50227
50228
50229
50230
50231
50232
50233
50234
50246
50247
50248
50249
50250
50251
50252
50253
50254
50255
33875
33876
33877
33878
50266
50267
50268
50269
50270
50271
50272
50273
50274
50275
50285
50286
50287
50288
50289
50290
50291
50292
50293
50294
33914
33915
33916
33917
33918
33953
33954
33955
33956
33957
33958
33992
33993
33994
33995
33996
33997
33998
34031
34032
34033
34034
34035
34036
34037
34038
34070
34071
34072
34073
34074
34075
34076
34077
34078
34109
34110
34111
34112
34113
34114
34115
34116
34117
34118
34148
34149
34150
34151
34152
34153
34154
34155
34156
34157
50542
50543
50544
50545
50546
50547
50548
50549
50550
50551
50568
50569
50570
50571
34187
50572
34188
50573
34189
50574
34190
50575
34191
50576
34192
50577
34193
34194
34195
34196
50593
50594
50595
50596
50597
50598
50599
50600
50601
50602
50617
50618
50619
50620
50621
50622
50623
50624
50625
50626
50640
50641
50642
50643
50644
50645
50646
50647
50648
50649
50662
50663
50664
50665
50666
50667
50668
50669
50670
50671
50683
50684
50685
50686
50687
50688
50689
50690
50691
50692
50703
50704
50705
50706
50707
50708
50709
50710
50711
50712
50722
50723
50724
50725
50726
50727
50728
50729
50730
50731
50740
50741
50742
50743
50744
50745
50746
50747
50748
50749
50986
50987
50988
50989
50990
50991
50992
50993
50994
50995
51011
51012
51013
51014
51015
51016
34632
51017
34633
51018
34634
51019
34635
51020
51035
51036
51037
51038
51039
51040
51041
51042
51043
51044
34671
34672
34673
51058
34674
51059
34675
51060
51061
51062
51063
51064
51065
51066
51067
51080
51081
51082
51083
51084
51085
51086
51087
51088
51089
34710
34711
34712
34713
34714
34715
51101
51102
51103
51104
51105
51106
51107
51108
51109
51110
51121
51122
51123
51124
51125
51126
51127
51128
51129
51130
34749
34750
34751
34752
34753
34754
34755
51140
51141
51142
51143
51144
51145
51146
51147
51148
51149
51158
51159
51160
51161
51162
51163
51164
51165
51166
51167
34788
34789
34790
51175
34791
51176
34792
51177
34793
51178
34794
51179
34795
51180
51181
51182
51183
51184
34827
34828
34829
34830
34831
34832
34833
34834
34835
34866
34867
34868
34869
34870
34871
34872
34873
34874
34875
34905
34906
34907
34908
34909
34910
34911
34912
34913
34914
34944
34945
34946
34947
34948
34949
34950
34951
34952
34953
34983
34984
34985
34986
34987
34988
34989
34990
34991
34992
51410
51411
51412
51413
51414
51415
51416
51417
51418
51419
51434
51435
51436
51437
51438
51439
51440
51441
51442
51443
51457
51458
51459
51460
51461
51462
51463
51464
51465
51466
51479
51480
51481
51482
51483
51484
51485
51486
51487
51488
51500
51501
51502
51503
51504
51505
51506
51507
51508
51509
51520
51521
51522
51523
51524
51525
51526
51527
51528
51529
51539
51540
51541
51542
51543
51544
51545
51546
51547
51548
51557
51558
51559
51560
51561
51562
51563
51564
51565
51566
51574
51575
51576
51577
51578
51579
51580
51581
51582
51583
51590
51591
51592
51593
51594
51595
51596
51597
51598
51599
35425
35426
35427
35428
35429
51814
51815
51816
51817
51818
51819
51820
51821
51822
51823
51837
51838
51839
51840
51841
51842
51843
51844
51845
51846
35464
35465
35466
35467
35468
35469
51859
51860
51861
51862
51863
51864
51865
51866
51867
51868
51880
51881
51882
51883
51884
51885
51886
51887
35503
51888
35504
51889
35505
35506
35507
35508
35509
51900
51901
51902
51903
51904
51905
51906
51907
51908
51909
51919
51920
51921
51922
51923
51924
51925
51926
35542
51927
35543
51928
35544
35545
35546
35547
35548
35549
51937
51938
51939
51940
51941
51942
51943
51944
51945
51946
51954
51955
51956
51957
51958
51959
51960
51961
51962
51963
35581
35582
35583
35584
35585
51970
35586
51971
35587
51972
35588
51973
35589
51974
51975
51976
51977
51978
51979
51985
51986
51987
51988
51989
51990
51991
51992
51993
51994
35620
35621
35622
35623
35624
35625
35626
35627
35628
35629
35659
35660
35661
35662
35663
35664
35665
35666
35667
35668
35698
35699
35700
35701
35702
35703
35704
35705
35706
35707
35737
35738
35739
35740
35741
35742
35743
35744
35745
35746
35776
35777
35778
35779
35780
35781
35782
35783
35784
35785
52198
52199
52200
52201
52202
52203
52204
52205
52206
52207
52220
52221
52222
52223
52224
52225
52226
52227
52228
52229
52241
52242
52243
52244
52245
52246
52247
52248
52249
52250
52261
52262
52263
52264
52265
52266
52267
52268
52269
52270
52280
52281
52282
52283
52284
52285
52286
52287
52288
52289
52298
52299
52300
52301
52302
52303
52304
52305
52306
52307
52315
52316
52317
52318
52319
52320
52321
52322
52323
52324
52331
52332
52333
52334
52335
52336
52337
52338
52339
52340
52346
52347
52348
52349
52350
52351
52352
52353
52354
52355
52361
52362
52363
52364
52365
52366
52367
52368
52369
52562
52563
52564
52565
52566
52567
52568
52569
52570
52571
52583
52584
52585
52586
52587
52588
52589
52590
52591
52592
36214
36215
36216
36217
36218
52603
36219
52604
52605
52606
52607
52608
52609
52610
52611
52612
52622
52623
52624
52625
52626
52627
52628
52629
52630
52631
36253
36254
36255
52640
36256
52641
36257
52642
36258
52643
36259
52644
52645
52646
52647
52648
52649
52657
52658
52659
52660
52661
52662
52663
52664
52665
52666
52673
52674
52675
52676
36292
52677
36293
52678
36294
52679
36295
52680
36296
52681
36297
52682
36298
36299
52688
52689
52690
52691
52692
52693
52694
52695
52696
52697
52703
52704
52705
52706
52707
52708
52709
52710
52711
36331
36332
52717
36333
52718
36334
52719
36335
52720
36336
52721
36337
52722
36338
52723
36339
52724
36370
36371
36372
36373
36374
36375
36376
36377
36378
36379
36409
36410
36411
36412
36413
36414
36415
36416
36417
36418
36448
36449
36450
36451
36452
36453
36454
36455
36456
36457
36487
36488
36489
36490
36491
36492
36493
36494
36495
36496
52906
52907
52908
52909
52910
36526
52911
36527
52912
36528
52913
36529
52914
36530
52915
36531
36532
36533
36534
36535
52926
52927
52928
52929
52930
52931
52932
52933
52934
52935
52945
52946
52947
52948
52949
36565
52950
36566
52951
36567
52952
36568
52953
36569
52954
36570
36571
36572
36573
36574
52963
52964
52965
52966
52967
52968
52969
52970
52971
52972
52980
52981
52982
52983
52984
52985
52986
52987
52988
52989
52996
52997
52998
52999
53000
53001
53002
53003
53004
53005
53011
53012
53013
53014
53015
53016
53017
53018
53019
53020
53026
53027
53028
53029
53030
53031
53032
53033
53034
53040
53041
53042
53043
53044
53045
53046
53047
53053
53054
53055
53056
53057
53058
53059
53230
53231
53232
53233
53234
53235
53236
53237
53238
53239
53249
53250
53251
53252
53253
53254
53255
53256
53257
53258
53267
53268
53269
53270
53271
53272
53273
53274
53275
53276
53284
53285
53286
53287
53288
53289
53290
53291
53292
53293
53300
53301
53302
53303
53304
53305
53306
53307
53308
53309
53315
53316
53317
53318
53319
53320
53321
53322
53323
53324
53330
53331
53332
53333
53334
53335
53336
53337
53338
53344
53345
53346
53347
53348
53349
53350
53351
53357
53358
53359
53360
53361
53362
53363
53369
53370
53371
53372
53373
53374
36998
36999
37000
37001
37002
37003
37004
37037
37038
37039
37040
37041
37042
37043
37044
37076
37077
37078
37079
37080
37081
37082
37083
37084
37115
37116
37117
37118
37119
37120
37121
37122
37123
37124
53534
53535
53536
53537
53538
37154
53539
37155
53540
37156
53541
37157
53542
37158
53543
37159
37160
37161
37162
37163
53552
53553
53554
53555
53556
53557
53558
53559
53560
53561
53569
53570
53571
53572
53573
53574
53575
53576
53577
37193
53578
37194
37195
37196
37197
37198
37199
37200
53585
37201
53586
37202
53587
53588
53589
53590
53591
53592
53593
53594
53600
53601
53602
53603
53604
53605
53606
53607
53608
53609
53615
53616
37232
53617
37233
53618
37234
53619
37235
53620
37236
53621
37237
53622
37238
53623
37239
37240
37241
53629
53630
53631
53632
53633
53634
53635
53636
53642
53643
53644
53645
53646
53647
53648
53654
53655
37271
53656
37272
53657
37273
53658
37274
53659
37275
37276
37277
37278
37279
37280
53665
53666
53667
53668
53669
37310
37311
37312
37313
37314
37315
37316
37317
37318
37319
37349
37350
37351
37352
37353
37354
37355
37356
37357
37358
53818
53819
53820
53821
53822
53823
53824
53825
53826
53827
53835
53836
53837
53838
53839
53840
53841
53842
53843
53844
53851
53852
53853
53854
53855
53856
53857
53858
53859
53860
53866
53867
53868
53869
53870
53871
53872
53873
53874
53875
53881
53882
53883
53884
53885
53886
53887
53888
53889
53895
53896
53897
53898
53899
53900
53901
53902
53908
53909
53910
53911
53912
53913
53914
53920
53921
53922
53923
53924
53925
53931
53932
53933
53934
53935
53941
53942
53943
53944
54082
54083
54084
54085
54086
54087
54088
54089
54090
54091
54098
54099
54100
54101
54102
54103
54104
54105
54106
54107
54113
54114
54115
54116
54117
54118
54119
54120
54121
54122
54128
54129
54130
54131
54132
54133
54134
54135
54136
54142
54143
54144
54145
54146
54147
54148
54149
54155
54156
54157
54158
54159
54160
37776
54161
37777
37778
37779
37780
37781
37782
54167
37783
54168
54169
54170
54171
54172
54178
54179
54180
54181
54182
54188
54189
54190
54191
54197
54198
54199
37815
37816
37817
37818
37819
37820
37821
37822
37823
37854
37855
37856
37857
37858
37859
37860
37861
37862
37863
37893
37894
37895
37896
37897
37898
37899
37900
37901
37902
37932
37933
37934
37935
37936
37937
37938
37939
37940
37941
54326
54327
54328
54329
54330
54331
54332
54333
54334
54335
54341
54342
54343
54344
54345
54346
54347
54348
54349
54350
37971
54356
37972
54357
37973
54358
37974
54359
37975
54360
37976
54361
37977
54362
37978
54363
37979
54364
37980
54370
54371
54372
54373
54374
54375
54376
54377
54383
54384
54385
54386
54387
54388
54389
38010
54395
38011
54396
38012
54397
38013
54398
38014
54399
38015
54400
38016
38017
38018
38019
54406
54407
54408
54409
54410
54416
54417
54418
54419
54425
54426
54427
54433
38049
54434
38050
38051
38052
38053
38054
38055
38056
38057
38058
38088
38089
38090
38091
38092
38093
38094
38095
38096
38097
38126
38127
38128
38129
38130
38131
38132
38133
38134
38135
54550
54551
54552
54553
54554
54555
54556
54557
54558
54559
54565
54566
54567
54568
54569
54570
54571
54572
54573
54579
54580
54581
54582
54583
54584
54585
54586
54592
54593
54594
54595
54596
54597
54598
54604
54605
54606
54607
54608
54609
54615
54616
54617
54618
54619
54625
54626
54627
54628
54634
54635
54636
54642
54643
54649
54755
54756
54757
54758
54759
54760
54761
54762
54763
54769
54770
54771
54772
54773
54774
54775
54776
54782
54783
54784
54785
54786
54787
54788
54794
54795
54796
54797
54798
54799
54805
54806
54807
54808
54809
54815
54816
54817
54818
54824
54825
54826
54832
54833
54839
38547
38548
38549
38550
38551
38552
38553
38554
38555
54940
54941
54942
54943
54944
54945
54946
54947
54953
54954
54955
54956
54957
54958
54959
54965
54966
54967
54968
54969
54970
38586
38587
38588
38589
38590
38591
54976
38592
54977
38593
54978
38594
54979
38595
54980
54986
54987
54988
54989
54995
54996
54997
55003
55004
38625
55010
38626
38627
38628
38629
38630
38631
38632
38633
38634
38664
38665
38666
38667
38668
38669
38670
38671
38672
38673
38703
38704
38705
38706
38707
38708
38709
38710
38711
38712
55106
55107
55108
55109
55110
55111
55112
55118
55119
55120
55121
55122
55123
38742
38743
38744
55129
38745
55130
38746
55131
38747
55132
38748
55133
38749
38750
38751
55139
55140
55141
55142
55148
55149
55150
55156
55157
55163
38781
38782
38783
38784
38785
38786
38787
38788
38789
38790
38820
38821
38822
38823
38824
38825
38826
38827
38828
38829
38858
38859
38860
38861
38862
38863
38864
38865
38866
38867
55254
55255
55256
55257
55258
55259
55265
55266
55267
55268
55269
55275
55276
55277
55278
38895
38896
38897
38898
38899
55284
38900
55285
38901
55286
38902
38903
38904
55292
55293
55299
55385
55386
55387
55388
55389
55395
55396
55397
55398
55404
55405
55406
55412
55413
55419
55500
55501
55502
55503
55509
55510
55511
55517
55518
55524
55600
55601
55602
55608
55609
55615
55686
55687
55693
39310
39311
39312
39313
39314
39315
39316
39317
39318
39319
39349
39350
39351
39352
39353
39354
39355
39356
39357
39358
55759
39388
39389
39390
39391
39392
39393
39394
39395
39396
39397
39427
39428
39429
39430
39431
39432
39433
39434
39435
39436
39466
39467
39468
39469
39470
39471
39472
39473
39474
39475
39505
39506
39507
39508
39509
39510
39511
39512
39513
39514
39544
39545
39546
39547
39548
39549
39550
39551
39552
39553
39582
39583
39584
39585
39586
39587
39588
39589
39590
39591
39619
39620
39621
39622
39623
39624
39625
39626
39627
39628
39655
39656
39657
39658
39659
39660
39661
39662
39663
39664
40064
40065
40066
40067
40068
40069
40070
40071
40072
40073
40103
40104
40105
40106
40107
40108
40109
40110
40111
40112
40142
40143
40144
40145
40146
40147
40148
40149
40150
40151
40181
40182
40183
40184
40185
40186
40187
40188
40189
40190
40220
40221
40222
40223
40224
40225
40226
40227
40228
40229
40259
40260
40261
40262
40263
40264
40265
40266
40267
40268
40297
40298
40299
40300
40301
40302
40303
40304
40305
40306
40334
40335
40336
40337
40338
40339
40340
40341
40342
40343
40370
40371
40372
40373
40374
40375
40376
40377
40378
40379
40405
40406
40407
40408
40409
40410
40411
40412
40413
40414
40808
40809
40810
40811
40812
40813
40814
40815
40816
40817
40847
40848
40849
40850
40851
40852
40853
40854
40855
40856
40886
40887
40888
40889
40890
40891
40892
40893
40894
40895
40925
40926
40927
40928
40929
40930
40931
40932
40933
40934
40964
40965
40966
40967
40968
40969
40970
40971
40972
40973
41002
41003
41004
41005
41006
41007
41008
41009
41010
41011
41039
41040
41041
41042
41043
41044
41045
41046
41047
41048
41075
41076
41077
41078
41079
41080
41081
41082
41083
41084
41110
41111
41112
41113
41114
41115
41116
41117
41118
41119
41144
41145
41146
41147
41148
41149
41150
41151
41152
41153
41541
41542
41543
41544
41545
41546
41547
41548
41549
41550
41580
41581
41582
41583
41584
41585
41586
41587
41588
41589
41619
41620
41621
41622
41623
41624
41625
41626
41627
41628
41658
41659
41660
41661
41662
41663
41664
41665
41666
41667
41696
41697
41698
41699
41700
41701
41702
41703
41704
41705
41733
41734
41735
41736
41737
41738
41739
41740
41741
41742
41769
41770
41771
41772
41773
41774
41775
41776
41777
41778
25399
41804
41805
41806
41807
41808
41809
41810
41811
41812
41813
41838
41839
41840
41841
41842
41843
41844
41845
41846
41847
41871
41872
41873
41874
41875
41876
41877
41878
41879
41880
42262
42263
42264
42265
42266
42267
42268
42269
42270
42271
42301
42302
42303
42304
42305
42306
42307
42308
42309
42310
42340
42341
42342
42343
42344
42345
42346
42347
42348
42349
42378
42379
42380
42381
42382
42383
42384
42385
42386
42387
42415
42416
42417
42418
42419
42420
42421
42422
42423
42424
42451
42452
42453
42454
42455
42456
42457
42458
42459
42460
42486
42487
42488
42489
42490
42491
42492
42493
42494
42495
42520
42521
42522
42523
42524
42525
42526
42527
42528
42529
26159
42553
42554
42555
42556
42557
42558
42559
42560
42561
42562
26198
26199
42585
42586
42587
42588
42589
42590
42591
42592
42593
42594
42970
42971
42972
42973
42974
42975
42976
42977
42978
42979
43009
43010
43011
43012
43013
43014
43015
43016
43017
43018
43047
43048
43049
43050
43051
43052
43053
43054
43055
43056
43084
43085
43086
43087
43088
43089
43090
43091
43092
43093
43120
43121
43122
43123
43124
43125
43126
43127
43128
43129
43155
43156
43157
43158
43159
43160
43161
43162
43163
43164
43189
43190
43191
43192
43193
43194
43195
43196
43197
43198
43222
43223
43224
43225
43226
43227
43228
43229
43230
43231
43254
43255
43256
43257
43258
43259
43260
43261
43262
43263
43285
43286
43287
43288
43289
43290
43291
43292
43293
43294
26919
26958
26959
26997
26998
26999
43664
43665
43666
43667
43668
43669
43670
43671
43672
43673
43702
43703
43704
43705
43706
43707
43708
43709
43710
43711
43739
43740
43741
43742
43743
43744
43745
43746
43747
43748
43775
43776
43777
43778
43779
43780
43781
43782
43783
43784
43810
43811
43812
43813
43814
43815
43816
43817
43818
43819
43844
43845
43846
43847
43848
43849
43850
43851
43852
43853
43877
43878
43879
43880
43881
43882
43883
43884
43885
43886
43909
43910
43911
43912
43913
43914
43915
43916
43917
43918
43940
43941
43942
43943
43944
43945
43946
43947
43948
43949
43970
43971
43972
43973
43974
43975
43976
43977
43978
43979
27679
27718
27719
27757
27758
27759
27796
27797
27798
27799
44342
44343
44344
44345
44346
44347
44348
44349
44350
44351
44379
44380
44381
44382
44383
44384
44385
44386
44387
44388
44415
44416
44417
44418
44419
44420
44421
44422
44423
44424
44450
44451
44452
44453
44454
44455
44456
44457
44458
44459
44484
44485
44486
44487
44488
44489
44490
44491
44492
44493
44517
44518
44519
44520
44521
44522
44523
44524
44525
44526
44549
44550
44551
44552
44553
44554
44555
44556
44557
44558
44580
44581
44582
44583
44584
44585
44586
44587
44588
44589
44610
44611
44612
44613
44614
44615
44616
44617
44618
44619
44639
44640
44641
44642
44643
44644
44645
44646
44647
44648
28439
28478
28479
28517
28518
28519
28556
28557
28558
28559
28595
28596
28597
28598
28599
45003
45004
45005
45006
45007
45008
45009
45010
45011
45012
45039
45040
45041
45042
45043
45044
45045
45046
45047
45048
45074
45075
45076
45077
45078
45079
45080
45081
45082
45083
45108
45109
45110
45111
45112
45113
45114
45115
45116
45117
45141
45142
45143
45144
45145
45146
45147
45148
45149
45150
45173
45174
45175
45176
45177
45178
45179
45180
45181
45182
45204
45205
45206
45207
45208
45209
45210
45211
45212
45213
45234
45235
45236
45237
45238
45239
45240
45241
45242
45243
45263
45264
45265
45266
45267
45268
45269
45270
45271
45272
45291
45292
45293
45294
45295
45296
45297
45298
45299
45300
29199
29238
29239
45646
45647
45648
45649
45650
45651
45652
45653
45654
45655
29277
29278
29279
45681
45682
45683
45684
45685
45686
45687
45688
45689
45690
29316
29317
29318
29319
45715
45716
45717
45718
45719
45720
45721
45722
45723
45724
29355
29356
29357
29358
29359
45748
45749
45750
45751
45752
45753
45754
45755
45756
45757
29394
29395
45780
29396
45781
29397
45782
29398
45783
29399
45784
45785
45786
45787
45788
45789
45811
45812
45813
45814
45815
45816
45817
45818
45819
45820
45841
45842
45843
45844
45845
45846
45847
45848
45849
45850
45870
45871
45872
45873
45874
45875
45876
45877
45878
45879
45898
45899
45900
45901
45902
45903
45904
45905
45906
45907
45925
45926
45927
45928
45929
45930
45931
45932
45933
45934
46270
46271
46272
46273
46274
46275
46276
46277
46278
46279
46304
46305
46306
46307
46308
46309
46310
46311
46312
46313
46337
46338
46339
46340
46341
46342
46343
29959
46344
46345
46346
46369
46370
46371
46372
46373
46374
46375
46376
46377
46378
29998
29999
46400
46401
46402
46403
46404
46405
46406
46407
46408
46409
30037
30038
30039
46430
46431
46432
46433
46434
46435
46436
46437
46438
46439
46459
46460
30076
46461
30077
46462
30078
46463
30079
46464
46465
46466
46467
46468
46487
46488
46489
46490
46491
46492
46493
46494
46495
46496
30115
30116
30117
30118
30119
46514
46515
46516
46517
46518
46519
46520
46521
46522
46523
30154
30155
46540
30156
46541
30157
46542
30158
46543
30159
46544
46545
46546
46547
46548
46549
30193
30194
30195
30196
30197
30198
30199
46874
46875
46876
46877
46878
46879
46880
46881
46882
46883
46907
46908
46909
46910
46911
46912
46913
46914
46915
46916
46939
46940
46941
46942
46943
46944
46945
46946
46947
46948
46970
46971
46972
46973
46974
46975
46976
46977
46978
46979
47000
47001
47002
47003
47004
47005
47006
47007
47008
47009
47029
47030
47031
47032
47033
47034
47035
47036
47037
47038
47057
47058
47059
47060
47061
47062
47063
47064
47065
47066
47084
47085
47086
47087
47088
47089
47090
47091
47092
47093
30719
47110
47111
47112
47113
47114
47115
47116
47117
47118
47119
47135
47136
47137
47138
47139
47140
47141
47142
30758
47143
30759
47144
30797
30798
30799
30836
30837
30838
30839
30875
30876
30877
30878
30879
30914
30915
30916
30917
30918
30919
30953
30954
30955
30956
30957
30958
30959
30992
30993
30994
30995
30996
30997
30998
30999
47458
47459
47460
47461
47462
47463
47464
47465
47466
47467
47490
47491
47492
47493
47494
47495
47496
47497
47498
47499
47521
47522
47523
47524
47525
47526
47527
47528
47529
47530
47551
47552
47553
47554
47555
47556
47557
47558
47559
47560
47580
47581
47582
47583
47584
47585
47586
47587
47588
47589
47608
47609
47610
47611
47612
47613
47614
47615
47616
47617
47635
47636
47637
47638
47639
47640
47641
47642
47643
47644
47661
47662
47663
47664
47665
47666
47667
47668
47669
47670
47686
47687
47688
47689
47690
47691
47692
47693
47694
47695
47710
47711
47712
47713
47714
47715
47716
47717
47718
47719
31479
31518
31519
31557
31558
31559
31596
31597
31598
31599
31635
31636
31637
48022
31638
48023
31639
48024
48025
48026
48027
48028
48029
48030
48031
48053
48054
48055
48056
48057
48058
31674
48059
31675
48060
31676
48061
31677
48062
31678
31679
48083
48084
48085
48086
48087
48088
48089
48090
48091
48092
31713
31714
31715
31716
31717
31718
31719
48112
48113
48114
48115
48116
48117
48118
48119
48120
48121
31752
31753
31754
31755
48140
31756
48141
31757
48142
31758
48143
31759
48144
48145
48146
48147
48148
48149
48167
48168
48169
48170
48171
48172
48173
48174
48175
31791
48176
31792
31793
31794
31795
31796
31797
31798
31799
48193
48194
48195
48196
48197
48198
48199
48200
48201
48202
48218
48219
48220
48221
48222
48223
48224
48225
48226
48227
48242
48243
48244
48245
48246
48247
48248
48249
48250
48251
48265
48266
48267
48268
48269
48270
48271
48272
48273
48274
48566
48567
48568
48569
48570
48571
48572
48573
48574
48575
48596
48597
48598
48599
48600
48601
48602
48603
48604
48605
32239
48625
48626
48627
48628
48629
48630
48631
48632
48633
48634
48653
48654
48655
48656
48657
48658
48659
48660
48661
48662
32278
32279
48680
48681
48682
48683
48684
48685
48686
48687
48688
48689
32317
32318
32319
48706
48707
48708
48709
48710
48711
48712
48713
48714
48715
48731
48732
48733
48734
48735
48736
48737
48738
48739
48740
32356
32357
32358
32359
48755
48756
48757
48758
48759
48760
48761
48762
48763
48764
48778
48779
32395
48780
32396
48781
32397
48782
32398
48783
32399
48784
48785
48786
48787
48800
48801
48802
48803
48804
48805
48806
48807
48808
48809
32434
32435
32436
32437
32438
32439
32473
32474
32475
32476
32477
32478
32479
32512
32513
32514
32515
32516
32517
32518
32519
32551
32552
32553
32554
32555
32556
32557
32558
32559
32590
32591
32592
32593
32594
32595
32596
32597
32598
32599
49090
49091
49092
49093
49094
49095
49096
49097
49098
49099
49119
49120
49121
49122
49123
49124
49125
49126
49127
49128
49147
49148
49149
49150
49151
)


// ************************************************************************* //
