/*--------------------------------*- C++ -*----------------------------------*\
| =========                 |                                                 |
| \\      /  F ield         | OpenFOAM: The Open Source CFD Toolbox           |
|  \\    /   O peration     | Version:  2306                                  |
|   \\  /    A nd           | Website:  www.openfoam.com                      |
|    \\/     M anipulation  |                                                 |
\*---------------------------------------------------------------------------*/
FoamFile
{
    version     2.0;
    format      ascii;
    arch        "LSB;label=32;scalar=64";
    class       cellSet;
    location    "constant/polyMesh/sets";
    object      acl;
}
// * * * * * * * * * * * * * * * * * * * * * * * * * * * * * * * * * * * * * //


4000
(
32770
32771
32772
32773
32774
49162
49163
49189
32828
32829
32830
32831
32832
32867
32868
32869
32870
32871
32906
32907
32908
32909
32910
16559
32945
32946
32947
32948
32949
16598
16599
32984
32985
32986
32987
32988
16637
16638
33023
16639
33024
33025
33026
33027
49424
49425
49426
49427
49428
16676
16677
33062
16678
33063
16679
33064
33065
33066
49457
49458
49459
49460
49461
16715
16716
33101
16717
33102
16718
33103
16719
33104
49489
33105
49490
49491
49492
49493
49520
49521
49522
16754
49523
16755
49524
33140
16756
33141
16757
33142
16758
33143
33144
49550
49551
49552
49553
49554
16793
16794
33179
16795
33180
16796
33181
16797
33182
33183
49580
49581
49582
49583
16832
16833
33218
16834
33219
16835
33220
16836
33221
33222
49609
49610
49611
49637
49638
16871
16872
33257
16873
33258
16874
33259
16875
33260
33261
49664
16910
16911
33296
16912
33297
16913
33298
16914
33299
33300
33335
33336
33337
33338
33339
33374
33375
33376
33377
33378
33413
33414
33415
33416
33417
33452
33453
33454
33455
33456
33491
33492
33493
33494
33495
49913
49914
33530
49915
33531
49916
33532
49917
33533
33534
49945
49946
49947
49948
49949
33569
33570
33571
33572
33573
49976
49977
49978
49979
49980
50006
50007
50008
50009
50010
33626
33627
33628
33629
33630
50036
50037
50038
50039
33665
33666
33667
17283
33668
33669
50065
50066
50067
33704
33705
33706
17322
33707
17323
33708
50093
50094
50120
33743
33744
33745
17361
33746
17362
33747
17363
33782
33783
33784
17400
33785
17401
33786
17402
17403
33821
33822
33823
17439
33824
17440
33825
17441
17442
17443
33860
33861
33862
17478
33863
17479
33864
17480
17481
17482
33899
33900
33901
17517
33902
17518
33903
17519
17520
17521
33938
33939
33940
17556
33941
17557
33942
17558
17559
17560
33977
33978
33979
17595
33980
17596
33981
17597
17598
17599
50382
50383
50384
50385
50386
34016
34017
34018
17634
34019
17635
34020
17636
17637
17638
50413
50414
50415
50416
50417
34055
34056
34057
17673
34058
17674
50443
34059
17675
50444
17676
50445
17677
50446
50447
50473
50474
50475
50476
34094
34095
34096
34097
34098
50502
50503
50504
34133
34134
34135
34136
34137
50530
50531
34172
50557
34173
34174
34175
34176
34211
34212
34213
34214
34215
34250
34251
34252
34253
34254
34289
34290
34291
34292
34293
34328
34329
34330
34331
34332
34366
34367
34368
34369
34370
18015
34422
34423
34424
34425
34426
18054
18055
50831
50832
50833
50834
50835
34461
34462
34463
34464
34465
50861
18093
50862
18094
50863
18095
50864
50865
34500
34501
34502
34503
34504
50891
50892
50893
50894
18132
18133
18134
18135
50920
50921
50922
34539
34540
34541
34542
34543
18171
18172
18173
18174
18175
50948
50949
34578
34579
34580
34581
34582
50975
18210
18211
18212
18213
18214
34617
34618
34619
34620
34621
18249
18250
18251
18252
18253
34656
34657
34658
34659
34660
18288
18289
18290
18291
18292
34695
34696
34697
34698
34699
18327
18328
18329
18330
18331
34734
34735
34736
34737
34738
18366
18367
18368
18369
18370
34773
34774
34775
34776
34777
18405
18406
18407
18408
18409
34812
34813
34814
34815
34816
18444
18445
18446
18447
18448
34851
34852
34853
34854
34855
51260
51261
51262
51263
51264
34890
34891
34892
34893
34894
51290
51291
51292
51293
34929
34930
34931
34932
34933
51319
51320
51321
51347
51348
34968
34969
34970
34971
34972
51374
35007
35008
35009
35010
35011
35046
35047
35048
35049
35050
35085
35086
35087
35088
35089
35123
35124
35125
35126
35127
18754
35160
35161
35162
35163
35164
18793
18794
35215
35216
18832
35217
18833
35218
18834
35219
35254
35255
18871
35256
18872
35257
18873
35258
18874
51670
51671
51672
51673
35293
35294
18910
35295
18911
35296
18912
35297
18913
18914
51699
51700
51701
35332
35333
18949
35334
18950
35335
18951
35336
18952
18953
51727
51728
51754
35371
35372
18988
35373
18989
35374
18990
35375
18991
18992
35410
35411
19027
35412
19028
35413
19029
35414
19030
19031
35449
35450
19066
35451
19067
35452
19068
35453
19069
19070
35488
35489
19105
35490
19106
35491
19107
35492
19108
19109
35527
35528
19144
35529
19145
35530
19146
35531
19147
19148
35566
35567
19183
35568
19184
35569
19185
35570
19186
19187
35605
35606
19222
35607
19223
35608
19224
35609
19225
19226
35644
35645
35646
35647
35648
52060
52061
52062
35683
35684
35685
35686
35687
52088
52089
35722
35723
35724
35725
35726
52115
35761
35762
35763
35764
35765
35800
35801
35802
35803
35804
35839
35840
35841
35842
35843
35877
35878
35879
35880
35881
19499
35914
35915
35916
35917
35918
19538
19539
35950
35951
35952
35953
35954
19577
19578
19579
19616
19617
19618
19619
36004
36005
36006
36007
36008
19655
19656
19657
19658
36043
19659
36044
36045
52430
36046
52431
36047
52457
19694
19695
19696
19697
36082
19698
36083
36084
36085
36086
19733
19734
19735
19736
36121
19737
36122
36123
36124
36125
19772
19773
19774
19775
36160
19776
36161
36162
36163
36164
19811
19812
19813
19814
36199
19815
36200
36201
36202
36203
19850
19851
19852
19853
36238
19854
36239
36240
36241
36242
19889
19890
19891
19892
36277
19893
36278
36279
36280
36281
19928
19929
19930
19931
36316
19932
36317
36318
36319
36320
19967
19968
19969
19970
36355
19971
36356
36357
36358
36359
20006
20007
20008
20009
36394
20010
36395
52780
36396
36397
36398
36433
36434
36435
36436
36437
36472
36473
36474
36475
36476
36511
36512
36513
36514
36515
36550
36551
36552
36553
36554
36589
36590
36591
36592
36593
36627
36628
36629
36630
36631
20249
36664
36665
36666
36667
36668
20288
20289
36700
36701
36702
36703
36704
20327
20328
20329
36735
36736
36737
36738
36739
20366
20367
20368
20369
36788
36789
20405
36790
20406
36791
20407
36792
20408
20409
36827
36828
20444
36829
20445
36830
20446
36831
20447
20448
36866
36867
20483
36868
20484
36869
20485
36870
20486
20487
36905
36906
20522
36907
20523
36908
20524
36909
20525
20526
36944
36945
20561
36946
20562
36947
20563
36948
20564
20565
36983
36984
20600
36985
20601
36986
20602
36987
20603
20604
37022
37023
20639
37024
20640
37025
20641
37026
20642
20643
37061
37062
20678
37063
20679
37064
20680
37065
20681
20682
37100
37101
20717
37102
20718
37103
20719
37104
20720
20721
37139
37140
20756
37141
20757
37142
20758
37143
20759
20760
37178
37179
20795
37180
20796
37181
20797
37182
20798
20799
37217
37218
37219
37220
37221
37256
37257
37258
37259
37260
37295
37296
37297
37298
37299
37334
37335
37336
37337
37338
37372
37373
37374
37375
37376
21003
37409
37410
37411
37412
37413
21042
21043
37445
37446
37447
37448
37449
21081
21082
21083
37480
37481
37482
37483
37484
21120
21121
21122
21123
37514
37515
37516
37517
37518
21159
21160
21161
21162
21163
37566
37567
37568
37569
37570
21198
21199
21200
21201
21202
37605
37606
37607
37608
37609
21237
21238
21239
21240
21241
37644
37645
37646
37647
37648
21276
21277
21278
21279
21280
37683
37684
37685
37686
37687
21315
21316
21317
21318
21319
37722
37723
37724
37725
37726
21354
21355
21356
21357
21358
37761
37762
37763
37764
37765
21393
21394
21395
21396
21397
37800
37801
37802
37803
37804
21432
21433
21434
21435
21436
37839
37840
37841
37842
37843
21471
21472
21473
21474
21475
37878
37879
37880
37881
37882
21510
21511
21512
21513
21514
37917
37918
37919
37920
37921
21549
21550
21551
21552
21553
37956
37957
37958
37959
37960
21588
21589
21590
21591
21592
37995
37996
37997
37998
37999
38034
38035
38036
38037
38038
38073
38074
38075
38076
38077
38111
38112
38113
38114
38115
21760
38148
38149
38150
38151
38152
21799
38184
21800
38185
38186
38187
38188
38219
38220
38221
38222
21838
38223
21839
21840
38253
38254
38255
38256
38257
21877
21878
21879
21880
38286
38287
38288
38289
38290
21916
21917
21918
21919
21920
38337
38338
38339
21955
38340
21956
38341
21957
21958
21959
38376
38377
38378
21994
38379
21995
38380
21996
21997
21998
38415
38416
38417
22033
38418
22034
38419
22035
22036
22037
38454
38455
38456
22072
38457
22073
38458
22074
22075
22076
38493
38494
38495
22111
38496
22112
38497
22113
22114
22115
38532
38533
38534
22150
38535
22151
38536
22152
22153
22154
38571
38572
38573
22189
38574
22190
38575
22191
22192
22193
38610
38611
38612
22228
38613
22229
38614
22230
22231
22232
38649
38650
38651
22267
38652
22268
38653
22269
22270
22271
38688
38689
38690
22306
38691
22307
38692
22308
22309
22310
38727
38728
38729
22345
38730
22346
38731
22347
22348
22349
38766
38767
38768
22384
38769
22385
38770
22386
22387
22388
38805
38806
38807
38808
38809
38843
38844
38845
38846
38847
38880
38881
38882
38883
38884
22519
38916
38917
38918
38919
38920
22558
22559
38951
38952
38953
38954
38955
22597
22598
22599
38985
38986
38987
38988
38989
39018
39019
39020
22636
39021
22637
39022
22638
22639
39050
39051
39052
39053
39054
22675
22676
22677
22678
22679
22714
22715
39100
22716
39101
22717
39102
22718
39103
39104
22753
22754
39139
22755
39140
22756
39141
22757
39142
39143
22792
22793
39178
22794
39179
22795
39180
22796
39181
39182
22831
22832
39217
22833
39218
22834
39219
22835
39220
39221
22870
22871
39256
22872
39257
22873
39258
22874
39259
39260
22909
22910
39295
22911
39296
22912
39297
22913
39298
39299
22948
22949
39334
22950
39335
22951
39336
22952
39337
39338
22987
22988
39373
22989
39374
22990
39375
22991
39376
39377
23026
23027
39412
23028
39413
23029
39414
23030
39415
39416
23065
23066
39451
23067
39452
23068
39453
23069
39454
39455
23104
23105
39490
23106
39491
23107
39492
23108
39493
39494
23143
23144
39529
23145
39530
23146
39531
23147
39532
39533
23182
39567
23183
39568
23184
39569
23185
39570
23186
39571
39604
39605
39606
39607
39608
39640
39641
39642
39643
39644
23279
39675
39676
39677
39678
39679
23318
23319
39709
39710
39711
39712
39713
23357
39742
23358
39743
23359
39744
39745
39746
39774
39775
39776
39777
39778
23396
23397
23398
23399
39805
39806
39807
39808
39809
23435
23436
23437
23438
23439
39854
39855
39856
39857
39858
23474
23475
23476
23477
23478
39893
39894
39895
39896
39897
23513
23514
23515
23516
23517
39932
39933
39934
39935
39936
23552
23553
23554
23555
23556
39971
39972
39973
39974
39975
23591
23592
23593
23594
23595
40010
40011
40012
40013
40014
23630
23631
23632
23633
23634
40049
40050
40051
40052
40053
23669
23670
23671
23672
23673
40088
40089
40090
40091
40092
23708
23709
23710
23711
23712
40127
40128
40129
40130
40131
23747
23748
23749
23750
23751
40166
40167
40168
40169
40170
23786
23787
23788
23789
23790
40205
40206
40207
40208
40209
23825
23826
23827
23828
23829
40244
40245
40246
40247
40248
23864
23865
23866
23867
23868
40282
40283
40284
40285
40286
23903
23904
23905
23906
23907
40319
40320
40321
40322
40323
23942
23943
23944
23945
23946
40355
40356
40357
40358
40359
23981
23982
23983
23984
23985
40390
40391
40392
40393
40394
24039
40424
40425
40426
40427
40428
40457
40458
40459
40460
40461
24078
24079
40489
40490
40491
40492
40493
24117
24118
24119
40520
40521
40522
40523
40524
24156
24157
24158
24159
40550
40551
40552
40553
40554
24195
24196
24197
24198
24199
40598
40599
40600
40601
40602
24234
24235
24236
24237
24238
40637
40638
40639
40640
40641
24273
24274
24275
24276
24277
40676
40677
40678
40679
40680
24312
24313
24314
24315
24316
40715
40716
40717
40718
40719
24351
24352
24353
24354
24355
40754
40755
40756
40757
40758
24390
24391
24392
24393
24394
40793
40794
40795
40796
40797
24429
24430
24431
24432
24433
40832
40833
40834
40835
40836
24468
24469
24470
24471
24472
40871
40872
40873
40874
40875
24507
24508
24509
24510
24511
40910
40911
40912
40913
40914
24546
24547
24548
24549
24550
40949
40950
40951
40952
40953
24585
24586
24587
24588
24589
40987
40988
40989
40990
40991
24624
24625
24626
24627
24628
41024
41025
41026
41027
41028
24663
24664
24665
24666
24667
41060
41061
41062
41063
41064
24702
24703
24704
24705
24706
41095
41096
41097
41098
41099
24741
24742
24743
24744
41129
24745
41130
41131
41132
41133
41162
41163
41164
24780
41165
24781
41166
24782
24783
24784
41194
41195
41196
41197
41198
24838
24839
41225
41226
41227
41228
41229
41255
41256
41257
41258
41259
24877
24878
24879
41285
41286
41287
41288
24916
24917
24918
24919
41331
41332
41333
41334
41335
24955
24956
24957
24958
24959
41370
41371
41372
41373
41374
24994
24995
24996
24997
24998
41409
41410
41411
41412
41413
25033
25034
25035
25036
25037
41448
41449
41450
41451
41452
25072
25073
25074
25075
25076
41487
41488
41489
41490
41491
25111
25112
25113
25114
25115
41526
41527
41528
41529
41530
25150
25151
25152
25153
25154
41565
41566
41567
41568
41569
25189
25190
25191
25192
25193
41604
41605
41606
41607
41608
25228
25229
25230
25231
25232
41643
41644
41645
41646
41647
25267
25268
25269
25270
25271
41681
41682
41683
41684
41685
25306
25307
25308
25309
25310
41718
41719
41720
41721
41722
25345
25346
25347
25348
25349
41754
41755
41756
41757
41758
25384
25385
25386
25387
25388
41789
41790
41791
41792
41793
25423
25424
25425
25426
25427
41823
41824
41825
41826
41827
25462
25463
25464
25465
25466
41856
41857
41858
41859
41860
25501
25502
25503
41888
25504
41889
25505
41890
41891
41892
41919
41920
41921
41922
41923
25540
25541
25542
25543
25544
41949
41950
41951
41952
41953
25579
25580
25581
25582
25583
41979
41980
41981
41982
42008
42009
42010
25637
25638
25639
42052
42053
42054
42055
42056
25676
25677
25678
25679
42091
42092
42093
42094
42095
25715
25716
25717
25718
25719
42130
42131
42132
42133
42134
25754
25755
25756
25757
25758
42169
42170
42171
42172
42173
25793
25794
25795
25796
25797
42208
42209
42210
42211
42212
25832
25833
25834
25835
25836
42247
42248
42249
42250
42251
25871
25872
25873
25874
25875
42286
42287
42288
42289
42290
25910
25911
25912
25913
25914
42325
42326
42327
42328
42329
25949
25950
25951
25952
25953
42363
42364
42365
42366
42367
25988
25989
25990
25991
25992
42400
42401
42402
42403
42404
26027
26028
26029
26030
26031
42436
42437
42438
42439
42440
26066
26067
26068
26069
26070
42471
42472
42473
42474
42475
26105
26106
26107
26108
26109
42505
42506
42507
42508
42509
26144
26145
26146
26147
26148
42538
42539
42540
42541
42542
26183
26184
26185
42570
26186
42571
26187
42572
42573
42574
42601
42602
42603
42604
42605
26222
26223
26224
26225
26226
42631
42632
42633
42634
42635
26261
26262
26263
26264
26265
42661
42662
42663
42664
26300
26301
26302
26303
26304
42690
42691
42692
42718
42719
26339
26340
26341
26342
26343
42760
42761
42762
26378
42763
26379
42764
26380
26381
26382
42799
42800
42801
42802
42803
26436
26437
26438
26439
42838
42839
42840
42841
42842
26475
26476
26477
26478
26479
42877
42878
42879
42880
42881
26514
26515
26516
26517
26518
42916
42917
42918
42919
42920
26553
26554
26555
26556
26557
42955
42956
42957
42958
42959
26592
26593
26594
26595
26596
42994
42995
42996
42997
42998
26631
26632
26633
26634
26635
43032
43033
43034
43035
43036
26670
26671
26672
26673
26674
43069
43070
43071
43072
43073
26709
26710
26711
26712
26713
43105
43106
43107
43108
43109
26748
26749
26750
26751
26752
43140
43141
43142
43143
43144
26787
26788
26789
43174
26790
43175
26791
43176
43177
43178
43207
43208
43209
43210
26826
43211
26827
26828
26829
26830
43239
43240
43241
43242
43243
26865
26866
26867
26868
26869
43270
43271
43272
43273
43274
26904
26905
26906
26907
26908
43300
43301
43302
43303
43304
26943
26944
26945
43330
26946
43331
26947
43332
43333
10568
43359
43360
43361
26982
26983
26984
26985
26986
43387
43388
27021
27022
27023
27024
27025
43414
27060
27061
27062
27063
27064
43454
43455
43456
43457
43458
27099
27100
27101
27102
27103
43493
43494
43495
43496
43497
27138
27139
27140
27141
27142
43532
43533
43534
43535
43536
27177
27178
27179
27180
27181
43571
43572
43573
43574
43575
43610
43611
43612
43613
43614
27235
27236
27237
27238
27239
43649
43650
43651
43652
43653
27274
27275
27276
27277
27278
43687
43688
43689
43690
43691
27313
27314
27315
27316
27317
43724
43725
43726
43727
43728
27352
27353
27354
27355
27356
43760
43761
43762
43763
43764
27391
27392
27393
27394
27395
43795
43796
43797
43798
43799
27430
27431
27432
27433
27434
43829
43830
43831
43832
43833
27469
27470
27471
27472
27473
43862
43863
43864
43865
43866
27508
27509
43894
27510
43895
27511
43896
27512
43897
43898
43925
43926
43927
43928
43929
27547
27548
27549
27550
27551
11175
43955
43956
43957
43958
43959
27586
27587
27588
27589
27590
11214
11215
43985
43986
43987
43988
27625
27626
27627
27628
27629
44014
44015
44016
44042
44043
27664
27665
27666
27667
27668
44069
27703
27704
27705
27706
27707
27742
27743
27744
27745
27746
44133
44134
44135
44136
44137
27781
27782
27783
27784
27785
44172
44173
44174
44175
44176
27820
27821
27822
27823
27824
44211
44212
44213
44214
44215
27859
27860
27861
27862
27863
44250
44251
44252
44253
44254
27898
27899
27900
27901
27902
44289
44290
44291
44292
44293
27937
27938
27939
27940
27941
44327
44328
44329
44330
44331
27976
27977
27978
27979
44364
27980
44365
44366
44367
44368
44400
44401
44402
44403
44404
28034
28035
28036
28037
28038
44435
44436
44437
44438
44439
28073
28074
28075
28076
28077
44469
44470
44471
44472
44473
28112
28113
28114
28115
28116
44502
44503
44504
44505
44506
44534
44535
28151
44536
28152
44537
28153
44538
28154
28155
44565
44566
44567
11799
44568
44569
28190
28191
28192
28193
28194
44595
44596
44597
44598
44599
11838
11839
28229
28230
28231
28232
28233
44625
44626
44627
44628
11877
11878
11879
28268
28269
44654
28270
44655
28271
44656
28272
44682
44683
28307
28308
28309
28310
28311
44709
28346
28347
28348
28349
28350
28385
28386
28387
28388
28389
44796
44797
44798
44799
44800
28424
28425
28426
28427
28428
44835
44836
44837
44838
44839
28463
28464
28465
28466
28467
44874
44875
44876
44877
44878
28502
28503
28504
28505
28506
44913
44914
44915
44916
44917
28541
28542
28543
28544
28545
44951
44952
44953
44954
44955
28580
28581
28582
28583
28584
44988
44989
44990
44991
44992
28619
28620
28621
28622
28623
45024
45025
45026
45027
45028
28658
28659
28660
28661
28662
45059
45060
45061
45062
45063
28697
28698
28699
28700
28701
45093
45094
45095
45096
45097
28736
28737
28738
28739
28740
45126
45127
45128
45129
45130
45158
45159
28775
45160
28776
45161
28777
45162
28778
28779
45189
45190
45191
45192
45193
12439
28833
28834
45219
28835
45220
28836
45221
28837
45222
45223
12478
12479
45249
45250
45251
45252
28872
28873
28874
28875
28876
45278
45279
45280
12517
12518
12519
28911
28912
28913
28914
28915
45306
45307
12556
12557
12558
12559
45333
28950
28951
28952
28953
28954
28989
28990
28991
28992
28993
29028
29029
29030
29031
29032
45442
45443
45444
45445
45446
29067
29068
29069
29070
29071
45481
45482
45483
45484
45485
29106
29107
29108
29109
29110
45520
45521
45522
45523
45524
29145
29146
29147
29148
29149
45558
45559
45560
45561
45562
29184
29185
29186
29187
29188
45595
45596
45597
45598
45599
29223
29224
29225
29226
29227
45631
45632
45633
45634
45635
29262
29263
29264
29265
29266
45666
45667
45668
45669
45670
29301
29302
29303
29304
29305
45700
45701
45702
45703
45704
29340
29341
29342
29343
29344
45733
45734
45735
45736
45737
29379
29380
45765
29381
45766
29382
45767
29383
45768
45769
45796
45797
45798
45799
45800
29418
29419
29420
29421
29422
45826
45827
45828
45829
45830
29457
29458
29459
29460
29461
45856
45857
45858
45859
13094
29496
29497
29498
29499
29500
45885
45886
45887
13133
13134
45913
45914
29535
29536
29537
29538
29539
45940
13172
13173
13174
29574
29575
29576
29577
29578
13211
13212
13213
13214
29632
29633
29634
13250
29635
13251
29636
13252
13253
13254
29671
29672
29673
29674
29675
46070
46071
46072
46073
46074
29710
29711
29712
29713
29714
46109
46110
46111
46112
46113
29749
29750
29751
29752
29753
46147
46148
46149
46150
46151
29788
29789
29790
29791
29792
46184
46185
46186
46187
46188
29827
29828
29829
29830
29831
46220
46221
46222
46223
46224
29866
29867
29868
29869
29870
46255
46256
46257
46258
46259
46289
29905
46290
29906
46291
29907
46292
29908
46293
29909
46322
46323
46324
46325
46326
29944
29945
29946
29947
29948
46354
46355
46356
46357
46358
29983
29984
29985
29986
29987
46385
46386
46387
46388
46389
30022
30023
30024
30025
30026
46415
46416
46417
46418
46419
46445
30061
46446
30062
46447
30063
46448
30064
30065
46474
46475
46476
30100
30101
30102
30103
30104
46502
46503
30139
30140
30141
30142
30143
46529
13763
30178
30179
30180
30181
30182
13802
13803
30217
30218
30219
30220
30221
13841
13842
13843
30256
30257
30258
30259
30260
13880
13881
13882
13883
46679
30295
46680
30296
46681
30297
46682
30298
46683
30299
13919
13920
13921
13922
13923
46717
46718
30334
46719
30335
46720
30336
46721
30337
30338
13958
13959
13960
13961
13962
46754
46755
46756
46757
30373
46758
30374
30375
30376
30377
46790
46791
46792
46793
46794
30431
30432
30433
30434
30435
46825
46826
46827
46828
46829
30470
30471
30472
30473
30474
46859
46860
46861
46862
46863
46892
46893
30509
46894
30510
46895
30511
46896
30512
30513
46924
46925
46926
46927
46928
30548
30549
30550
30551
30552
46955
46956
46957
46958
46959
30587
30588
30589
30590
30591
46985
46986
46987
46988
46989
30626
30627
30628
30629
30630
47015
47016
47017
47018
47044
47045
47046
30665
30666
30667
30668
30669
47072
47073
30704
30705
30706
30707
30708
47099
30743
30744
30745
30746
30747
30782
30783
30784
30785
30786
30821
30822
30823
30824
30825
14445
30860
30861
30862
30863
30864
14484
14485
47268
47269
47270
47271
47272
30899
30900
30901
30902
30903
14523
14524
14525
47305
47306
47307
47308
47309
30938
30939
30940
30941
30942
14562
14563
14564
14565
47341
47342
47343
47344
47345
30977
30978
30979
30980
30981
14601
14602
14603
14604
14605
47376
47377
47378
47379
47380
31016
31017
31018
31019
31020
14640
14641
47410
14642
47411
14643
47412
14644
47413
47414
31055
31056
31057
31058
47443
31059
47444
47445
47446
47447
14679
14680
14681
14682
14683
47475
47476
47477
47478
31094
47479
31095
31096
31097
31098
47506
47507
47508
47509
47510
31133
31134
31135
31136
31137
47536
47537
47538
47539
47540
31172
31173
31174
31175
31176
47566
47567
47568
47569
47595
47596
47597
31230
31231
31232
31233
31234
47623
47624
47650
31269
31270
31271
31272
31273
31308
31309
31310
31311
31312
31347
31348
31349
31350
31351
31386
31387
31388
31389
31390
31425
31426
31427
31428
31429
47837
47838
47839
47840
47841
31464
31465
31466
31467
31468
47873
47874
47875
47876
47877
31503
31504
31505
31506
31507
15139
47908
47909
47910
47911
47912
31542
31543
31544
31545
31546
47942
47943
47944
47945
47946
15178
15179
31581
31582
31583
31584
31585
47975
47976
47977
47978
47979
15217
15218
15219
31620
31621
31622
48007
31623
48008
31624
48009
48010
48011
15256
15257
15258
15259
48038
48039
48040
48041
48042
31659
31660
31661
31662
31663
15295
15296
15297
15298
15299
48068
48069
48070
48071
48072
31698
31699
31700
31701
31702
48098
48099
48100
48101
15334
15335
15336
15337
15338
31737
31738
31739
31740
31741
48127
48128
48129
15373
15374
15375
15376
15377
48155
48156
31776
31777
31778
31779
31780
15412
15413
48182
15414
15415
15416
31815
31816
31817
31818
31819
31854
31855
31856
31857
31858
31893
31894
31895
31896
31897
31932
31933
31934
31935
31936
31971
31972
31973
31974
31975
48386
48387
48388
48389
48390
32029
32030
32031
32032
32033
48421
48422
48423
48424
48425
32068
32069
32070
48455
32071
48456
32072
48457
48458
48459
48488
48489
48490
48491
32107
48492
32108
32109
32110
32111
48520
48521
48522
48523
48524
32146
32147
32148
32149
32150
48551
48552
48553
48554
48555
32185
32186
32187
32188
32189
48581
48582
48583
48584
48585
32224
32225
32226
48611
32227
48612
32228
15844
48613
48614
48640
48641
48642
32263
32264
32265
32266
32267
15883
15884
48668
48669
32302
32303
32304
32305
32306
15922
15923
15924
48695
32341
32342
32343
32344
32345
15961
15962
15963
15964
32380
32381
32382
32383
32384
16000
16001
16002
16003
16004
32419
32420
32421
32422
32423
16039
16040
16041
16042
16043
32458
32459
32460
32461
32462
16078
16079
16080
16081
16082
32497
32498
32499
32500
32501
16117
16118
16119
16120
16121
48915
48916
48917
48918
48919
32536
32537
32538
32539
32540
16156
16157
16158
16159
16160
48949
48950
48951
48952
48953
32575
32576
32577
32578
32579
48982
48983
48984
48985
48986
32614
32615
32616
32617
32618
49014
49015
49016
49017
49018
32653
32654
32655
32656
32657
49045
49046
49047
49048
49049
49075
49076
32692
49077
32693
49078
32694
49079
32695
32696
49105
49106
49107
49108
32731
32732
32733
32734
32735
49134
49135
49136
)


// ************************************************************************* //
