/*--------------------------------*- C++ -*----------------------------------*\
| =========                 |                                                 |
| \\      /  F ield         | OpenFOAM: The Open Source CFD Toolbox           |
|  \\    /   O peration     | Version:  2306                                  |
|   \\  /    A nd           | Website:  www.openfoam.com                      |
|    \\/     M anipulation  |                                                 |
\*---------------------------------------------------------------------------*/
FoamFile
{
    version     2.0;
    format      ascii;
    arch        "LSB;label=32;scalar=64";
    class       cellSet;
    location    "constant/polyMesh/sets";
    object      ampl;
}
// * * * * * * * * * * * * * * * * * * * * * * * * * * * * * * * * * * * * * //


4000
(
32775
32776
32777
32778
32779
49164
49165
49166
49167
49168
49190
49191
49192
49193
49194
49215
49216
49217
32833
49218
32834
49219
32835
32836
32837
49240
49241
49242
49243
32872
32873
32874
32875
32876
49264
49265
49266
49287
49288
32911
32912
32913
32914
32915
49309
32950
32951
32952
32953
32954
32989
32990
32991
32992
32993
33028
33029
33030
33031
33032
49429
49430
49431
49432
49433
33067
33068
33069
33070
33071
49462
49463
49464
49465
49466
33106
33107
33108
33109
49494
33110
49495
49496
49497
49498
49525
49526
49527
16759
49528
49529
33145
33146
33147
33148
33149
49555
49556
49557
49558
49559
16798
16799
33184
33185
33186
33187
33188
49584
49585
49586
49587
49588
16837
16838
33223
16839
33224
33225
33226
33227
49612
49613
49614
49615
49616
49639
49640
49641
49642
49643
16876
16877
33262
16878
33263
16879
33264
33265
33266
49665
49666
49667
49668
49669
16915
16916
33301
16917
33302
16918
33303
16919
33304
33305
49690
49691
49692
49693
49694
49715
49716
49717
49718
33340
33341
33342
33343
33344
49739
49740
49741
49762
49763
33379
33380
33381
33382
33383
49784
33418
33419
33420
33421
33422
33457
33458
33459
33460
33461
33496
33497
33498
33499
33500
49918
49919
33535
49920
33536
49921
33537
49922
33538
33539
49950
49951
49952
49953
49954
33574
33575
33576
33577
33578
49981
49982
49983
49984
49985
50011
50012
50013
50014
50015
33631
33632
33633
33634
33635
50040
50041
50042
50043
50044
33670
33671
33672
33673
33674
50068
50069
50070
50071
50072
33709
33710
50095
33711
50096
33712
50097
33713
50098
50099
50121
50122
50123
50124
50125
33748
33749
33750
33751
33752
50146
50147
50148
50149
50150
50171
33787
50172
33788
50173
33789
50174
33790
33791
50195
50196
50197
33826
33827
33828
33829
33830
50218
50219
50240
33865
33866
33867
17483
33868
33869
33904
33905
33906
17522
33907
17523
33908
33943
33944
33945
17561
33946
17562
33947
17563
33982
33983
33984
17600
33985
17601
33986
17602
17603
50387
50388
50389
50390
50391
34021
34022
34023
17639
34024
17640
34025
17641
17642
17643
50418
50419
50420
50421
50422
34060
34061
34062
17678
34063
17679
50448
34064
17680
50449
17681
50450
17682
50451
50452
50477
50478
50479
50480
50481
34099
34100
34101
34102
34103
50505
50506
50507
50508
50509
34138
34139
34140
34141
34142
50532
50533
50534
50535
50536
50558
50559
50560
50561
34177
50562
34178
34179
34180
34181
50583
50584
50585
50586
50587
34216
34217
34218
34219
34220
50608
50609
50610
50611
50632
50633
50634
34255
34256
34257
34258
34259
50655
50656
50677
34294
34295
34296
34297
34298
34333
34334
34335
34336
34337
34371
34372
34373
34374
34375
34427
34428
34429
34430
34431
50836
50837
50838
50839
50840
34466
34467
34468
34469
34470
50866
50867
50868
50869
50870
34505
34506
34507
34508
34509
50895
50896
50897
50898
50899
50923
50924
50925
50926
50927
34544
34545
34546
34547
34548
50950
50951
50952
50953
50954
34583
34584
34585
34586
34587
50976
50977
50978
50979
50980
18215
51001
51002
51003
51004
51005
34622
34623
34624
34625
34626
18254
18255
51026
51027
51028
51029
34661
34662
34663
34664
34665
51050
51051
51052
18293
18294
18295
51073
51074
34700
34701
34702
34703
34704
51095
18332
18333
18334
18335
34739
34740
34741
34742
34743
18371
18372
18373
18374
18375
34778
34779
34780
34781
34782
18410
18411
18412
18413
18414
34817
34818
34819
34820
34821
18449
18450
18451
18452
18453
34856
34857
34858
34859
34860
51265
51266
51267
51268
51269
34895
34896
34897
34898
34899
51294
51295
51296
51297
51298
34934
34935
34936
34937
51322
34938
51323
51324
51325
51326
51349
51350
51351
51352
51353
34973
34974
34975
34976
34977
51375
51376
51377
51378
51379
35012
35013
35014
35015
51400
35016
51401
51402
51403
51404
51425
51426
51427
51428
35051
35052
35053
35054
35055
51449
51450
51451
51472
51473
35090
35091
35092
35093
35094
51494
35128
35129
35130
35131
35132
35165
35166
35167
35168
35169
35220
35221
35222
35223
35224
35259
35260
35261
35262
35263
51674
51675
51676
51677
51678
35298
35299
35300
35301
35302
51702
51703
51704
51705
51706
35337
35338
18954
35339
35340
35341
51729
51730
51731
51732
51733
51755
51756
51757
51758
51759
35376
35377
18993
35378
18994
35379
35380
51780
51781
51782
51783
51784
35415
35416
19032
35417
19033
35418
19034
35419
51805
51806
51807
51808
51829
51830
51831
35454
35455
19071
35456
19072
35457
19073
35458
19074
51852
51853
51874
35493
35494
19110
35495
19111
35496
19112
35497
19113
19114
35532
35533
19149
35534
19150
35535
19151
35536
19152
19153
35571
35572
19188
35573
19189
35574
19190
35575
19191
19192
35610
35611
19227
35612
19228
35613
19229
35614
19230
19231
35649
35650
35651
35652
35653
52063
52064
52065
52066
52067
35688
35689
35690
35691
35692
52090
52091
52092
52093
52094
35727
35728
35729
35730
35731
52116
52117
52118
52119
52120
52141
52142
52143
52144
52145
35766
35767
35768
35769
35770
52166
52167
52168
52169
35805
52190
35806
52191
35807
52192
35808
35809
52213
52214
35844
35845
35846
35847
35848
52235
35882
35883
35884
35885
35886
35919
35920
35921
35922
35923
35955
35956
35957
35958
35959
36009
36010
36011
36012
36013
52432
36048
52433
36049
52434
36050
52435
36051
52436
36052
52458
52459
52460
52461
52462
19699
36087
36088
36089
36090
36091
52483
52484
52485
52486
52487
19738
19739
52508
52509
52510
36126
52511
36127
36128
36129
36130
52532
52533
52534
19777
19778
19779
36165
36166
36167
36168
36169
52555
52556
52577
19816
19817
19818
19819
36204
36205
36206
36207
36208
19855
19856
19857
19858
36243
19859
36244
36245
36246
36247
19894
19895
19896
19897
36282
19898
36283
36284
36285
36286
19933
19934
19935
19936
36321
19937
36322
36323
36324
36325
19972
19973
19974
19975
36360
19976
36361
36362
36363
36364
20011
20012
52781
20013
52782
20014
52783
36399
20015
52784
36400
52785
36401
36402
36403
52806
52807
52808
52809
52810
36438
36439
36440
36441
36442
52831
52832
52833
52834
52855
52856
52857
36477
36478
36479
36480
36481
52878
52879
52900
36516
36517
36518
36519
36520
36555
36556
36557
36558
36559
36594
36595
36596
36597
36598
36632
36633
36634
36635
36636
36669
36670
36671
36672
36673
36705
36706
36707
36708
36709
53110
53111
53112
53113
53114
36740
36741
36742
36743
36744
53135
53136
53137
53138
53159
53160
53161
36793
36794
36795
36796
36797
53182
53183
53204
36832
36833
20449
36834
36835
36836
36871
36872
20488
36873
20489
36874
36875
36910
36911
20527
36912
20528
36913
20529
36914
36949
36950
20566
36951
20567
36952
20568
36953
20569
36988
36989
20605
36990
20606
36991
20607
36992
20608
20609
37027
37028
20644
37029
20645
37030
20646
37031
20647
20648
53420
53421
53422
53423
53444
53445
53446
37066
37067
20683
37068
20684
37069
20685
37070
20686
20687
53467
53468
53489
37105
37106
20722
37107
20723
37108
20724
37109
20725
20726
37144
37145
20761
37146
20762
37147
20763
37148
20764
20765
37183
37184
20800
37185
20801
37186
20802
37187
20803
20804
37222
37223
37224
37225
37226
37261
37262
37263
37264
37265
37300
37301
37302
37303
37304
53710
53711
53712
37339
37340
37341
37342
37343
53733
53734
53755
37377
37378
37379
37380
37381
37414
37415
37416
37417
37418
37450
37451
37452
37453
37454
37485
37486
37487
37488
37489
37519
37520
37521
37522
37523
37571
37572
37573
37574
37575
21203
53980
53981
37610
37611
37612
37613
37614
54002
21242
21243
37649
37650
37651
37652
37653
21281
21282
21283
37688
37689
37690
37691
37692
21320
21321
21322
21323
37727
37728
37729
37730
37731
21359
21360
21361
21362
21363
37766
37767
37768
37769
37770
21398
21399
21400
21401
21402
37805
37806
37807
37808
37809
21437
21438
21439
21440
21441
37844
37845
54230
37846
37847
37848
21476
21477
21478
21479
21480
37883
37884
37885
37886
37887
21515
21516
21517
21518
21519
37922
37923
37924
37925
37926
21554
21555
21556
21557
21558
37961
37962
37963
37964
37965
21593
21594
21595
21596
21597
38000
38001
38002
38003
38004
38039
38040
38041
38042
38043
38078
38079
38080
38081
38082
38116
38117
38118
38119
38120
38153
38154
38155
38156
38157
38189
38190
38191
38192
38193
38224
38225
38226
38227
38228
38258
38259
38260
38261
38262
38291
38292
38293
38294
38295
38342
38343
38344
21960
38345
38346
38381
38382
38383
21999
38384
22000
38385
38420
38421
38422
22038
38423
22039
38424
22040
38459
38460
38461
22077
38462
22078
38463
22079
22080
38498
38499
38500
22116
38501
22117
38502
22118
22119
22120
38537
38538
38539
22155
38540
22156
38541
22157
22158
22159
38576
38577
38578
22194
38579
22195
38580
22196
22197
22198
38615
38616
38617
22233
38618
22234
38619
22235
22236
22237
38654
38655
38656
22272
38657
22273
38658
22274
22275
22276
38693
38694
38695
22311
38696
22312
38697
22313
22314
22315
38732
38733
38734
22350
38735
22351
38736
22352
22353
22354
38771
38772
38773
22389
38774
22390
38775
22391
22392
22393
38810
38811
38812
38813
38814
38848
38849
38850
38851
38852
38885
38886
38887
38888
38889
38921
38922
38923
38924
38925
38956
38957
38958
38959
38960
38990
38991
38992
38993
38994
39023
39024
39025
39026
39027
39055
39056
39057
39058
39059
22719
39105
39106
39107
39108
39109
22758
22759
39144
39145
39146
39147
39148
22797
22798
39183
22799
39184
39185
39186
39187
22836
22837
39222
22838
39223
22839
39224
39225
39226
22875
22876
39261
22877
39262
22878
39263
22879
39264
39265
22914
22915
39300
22916
39301
22917
39302
22918
39303
39304
22953
22954
39339
22955
39340
22956
39341
22957
39342
39343
22992
22993
39378
22994
39379
22995
39380
22996
39381
39382
23031
23032
39417
23033
39418
23034
39419
23035
39420
39421
23070
23071
39456
23072
39457
23073
39458
23074
39459
39460
23109
23110
39495
23111
39496
23112
39497
23113
39498
39499
23148
23149
39534
23150
39535
23151
39536
23152
39537
39538
23187
39572
23188
39573
23189
39574
23190
39575
23191
39576
39609
39610
39611
39612
39613
39645
39646
39647
39648
39649
39680
39681
39682
39683
39684
39714
39715
39716
39717
39718
39747
39748
39749
39750
39751
39779
39780
39781
39782
39783
39810
39811
39812
39813
39814
39859
39860
39861
39862
39863
23479
39898
39899
39900
39901
39902
23518
23519
39937
39938
39939
39940
39941
23557
23558
23559
39976
39977
39978
39979
39980
23596
23597
23598
23599
40015
40016
40017
40018
40019
23635
23636
23637
23638
23639
40054
40055
40056
40057
40058
23674
23675
23676
23677
23678
40093
40094
40095
40096
40097
23713
23714
23715
23716
23717
40132
40133
40134
40135
40136
23752
23753
23754
23755
23756
40171
40172
40173
40174
40175
23791
23792
23793
23794
23795
40210
40211
40212
40213
40214
23830
23831
23832
23833
23834
40249
40250
40251
40252
40253
23869
23870
23871
23872
23873
40287
40288
40289
40290
40291
23908
23909
23910
23911
23912
40324
40325
40326
40327
40328
23947
23948
23949
23950
23951
40360
40361
40362
40363
40364
23986
23987
23988
23989
23990
40395
40396
40397
40398
40399
40429
40430
40431
40432
40433
40462
40463
40464
40465
40466
40494
40495
40496
40497
40498
40525
40526
40527
40528
40529
40555
40556
40557
40558
40559
40603
40604
40605
40606
40607
24239
40642
40643
40644
40645
40646
24278
24279
40681
40682
40683
40684
40685
24317
24318
24319
40720
40721
40722
40723
40724
24356
24357
24358
24359
40759
40760
40761
40762
40763
24395
24396
24397
24398
24399
40798
40799
40800
40801
40802
24434
24435
24436
24437
24438
40837
40838
40839
40840
40841
24473
24474
24475
24476
24477
40876
40877
40878
40879
40880
24512
24513
24514
24515
24516
40915
40916
40917
40918
40919
24551
24552
24553
24554
24555
40954
40955
40956
40957
40958
24590
24591
24592
24593
24594
40992
40993
40994
40995
40996
24629
24630
24631
24632
24633
41029
41030
41031
41032
41033
24668
24669
24670
24671
24672
41065
41066
41067
41068
41069
24707
24708
24709
24710
24711
41100
41101
41102
41103
41104
24746
24747
24748
24749
41134
24750
41135
41136
41137
41138
41167
41168
41169
24785
41170
24786
41171
24787
24788
24789
41199
41200
41201
41202
41203
41230
41231
41232
41233
41234
41260
41261
41262
41263
41264
41289
41290
41291
41292
41293
41336
41337
41338
41339
41340
41375
41376
41377
41378
41379
24999
41414
41415
41416
41417
41418
25038
25039
41453
41454
41455
41456
41457
25077
25078
25079
41492
41493
41494
41495
41496
25116
25117
25118
25119
41531
41532
41533
41534
41535
25155
25156
25157
25158
25159
41570
41571
41572
41573
41574
25194
25195
25196
25197
25198
41609
41610
41611
41612
41613
25233
25234
25235
25236
25237
41648
41649
41650
41651
41652
25272
25273
25274
25275
25276
41686
41687
41688
41689
41690
25311
25312
25313
25314
25315
41723
41724
41725
41726
41727
25350
25351
25352
25353
25354
41759
41760
41761
41762
41763
25389
25390
25391
25392
25393
41794
41795
41796
41797
41798
25428
25429
25430
25431
25432
41828
41829
41830
41831
41832
25467
25468
25469
25470
25471
41861
41862
41863
41864
41865
25506
25507
25508
41893
25509
41894
25510
41895
41896
41897
41924
41925
41926
41927
41928
25545
25546
25547
25548
25549
41954
41955
41956
41957
41958
25584
25585
25586
25587
25588
41983
41984
41985
41986
41987
42011
42012
42013
42014
42015
42057
42058
42059
42060
42061
42096
42097
42098
42099
42100
42135
42136
42137
42138
42139
25759
42174
42175
42176
42177
42178
25798
25799
42213
42214
42215
42216
42217
25837
25838
25839
42252
42253
42254
42255
42256
25876
25877
25878
25879
42291
42292
42293
42294
42295
25915
25916
25917
25918
25919
42330
42331
42332
42333
42334
25954
25955
25956
25957
25958
42368
42369
42370
42371
42372
25993
25994
25995
25996
25997
42405
42406
42407
42408
42409
26032
26033
26034
26035
26036
42441
42442
42443
42444
42445
26071
26072
26073
26074
26075
42476
42477
42478
42479
42480
26110
26111
26112
26113
26114
42510
42511
42512
42513
42514
26149
26150
26151
26152
26153
42543
42544
42545
42546
42547
26188
26189
26190
42575
26191
42576
26192
42577
42578
42579
42606
42607
42608
42609
42610
26227
26228
26229
26230
26231
42636
42637
42638
42639
42640
26266
26267
26268
26269
26270
42665
42666
42667
42668
42669
26305
26306
26307
26308
42693
26309
42694
42695
42696
42697
42720
42721
42722
42723
42724
26344
26345
26346
26347
26348
42765
42766
42767
26383
42768
26384
42769
26385
26386
26387
42804
42805
42806
42807
42808
42843
42844
42845
42846
42847
42882
42883
42884
42885
42886
26519
42921
42922
42923
42924
42925
26558
26559
42960
42961
42962
42963
42964
26597
26598
26599
42999
43000
43001
43002
43003
26636
26637
26638
26639
43037
43038
43039
43040
43041
26675
26676
26677
26678
26679
43074
43075
43076
43077
43078
26714
26715
26716
26717
26718
43110
43111
43112
43113
43114
26753
26754
26755
26756
26757
43145
43146
43147
43148
43149
26792
26793
26794
43179
26795
43180
26796
43181
43182
43183
43212
43213
43214
43215
26831
43216
26832
26833
26834
26835
43244
43245
43246
43247
43248
26870
26871
26872
26873
26874
43275
43276
43277
43278
43279
26909
26910
26911
26912
26913
43305
43306
43307
43308
43309
26948
26949
43334
26950
43335
26951
43336
26952
43337
43338
43362
43363
43364
43365
43366
26987
26988
26989
26990
26991
43389
43390
43391
43392
43393
27026
27027
27028
27029
27030
43415
43416
43417
43418
43419
27065
27066
27067
27068
27069
43459
43460
43461
43462
43463
27104
27105
27106
27107
27108
43498
43499
43500
43501
43502
27143
27144
27145
27146
27147
43537
43538
43539
43540
43541
27182
27183
27184
27185
27186
43576
43577
43578
43579
43580
43615
43616
43617
43618
43619
43654
43655
43656
43657
43658
27279
43692
43693
43694
43695
43696
27318
27319
43729
43730
43731
43732
43733
27357
27358
27359
43765
43766
43767
43768
43769
27396
27397
27398
27399
43800
43801
43802
43803
43804
27435
27436
27437
27438
27439
43834
43835
43836
43837
43838
27474
27475
27476
27477
27478
43867
43868
43869
43870
43871
27513
27514
43899
27515
43900
27516
43901
27517
43902
43903
43930
43931
43932
43933
43934
27552
27553
27554
27555
27556
43960
43961
43962
43963
43964
27591
27592
27593
27594
27595
43989
43990
43991
43992
43993
27630
27631
27632
44017
27633
44018
27634
44019
44020
44021
44044
44045
44046
44047
44048
27669
27670
27671
27672
27673
44070
44071
44072
44073
44074
27708
27709
27710
44095
27711
44096
27712
44097
44098
44099
27747
27748
27749
27750
27751
44138
44139
44140
44141
44142
27786
27787
27788
27789
27790
44177
44178
44179
44180
44181
27825
27826
27827
27828
27829
44216
44217
44218
44219
44220
27864
27865
27866
27867
27868
44255
44256
44257
44258
44259
27903
27904
27905
27906
27907
44294
44295
44296
44297
44298
27942
27943
27944
27945
27946
44332
44333
44334
44335
44336
27981
27982
27983
27984
44369
27985
44370
44371
44372
44373
44405
44406
44407
44408
44409
28039
44440
44441
44442
44443
44444
28078
28079
44474
44475
44476
44477
44478
28117
28118
28119
44507
44508
44509
44510
44511
44539
44540
28156
44541
28157
44542
28158
44543
28159
44570
44571
44572
44573
44574
28195
28196
28197
28198
28199
44600
44601
44602
44603
44604
28234
28235
28236
28237
28238
44629
44630
44631
44632
44633
44657
28273
44658
28274
44659
28275
44660
28276
44661
28277
44684
44685
44686
44687
44688
28312
28313
28314
28315
28316
44710
44711
44712
44713
44714
44735
28351
44736
28352
44737
28353
44738
28354
44739
28355
44760
44761
44762
44763
28390
28391
28392
28393
28394
44801
44802
44803
44804
44805
28429
28430
28431
28432
28433
44840
44841
44842
44843
44844
28468
28469
28470
28471
28472
44879
44880
44881
44882
44883
28507
28508
28509
28510
28511
44918
44919
44920
44921
44922
28546
28547
28548
28549
28550
44956
44957
44958
44959
44960
28585
28586
28587
28588
28589
44993
44994
44995
44996
44997
28624
28625
28626
28627
28628
45029
45030
45031
45032
45033
28663
28664
28665
28666
28667
45064
45065
45066
45067
45068
28702
28703
28704
28705
28706
45098
45099
45100
45101
45102
28741
28742
28743
28744
28745
45131
45132
45133
45134
45135
45163
45164
28780
45165
28781
45166
28782
45167
28783
28784
45194
45195
45196
45197
45198
28838
28839
45224
45225
45226
45227
45228
45253
45254
45255
45256
45257
28877
28878
28879
45281
45282
45283
45284
45285
28916
28917
28918
28919
45308
45309
45310
45311
45312
45334
45335
45336
45337
45338
28955
28956
28957
28958
28959
45359
45360
45361
45362
45363
28994
28995
28996
28997
28998
45384
45385
45386
45387
45408
45409
45410
29033
29034
29035
29036
29037
45447
45448
45449
45450
45451
29072
29073
29074
29075
29076
45486
45487
45488
45489
45490
29111
29112
29113
29114
29115
45525
45526
45527
45528
45529
29150
29151
29152
29153
29154
45563
45564
45565
45566
45567
29189
29190
29191
29192
29193
45600
45601
45602
45603
45604
29228
29229
29230
29231
29232
45636
45637
45638
45639
45640
29267
29268
29269
29270
29271
45671
45672
45673
45674
45675
29306
29307
29308
29309
29310
45705
45706
45707
45708
45709
29345
29346
29347
29348
29349
45738
45739
45740
45741
45742
29384
29385
45770
29386
45771
29387
45772
29388
45773
45774
45801
45802
45803
45804
45805
29423
29424
29425
29426
29427
45831
45832
45833
45834
45835
29462
29463
29464
29465
29466
45860
45861
45862
45863
45864
29501
29502
29503
45888
29504
45889
29505
45890
45891
45892
45915
45916
45917
45918
45919
29540
29541
29542
29543
29544
45941
45942
45943
45944
45945
29579
29580
29581
45966
29582
45967
29583
45968
45969
45970
45991
45992
45993
45994
46015
46016
46017
29637
29638
29639
46038
46039
29676
29677
29678
29679
46075
46076
46077
46078
46079
29715
29716
29717
29718
29719
46114
46115
46116
46117
46118
29754
29755
29756
29757
29758
46152
46153
46154
46155
46156
29793
29794
29795
29796
29797
46189
46190
46191
46192
46193
29832
29833
29834
29835
29836
46225
46226
46227
46228
46229
29871
29872
29873
29874
29875
46260
46261
46262
46263
46264
46294
29910
46295
29911
46296
29912
46297
29913
46298
29914
46327
46328
46329
46330
46331
29949
29950
29951
29952
29953
46359
46360
46361
46362
46363
29988
29989
29990
29991
29992
46390
46391
46392
46393
46394
30027
30028
30029
30030
30031
46420
46421
46422
46423
46424
46449
46450
30066
46451
30067
46452
30068
46453
30069
30070
46477
46478
46479
46480
46481
30105
30106
30107
30108
30109
46504
46505
46506
46507
46508
30144
30145
46530
30146
46531
30147
46532
30148
46533
46534
46555
46556
46557
46558
46559
30183
30184
30185
30186
30187
46580
46581
46582
46583
46604
46605
46606
30222
30223
30224
30225
30226
46627
46628
30261
30262
30263
30264
46649
30265
46684
30300
46685
30301
46686
30302
46687
30303
46688
30304
46722
46723
30339
46724
30340
46725
30341
46726
30342
30343
13963
46759
46760
46761
46762
30378
46763
30379
30380
30381
30382
46795
46796
46797
46798
46799
30436
30437
30438
30439
46830
46831
46832
46833
46834
30475
30476
30477
30478
30479
46864
46865
46866
46867
46868
46897
46898
30514
46899
30515
46900
30516
46901
30517
30518
46929
46930
46931
46932
46933
30553
30554
30555
30556
30557
46960
46961
46962
46963
46964
30592
30593
30594
30595
30596
46990
46991
46992
46993
46994
30631
30632
30633
30634
47019
30635
47020
47021
47022
47023
47047
47048
47049
47050
47051
30670
30671
30672
30673
30674
47074
47075
47076
47077
47078
30709
30710
30711
30712
30713
47100
47101
47102
47103
47104
47125
47126
47127
47128
47129
30748
30749
30750
30751
30752
47150
47151
47152
47153
30787
30788
30789
47174
30790
47175
30791
47176
47197
47198
30826
30827
30828
30829
30830
47219
30865
30866
30867
30868
30869
47273
47274
47275
47276
47277
30904
30905
30906
30907
30908
47310
47311
47312
47313
47314
30943
30944
30945
30946
30947
47346
47347
47348
47349
47350
30982
30983
30984
30985
30986
47381
47382
47383
47384
47385
31021
31022
31023
31024
31025
14645
47415
47416
47417
47418
47419
31060
31061
31062
31063
47448
31064
47449
47450
47451
47452
14684
14685
47480
47481
47482
47483
31099
47484
31100
31101
31102
31103
47511
47512
47513
47514
47515
31138
31139
31140
31141
31142
47541
47542
47543
47544
47545
31177
31178
31179
31180
31181
47570
47571
47572
47573
47574
47598
47599
47600
47601
47602
31235
31236
31237
31238
31239
47625
47626
47627
47628
47629
47651
47652
47653
47654
47655
31274
31275
31276
31277
31278
47676
47677
47678
47679
47680
31313
31314
31315
31316
47701
31317
47702
47703
47704
47725
47726
47727
31352
31353
31354
31355
31356
47748
47749
47770
31391
31392
31393
31394
31395
31430
31431
31432
31433
31434
47842
47843
47844
47845
47846
31469
31470
31471
31472
31473
47878
47879
47880
47881
47882
31508
31509
31510
31511
31512
47913
47914
47915
47916
47917
31547
31548
31549
31550
31551
47947
47948
47949
47950
47951
31586
31587
31588
31589
31590
47980
47981
47982
47983
47984
31625
31626
31627
48012
31628
48013
31629
48014
48015
48016
48043
48044
48045
48046
48047
31664
31665
31666
31667
31668
48073
48074
48075
48076
48077
31703
31704
31705
31706
31707
48102
48103
48104
48105
48106
15339
31742
31743
31744
31745
48130
31746
48131
48132
48133
48134
15378
15379
48157
48158
48159
48160
48161
31781
31782
31783
31784
31785
48183
48184
48185
15417
48186
15418
48187
15419
31820
31821
31822
31823
48208
31824
48209
48210
48211
48212
48233
48234
48235
48236
31859
31860
31861
31862
31863
48257
48258
48259
48280
48281
31898
31899
31900
31901
31902
48302
31937
31938
31939
31940
31941
31976
31977
31978
31979
31980
48391
48392
48393
48394
48395
32034
32035
32036
32037
32038
48426
48427
48428
48429
48430
32073
32074
32075
48460
32076
48461
32077
48462
48463
48464
48493
48494
48495
48496
32112
48497
32113
32114
32115
32116
48525
48526
48527
48528
48529
32151
32152
32153
32154
32155
48556
48557
48558
48559
48560
32190
32191
32192
32193
32194
48586
48587
48588
48589
48590
32229
32230
48615
32231
48616
32232
48617
32233
48618
48619
48643
48644
48645
48646
48647
32268
32269
32270
32271
32272
48670
48671
48672
48673
48674
32307
32308
32309
32310
32311
48696
48697
48698
48699
48700
48721
48722
48723
48724
48725
32346
32347
32348
32349
32350
48746
48747
48748
48749
32385
48770
32386
48771
32387
48772
32388
32389
48793
48794
32424
32425
32426
32427
32428
16044
48815
32463
32464
32465
32466
32467
16083
16084
32502
32503
32504
32505
32506
16122
16123
16124
48920
48921
48922
48923
48924
32541
32542
32543
32544
32545
16161
16162
16163
16164
48954
48955
48956
48957
48958
32580
32581
32582
32583
32584
48987
48988
48989
48990
48991
32619
32620
32621
32622
32623
49019
49020
49021
49022
49023
32658
32659
32660
32661
32662
49050
49051
49052
49053
49054
49080
49081
32697
49082
32698
49083
32699
49084
32700
32701
49109
49110
49111
49112
49113
32736
32737
32738
32739
32740
49137
49138
49139
49140
49141
)


// ************************************************************************* //
