/*--------------------------------*- C++ -*----------------------------------*\
| =========                 |                                                 |
| \\      /  F ield         | OpenFOAM: The Open Source CFD Toolbox           |
|  \\    /   O peration     | Version:  2306                                  |
|   \\  /    A nd           | Website:  www.openfoam.com                      |
|    \\/     M anipulation  |                                                 |
\*---------------------------------------------------------------------------*/
FoamFile
{
    version     2.0;
    format      ascii;
    arch        "LSB;label=32;scalar=64";
    class       cellSet;
    location    "constant/polyMesh/sets";
    object      anode;
}
// * * * * * * * * * * * * * * * * * * * * * * * * * * * * * * * * * * * * * //


4000
(
32780
32781
32782
32783
32784
49169
49170
49171
49172
49173
49195
49196
49197
49198
49199
49220
49221
49222
32838
49223
32839
49224
49244
49245
49246
49247
49248
32877
32878
32879
49267
49268
49269
49270
49271
49289
49290
49291
49292
49293
32916
32917
32918
32919
49310
49311
49312
49313
49314
49330
49331
49332
49333
49334
32955
32956
32957
32958
32959
49350
49351
49352
49353
49369
49370
49371
32994
32995
32996
32997
32998
49387
49388
49404
33033
33034
33035
33036
33037
49434
49435
49436
49437
49438
33072
33073
33074
33075
33076
49467
49468
49469
49470
49471
33111
33112
33113
33114
49499
33115
49500
49501
49502
49503
49530
49531
49532
49533
49534
33150
33151
33152
33153
33154
49560
49561
49562
49563
49564
33189
33190
33191
33192
33193
49589
49590
49591
49592
49593
33228
33229
33230
33231
33232
49617
49618
49619
49620
49621
49644
49645
49646
49647
49648
33267
33268
33269
33270
33271
49670
49671
49672
49673
49674
33306
33307
33308
33309
33310
49695
49696
49697
49698
49699
49719
49720
49721
49722
49723
33345
33346
33347
33348
33349
49742
49743
49744
49745
49746
49764
49765
49766
49767
49768
33384
33385
33386
33387
33388
49785
49786
49787
49788
49789
49805
49806
49807
33423
49808
33424
49809
33425
33426
33427
49825
49826
49827
49828
49844
49845
49846
33462
33463
33464
33465
33466
49862
49863
49879
33501
33502
33503
33504
33505
49923
49924
33540
49925
33541
49926
33542
49927
33543
33544
49955
49956
49957
49958
49959
33579
33580
33581
33582
33583
49986
49987
49988
49989
49990
50016
50017
50018
50019
50020
33636
33637
33638
50045
50046
50047
50048
50049
33675
33676
33677
33678
50073
50074
50075
50076
50077
33714
33715
50100
33716
50101
33717
50102
33718
50103
50104
50126
50127
50128
50129
50130
33753
33754
33755
33756
33757
50151
50152
50153
50154
50155
50175
50176
33792
50177
33793
50178
33794
50179
33795
33796
50198
50199
50200
50201
50202
33831
33832
33833
33834
33835
50220
50221
50222
50223
50224
50241
50242
50243
50244
50245
33870
33871
33872
33873
33874
50261
50262
50263
50264
50265
50281
50282
50283
50284
33909
33910
33911
33912
33913
50300
50301
50302
50318
50319
33948
33949
33950
50335
33951
33952
33987
33988
33989
33990
33991
50392
50393
50394
50395
50396
34026
34027
34028
34029
34030
50423
50424
50425
50426
50427
34065
34066
34067
17683
34068
50453
34069
50454
50455
50456
50457
50482
50483
50484
50485
50486
34104
34105
34106
34107
34108
50510
50511
50512
50513
50514
34143
34144
34145
34146
34147
50537
50538
50539
50540
50541
50563
50564
50565
50566
34182
50567
34183
34184
34185
34186
50588
50589
50590
50591
50592
34221
34222
34223
34224
34225
50612
50613
50614
50615
50616
50635
50636
50637
50638
50639
34260
34261
34262
34263
34264
50657
50658
50659
50660
50661
50678
50679
50680
50681
50682
34299
34300
34301
34302
34303
50698
50699
50700
50701
50702
50718
50719
50720
50721
34338
34339
34340
34341
34342
50737
50738
50739
50755
50756
34376
34377
34378
34379
34380
50772
34432
34433
34434
34435
50841
50842
50843
50844
50845
34471
34472
34473
34474
34475
50871
50872
50873
50874
50875
34510
34511
34512
34513
34514
50900
50901
50902
50903
50904
50928
50929
50930
50931
50932
34549
34550
34551
34552
34553
50955
50956
50957
50958
50959
34588
34589
34590
34591
34592
50981
50982
50983
50984
50985
51006
51007
51008
51009
51010
34627
34628
34629
34630
34631
51030
51031
51032
51033
51034
34666
34667
34668
51053
34669
51054
34670
51055
51056
51057
51075
51076
51077
51078
51079
34705
34706
34707
34708
34709
51096
51097
51098
51099
51100
51116
51117
51118
51119
51120
34744
34745
34746
34747
34748
51136
51137
51138
51139
51155
51156
51157
34783
34784
34785
34786
34787
51173
51174
18415
51190
34822
34823
34824
34825
34826
18454
18455
34861
34862
34863
34864
34865
51270
51271
51272
51273
51274
34900
34901
34902
34903
34904
51299
51300
51301
51302
51303
34939
34940
34941
34942
51327
34943
51328
51329
51330
51331
51354
51355
51356
51357
51358
34978
34979
34980
34981
34982
51380
51381
51382
51383
51384
35017
35018
35019
35020
51405
35021
51406
51407
51408
51409
51429
51430
51431
51432
51433
35056
35057
35058
35059
35060
51452
51453
51454
51455
51456
51474
51475
51476
51477
51478
35095
35096
35097
35098
35099
51495
51496
51497
51498
51499
51515
51516
51517
35133
51518
35134
51519
35135
35136
35137
51535
51536
51537
51538
51554
35170
51555
35171
51556
35172
35173
35174
51572
51573
51589
35225
35226
35227
35228
35229
35264
35265
35266
35267
35268
51679
51680
51681
51682
51683
35303
35304
35305
35306
35307
51707
51708
51709
51710
51711
35342
35343
35344
35345
35346
51734
51735
51736
51737
51738
51760
51761
51762
51763
51764
35381
35382
35383
35384
35385
51785
51786
51787
51788
51789
35420
35421
35422
35423
35424
51809
51810
51811
51812
51813
51832
51833
51834
51835
51836
35459
35460
35461
35462
35463
51854
51855
51856
51857
51858
51875
51876
51877
51878
51879
35498
35499
35500
35501
35502
51895
51896
51897
51898
51899
51915
51916
51917
51918
35537
35538
19154
35539
35540
35541
51934
51935
51936
51952
51953
35576
35577
19193
35578
19194
35579
35580
51969
35615
35616
19232
35617
19233
35618
19234
35619
35654
35655
35656
35657
35658
52068
52069
52070
52071
52072
35693
35694
35695
35696
35697
52095
52096
52097
52098
52099
35732
35733
35734
35735
35736
52121
52122
52123
52124
52125
52146
52147
52148
52149
52150
35771
35772
35773
35774
35775
52170
52171
52172
52173
52174
52193
52194
35810
52195
35811
52196
35812
52197
35813
35814
52215
52216
52217
52218
52219
35849
35850
35851
52236
35852
52237
35853
52238
52239
52240
52256
52257
52258
52259
52260
35887
35888
35889
35890
35891
52276
52277
52278
52279
52295
52296
52297
35924
35925
35926
35927
35928
52313
52314
52330
35960
35961
35962
35963
35964
36014
36015
36016
36017
36018
52437
36053
52438
36054
52439
36055
52440
36056
52441
36057
52463
52464
52465
52466
52467
36092
36093
36094
36095
36096
52488
52489
52490
52491
52492
52512
52513
52514
52515
36131
52516
36132
36133
36134
36135
52535
52536
52537
52538
52539
36170
36171
36172
52557
36173
52558
36174
52559
52560
52561
52578
52579
52580
52581
52582
36209
36210
36211
36212
36213
52598
52599
52600
52601
52602
52618
52619
52620
52621
36248
36249
36250
36251
36252
52637
52638
52639
52655
52656
19899
36287
52672
36288
36289
36290
36291
19938
19939
36326
36327
36328
36329
36330
19977
19978
19979
36365
36366
36367
36368
36369
20016
20017
52786
20018
52787
20019
52788
36404
52789
36405
52790
36406
36407
36408
52811
52812
52813
52814
52815
36443
36444
36445
36446
36447
52835
52836
52837
52838
52839
52858
52859
52860
52861
52862
36482
36483
36484
36485
36486
52880
52881
52882
52883
52884
52901
52902
52903
52904
52905
36521
36522
36523
36524
36525
52921
52922
52923
52924
52925
52941
52942
52943
52944
36560
36561
36562
36563
36564
52960
52961
52962
52978
52979
36599
36600
36601
36602
36603
52995
36637
36638
36639
36640
36641
36674
36675
36676
36677
36678
36710
36711
36712
36713
36714
53115
53116
53117
53118
53119
36745
36746
36747
36748
36749
53139
53140
53141
53142
53143
53162
53163
53164
53165
53166
36798
36799
53184
36800
53185
36801
53186
36802
53187
53188
53205
53206
53207
53208
53209
36837
36838
36839
36840
53225
36841
53226
53227
53228
53229
53245
53246
53247
53248
36876
36877
36878
36879
53264
36880
53265
53266
53282
53283
53299
36915
36916
36917
36918
36919
36954
36955
36956
36957
36958
36993
36994
36995
36996
36997
37032
37033
20649
37034
37035
37036
53424
53425
53426
53427
53428
53447
53448
53449
53450
53451
37071
37072
20688
37073
20689
37074
37075
53469
53470
53471
53472
53473
53490
53491
53492
53493
53494
37110
37111
20727
37112
20728
37113
20729
37114
53510
53511
53512
53513
53514
53530
53531
53532
53533
37149
37150
20766
37151
20767
37152
20768
37153
20769
53549
53550
53551
53567
53568
37188
37189
20805
37190
20806
37191
20807
37192
20808
20809
53584
37227
37228
37229
37230
37231
37266
37267
37268
37269
37270
37305
37306
37307
37308
37309
53713
53714
53715
53716
53717
37344
37345
37346
37347
37348
53735
53736
53737
53738
53739
53756
53757
53758
53759
53760
37382
37383
37384
37385
37386
53776
53777
53778
53779
53780
53796
53797
53798
53799
37419
37420
37421
37422
37423
53815
53816
53817
53833
53834
37455
37456
37457
37458
37459
53850
37490
37491
37492
37493
37494
37524
37525
37526
37527
37528
37576
37577
37578
37579
37580
53982
53983
53984
53985
53986
37615
37616
37617
37618
54003
37619
54004
54005
54006
54007
54023
54024
54025
54026
54027
37654
37655
37656
37657
37658
54043
54044
54045
54046
54062
54063
54064
37693
37694
37695
54080
37696
54081
37697
54097
37732
37733
37734
37735
37736
37771
37772
37773
37774
37775
21403
37810
37811
37812
37813
37814
21442
21443
54231
54232
54233
37849
54234
37850
54235
37851
37852
37853
21481
21482
54251
21483
54252
54253
54254
54255
54271
54272
37888
54273
37889
54274
37890
37891
37892
21520
21521
54290
21522
54291
21523
54292
54308
54309
37927
37928
37929
37930
37931
54325
21559
21560
21561
21562
21563
37966
37967
37968
37969
37970
21598
21599
21600
21601
21602
38005
38006
38007
38008
38009
38044
38045
38046
38047
38048
54460
54461
54462
54463
54464
38083
38084
38085
38086
38087
54480
54481
54482
54483
54499
54500
54501
38121
38122
38123
38124
38125
54517
54518
54534
38158
38159
38160
38161
38162
38194
38195
38196
38197
38198
38229
38230
38231
38232
38233
38263
38264
38265
38266
38267
54670
54671
54672
54673
38296
38297
38298
38299
38300
54689
54690
54691
54707
54708
54724
38347
38348
38349
38350
38351
38386
38387
38388
38389
38390
38425
38426
38427
38428
38429
38464
38465
38466
38467
38468
54860
54861
54862
54878
54879
38503
38504
38505
38506
38507
54895
38542
38543
38544
22160
38545
38546
38581
38582
38583
22199
38584
22200
38585
38620
38621
38622
22238
38623
22239
38624
22240
55031
55032
38659
38660
38661
22277
38662
22278
38663
22279
55048
22280
38698
38699
38700
22316
38701
22317
38702
22318
22319
22320
38737
38738
38739
22355
38740
22356
38741
22357
22358
22359
38776
38777
38778
22394
38779
22395
38780
22396
22397
22398
55184
38815
38816
38817
38818
38819
38853
38854
38855
38856
38857
38890
38891
38892
38893
38894
38926
38927
38928
38929
38930
38961
38962
38963
38964
38965
38995
38996
38997
38998
38999
39028
39029
39030
39031
39032
39060
39061
39062
39063
39064
39110
39111
39112
39113
39114
39149
39150
39151
39152
39153
39188
39189
39190
39191
39192
39227
39228
39229
39230
39231
39266
39267
39268
39269
39270
22919
39305
39306
39307
39308
39309
22958
22959
39344
39345
39346
39347
39348
22997
22998
39383
22999
39384
39385
39386
39387
23036
23037
39422
23038
39423
23039
39424
39425
39426
23075
23076
39461
23077
39462
23078
39463
23079
39464
39465
23114
23115
39500
23116
39501
23117
39502
23118
39503
39504
23153
23154
39539
23155
39540
23156
39541
23157
39542
39543
23192
39577
23193
39578
23194
39579
23195
39580
23196
39581
39614
39615
39616
39617
39618
39650
39651
39652
39653
39654
39685
39686
39687
39688
39689
39719
39720
39721
39722
39723
39752
39753
39754
39755
39756
39784
39785
39786
39787
39788
39815
39816
39817
39818
39819
39864
39865
39866
39867
39868
39903
39904
39905
39906
39907
39942
39943
39944
39945
39946
39981
39982
39983
39984
39985
40020
40021
40022
40023
40024
40059
40060
40061
40062
40063
23679
40098
40099
40100
40101
40102
23718
23719
40137
40138
40139
40140
40141
23757
23758
23759
40176
40177
40178
40179
40180
23796
23797
23798
23799
40215
40216
40217
40218
40219
23835
23836
23837
23838
23839
40254
40255
40256
40257
40258
23874
23875
23876
23877
23878
40292
40293
40294
40295
40296
23913
23914
23915
23916
23917
40329
40330
40331
40332
40333
23952
23953
23954
23955
23956
40365
40366
40367
40368
40369
23991
23992
23993
23994
23995
40400
40401
40402
40403
40404
40434
40435
40436
40437
40438
40467
40468
40469
40470
40471
40499
40500
40501
40502
40503
40530
40531
40532
40533
40534
40560
40561
40562
40563
40564
40608
40609
40610
40611
40612
40647
40648
40649
40650
40651
40686
40687
40688
40689
40690
40725
40726
40727
40728
40729
40764
40765
40766
40767
40768
40803
40804
40805
40806
40807
24439
40842
40843
40844
40845
40846
24478
24479
40881
40882
40883
40884
40885
24517
24518
24519
40920
40921
40922
40923
40924
24556
24557
24558
24559
40959
40960
40961
40962
40963
24595
24596
24597
24598
24599
40997
40998
40999
41000
41001
24634
24635
24636
24637
24638
41034
41035
41036
41037
41038
24673
24674
24675
24676
24677
41070
41071
41072
41073
41074
24712
24713
24714
24715
24716
41105
41106
41107
41108
41109
24751
24752
24753
24754
41139
24755
41140
41141
41142
41143
41172
41173
41174
24790
41175
24791
41176
24792
24793
24794
41204
41205
41206
41207
41208
41235
41236
41237
41238
41239
41265
41266
41267
41268
41269
41294
41295
41296
41297
41298
41341
41342
41343
41344
41345
41380
41381
41382
41383
41384
41419
41420
41421
41422
41423
41458
41459
41460
41461
41462
41497
41498
41499
41500
41501
41536
41537
41538
41539
41540
41575
41576
41577
41578
41579
25199
41614
41615
41616
41617
41618
25238
25239
41653
41654
41655
41656
41657
25277
25278
25279
41691
41692
41693
41694
41695
25316
25317
25318
25319
41728
41729
41730
41731
41732
25355
25356
25357
25358
25359
41764
41765
41766
41767
41768
25394
25395
25396
25397
25398
41799
41800
41801
41802
41803
25433
25434
25435
25436
25437
41833
41834
41835
41836
41837
25472
25473
25474
25475
25476
41866
41867
41868
41869
41870
25511
25512
25513
41898
25514
41899
25515
41900
41901
41902
41929
41930
41931
41932
41933
25550
25551
25552
25553
25554
41959
41960
41961
41962
41963
25589
25590
25591
25592
25593
41988
41989
41990
41991
41992
42016
42017
42018
42019
42020
42062
42063
42064
42065
42066
42101
42102
42103
42104
42105
42140
42141
42142
42143
42144
42179
42180
42181
42182
42183
42218
42219
42220
42221
42222
42257
42258
42259
42260
42261
42296
42297
42298
42299
42300
42335
42336
42337
42338
42339
25959
42373
42374
42375
42376
42377
25998
25999
42410
42411
42412
42413
42414
26037
26038
26039
42446
42447
42448
42449
42450
26076
26077
26078
26079
42481
42482
42483
42484
42485
26115
26116
26117
26118
26119
42515
42516
42517
42518
42519
26154
26155
26156
26157
26158
42548
42549
42550
42551
42552
26193
26194
26195
42580
26196
42581
26197
42582
42583
42584
42611
42612
42613
42614
42615
26232
26233
26234
26235
26236
42641
42642
42643
42644
42645
26271
26272
26273
26274
26275
42670
42671
42672
42673
42674
26310
26311
26312
26313
42698
26314
42699
42700
42701
42702
42725
42726
42727
42728
42729
26349
26350
26351
26352
26353
42770
42771
42772
26388
42773
26389
42774
26390
26391
26392
42809
42810
42811
42812
42813
42848
42849
42850
42851
42852
42887
42888
42889
42890
42891
42926
42927
42928
42929
42930
42965
42966
42967
42968
42969
43004
43005
43006
43007
43008
43042
43043
43044
43045
43046
43079
43080
43081
43082
43083
26719
43115
43116
43117
43118
43119
26758
26759
43150
43151
43152
43153
43154
26797
26798
26799
43184
43185
43186
43187
43188
43217
43218
43219
43220
26836
43221
26837
26838
26839
43249
43250
43251
43252
43253
26875
26876
26877
26878
26879
43280
43281
43282
43283
43284
26914
26915
26916
26917
26918
43310
43311
43312
43313
43314
26953
26954
43339
26955
43340
26956
43341
26957
43342
43343
43367
43368
43369
43370
43371
26992
26993
26994
26995
26996
43394
43395
43396
43397
43398
27031
27032
27033
27034
27035
43420
43421
43422
43423
43424
27070
27071
27072
27073
27074
43464
43465
43466
43467
43468
27109
27110
27111
27112
27113
43503
43504
43505
43506
43507
27148
27149
27150
27151
27152
43542
43543
43544
43545
43546
27187
27188
27189
27190
27191
43581
43582
43583
43584
43585
43620
43621
43622
43623
43624
43659
43660
43661
43662
43663
43697
43698
43699
43700
43701
43734
43735
43736
43737
43738
43770
43771
43772
43773
43774
43805
43806
43807
43808
43809
43839
43840
43841
43842
43843
27479
43872
43873
43874
43875
43876
27518
27519
43904
43905
43906
43907
43908
43935
43936
43937
43938
43939
27557
27558
27559
43965
43966
43967
43968
43969
27596
27597
27598
27599
43994
43995
43996
43997
43998
27635
27636
27637
44022
27638
44023
27639
44024
44025
44026
44049
44050
44051
44052
44053
27674
27675
27676
27677
27678
44075
44076
44077
44078
44079
27713
27714
27715
44100
27716
44101
27717
44102
44103
44104
27752
27753
27754
27755
27756
44143
44144
44145
44146
44147
27791
27792
27793
27794
27795
44182
44183
44184
44185
44186
27830
27831
27832
27833
27834
44221
44222
44223
44224
44225
27869
27870
27871
27872
27873
44260
44261
44262
44263
44264
27908
27909
27910
27911
27912
44299
44300
44301
44302
44303
27947
27948
27949
27950
27951
44337
44338
44339
44340
44341
27986
27987
27988
27989
44374
27990
44375
44376
44377
44378
44410
44411
44412
44413
44414
44445
44446
44447
44448
44449
44479
44480
44481
44482
44483
44512
44513
44514
44515
44516
44544
44545
44546
44547
44548
44575
44576
44577
44578
44579
44605
44606
44607
44608
44609
28239
44634
44635
44636
44637
44638
44662
28278
44663
28279
44664
44665
44666
44689
44690
44691
44692
44693
28317
28318
28319
44715
44716
44717
44718
44719
44740
28356
44741
28357
44742
28358
44743
28359
44744
44764
44765
44766
44767
44768
28395
28396
28397
28398
28399
44806
44807
44808
44809
44810
28434
28435
28436
28437
28438
44845
44846
44847
44848
44849
28473
28474
28475
28476
28477
44884
44885
44886
44887
44888
28512
28513
28514
28515
28516
44923
44924
44925
44926
44927
28551
28552
28553
28554
28555
44961
44962
44963
44964
44965
28590
28591
28592
28593
28594
44998
44999
45000
45001
45002
28629
28630
28631
28632
28633
45034
45035
45036
45037
45038
28668
28669
28670
28671
28672
45069
45070
45071
45072
45073
28707
28708
28709
28710
28711
45103
45104
45105
45106
45107
28746
28747
28748
28749
28750
45136
45137
45138
45139
45140
45168
45169
28785
45170
28786
45171
28787
45172
28788
28789
45199
45200
45201
45202
45203
45229
45230
45231
45232
45233
45258
45259
45260
45261
45262
45286
45287
45288
45289
45290
45313
45314
45315
45316
45317
45339
45340
45341
45342
45343
45364
45365
45366
45367
45368
28999
45388
45389
45390
45391
45392
45411
45412
45413
45414
45415
29038
29039
45452
45453
45454
45455
45456
29077
29078
29079
45491
45492
45493
45494
45495
29116
29117
29118
29119
45530
45531
45532
45533
45534
29155
29156
29157
29158
29159
45568
45569
45570
45571
45572
29194
29195
29196
29197
29198
45605
45606
45607
45608
45609
29233
29234
29235
29236
29237
45641
45642
45643
45644
45645
29272
29273
29274
29275
29276
45676
45677
45678
45679
45680
29311
29312
29313
29314
29315
45710
45711
45712
45713
45714
29350
29351
29352
29353
29354
45743
45744
45745
45746
45747
29389
29390
45775
29391
45776
29392
45777
29393
45778
45779
45806
45807
45808
45809
45810
29428
29429
29430
29431
29432
45836
45837
45838
45839
45840
29467
29468
29469
29470
29471
45865
45866
45867
45868
45869
29506
29507
29508
45893
29509
45894
29510
45895
45896
45897
45920
45921
45922
45923
45924
29545
29546
29547
29548
29549
45946
45947
45948
45949
45950
29584
29585
29586
45971
29587
45972
29588
45973
45974
45975
45995
45996
45997
45998
45999
46018
46019
46020
46021
46022
46040
46041
46042
46043
46044
46080
46081
46082
46083
46084
46119
46120
46121
46122
46123
29759
46157
46158
46159
46160
46161
29798
29799
46194
46195
46196
46197
46198
29837
29838
29839
46230
46231
46232
46233
46234
29876
29877
29878
29879
46265
46266
46267
46268
46269
46299
29915
46300
29916
46301
29917
46302
29918
46303
29919
46332
46333
46334
46335
46336
29954
29955
29956
29957
29958
46364
46365
46366
46367
46368
29993
29994
29995
29996
29997
46395
46396
46397
46398
46399
30032
30033
30034
30035
30036
46425
46426
46427
46428
46429
46454
46455
30071
46456
30072
46457
30073
46458
30074
30075
46482
46483
46484
46485
46486
30110
30111
30112
30113
30114
46509
46510
46511
46512
46513
30149
30150
46535
30151
46536
30152
46537
30153
46538
46539
46560
46561
46562
46563
46564
30188
30189
30190
30191
30192
46584
46585
46586
46587
46588
46607
46608
46609
46610
46611
30227
30228
30229
30230
30231
46629
46630
46631
46632
46633
46650
30266
46651
30267
46652
30268
46653
30269
46654
30270
46689
30305
46690
30306
46691
30307
46692
30308
46693
30309
46727
46728
30344
46729
30345
46730
30346
46731
30347
30348
46764
46765
46766
46767
30383
46768
30384
30385
30386
30387
46800
46801
46802
46803
46804
46835
46836
46837
46838
46839
46869
46870
46871
46872
46873
46902
46903
30519
46904
46905
46906
46934
46935
46936
46937
46938
30558
30559
46965
46966
46967
46968
46969
30597
30598
30599
46995
46996
46997
46998
46999
30636
30637
30638
30639
47024
47025
47026
47027
47028
47052
47053
47054
47055
47056
30675
30676
30677
30678
30679
47079
47080
47081
47082
47083
30714
30715
30716
30717
30718
47105
47106
47107
47108
47109
47130
47131
47132
47133
47134
30753
30754
30755
30756
30757
47154
47155
47156
47157
47158
30792
47177
30793
47178
30794
47179
30795
47180
30796
47181
47199
47200
47201
47202
47203
30831
30832
30833
30834
30835
47220
47221
47222
47223
47224
47240
47241
47242
47243
47244
30870
30871
30872
30873
30874
47278
47279
47280
47281
47282
30909
30910
30911
30912
30913
47315
47316
47317
47318
47319
30948
30949
30950
30951
30952
47351
47352
47353
47354
47355
30987
30988
30989
30990
30991
47386
47387
47388
47389
47390
31026
31027
31028
31029
31030
47420
47421
47422
47423
47424
31065
31066
31067
31068
47453
31069
47454
47455
47456
47457
47485
47486
47487
47488
31104
47489
31105
31106
31107
31108
47516
47517
47518
47519
47520
31143
31144
31145
31146
31147
47546
47547
47548
47549
47550
31182
31183
31184
31185
31186
47575
47576
47577
47578
47579
47603
47604
47605
47606
47607
47630
47631
47632
47633
47634
47656
47657
47658
47659
47660
31279
47681
47682
47683
47684
47685
31318
31319
47705
47706
47707
47708
47709
47728
47729
47730
47731
47732
31357
31358
31359
47750
47751
47752
47753
47754
47771
47772
47773
47774
47775
31396
31397
31398
31399
47791
47792
47793
47794
47795
47811
47812
47813
47814
31435
31436
31437
31438
31439
47847
47848
47849
47850
47851
31474
31475
31476
31477
31478
47883
47884
47885
47886
47887
31513
31514
31515
31516
31517
47918
47919
47920
47921
47922
31552
31553
31554
31555
31556
47952
47953
47954
47955
47956
31591
31592
31593
31594
31595
47985
47986
47987
47988
47989
31630
31631
31632
48017
31633
48018
31634
48019
48020
48021
48048
48049
48050
48051
48052
31669
31670
31671
31672
31673
48078
48079
48080
48081
48082
31708
31709
31710
31711
31712
48107
48108
48109
48110
48111
31747
31748
31749
31750
48135
31751
48136
48137
48138
48139
48162
48163
48164
48165
48166
31786
31787
31788
31789
31790
48188
48189
48190
48191
48192
31825
31826
31827
31828
48213
31829
48214
48215
48216
48217
48237
48238
48239
48240
48241
31864
31865
31866
31867
31868
48260
48261
48262
48263
48264
48282
48283
48284
48285
48286
31903
31904
31905
31906
31907
48303
48304
48305
48306
48307
48323
48324
48325
48326
31942
48327
31943
31944
31945
31946
48343
48344
48345
48346
48362
48363
48364
31981
31982
31983
31984
31985
48396
48397
48398
48399
48400
32039
48431
48432
48433
48434
48435
32078
32079
48465
48466
48467
48468
48469
48498
48499
48500
48501
32117
48502
32118
32119
48530
48531
48532
48533
48534
32156
32157
32158
32159
48561
48562
48563
48564
48565
32195
32196
32197
32198
32199
48591
48592
48593
48594
48595
32234
32235
48620
32236
48621
32237
48622
32238
48623
48624
48648
48649
48650
48651
48652
32273
32274
32275
32276
32277
48675
48676
48677
48678
48679
32312
32313
32314
32315
32316
48701
48702
48703
48704
48705
48726
48727
48728
48729
48730
32351
32352
32353
32354
32355
48750
48751
48752
48753
48754
48773
48774
32390
48775
32391
48776
32392
48777
32393
32394
48795
48796
48797
48798
48799
32429
32430
32431
48816
32432
48817
32433
48818
48819
48820
48836
48837
48838
48839
48840
32468
32469
32470
32471
48856
32472
48857
48858
48859
48875
48876
48877
32507
32508
48893
32509
48894
32510
32511
48925
48926
48927
48928
48929
32546
32547
32548
32549
32550
48959
48960
48961
48962
48963
32585
32586
32587
32588
32589
48992
48993
48994
48995
48996
32624
32625
32626
32627
32628
49024
49025
49026
49027
49028
32663
32664
32665
32666
32667
49055
49056
49057
49058
49059
49085
49086
32702
49087
32703
49088
32704
49089
32705
32706
49114
49115
49116
49117
49118
32741
32742
32743
32744
32745
49142
49143
49144
49145
49146
)


// ************************************************************************* //
