/*--------------------------------*- C++ -*----------------------------------*\
| =========                 |                                                 |
| \\      /  F ield         | OpenFOAM: The Open Source CFD Toolbox           |
|  \\    /   O peration     | Version:  2306                                  |
|   \\  /    A nd           | Website:  www.openfoam.com                      |
|    \\/     M anipulation  |                                                 |
\*---------------------------------------------------------------------------*/
FoamFile
{
    version     2.0;
    format      ascii;
    arch        "LSB;label=32;scalar=64";
    class       cellSet;
    location    "constant/polyMesh/sets";
    object      ccl;
}
// * * * * * * * * * * * * * * * * * * * * * * * * * * * * * * * * * * * * * //


4000
(
16391
16392
16393
16394
16395
16428
32813
16429
32814
16430
32815
16431
32816
16432
32817
16466
16467
32852
16468
32853
16469
32854
16470
32855
32856
16505
16506
32891
16507
32892
16508
32893
16509
32894
32895
16544
16545
32930
16546
32931
16547
32932
16548
32933
32934
16583
16584
32969
16585
32970
16586
32971
16587
32972
32973
16622
16623
33008
16624
33009
16625
33010
16626
33011
33012
16661
16662
33047
16663
33048
16664
33049
16665
33050
33051
16700
16701
33086
16702
33087
16703
33088
16704
33089
33090
16739
16740
33125
16741
33126
16742
33127
16743
33128
33129
16778
16779
33164
16780
33165
16781
33166
16782
33167
33168
16817
16818
33203
16819
33204
16820
33205
16821
33206
33207
16856
16857
33242
16858
33243
16859
33244
16860
33245
33246
16895
16896
33281
16897
33282
16898
33283
16899
33284
33285
33320
33321
33322
33323
33324
16945
16946
16947
16948
16949
33360
33361
16977
33362
16978
33363
16979
16980
16981
17010
17011
17012
17013
17014
33400
33401
33402
17044
17045
17046
17047
17048
33440
33441
17079
17080
17081
17082
17083
33480
17115
17116
17117
17118
17119
17152
17153
17154
17155
17156
17190
17191
17192
17193
17194
33611
33612
33613
17229
33614
17230
33615
17231
17232
17233
33650
33651
33652
17268
33653
17269
33654
17270
17271
17272
33689
33690
33691
17307
33692
17308
33693
17309
17310
17311
33728
33729
33730
17346
33731
17347
33732
17348
17349
17350
33767
33768
33769
17385
33770
17386
33771
17387
17388
17389
33806
33807
33808
17424
33809
17425
33810
17426
17427
17428
33845
33846
33847
17463
33848
17464
33849
17465
17466
17467
33884
33885
33886
17502
33887
17503
33888
17504
17505
17506
33923
33924
33925
17541
33926
17542
33927
17543
17544
17545
33962
33963
33964
17580
33965
17581
33966
17582
17583
17584
34001
34002
34003
17619
34004
17620
34005
17621
17622
17623
34040
34041
34042
17658
34043
17659
34044
17660
17661
17662
34079
34080
34081
34082
34083
17709
17710
17711
17712
17713
34119
34120
34121
34122
17742
17743
17744
17745
17746
34159
34160
17776
34161
17777
17778
17779
17780
17811
17812
17813
17814
34199
17815
34200
17847
17848
17849
17850
17851
34239
17884
17885
17886
17887
17888
17922
17923
17924
17925
17926
17961
17962
17963
17964
17965
18000
18001
18002
18003
18004
34407
34408
34409
34410
34411
18039
18040
18041
18042
18043
34446
34447
34448
34449
34450
18078
18079
18080
18081
18082
34485
34486
34487
34488
34489
18117
18118
18119
18120
18121
34524
34525
34526
34527
34528
18156
18157
18158
18159
18160
34563
34564
34565
34566
34567
18195
18196
18197
18198
18199
34602
34603
34604
34605
34606
18234
18235
18236
18237
18238
34641
34642
34643
34644
34645
18273
18274
18275
18276
18277
34680
34681
34682
34683
34684
18312
18313
18314
18315
18316
34719
34720
34721
34722
34723
18351
18352
18353
18354
18355
34758
34759
34760
34761
34762
18390
18391
18392
18393
18394
34797
34798
34799
34800
34801
18429
18430
18431
18432
18433
34836
34837
34838
34839
34840
18481
18482
18483
18484
18485
34876
34877
34878
34879
18515
18516
18517
18518
18519
34916
34917
34918
18550
18551
18552
18553
18554
34956
34957
18586
18587
18588
18589
18590
34996
18623
18624
18625
18626
18627
18661
18662
18663
18664
18665
18700
18701
18702
18703
18704
18739
18740
18741
18742
18743
18778
18779
18780
18781
18782
35200
35201
18817
35202
18818
35203
18819
35204
18820
18821
35239
35240
18856
35241
18857
35242
18858
35243
18859
18860
35278
35279
18895
35280
18896
35281
18897
35282
18898
18899
35317
35318
18934
35319
18935
35320
18936
35321
18937
18938
35356
35357
18973
35358
18974
35359
18975
35360
18976
18977
35395
35396
19012
35397
19013
35398
19014
35399
19015
19016
35434
35435
19051
35436
19052
35437
19053
35438
19054
19055
35473
35474
19090
35475
19091
35476
19092
35477
19093
19094
35512
35513
19129
35514
19130
35515
19131
35516
19132
19133
35551
35552
19168
35553
19169
35554
19170
35555
19171
19172
35590
35591
19207
35592
19208
35593
19209
35594
19210
19211
35630
35631
35632
35633
19260
19261
19262
19263
19264
35670
35671
35672
19295
19296
19297
19298
19299
35710
35711
19331
19332
19333
19334
19335
35750
19368
19369
19370
19371
19372
19406
19407
19408
19409
19410
19445
19446
19447
19448
19449
19484
19485
19486
19487
19488
19523
19524
19525
19526
19527
19562
19563
19564
19565
19566
19601
19602
19603
3219
19604
35989
19605
35990
35991
35992
35993
19640
19641
19642
19643
36028
19644
36029
36030
36031
36032
19679
19680
19681
19682
36067
19683
36068
36069
36070
36071
19718
19719
19720
19721
36106
19722
36107
36108
36109
36110
19757
19758
19759
19760
36145
19761
36146
36147
36148
36149
19796
19797
19798
19799
36184
19800
36185
36186
36187
36188
19835
19836
19837
19838
36223
19839
36224
36225
36226
36227
19874
19875
19876
19877
36262
19878
36263
36264
36265
36266
19913
19914
19915
19916
36301
19917
36302
36303
36304
36305
3542
19952
3568
19953
3569
19954
19955
36340
19956
36341
36342
36343
36344
19991
19992
19993
19994
19995
36380
36381
36382
36383
36420
36421
36422
20045
20046
20047
20048
20049
36460
36461
20081
20082
20083
20084
20085
36500
20118
20119
20120
20121
20122
20156
20157
20158
20159
20160
20195
20196
20197
20198
20199
20234
20235
20236
20237
20238
3884
20273
20274
20275
20276
20277
3910
3911
20312
20313
20314
20315
20316
3937
3938
3939
20351
20352
20353
20354
20355
36773
36774
20390
36775
20391
36776
20392
36777
20393
20394
36812
36813
20429
36814
20430
36815
20431
36816
20432
20433
36851
36852
20468
36853
20469
36854
20470
36855
20471
20472
36890
36891
20507
36892
20508
36893
20509
36894
20510
20511
36929
36930
20546
36931
20547
36932
20548
36933
20549
20550
36968
36969
20585
36970
20586
36971
20587
36972
20588
20589
37007
37008
20624
37009
20625
37010
20626
37011
20627
20628
4245
4271
4272
37046
37047
20663
37048
20664
37049
20665
37050
20666
20667
4298
4299
4300
37085
37086
20702
37087
20703
37088
20704
37089
20705
20706
4326
4327
4328
4329
37125
20741
37126
20742
37127
20743
37128
20744
20745
20780
37165
20781
37166
20782
37167
20783
20784
37205
37206
20835
20836
20837
20838
20839
37245
20872
20873
20874
20875
20876
20910
20911
20912
20913
20914
20949
20950
20951
20952
20953
20988
20989
20990
20991
20992
4625
21027
21028
21029
21030
21031
4651
4652
4678
4679
4680
21066
21067
21068
21069
21070
4706
4707
4708
4709
21105
21106
21107
21108
21109
4735
4736
4737
4738
4739
21144
21145
21146
21147
21148
37551
37552
37553
37554
37555
21183
21184
21185
21186
21187
37590
37591
37592
37593
37594
21222
21223
21224
21225
21226
37629
37630
37631
37632
37633
21261
21262
21263
21264
21265
37668
37669
37670
37671
37672
21300
21301
21302
21303
21304
37707
37708
37709
37710
37711
21339
21340
21341
21342
21343
37746
37747
37748
37749
37750
21378
21379
21380
21381
21382
37785
37786
37787
37788
37789
5024
21417
21418
21419
21420
21421
5050
5051
37824
37825
37826
37827
37828
21456
21457
21458
21459
21460
5077
5078
5079
37864
37865
37866
37867
5105
5106
5107
5108
21495
21496
21497
21498
21499
5134
5135
37904
5136
37905
5137
37906
5138
21534
21535
21536
21537
21538
5164
5165
5166
5167
5168
37944
37945
21573
21574
21575
21576
21577
37984
21629
21630
21631
21632
21633
21667
21668
21669
21670
21671
21706
21707
21708
21709
21710
21745
21746
21747
21748
21749
21784
21785
21786
21787
21788
21823
21824
21825
21826
5442
21827
5468
5469
21862
21863
21864
21865
21866
5495
5496
5497
21901
21902
21903
21904
21905
5523
5524
5525
5526
5552
5553
38322
5554
38323
5555
38324
21940
5556
38325
21941
38326
21942
21943
21944
5582
5583
5584
5585
5586
38361
38362
38363
21979
38364
21980
38365
21981
21982
21983
5613
5614
5615
5616
5617
38400
38401
38402
22018
38403
22019
38404
22020
22021
22022
38439
38440
38441
22057
38442
22058
38443
22059
22060
22061
38478
38479
38480
22096
38481
22097
38482
22098
22099
22100
38517
38518
38519
22135
38520
22136
38521
22137
22138
22139
38556
38557
38558
22174
38559
22175
38560
22176
22177
22178
38596
38597
22213
38598
22214
38599
22215
22216
22217
38636
22252
38637
22253
38638
22254
22255
22256
5879
5905
5906
22291
38676
22292
38677
22293
22294
22295
5932
5933
5934
22330
22331
38716
22332
22333
22334
5960
5961
5962
5963
22369
22370
22371
22372
22373
5989
5990
5991
5992
5993
6019
6020
6021
6022
6023
22426
22427
22428
22429
22430
6050
6051
6052
6053
6054
22465
22466
6082
22467
6083
22468
6084
22469
6085
6086
22504
22505
22506
22507
22508
22543
22544
22545
22546
22547
22582
22583
22584
22585
22586
22621
22622
22623
22624
22625
22660
22661
22662
22663
22664
22699
22700
39085
22701
39086
22702
39087
22703
39088
39089
6335
22738
22739
39124
22740
39125
22741
39126
22742
39127
39128
6361
6362
6388
6389
6390
22777
22778
39163
22779
39164
22780
39165
22781
39166
39167
6416
6417
6418
6419
22816
22817
39202
22818
39203
22819
39204
22820
39205
39206
6445
6446
6447
6448
6449
22855
22856
39241
22857
39242
22858
39243
22859
6475
39244
6476
39245
6477
6478
6479
6506
6507
6508
6509
22894
6510
22895
39280
22896
39281
22897
39282
22898
39283
39284
6538
6539
6540
6541
6542
22933
22934
22935
39320
22936
39321
22937
39322
39323
6571
6572
6573
6574
6575
22972
22973
22974
22975
39360
22976
39361
39362
23011
23012
23013
23014
23015
39400
39401
23050
23051
23052
23053
23054
39440
23089
23090
23091
23092
23093
23128
23129
23130
23131
23132
23167
23168
23169
23170
23171
6810
6836
6837
23225
23226
23227
23228
23229
6863
6864
6865
23264
23265
23266
23267
23268
6891
6892
6893
6894
23303
23304
6920
23305
6921
23306
6922
23307
6923
6924
6950
6951
6952
6953
6954
23342
23343
23344
23345
23346
6981
6982
6983
6984
6985
23381
23382
23383
23384
23385
7013
7014
7015
7016
7017
23420
23421
23422
23423
23424
7046
7047
7048
7049
7050
39839
39840
39841
39842
39843
23459
23460
23461
23462
23463
7080
7081
7082
7083
7084
39878
39879
39880
39881
39882
23498
23499
23500
23501
23502
39917
39918
39919
39920
39921
23537
23538
23539
23540
23541
39956
39957
39958
39959
39960
23576
23577
23578
23579
23580
39995
39996
39997
39998
39999
23615
23616
23617
23618
23619
40035
40036
40037
40038
23654
23655
23656
23657
23658
7304
40075
40076
40077
23693
23694
23695
23696
23697
7330
7331
40115
40116
23732
23733
23734
23735
23736
7357
7358
7359
7385
7386
40155
23771
7387
23772
7388
23773
23774
23775
7414
7415
7416
7417
7418
23810
23811
23812
23813
23814
7444
7445
7446
7447
7448
23849
23850
23851
23852
23853
7475
7476
7477
7478
7479
23888
23889
23890
23891
7507
23892
7508
7509
7510
7511
7540
7541
7542
23927
7543
23928
7544
23929
23930
23931
7574
7575
7576
7577
7578
23966
23967
23968
23969
23970
7609
7610
7611
7612
7613
24024
24025
24026
24027
24028
24063
24064
24065
24066
24067
24102
24103
24104
24105
24106
24141
24142
24143
24144
24145
24180
24181
24182
24183
24184
40583
40584
40585
7817
40586
40587
24219
24220
24221
24222
24223
7843
7844
40622
40623
40624
40625
40626
7870
7871
7872
24258
24259
24260
24261
24262
40661
40662
40663
40664
40665
7898
7899
7900
7901
24297
24298
24299
24300
24301
7927
7928
7929
7930
7931
40700
40701
40702
40703
40704
24336
24337
24338
24339
24340
7957
7958
7959
7960
7961
40740
40741
40742
40743
7988
7989
7990
24375
7991
24376
7992
24377
24378
24379
40780
40781
40782
8020
8021
8022
8023
8024
24414
24415
24416
24417
24418
40820
40821
8053
8054
8055
8056
8057
24453
24454
24455
24456
24457
8087
8088
8089
8090
8091
40860
24492
24493
24494
24495
24496
8122
8123
8124
8125
8126
24531
24532
24533
24534
24535
8158
8159
8160
8161
8162
24570
24571
24572
24573
24574
24609
24610
24611
24612
24613
24648
24649
24650
24651
24652
24687
24688
24689
24690
24691
24726
24727
24728
24729
24730
8349
8375
8376
24765
24766
24767
24768
24769
8402
8403
8404
8430
8431
8432
8433
24823
24824
24825
24826
24827
8459
8460
8461
8462
8463
24862
24863
24864
24865
24866
8489
8490
8491
8492
8493
24901
24902
24903
24904
8520
24905
8521
8522
8523
8524
41316
41317
41318
41319
41320
8552
8553
8554
8555
24940
8556
24941
24942
24943
24944
8585
8586
41355
8587
41356
8588
41357
8589
41358
41359
24979
24980
24981
24982
24983
8619
8620
8621
8622
8623
41394
41395
41396
41397
41398
25018
25019
25020
25021
25022
8654
8655
8656
8657
8658
41434
41435
41436
41437
25057
25058
25059
25060
25061
8690
8691
8692
8693
8694
41474
41475
41476
25096
25097
25098
25099
25100
8727
8728
8729
8730
8731
41514
41515
25135
25136
25137
25138
25139
41554
25174
25175
25176
25177
25178
25213
25214
25215
25216
25217
25252
25253
25254
25255
25256
8900
25291
25292
25293
25294
25295
8926
8927
25330
25331
25332
25333
25334
8953
8954
8955
8981
8982
8983
8984
25369
25370
25371
25372
25373
9010
9011
9012
9013
9014
25408
25409
25410
25411
25412
9040
9041
9042
9043
9044
25447
25448
25449
25450
25451
9071
9072
9073
9074
9075
25486
25487
9103
25488
9104
25489
9105
25490
9106
9107
9136
9137
9138
9139
9140
25525
25526
25527
25528
25529
9170
9171
9172
9173
9174
25564
25565
25566
25567
25568
9205
9206
9207
9208
9209
25622
25623
25624
25625
9241
25626
9242
9243
9244
9245
42037
42038
42039
42040
42041
25661
25662
9278
25663
9279
25664
9280
25665
9281
9282
42076
42077
42078
42079
42080
25700
9316
25701
9317
25702
9318
25703
9319
25704
9320
42116
42117
42118
42119
25739
25740
25741
25742
25743
42156
42157
42158
25778
25779
25780
25781
25782
42196
42197
25817
25818
25819
25820
25821
42236
9470
25856
25857
25858
25859
25860
9496
9497
25895
25896
25897
25898
25899
9523
9524
9525
25934
25935
9551
25936
9552
25937
9553
25938
9554
9580
9581
9582
9583
9584
25973
25974
25975
25976
25977
9610
9611
9612
9613
9614
26012
26013
26014
26015
26016
9641
9642
9643
9644
9645
26051
26052
26053
26054
26055
9673
9674
9675
9676
9677
26090
9706
26091
9707
26092
9708
26093
9709
26094
9710
9740
9741
9742
9743
9744
26129
26130
26131
26132
26133
9775
9776
9777
9778
9779
26168
26169
26170
26171
26172
9811
9812
9813
9814
9815
26207
26208
26209
26210
26211
9848
9849
9850
9851
9852
26246
26247
26248
26249
26250
9886
9887
9888
9889
9890
26285
26286
26287
26288
26289
9925
9926
9927
9928
9929
26324
26325
26326
26327
26328
42745
42746
42747
26363
42748
26364
42749
26365
26366
26367
42785
42786
42787
42788
26421
26422
26423
26424
26425
42825
42826
42827
10059
26460
26461
26462
26463
26464
10085
10086
42865
42866
10112
10113
10114
26499
26500
26501
26502
26503
42905
10140
10141
10142
10143
26538
26539
26540
26541
26542
10169
10170
10171
10172
10173
26577
26578
26579
26580
26581
10199
10200
10201
10202
10203
10230
10231
26616
10232
26617
10233
26618
10234
26619
26620
10262
10263
10264
10265
10266
26655
26656
26657
26658
26659
10295
10296
10297
10298
10299
26694
26695
26696
26697
26698
10329
10330
10331
10332
10333
26733
26734
26735
26736
26737
10364
10365
10366
10367
10368
26772
26773
26774
26775
26776
10400
10401
10402
10403
10404
26811
26812
26813
26814
26815
10437
10438
10439
10440
10441
26850
26851
26852
26853
26854
10475
10476
10477
10478
10479
26889
26890
26891
26892
26893
10514
10515
10516
10517
10518
26928
26929
26930
26931
26932
10553
10554
10555
10556
10557
26967
26968
26969
26970
26971
27006
27007
27008
27009
27010
27045
27046
27047
27048
27049
10666
43440
43441
43442
43443
10692
10693
27084
27085
27086
27087
27088
43480
43481
43482
10719
10720
10721
27123
27124
27125
27126
27127
10747
10748
10749
10750
43520
43521
10776
10777
27162
10778
27163
10779
27164
10780
27165
27166
43560
10806
10807
10808
10809
10810
27220
27221
10837
27222
10838
27223
10839
27224
10840
10841
10869
10870
10871
10872
10873
27259
27260
27261
27262
27263
10902
10903
10904
10905
10906
27298
27299
27300
27301
27302
10936
10937
10938
10939
10940
27337
27338
27339
27340
27341
10971
10972
10973
10974
10975
27376
27377
27378
27379
27380
11007
11008
11009
11010
11011
27415
27416
27417
27418
27419
11044
11045
11046
11047
11048
27454
27455
27456
27457
27458
11082
11083
11084
11085
11086
27493
27494
27495
27496
27497
11121
11122
11123
11124
11125
27532
27533
27534
27535
27536
11160
11161
11162
11163
11164
27571
27572
27573
27574
27575
11199
11200
11201
11202
11203
27610
27611
27612
27613
27614
27649
27650
27651
27652
27653
11290
27688
27689
27690
27691
27692
11316
11317
27727
11343
27728
11344
27729
11345
27730
27731
44120
44121
44122
11371
11372
11373
11374
27766
27767
27768
27769
27770
44160
44161
11400
11401
11402
11403
11404
27805
27806
27807
27808
27809
11430
11431
44200
11432
11433
11434
27844
27845
11461
27846
11462
27847
11463
27848
11464
11465
11493
11494
11495
11496
11497
27883
27884
27885
27886
27887
11526
11527
11528
11529
11530
27922
27923
27924
27925
27926
11560
11561
11562
11563
11564
27961
27962
27963
27964
27965
11595
11596
11597
11598
11599
11631
11632
11633
11634
28019
11635
28020
28021
28022
28023
11668
11669
11670
11671
11672
28058
28059
28060
28061
28062
11706
11707
11708
11709
11710
28097
28098
28099
28100
28101
11745
11746
11747
11748
11749
28136
28137
28138
28139
28140
11784
11785
11786
11787
11788
28175
28176
28177
28178
28179
11823
11824
11825
11826
11827
28214
28215
28216
28217
28218
11862
11863
11864
11865
11866
28253
28254
28255
28256
28257
28292
28293
28294
28295
28296
11930
28331
28332
28333
28334
28335
11956
11957
11983
11984
11985
28370
28371
28372
28373
28374
12011
12012
12013
12014
44784
44785
28409
28410
28411
28412
28413
12040
12041
12042
12043
12044
44824
28448
28449
28450
28451
28452
12070
12071
12072
12073
12074
12101
12102
28487
12103
28488
12104
28489
12105
28490
28491
12133
12134
12135
12136
12137
28526
28527
28528
28529
28530
12166
12167
12168
12169
12170
28565
28566
28567
28568
28569
12200
12201
12202
12203
12204
28604
28605
28606
28607
28608
12235
12236
12237
12238
12239
28643
28644
28645
28646
28647
12271
12272
12273
12274
12275
28682
28683
28684
28685
28686
12308
12309
12310
12311
12312
28721
28722
28723
28724
28725
12346
12347
12348
12349
12350
28760
28761
28762
28763
28764
12385
12386
12387
12388
12389
12424
12425
12426
12427
12428
28818
28819
28820
28821
28822
12463
12464
12465
12466
12467
28857
28858
28859
28860
28861
12502
12503
12504
12505
12506
28896
28897
28898
28899
28900
12541
12542
12543
12544
12545
28935
28936
28937
28938
28939
12585
28974
28975
28976
28977
28978
12611
12612
29013
29014
29015
29016
29017
12638
12639
12640
45431
12666
12667
29052
12668
29053
12669
29054
29055
29056
12695
12696
12697
12698
12699
29091
29092
29093
29094
29095
12725
12726
12727
12728
12729
29130
29131
29132
29133
29134
12756
12757
12758
12759
12760
29169
29170
29171
29172
12788
29173
12789
12790
12791
12792
12821
12822
12823
29208
12824
29209
12825
29210
29211
29212
12855
12856
12857
12858
12859
29247
29248
29249
29250
29251
12890
12891
12892
12893
12894
29286
29287
29288
29289
29290
12926
12927
12928
12929
12930
29325
29326
29327
29328
29329
12963
12964
12965
12966
12967
29364
29365
29366
29367
29368
13001
13002
13003
13004
13005
29403
29404
29405
29406
29407
13040
13041
13042
13043
13044
29442
29443
29444
29445
29446
13079
13080
13081
13082
13083
29481
29482
29483
29484
29485
13118
13119
13120
13121
13122
29520
29521
29522
29523
29524
13157
13158
13159
13160
13161
29560
29561
29562
29563
13196
13197
13198
13199
13200
29617
29618
29619
13235
29620
13236
29621
13237
13238
13239
29656
29657
29658
29659
29660
13280
13281
13307
13308
13309
29695
29696
29697
29698
29699
13335
13336
13337
13338
29734
29735
29736
29737
29738
13364
13365
13366
13367
13368
29773
29774
29775
29776
29777
13394
13395
13396
13397
13398
13425
13426
13427
29812
13428
29813
13429
29814
29815
29816
13457
13458
13459
13460
13461
29851
29852
29853
29854
29855
13490
13491
13492
13493
13494
29890
29891
29892
29893
29894
13524
13525
13526
13527
13528
29929
29930
29931
29932
29933
13559
13560
13561
13562
13563
29968
29969
29970
29971
29972
13595
13596
13597
13598
13599
30007
30008
30009
30010
30011
13632
13633
13634
13635
13636
30046
30047
30048
30049
30050
13670
13671
13672
13673
13674
30085
30086
30087
30088
30089
13709
13710
13711
13712
13713
30124
30125
30126
30127
30128
13748
13749
13750
13751
13752
30163
30164
30165
30166
30167
13787
13788
13789
13790
13791
30202
30203
30204
30205
30206
13826
13827
13828
13829
13830
30241
30242
30243
30244
30245
13865
13866
13867
13868
13869
30280
30281
30282
30283
30284
13904
13905
13906
13907
13908
30320
30321
30322
30323
13943
13944
13945
13946
13947
30360
30361
30362
13989
13990
13991
14017
14018
14019
14020
30416
30417
30418
30419
30420
14046
14047
14048
14049
14050
30455
30456
30457
30458
30459
14076
14077
14078
14079
14080
14107
14108
14109
30494
14110
30495
14111
30496
30497
30498
14139
14140
14141
14142
14143
30533
30534
30535
30536
30537
14172
14173
14174
14175
14176
30572
30573
30574
30575
30576
14206
14207
14208
14209
14210
30611
30612
30613
30614
30615
14241
14242
14243
14244
14245
30650
30651
30652
30653
30654
14277
14278
14279
14280
14281
30689
30690
30691
30692
30693
14314
14315
14316
14317
14318
30728
30729
30730
30731
30732
14352
14353
14354
14355
14356
30767
30768
30769
30770
30771
14391
14392
14393
14394
14395
30806
30807
30808
30809
30810
14430
14431
14432
14433
14434
30845
30846
30847
30848
30849
14469
14470
14471
14472
14473
30884
30885
30886
30887
30888
14508
14509
14510
14511
14512
30923
30924
30925
30926
30927
14547
14548
14549
14550
14551
30962
30963
30964
30965
30966
14586
14587
14588
14589
14590
31001
31002
31003
31004
31005
14625
14626
14627
14628
14629
31040
31041
31042
31043
31044
14664
14665
14666
14667
14668
31080
31081
31082
31083
14711
14712
14713
14714
31120
31121
31122
14740
14741
14742
14743
14744
14770
14771
14772
14773
14774
31160
31161
14801
14802
14803
14804
14805
31215
31216
31217
14833
31218
14834
31219
14835
14836
14837
14866
14867
14868
14869
31254
14870
31255
31256
31257
31258
14900
14901
14902
14903
14904
31293
31294
31295
31296
31297
14935
14936
14937
14938
14939
31332
31333
31334
31335
31336
14971
14972
14973
14974
14975
31371
31372
31373
31374
31375
15008
15009
15010
15011
15012
31410
31411
31412
31413
31414
15046
15047
15048
15049
15050
31449
31450
31451
31452
31453
15085
15086
15087
15088
15089
31488
31489
31490
31491
31492
15124
15125
15126
15127
15128
31527
31528
31529
31530
31531
15163
15164
15165
15166
15167
31566
31567
31568
31569
31570
15202
15203
15204
15205
15206
31605
31606
31607
31608
31609
15241
15242
15243
15244
15245
31644
31645
31646
31647
31648
15280
15281
15282
15283
15284
31683
31684
31685
31686
31687
15319
15320
15321
15322
15323
31722
31723
31724
31725
31726
15358
15359
15360
15361
15362
31761
31762
31763
31764
31765
15397
15398
15399
15400
15401
31800
31801
31802
31803
31804
15445
15446
15447
15448
15449
31840
31841
31842
31843
15475
15476
15477
15478
15479
31880
31881
31882
15506
15507
15508
15509
15510
31920
31921
15538
15539
15540
15541
15542
15571
15572
15573
15574
15575
31960
15605
15606
15607
15608
15609
32014
32015
32016
32017
32018
15640
15641
15642
15643
15644
32053
32054
32055
32056
32057
15676
15677
15678
15679
15680
32092
32093
32094
32095
32096
15713
15714
15715
15716
15717
32131
32132
32133
32134
32135
15751
15752
15753
15754
15755
32170
32171
32172
32173
32174
15790
15791
15792
15793
15794
32209
32210
32211
32212
32213
15829
15830
15831
15832
15833
32248
32249
32250
32251
32252
15868
15869
15870
15871
15872
32287
32288
32289
32290
32291
15907
15908
15909
15910
15911
32326
32327
32328
32329
32330
15946
15947
15948
15949
15950
32365
32366
32367
32368
32369
15985
15986
15987
15988
15989
32404
32405
32406
32407
32408
16024
16025
16026
16027
16028
32443
32444
32445
32446
32447
16063
16064
16065
16066
16067
32482
32483
32484
32485
32486
16102
16103
16104
16105
16106
32521
32522
32523
32524
32525
16141
16142
16143
16144
16145
32560
32561
32562
32563
32564
16190
16191
16192
16193
16194
32600
32601
32602
32603
16221
16222
16223
16224
16225
16253
16254
16255
32640
16256
32641
16257
32642
16286
16287
16288
16289
16290
32680
32681
16320
16321
16322
16323
16324
32720
16355
16356
16357
16358
16359
)


// ************************************************************************* //
