/*--------------------------------*- C++ -*----------------------------------*\
| =========                 |                                                 |
| \\      /  F ield         | OpenFOAM: The Open Source CFD Toolbox           |
|  \\    /   O peration     | Version:  2306                                  |
|   \\  /    A nd           | Website:  www.openfoam.com                      |
|    \\/     M anipulation  |                                                 |
\*---------------------------------------------------------------------------*/
FoamFile
{
    version     2.0;
    format      ascii;
    arch        "LSB;label=32;scalar=64";
    class       cellSet;
    location    "constant/polyMesh/sets";
    object      cmpl;
}
// * * * * * * * * * * * * * * * * * * * * * * * * * * * * * * * * * * * * * //


4000
(
16386
16387
16388
16389
16390
16423
32808
16424
32809
16425
32810
16426
32811
16427
32812
16461
16462
32847
16463
32848
16464
32849
16465
32850
32851
16500
16501
32886
16502
32887
16503
32888
16504
32889
32890
16539
16540
32925
16541
32926
16542
32927
16543
32928
32929
16578
16579
32964
16580
32965
16581
32966
16582
32967
32968
16617
16618
33003
16619
33004
16620
33005
16621
33006
33007
16656
16657
33042
16658
33043
16659
33044
16660
33045
33046
16695
16696
33081
16697
33082
16698
33083
16699
33084
33085
16734
16735
33120
16736
33121
16737
33122
16738
33123
33124
16773
16774
16775
33160
16776
33161
16777
33162
33163
16812
16813
16814
16815
33200
16816
33201
33202
16851
16852
16853
16854
16855
33240
33241
16890
16891
16892
16893
16894
33280
16940
16941
16942
16943
16944
16972
16973
16974
16975
16976
17005
17006
17007
17008
17009
17039
17040
17041
17042
17043
17074
17075
17076
17077
17078
17110
17111
17112
17113
17114
17147
17148
17149
17150
17151
17185
17186
17187
17188
17189
33606
33607
33608
17224
33609
17225
33610
17226
17227
17228
33645
33646
33647
17263
33648
17264
33649
17265
17266
17267
33684
33685
33686
17302
33687
17303
33688
17304
17305
17306
33723
33724
33725
17341
33726
17342
33727
17343
17344
17345
33762
33763
33764
17380
33765
17381
33766
17382
17383
17384
33801
33802
33803
17419
33804
17420
33805
17421
17422
17423
33840
33841
33842
17458
33843
17459
33844
17460
17461
17462
33879
33880
33881
17497
33882
17498
33883
17499
17500
17501
33919
33920
17536
33921
17537
33922
17538
17539
17540
33959
17575
33960
17576
33961
17577
17578
17579
17614
33999
17615
34000
17616
17617
17618
17653
17654
34039
17655
17656
17657
17704
17705
17706
17707
17708
17737
17738
17739
17740
17741
17771
17772
17773
17774
17775
17806
17807
17808
17809
17810
17842
17843
17844
17845
17846
17879
17880
17881
17882
17883
17917
17918
17919
17920
17921
17956
17957
17958
17959
17960
17995
17996
17997
17998
17999
34402
34403
34404
34405
34406
18034
18035
18036
18037
18038
34441
34442
34443
34444
34445
18073
18074
18075
18076
18077
34480
34481
34482
34483
34484
18112
18113
18114
18115
18116
34519
34520
34521
34522
34523
18151
18152
18153
1769
18154
18155
34558
34559
34560
34561
34562
18190
18191
18192
18193
18194
34597
34598
34599
34600
34601
18229
18230
18231
18232
18233
34636
34637
34638
34639
34640
18268
18269
18270
18271
18272
34676
34677
34678
34679
18307
18308
18309
18310
18311
34716
34717
34718
18346
18347
18348
18349
18350
34756
34757
1997
18385
18386
18387
18388
18389
2018
2019
34796
18424
18425
18426
18427
18428
18476
18477
18478
18479
18480
18510
18511
18512
18513
18514
18545
18546
18547
18548
18549
18581
18582
18583
18584
18585
18618
18619
18620
18621
18622
2244
2265
2266
18656
18657
18658
18659
18660
2287
2288
2289
18695
18696
18697
18698
18699
18734
18735
18736
18737
18738
18773
18774
18775
18776
18777
35195
35196
18812
35197
18813
35198
18814
35199
18815
18816
35234
35235
18851
35236
18852
35237
18853
35238
18854
18855
35273
35274
18890
35275
18891
35276
18892
35277
18893
18894
2510
2531
2532
35312
35313
18929
35314
18930
35315
18931
35316
18932
18933
2553
2554
2555
2576
2577
2578
2579
35351
35352
18968
35353
18969
35354
18970
35355
18971
18972
35390
35391
19007
35392
19008
35393
19009
35394
19010
19011
35430
19046
35431
19047
35432
19048
35433
19049
19050
19085
35470
19086
35471
19087
35472
19088
19089
19124
19125
35510
19126
35511
19127
19128
19163
19164
19165
35550
19166
19167
2795
2816
2817
19202
19203
19204
19205
19206
2838
2839
2840
2861
2862
2863
2864
19255
19256
19257
19258
19259
2885
2886
2887
2888
2889
19290
19291
19292
19293
19294
19326
19327
19328
19329
19330
19363
19364
19365
19366
19367
19401
19402
19403
19404
19405
19440
19441
19442
19443
19444
19479
19480
19481
19482
19483
3099
3120
3121
19518
19519
19520
19521
19522
3142
3143
3144
3165
3166
3167
3168
19557
19558
19559
19560
19561
3189
3190
3191
3192
3193
19596
19597
19598
3214
19599
3215
35984
19600
3216
35985
3217
35986
3218
35987
35988
19635
19636
19637
19638
36023
19639
36024
36025
36026
36027
19674
19675
19676
19677
36062
19678
36063
36064
36065
36066
19713
19714
19715
19716
36101
19717
36102
36103
36104
36105
19752
19753
19754
19755
36140
19756
36141
36142
36143
36144
19791
19792
19793
19794
19795
36180
36181
36182
36183
3422
3443
3444
19830
19831
19832
19833
19834
36220
36221
36222
3465
3466
3467
19869
19870
19871
19872
3488
19873
3489
3490
3491
36260
36261
3512
3513
3514
3515
3516
19908
19909
19910
19911
19912
36300
3537
3538
3539
3540
3541
19947
3563
19948
3564
19949
3565
19950
3566
19951
3567
19986
19987
19988
19989
19990
20040
20041
20042
20043
20044
20076
20077
20078
20079
20080
20113
20114
20115
20116
20117
3764
20151
20152
20153
20154
20155
3785
3786
20190
20191
3807
20192
3808
20193
3809
20194
3830
3831
3832
3833
20229
20230
20231
20232
20233
3854
3855
3856
3857
3858
3879
3880
3881
3882
3883
20268
20269
20270
20271
20272
3905
3906
3907
3908
3909
20307
20308
20309
20310
20311
3932
3933
3934
3935
3936
20346
20347
20348
20349
20350
36768
36769
20385
36770
20386
36771
20387
36772
20388
20389
36807
36808
20424
36809
20425
36810
20426
36811
20427
20428
36846
36847
20463
36848
20464
36849
20465
36850
20466
20467
36885
36886
20502
36887
20503
36888
20504
36889
20505
20506
4125
4146
4147
36925
20541
36926
20542
36927
20543
36928
20544
20545
4168
4169
4170
4191
4192
4193
4194
20580
36965
20581
36966
20582
36967
20583
20584
4215
4216
4217
4218
4219
20619
20620
37005
20621
37006
20622
20623
4240
4241
4242
4243
4244
4266
4267
4268
4269
4270
20658
20659
20660
37045
20661
20662
4293
4294
4295
4296
4297
20697
20698
20699
20700
20701
4321
4322
4323
4324
4325
20736
20737
20738
20739
20740
20775
20776
20777
20778
20779
20830
20831
20832
20833
20834
20867
20868
20869
20870
20871
4505
20905
20906
20907
20908
20909
4526
4527
4548
4549
4550
20944
20945
20946
20947
20948
4571
4572
4573
4574
4595
4596
4597
4598
20983
4599
20984
20985
20986
20987
4620
4621
4622
4623
4624
21022
21023
21024
21025
21026
4646
4647
4648
4649
4650
4673
4674
4675
4676
21061
4677
21062
21063
21064
21065
4701
4702
4703
4704
4705
21100
21101
21102
21103
21104
4730
4731
4732
4733
4734
21139
21140
21141
21142
21143
37546
37547
37548
37549
37550
21178
21179
21180
21181
21182
37585
37586
37587
37588
37589
21217
21218
21219
21220
21221
37624
37625
37626
37627
37628
21256
21257
21258
21259
21260
37664
37665
37666
37667
4904
21295
21296
21297
21298
21299
4925
4926
37704
37705
37706
4947
4948
4949
21334
21335
21336
21337
21338
4970
4971
4972
4973
37744
37745
21373
21374
21375
21376
21377
4994
4995
4996
4997
4998
37784
5019
5020
5021
5022
5023
21412
21413
21414
21415
21416
5045
5046
5047
5048
5049
21451
21452
21453
21454
21455
5072
5073
5074
5075
5076
5100
5101
5102
5103
5104
21490
21491
21492
21493
21494
5129
5130
5131
5132
5133
21529
21530
21531
21532
21533
5159
5160
5161
5162
5163
21568
21569
21570
21571
21572
21624
21625
21626
21627
21628
21662
21663
21664
21665
21666
21701
21702
21703
21704
21705
5322
5343
5344
21740
21741
21742
21743
21744
5365
5366
5367
5388
5389
5390
5391
21779
21780
21781
21782
21783
5412
5413
5414
5415
5416
21818
21819
21820
21821
5437
21822
5438
5439
5440
5441
5463
5464
5465
5466
5467
21857
21858
21859
21860
21861
5490
5491
5492
5493
5494
21896
21897
21898
21899
21900
5518
5519
5520
5521
5522
5547
5548
38317
5549
38318
5550
38319
21935
5551
38320
21936
38321
21937
21938
21939
5577
5578
5579
5580
5581
38356
38357
38358
21974
38359
21975
38360
21976
21977
21978
5608
5609
5610
5611
5612
38396
38397
22013
38398
22014
38399
22015
22016
22017
38436
22052
38437
22053
38438
22054
22055
22056
22091
38476
22092
38477
22093
22094
22095
22130
22131
38516
22132
22133
22134
5759
5780
5781
22169
22170
22171
22172
22173
5802
5803
5804
22208
22209
5825
22210
5826
22211
5827
22212
5828
5849
5850
5851
5852
5853
22247
22248
22249
22250
22251
5874
5875
5876
5877
5878
5900
5901
22286
5902
22287
5903
22288
5904
22289
22290
5927
5928
5929
5930
5931
22325
22326
22327
22328
22329
5955
5956
5957
5958
5959
22364
22365
22366
22367
22368
5984
5985
5986
5987
5988
6014
6015
6016
6017
6018
22421
22422
22423
22424
22425
6045
6046
6047
6048
6049
22460
22461
6077
22462
6078
22463
6079
22464
6080
6081
22499
22500
22501
22502
22503
22538
22539
22540
22541
22542
22577
22578
22579
22580
22581
6215
22616
22617
22618
22619
22620
6236
6237
6258
6259
6260
22655
22656
22657
22658
22659
6281
6282
6283
6284
6305
6306
6307
6308
6309
22694
22695
39080
22696
39081
22697
39082
22698
39083
39084
6330
6331
6332
6333
6334
22733
22734
22735
39120
22736
39121
22737
39122
39123
6356
6357
6358
6359
6360
6383
6384
6385
6386
6387
22772
22773
22774
22775
39160
22776
39161
39162
6411
6412
6413
6414
6415
22811
22812
22813
22814
22815
39200
39201
6440
6441
6442
6443
6444
22850
22851
22852
22853
22854
6470
6471
39240
6472
6473
6474
6501
6502
6503
6504
22889
6505
22890
22891
22892
22893
6533
6534
6535
6536
6537
22928
22929
22930
22931
22932
6566
6567
6568
6569
6570
22967
22968
22969
22970
22971
23006
23007
23008
23009
23010
23045
23046
23047
23048
23049
6690
23084
23085
23086
23087
23088
6711
6712
6733
6734
6735
23123
23124
23125
23126
23127
6756
6757
6758
6759
23162
23163
23164
6780
23165
6781
23166
6782
6783
6784
6805
6806
6807
6808
6809
6831
6832
6833
6834
6835
23220
23221
23222
23223
23224
6858
6859
6860
6861
6862
23259
23260
23261
23262
23263
6886
6887
6888
6889
6890
23298
23299
6915
23300
6916
23301
6917
23302
6918
6919
6945
6946
6947
6948
6949
23337
23338
23339
23340
23341
6976
6977
6978
6979
6980
23376
23377
23378
23379
23380
7008
7009
7010
7011
7012
23415
23416
23417
23418
23419
7041
7042
7043
7044
7045
39835
39836
39837
39838
23454
23455
23456
23457
23458
7075
7076
7077
7078
7079
39875
39876
39877
23493
23494
23495
23496
23497
39915
39916
23532
23533
23534
23535
23536
7184
39955
23571
23572
23573
23574
23575
7205
7206
23610
23611
7227
23612
7228
23613
7229
23614
7250
7251
7252
7253
23649
23650
23651
23652
23653
7274
7275
7276
7277
7278
7299
7300
7301
7302
7303
23688
23689
23690
23691
23692
7325
7326
7327
7328
7329
23727
23728
23729
23730
23731
7352
7353
7354
7355
7356
7380
7381
23766
7382
23767
7383
23768
7384
23769
23770
7409
7410
7411
7412
7413
23805
23806
23807
23808
23809
7439
7440
7441
7442
7443
23844
23845
23846
23847
23848
7470
7471
7472
7473
7474
23883
23884
23885
23886
7502
23887
7503
7504
7505
7506
7535
7536
7537
23922
7538
23923
7539
23924
23925
23926
7569
7570
7571
7572
7573
23961
23962
23963
23964
23965
7604
7605
7606
7607
7608
24019
24020
24021
24022
24023
24058
24059
24060
24061
24062
7697
24097
24098
24099
24100
24101
7718
7719
7740
7741
7742
24136
24137
24138
24139
24140
7763
7764
7765
7766
7787
7788
7789
7790
24175
7791
24176
24177
24178
24179
40580
7812
40581
7813
40582
7814
7815
7816
24214
24215
24216
24217
24218
7838
7839
7840
7841
7842
40620
40621
7865
7866
7867
7868
24253
7869
24254
24255
24256
24257
40660
7893
7894
7895
7896
7897
24292
24293
24294
24295
24296
7922
7923
7924
7925
7926
24331
24332
24333
24334
24335
7952
7953
7954
7955
7956
7983
7984
7985
24370
7986
24371
7987
24372
24373
24374
8015
8016
8017
8018
8019
24409
24410
24411
24412
24413
8048
8049
8050
8051
8052
24448
24449
24450
24451
24452
8082
8083
8084
8085
8086
24487
24488
24489
24490
24491
8117
8118
8119
8120
8121
24526
24527
24528
24529
24530
8153
8154
8155
8156
8157
24565
24566
24567
24568
24569
24604
24605
24606
24607
24608
8229
8250
8251
24643
24644
24645
24646
24647
8272
8273
8274
8295
8296
8297
24682
8298
24683
24684
24685
24686
8319
8320
8321
8322
8323
24721
24722
24723
24724
24725
8344
8345
8346
8347
8348
8370
8371
8372
8373
8374
24760
24761
24762
24763
24764
8397
8398
8399
8400
8401
8425
8426
8427
8428
8429
24818
24819
24820
24821
24822
8454
8455
8456
8457
8458
24857
24858
24859
24860
24861
8484
8485
8486
8487
8488
24896
24897
24898
24899
8515
24900
8516
8517
8518
8519
41314
41315
8547
8548
8549
8550
24935
8551
24936
24937
24938
24939
8580
8581
8582
8583
8584
41354
24974
24975
24976
24977
24978
8614
8615
8616
8617
8618
25013
25014
25015
25016
25017
8649
8650
8651
8652
8653
25052
25053
25054
25055
25056
8685
8686
8687
8688
8689
25091
25092
25093
25094
25095
8722
8723
8724
8725
8726
25130
25131
25132
25133
25134
8780
25169
25170
25171
25172
25173
8801
8802
8823
25208
8824
25209
8825
25210
25211
25212
8846
8847
8848
8849
25247
25248
25249
25250
25251
8870
8871
8872
8873
8874
8895
8896
8897
8898
8899
25286
25287
25288
25289
25290
8921
8922
8923
8924
8925
25325
25326
25327
25328
25329
8948
8949
8950
8951
8952
8976
8977
8978
8979
25364
8980
25365
25366
25367
25368
9005
9006
9007
9008
9009
25403
25404
25405
25406
25407
9035
9036
9037
9038
9039
25442
25443
25444
25445
25446
9066
9067
9068
9069
9070
25481
25482
9098
25483
9099
25484
9100
25485
9101
9102
9131
9132
9133
9134
9135
25520
25521
25522
25523
25524
9165
9166
9167
9168
9169
25560
25561
25562
25563
9200
9201
9202
9203
9204
25617
25618
25619
25620
9236
25621
9237
9238
9239
9240
42036
25656
25657
9273
25658
9274
25659
9275
25660
9276
9277
25695
9311
25696
9312
25697
9313
25698
9314
25699
9315
25734
9350
25735
25736
25737
25738
9371
9372
25773
25774
25775
25776
25777
9393
9394
9395
9416
9417
9418
9419
25812
25813
25814
25815
25816
9440
9441
9442
9443
9444
9465
9466
25851
9467
25852
9468
25853
9469
25854
25855
9491
9492
9493
9494
9495
25890
25891
25892
25893
25894
9518
9519
9520
9521
9522
25929
25930
9546
25931
9547
25932
9548
25933
9549
9550
9575
9576
9577
9578
9579
25968
25969
25970
25971
25972
9605
9606
9607
9608
9609
26007
26008
26009
26010
26011
9636
9637
9638
9639
9640
26046
26047
26048
26049
26050
9668
9669
9670
9671
9672
26085
9701
26086
9702
26087
9703
26088
9704
26089
9705
9735
9736
9737
9738
9739
26124
26125
26126
26127
26128
9770
9771
9772
9773
9774
26163
26164
26165
26166
26167
9806
9807
9808
9809
9810
26202
26203
26204
26205
26206
9843
9844
9845
9846
9847
26241
26242
26243
26244
26245
9881
9882
9883
9884
9885
26280
26281
26282
26283
26284
9920
9921
9922
9923
9924
26320
26321
26322
26323
9960
9961
26360
26361
26362
9982
9983
9984
10005
10006
10007
10008
10029
10030
10031
26416
10032
26417
10033
26418
26419
26420
10054
10055
10056
10057
10058
26455
26456
26457
26458
26459
10080
10081
10082
10083
10084
10107
10108
10109
26494
10110
26495
10111
26496
26497
26498
10135
10136
10137
10138
10139
26533
26534
26535
26536
26537
10164
10165
10166
10167
10168
26572
26573
26574
26575
26576
10194
10195
10196
10197
10198
10225
10226
26611
10227
26612
10228
26613
10229
26614
26615
10257
10258
10259
10260
10261
26650
26651
26652
26653
26654
10290
10291
10292
10293
10294
26689
26690
26691
26692
26693
10324
10325
10326
10327
10328
26728
26729
26730
26731
26732
10359
10360
10361
10362
10363
26767
26768
26769
26770
26771
10395
10396
10397
10398
10399
26806
26807
26808
26809
26810
10432
10433
10434
10435
10436
26845
26846
26847
26848
26849
10470
10471
10472
10473
10474
26884
26885
26886
26887
26888
10509
10510
10511
10512
10513
26923
26924
26925
26926
26927
10548
10549
10550
10551
10552
26962
26963
26964
26965
26966
10589
10590
10591
10612
10613
10614
10615
27001
27002
27003
27004
27005
10636
10637
10638
10639
10640
27040
27041
27042
27043
27044
10661
10662
10663
10664
10665
10687
10688
10689
10690
10691
27080
27081
27082
27083
10714
10715
10716
10717
10718
27120
27121
27122
10742
10743
10744
10745
10746
10771
10772
10773
10774
10775
27160
27161
10801
10802
10803
10804
10805
27215
27216
10832
27217
10833
27218
10834
27219
10835
10836
10864
10865
10866
10867
10868
27254
27255
27256
27257
27258
10897
10898
10899
10900
10901
27293
27294
27295
27296
27297
10931
10932
10933
10934
10935
27332
27333
27334
27335
27336
10966
10967
10968
10969
10970
27371
27372
27373
27374
27375
11002
11003
11004
11005
11006
27410
27411
27412
27413
27414
11039
11040
11041
11042
11043
27449
27450
27451
27452
27453
11077
11078
11079
11080
11081
27488
27489
27490
27491
27492
11116
11117
11118
11119
11120
27527
27528
27529
27530
27531
11155
11156
11157
11158
11159
27566
27567
27568
27569
27570
11194
11195
11196
11197
11198
27605
27606
27607
27608
27609
11236
11237
11238
11239
27644
11260
27645
11261
27646
11262
27647
11263
27648
11264
11285
11286
11287
11288
11289
27683
27684
27685
27686
27687
11311
11312
11313
11314
11315
27722
11338
27723
11339
27724
11340
27725
11341
27726
11342
11366
11367
11368
11369
11370
27761
27762
27763
27764
27765
11395
11396
11397
11398
11399
27800
27801
27802
27803
27804
11425
11426
11427
11428
11429
27840
11456
27841
11457
27842
11458
27843
11459
11460
11488
11489
11490
11491
11492
27880
27881
27882
11521
11522
11523
11524
11525
27920
27921
11555
11556
11557
11558
11559
27960
11590
11591
11592
11593
11594
11626
11627
11628
11629
28014
11630
28015
28016
28017
28018
11663
11664
11665
11666
11667
28053
28054
28055
28056
28057
11701
11702
11703
11704
11705
28092
28093
28094
28095
28096
11740
11741
11742
11743
11744
28131
28132
28133
28134
28135
11779
11780
11781
11782
11783
28170
28171
28172
28173
28174
11818
11819
11820
11821
11822
28209
28210
28211
28212
28213
11857
11858
11859
11860
11861
28248
28249
28250
28251
28252
11900
11901
11902
28287
11903
28288
11904
28289
28290
28291
11925
11926
11927
11928
11929
28326
28327
28328
28329
28330
11951
11952
11953
11954
11955
11978
11979
11980
28365
11981
28366
11982
28367
28368
28369
12006
12007
12008
12009
12010
28404
28405
28406
28407
28408
12035
12036
12037
12038
12039
28443
28444
28445
28446
28447
12065
12066
12067
12068
12069
12096
12097
28482
12098
28483
12099
28484
12100
28485
28486
12128
12129
12130
12131
12132
28521
28522
28523
28524
28525
12161
12162
12163
12164
12165
28560
28561
28562
28563
28564
12195
12196
12197
12198
12199
28600
28601
28602
28603
12230
12231
12232
12233
12234
28640
28641
28642
12266
12267
12268
12269
12270
28680
28681
12303
12304
12305
12306
12307
28720
12341
12342
12343
12344
12345
12380
12381
12382
12383
12384
12419
12420
12421
12422
12423
28813
28814
28815
28816
28817
12458
12459
12460
12461
12462
28852
28853
28854
28855
28856
12497
12498
12499
12500
12501
28891
28892
28893
28894
28895
12536
12537
12538
12539
12540
28930
28931
28932
28933
28934
12580
12581
12582
12583
12584
28969
28970
28971
28972
28973
12606
12607
12608
12609
12610
29008
29009
29010
29011
29012
12633
12634
12635
12636
12637
12661
12662
29047
12663
29048
12664
29049
12665
29050
29051
12690
12691
12692
12693
12694
29086
29087
29088
29089
29090
12720
12721
12722
12723
12724
29125
29126
29127
29128
29129
12751
12752
12753
12754
12755
29164
29165
29166
29167
12783
29168
12784
12785
12786
12787
12816
12817
12818
29203
12819
29204
12820
29205
29206
29207
12850
12851
12852
12853
12854
29242
29243
29244
29245
29246
12885
12886
12887
12888
12889
29281
29282
29283
29284
29285
12921
12922
12923
12924
12925
29320
29321
29322
29323
29324
12958
12959
12960
12961
12962
29360
29361
29362
29363
12996
12997
12998
12999
13000
29400
29401
29402
13035
13036
13037
13038
13039
29440
29441
13074
13075
13076
13077
13078
29480
13113
13114
13115
13116
13117
13152
13153
13154
13155
13156
13191
13192
13193
13194
13195
29612
29613
29614
13230
29615
13231
29616
13232
13233
13234
29651
29652
29653
29654
29655
13275
13276
13277
13278
13279
13302
13303
13304
13305
29690
13306
29691
29692
29693
29694
13330
13331
13332
13333
13334
29729
29730
29731
29732
29733
13359
13360
13361
13362
13363
29768
29769
29770
29771
29772
13389
13390
13391
13392
13393
13420
13421
13422
29807
13423
29808
13424
29809
29810
29811
13452
13453
13454
13455
13456
29846
29847
29848
29849
29850
13485
13486
13487
13488
13489
29885
29886
29887
29888
29889
13519
13520
13521
13522
13523
29924
29925
29926
29927
29928
13554
13555
13556
13557
13558
29963
29964
29965
29966
29967
13590
13591
13592
13593
13594
30002
30003
30004
30005
30006
13627
13628
13629
13630
13631
30041
30042
30043
30044
30045
13665
13666
13667
13668
13669
30080
30081
30082
30083
30084
13704
13705
13706
13707
13708
30120
30121
30122
30123
13743
13744
13745
13746
13747
30160
30161
30162
13782
13783
13784
13785
13786
30200
30201
13821
13822
13823
13824
13825
30240
13860
13861
13862
13863
13864
13899
13900
13901
13902
13903
13938
13939
13940
13941
13942
13984
13985
13986
13987
13988
14012
14013
14014
14015
14016
30411
30412
30413
30414
30415
14041
14042
14043
14044
14045
30450
30451
30452
30453
30454
14071
14072
14073
14074
14075
14102
14103
14104
30489
14105
30490
14106
30491
30492
30493
14134
14135
14136
14137
14138
30528
30529
30530
30531
30532
14167
14168
14169
14170
14171
30567
30568
30569
30570
30571
14201
14202
14203
14204
14205
30606
30607
30608
30609
30610
14236
14237
14238
14239
14240
30645
30646
30647
30648
30649
14272
14273
14274
14275
14276
30684
30685
30686
30687
30688
14309
14310
14311
14312
14313
30723
30724
30725
30726
30727
14347
14348
14349
14350
14351
30762
30763
30764
30765
30766
14386
14387
14388
14389
14390
30801
30802
30803
30804
30805
14425
14426
14427
14428
14429
30840
30841
30842
30843
30844
14464
14465
14466
14467
14468
30880
30881
30882
30883
14503
14504
14505
14506
14507
30920
30921
30922
14542
14543
14544
14545
14546
30960
30961
14581
14582
14583
14584
14585
31000
14620
14621
14622
14623
14624
14659
14660
14661
14662
14663
14706
14707
14708
14709
14710
14735
14736
14737
14738
14739
14765
14766
14767
14768
14769
14796
14797
14798
14799
14800
31210
31211
31212
14828
31213
14829
31214
14830
14831
14832
14861
14862
14863
14864
31249
14865
31250
31251
31252
31253
14895
14896
14897
14898
14899
31288
31289
31290
31291
31292
14930
14931
14932
14933
14934
31327
31328
31329
31330
31331
14966
14967
14968
14969
14970
31366
31367
31368
31369
31370
15003
15004
15005
15006
15007
31405
31406
31407
31408
31409
15041
15042
15043
15044
15045
31444
31445
31446
31447
31448
15080
15081
15082
15083
15084
31483
31484
31485
31486
31487
15119
15120
15121
15122
15123
31522
31523
31524
31525
31526
15158
15159
15160
15161
15162
31561
31562
31563
31564
31565
15197
15198
15199
15200
15201
31600
31601
31602
31603
31604
15236
15237
15238
15239
15240
31640
31641
31642
31643
15275
15276
15277
15278
15279
31680
31681
31682
15314
15315
15316
15317
15318
31720
31721
15353
15354
15355
15356
15357
31760
15392
15393
15394
15395
15396
15440
15441
15442
15443
15444
15470
15471
15472
15473
15474
15501
15502
15503
15504
15505
15533
15534
15535
15536
15537
15566
15567
15568
15569
15570
15600
15601
15602
15603
15604
32009
32010
32011
32012
32013
15635
15636
15637
15638
15639
32048
32049
32050
32051
32052
15671
15672
15673
15674
15675
32087
32088
32089
32090
32091
15708
15709
15710
15711
15712
32126
32127
32128
32129
32130
15746
15747
15748
15749
15750
32165
32166
32167
32168
32169
15785
15786
15787
15788
15789
32204
32205
32206
32207
32208
15824
15825
15826
15827
15828
32243
32244
32245
32246
32247
15863
15864
15865
15866
15867
32282
32283
32284
32285
32286
15902
15903
15904
15905
15906
32321
32322
32323
32324
32325
15941
15942
15943
15944
15945
32360
32361
32362
32363
32364
15980
15981
15982
15983
15984
32400
32401
32402
32403
16019
16020
16021
16022
16023
32440
32441
32442
16058
16059
16060
16061
16062
32480
32481
16097
16098
16099
16100
16101
32520
16136
16137
16138
16139
16140
16185
16186
16187
16188
16189
16216
16217
16218
16219
16220
16248
16249
16250
16251
16252
16281
16282
16283
16284
16285
16315
16316
16317
16318
16319
16350
16351
16352
16353
16354
)


// ************************************************************************* //
