/*--------------------------------*- C++ -*----------------------------------*\
| =========                 |                                                 |
| \\      /  F ield         | OpenFOAM: The Open Source CFD Toolbox           |
|  \\    /   O peration     | Version:  2306                                  |
|   \\  /    A nd           | Website:  www.openfoam.com                      |
|    \\/     M anipulation  |                                                 |
\*---------------------------------------------------------------------------*/
FoamFile
{
    version     2.0;
    format      ascii;
    arch        "LSB;label=32;scalar=64";
    class       cellSet;
    location    "constant/polyMesh/sets";
    object      electrolyte;
}
// * * * * * * * * * * * * * * * * * * * * * * * * * * * * * * * * * * * * * //


8000
(
32768
32769
16396
16397
16398
16399
16400
16401
16402
16433
32818
16434
32819
16435
32820
16436
32821
16437
32822
16438
32823
16439
32824
16440
32825
32826
32827
16471
16472
32857
16473
32858
16474
32859
16475
32860
16476
32861
16477
32862
16478
32863
16479
32864
32865
32866
16510
16511
32896
16512
32897
16513
32898
16514
32899
16515
32900
16516
32901
16517
32902
16518
32903
16519
32904
32905
16549
16550
32935
16551
32936
16552
32937
16553
32938
16554
32939
16555
32940
16556
32941
16557
32942
16558
32943
32944
16588
16589
32974
16590
32975
16591
32976
16592
32977
16593
32978
16594
32979
16595
32980
16596
32981
16597
32982
32983
16627
16628
33013
16629
33014
16630
33015
16631
33016
16632
33017
16633
33018
16634
33019
16635
33020
16636
33021
33022
49420
49421
49422
49423
16666
16667
33052
16668
33053
16669
33054
16670
33055
16671
33056
16672
33057
16673
33058
16674
33059
16675
33060
33061
49454
49455
49456
16705
16706
33091
16707
33092
16708
33093
16709
33094
16710
33095
16711
33096
16712
33097
16713
33098
16714
33099
33100
49487
49488
16744
16745
33130
16746
33131
16747
33132
16748
33133
16749
33134
16750
49519
33135
16751
33136
16752
33137
16753
33138
33139
16783
16784
33169
16785
33170
16786
33171
16787
33172
16788
33173
16789
33174
16790
33175
16791
33176
16792
33177
33178
16822
16823
33208
16824
33209
16825
33210
16826
33211
16827
33212
16828
33213
16829
33214
16830
33215
16831
33216
33217
16861
16862
33247
16863
33248
16864
33249
16865
33250
16866
33251
16867
33252
16868
33253
16869
33254
16870
33255
33256
16900
16901
33286
16902
33287
16903
33288
16904
33289
16905
33290
16906
33291
16907
33292
16908
33293
16909
33294
33295
33325
33326
33327
33328
33329
33330
33331
33332
33333
33334
16950
16951
33364
33365
33366
16982
33367
16983
33368
16984
33369
33370
33371
33372
33373
17015
17016
17017
17018
33403
33404
33405
33406
33407
33408
33409
33410
33411
33412
17049
17050
17051
17052
17053
33442
33443
33444
33445
33446
33447
33448
33449
33450
33451
17084
17085
17086
17087
17088
17089
33481
33482
33483
33484
33485
33486
33487
33488
33489
33490
17120
17121
17122
17123
17124
17125
17126
33520
33521
33522
33523
33524
33525
49910
33526
49911
33527
49912
33528
33529
17157
17158
17159
17160
17161
17162
17163
17164
49943
49944
33560
33561
33562
33563
33564
33565
33566
33567
33568
17195
17196
17197
17198
17199
17200
17201
17202
17203
49975
33616
33617
33618
17234
33619
17235
33620
17236
33621
17237
33622
17238
33623
17239
33624
17240
33625
17241
17242
17243
33655
33656
33657
17273
33658
17274
33659
17275
33660
17276
33661
17277
33662
17278
33663
17279
33664
17280
17281
17282
33694
33695
33696
17312
33697
17313
33698
17314
33699
17315
33700
17316
33701
17317
33702
17318
33703
17319
17320
17321
33733
33734
33735
17351
33736
17352
33737
17353
33738
17354
33739
17355
33740
17356
33741
17357
33742
17358
17359
17360
33772
33773
33774
17390
33775
17391
33776
17392
33777
17393
33778
17394
33779
17395
33780
17396
33781
17397
17398
17399
33811
33812
33813
17429
33814
17430
33815
17431
33816
17432
33817
17433
33818
17434
33819
17435
33820
17436
17437
17438
33850
33851
33852
17468
33853
17469
33854
17470
33855
17471
33856
17472
33857
17473
33858
17474
33859
17475
17476
17477
33889
33890
33891
17507
33892
17508
33893
17509
33894
17510
33895
17511
33896
17512
33897
17513
33898
17514
17515
17516
33928
33929
33930
17546
33931
17547
33932
17548
33933
17549
33934
17550
33935
17551
33936
17552
33937
17553
17554
17555
33967
33968
33969
17585
33970
17586
33971
17587
33972
17588
33973
17589
33974
17590
33975
17591
33976
17592
17593
17594
50380
50381
34006
34007
34008
17624
34009
17625
34010
17626
34011
17627
34012
17628
34013
17629
34014
17630
34015
17631
17632
17633
50412
34045
34046
34047
17663
34048
17664
34049
17665
34050
17666
34051
17667
34052
17668
34053
17669
34054
17670
17671
17672
34084
34085
34086
34087
34088
34089
34090
34091
34092
34093
17714
17715
17716
34123
34124
34125
34126
34127
34128
34129
34130
34131
17747
34132
17748
17749
17750
34162
34163
34164
34165
17781
34166
17782
34167
17783
34168
17784
34169
17785
34170
34171
17816
34201
17817
34202
17818
34203
17819
34204
17820
34205
17821
34206
34207
34208
34209
34210
17852
17853
17854
17855
34240
17856
34241
17857
34242
17858
34243
34244
34245
34246
34247
34248
34249
17889
17890
17891
17892
17893
17894
34279
17895
34280
17896
34281
34282
34283
34284
34285
34286
34287
34288
17927
17928
17929
17930
17931
17932
17933
17934
34319
17935
34320
34321
34322
34323
34324
34325
34326
34327
17966
17967
17968
17969
17970
17971
17972
17973
34358
17974
34359
17975
34360
34361
34362
34363
34364
34365
18005
18006
18007
18008
18009
18010
18011
18012
18013
18014
34412
34413
34414
34415
34416
34417
34418
34419
34420
34421
18044
18045
18046
18047
18048
18049
18050
18051
18052
18053
50830
34451
34452
34453
34454
34455
34456
34457
34458
34459
34460
18083
18084
18085
18086
18087
18088
18089
18090
18091
18092
34490
34491
34492
34493
34494
34495
34496
34497
34498
34499
18122
18123
18124
18125
18126
18127
18128
18129
18130
18131
34529
34530
34531
34532
34533
34534
34535
34536
34537
34538
18161
18162
18163
18164
18165
18166
18167
18168
18169
18170
34568
34569
34570
34571
34572
34573
34574
34575
34576
34577
18200
18201
18202
18203
18204
18205
18206
18207
18208
18209
34607
34608
34609
34610
34611
34612
34613
34614
34615
34616
18239
18240
18241
18242
18243
18244
18245
18246
18247
18248
34646
34647
34648
34649
34650
34651
34652
34653
34654
34655
18278
18279
18280
18281
18282
18283
18284
18285
18286
18287
34685
34686
34687
34688
34689
34690
34691
34692
34693
34694
18317
18318
18319
18320
18321
18322
18323
18324
18325
18326
34724
34725
34726
34727
34728
34729
34730
34731
34732
34733
18356
18357
18358
18359
18360
18361
18362
18363
18364
18365
34763
34764
34765
34766
34767
34768
34769
34770
34771
34772
18395
18396
18397
18398
18399
18400
18401
18402
18403
18404
34802
34803
34804
34805
34806
34807
34808
34809
34810
34811
18434
18435
18436
18437
18438
18439
18440
18441
18442
18443
34841
34842
34843
34844
34845
34846
34847
34848
34849
34850
18486
18487
18488
18489
34880
34881
34882
34883
34884
34885
34886
34887
34888
34889
18520
18521
18522
18523
18524
34919
34920
34921
34922
34923
34924
34925
34926
34927
34928
18555
18556
18557
18558
18559
18560
34958
34959
34960
34961
34962
34963
34964
34965
34966
34967
18591
18592
18593
18594
18595
18596
18597
34997
34998
34999
35000
35001
35002
35003
35004
35005
35006
18628
18629
18630
18631
18632
18633
18634
18635
35036
35037
35038
35039
35040
35041
35042
35043
35044
35045
18666
18667
18668
18669
18670
18671
18672
18673
18674
35076
35077
35078
35079
35080
35081
35082
35083
35084
18705
18706
18707
18708
18709
18710
18711
18712
18713
18714
35115
35116
35117
35118
35119
35120
35121
35122
18744
18745
18746
18747
18748
18749
18750
18751
18752
18753
35153
35154
35155
35156
35157
35158
35159
18783
18784
18785
18786
18787
18788
18789
18790
18791
18792
35205
35206
18822
35207
18823
35208
18824
35209
18825
35210
18826
35211
18827
35212
18828
35213
18829
35214
18830
18831
35244
35245
18861
35246
18862
35247
18863
35248
18864
35249
18865
35250
18866
35251
18867
35252
18868
35253
18869
18870
35283
35284
18900
35285
18901
35286
18902
35287
18903
35288
18904
35289
18905
35290
18906
35291
18907
35292
18908
18909
35322
35323
18939
35324
18940
35325
18941
35326
18942
35327
18943
35328
18944
35329
18945
35330
18946
35331
18947
18948
35361
35362
18978
35363
18979
35364
18980
35365
18981
35366
18982
35367
18983
35368
18984
35369
18985
35370
18986
18987
35400
35401
19017
35402
19018
35403
19019
35404
19020
35405
19021
35406
19022
35407
19023
35408
19024
35409
19025
19026
35439
35440
19056
35441
19057
35442
19058
35443
19059
35444
19060
35445
19061
35446
19062
35447
19063
35448
19064
19065
35478
35479
19095
35480
19096
35481
19097
35482
19098
35483
19099
35484
19100
35485
19101
35486
19102
35487
19103
19104
35517
35518
19134
35519
19135
35520
19136
35521
19137
35522
19138
35523
19139
35524
19140
35525
19141
35526
19142
19143
35556
35557
19173
35558
19174
35559
19175
35560
19176
35561
19177
35562
19178
35563
19179
35564
19180
35565
19181
19182
35595
35596
19212
35597
19213
35598
19214
35599
19215
35600
19216
35601
19217
35602
19218
35603
19219
35604
19220
19221
35634
35635
35636
35637
35638
35639
35640
35641
35642
35643
19265
19266
19267
19268
19269
35673
35674
35675
35676
35677
35678
35679
35680
35681
35682
19300
19301
19302
19303
19304
19305
35712
35713
35714
35715
35716
35717
35718
35719
35720
19336
35721
19337
19338
19339
19340
19341
19342
35751
35752
35753
35754
35755
35756
35757
19373
35758
19374
35759
19375
35760
19376
19377
19378
19379
19380
35790
35791
35792
35793
35794
35795
19411
35796
19412
35797
19413
35798
19414
35799
19415
19416
19417
19418
19419
35830
35831
35832
35833
35834
19450
35835
19451
35836
19452
35837
19453
35838
19454
19455
19456
19457
19458
19459
35869
35870
35871
35872
35873
19489
35874
19490
35875
19491
35876
19492
19493
19494
19495
19496
19497
19498
35907
35908
35909
35910
35911
35912
19528
35913
19529
19530
19531
19532
19533
19534
19535
19536
19537
35944
35945
35946
35947
35948
35949
19567
19568
19569
19570
19571
19572
19573
19574
19575
19576
19606
19607
19608
19609
35994
19610
35995
19611
35996
19612
35997
19613
35998
19614
35999
19615
36000
36001
36002
36003
19645
19646
19647
19648
36033
19649
36034
19650
36035
19651
36036
19652
36037
19653
36038
19654
36039
36040
36041
36042
19684
19685
19686
19687
36072
19688
36073
19689
36074
19690
36075
19691
36076
19692
36077
19693
36078
36079
36080
36081
19723
19724
19725
19726
36111
19727
36112
19728
36113
19729
36114
19730
36115
19731
36116
19732
36117
36118
36119
36120
19762
19763
19764
19765
36150
19766
36151
19767
36152
19768
36153
19769
36154
19770
36155
19771
36156
36157
36158
36159
19801
19802
19803
19804
36189
19805
36190
19806
36191
19807
36192
19808
36193
19809
36194
19810
36195
36196
36197
36198
19840
19841
19842
19843
36228
19844
36229
19845
36230
19846
36231
19847
36232
19848
36233
19849
36234
36235
36236
36237
19879
19880
19881
19882
36267
19883
36268
19884
36269
19885
36270
19886
36271
19887
36272
19888
36273
36274
36275
36276
19918
19919
19920
19921
36306
19922
36307
19923
36308
19924
36309
19925
36310
19926
36311
19927
36312
36313
36314
36315
19957
19958
19959
19960
36345
19961
36346
19962
36347
19963
36348
19964
36349
19965
36350
19966
36351
36352
36353
36354
19996
19997
19998
19999
36384
20000
36385
20001
36386
20002
36387
20003
36388
20004
36389
20005
36390
36391
36392
36393
36423
36424
36425
36426
36427
36428
36429
36430
36431
36432
20050
20051
20052
20053
20054
20055
36462
36463
36464
36465
36466
36467
36468
36469
36470
20086
36471
20087
20088
20089
20090
20091
20092
36501
36502
36503
36504
36505
36506
36507
20123
36508
20124
36509
20125
36510
20126
20127
20128
20129
20130
36540
36541
36542
36543
36544
36545
20161
36546
20162
36547
20163
36548
20164
36549
20165
20166
20167
20168
20169
36580
36581
36582
36583
36584
20200
36585
20201
36586
20202
36587
20203
36588
20204
20205
20206
20207
20208
20209
36619
36620
36621
36622
36623
20239
36624
20240
36625
20241
36626
20242
20243
20244
20245
20246
20247
20248
36657
36658
36659
36660
36661
36662
20278
36663
20279
20280
20281
20282
20283
20284
20285
20286
20287
36694
36695
36696
36697
36698
36699
20317
20318
20319
20320
20321
20322
20323
20324
20325
20326
36730
36731
36732
36733
36734
20356
20357
20358
20359
20360
20361
20362
20363
20364
20365
36778
36779
20395
36780
20396
36781
20397
36782
20398
36783
20399
36784
20400
36785
20401
36786
20402
36787
20403
20404
36817
36818
20434
36819
20435
36820
20436
36821
20437
36822
20438
36823
20439
36824
20440
36825
20441
36826
20442
20443
36856
36857
20473
36858
20474
36859
20475
36860
20476
36861
20477
36862
20478
36863
20479
36864
20480
36865
20481
20482
36895
36896
20512
36897
20513
36898
20514
36899
20515
36900
20516
36901
20517
36902
20518
36903
20519
36904
20520
20521
36934
36935
20551
36936
20552
36937
20553
36938
20554
36939
20555
36940
20556
36941
20557
36942
20558
36943
20559
20560
36973
36974
20590
36975
20591
36976
20592
36977
20593
36978
20594
36979
20595
36980
20596
36981
20597
36982
20598
20599
37012
37013
20629
37014
20630
37015
20631
37016
20632
37017
20633
37018
20634
37019
20635
37020
20636
37021
20637
20638
37051
37052
20668
37053
20669
37054
20670
37055
20671
37056
20672
37057
20673
37058
20674
37059
20675
37060
20676
20677
37090
37091
20707
37092
20708
37093
20709
37094
20710
37095
20711
37096
20712
37097
20713
37098
20714
37099
20715
20716
37129
37130
20746
37131
20747
37132
20748
37133
20749
37134
20750
37135
20751
37136
20752
37137
20753
37138
20754
20755
37168
37169
20785
37170
20786
37171
20787
37172
20788
37173
20789
37174
20790
37175
20791
37176
20792
37177
20793
20794
37207
37208
37209
37210
37211
37212
37213
37214
37215
37216
20840
20841
20842
20843
20844
20845
20846
37246
37247
37248
37249
37250
37251
37252
37253
37254
37255
20877
20878
20879
20880
20881
20882
20883
20884
37285
37286
37287
37288
37289
37290
37291
37292
37293
37294
20915
20916
20917
20918
20919
20920
20921
20922
20923
37325
37326
37327
37328
37329
37330
37331
37332
37333
20954
20955
20956
20957
20958
20959
20960
20961
20962
20963
37364
37365
37366
37367
37368
37369
37370
37371
20993
20994
20995
20996
20997
20998
20999
21000
21001
21002
37402
37403
37404
37405
37406
37407
37408
21032
21033
21034
21035
21036
21037
21038
21039
21040
21041
37439
37440
37441
37442
37443
37444
21071
21072
21073
21074
21075
21076
21077
21078
21079
21080
37475
37476
37477
37478
37479
21110
21111
21112
21113
21114
21115
21116
21117
21118
21119
37510
37511
37512
37513
21149
21150
21151
21152
21153
21154
21155
21156
21157
21158
37556
37557
37558
37559
37560
37561
37562
37563
37564
37565
21188
21189
21190
21191
21192
21193
21194
21195
21196
21197
37595
37596
37597
37598
37599
37600
37601
37602
37603
37604
21227
21228
21229
21230
21231
21232
21233
21234
21235
21236
37634
37635
37636
37637
37638
37639
37640
37641
37642
37643
21266
21267
21268
21269
21270
21271
21272
21273
21274
21275
37673
37674
37675
37676
37677
37678
37679
37680
37681
37682
21305
21306
21307
21308
21309
21310
21311
21312
21313
21314
37712
37713
37714
37715
37716
37717
37718
37719
37720
37721
21344
21345
21346
21347
21348
21349
21350
21351
21352
21353
37751
37752
37753
37754
37755
37756
37757
37758
37759
37760
21383
21384
21385
21386
21387
21388
21389
21390
21391
21392
37790
37791
37792
37793
37794
37795
37796
37797
37798
37799
21422
21423
21424
21425
21426
21427
21428
21429
21430
21431
37829
37830
37831
37832
37833
37834
37835
37836
37837
37838
21461
21462
21463
21464
21465
21466
21467
21468
21469
21470
37868
37869
37870
37871
37872
37873
37874
37875
37876
37877
21500
21501
21502
21503
21504
21505
21506
21507
21508
21509
37907
37908
37909
37910
37911
37912
37913
37914
37915
37916
21539
21540
21541
21542
21543
21544
21545
21546
21547
21548
5169
37946
37947
37948
37949
37950
37951
37952
37953
37954
37955
21578
21579
21580
21581
21582
21583
21584
21585
21586
21587
37985
37986
37987
37988
37989
37990
37991
37992
37993
37994
21634
21635
21636
21637
21638
21639
38024
21640
38025
21641
38026
38027
38028
38029
38030
38031
38032
38033
21672
21673
21674
21675
21676
21677
21678
21679
38064
21680
38065
38066
38067
38068
38069
38070
38071
38072
21711
21712
21713
21714
21715
21716
21717
21718
38103
21719
38104
21720
38105
38106
38107
38108
38109
38110
21750
21751
21752
21753
21754
21755
21756
38141
21757
38142
21758
38143
21759
38144
38145
38146
38147
21789
21790
21791
21792
21793
38178
21794
38179
21795
38180
21796
38181
21797
38182
21798
38183
21828
21829
38214
21830
38215
21831
38216
21832
38217
21833
38218
21834
21835
21836
21837
38249
38250
38251
21867
38252
21868
21869
21870
21871
21872
21873
21874
21875
21876
38283
38284
38285
21906
21907
21908
21909
21910
21911
21912
21913
21914
21915
38327
38328
38329
21945
38330
21946
38331
21947
38332
21948
38333
21949
38334
21950
38335
21951
38336
21952
21953
21954
5587
38366
38367
38368
21984
38369
21985
38370
21986
38371
21987
38372
21988
38373
21989
38374
21990
38375
21991
21992
21993
5618
5619
38405
38406
38407
22023
38408
22024
38409
22025
38410
22026
38411
22027
38412
22028
38413
22029
38414
22030
22031
22032
38444
38445
38446
22062
38447
22063
38448
22064
38449
22065
38450
22066
38451
22067
38452
22068
38453
22069
22070
22071
38483
38484
38485
22101
38486
22102
38487
22103
38488
22104
38489
22105
38490
22106
38491
22107
38492
22108
22109
22110
38522
38523
38524
22140
38525
22141
38526
22142
38527
22143
38528
22144
38529
22145
38530
22146
38531
22147
22148
22149
38561
38562
38563
22179
38564
22180
38565
22181
38566
22182
38567
22183
38568
22184
38569
22185
38570
22186
22187
22188
38600
38601
38602
22218
38603
22219
38604
22220
38605
22221
38606
22222
38607
22223
38608
22224
38609
22225
22226
22227
38639
38640
38641
22257
38642
22258
38643
22259
38644
22260
38645
22261
38646
22262
38647
22263
38648
22264
22265
22266
38678
38679
38680
22296
38681
22297
38682
22298
38683
22299
38684
22300
38685
22301
38686
22302
38687
22303
22304
22305
38717
38718
38719
22335
38720
22336
38721
22337
38722
22338
38723
22339
38724
22340
38725
22341
38726
22342
22343
22344
38756
38757
38758
22374
38759
22375
38760
22376
38761
22377
38762
22378
38763
22379
38764
22380
38765
22381
22382
22383
6024
38796
38797
38798
38799
38800
38801
38802
38803
38804
22431
22432
22433
22434
22435
22436
22437
22438
22439
6055
6056
38835
38836
38837
38838
38839
38840
38841
38842
22470
22471
6087
22472
6088
22473
6089
22474
22475
22476
22477
22478
22479
38873
38874
38875
38876
38877
38878
38879
22509
22510
22511
22512
22513
22514
22515
22516
22517
22518
38910
38911
38912
38913
38914
38915
22548
22549
22550
22551
22552
22553
22554
22555
22556
22557
38946
38947
38948
38949
38950
22587
22588
22589
22590
22591
22592
22593
22594
22595
22596
38981
38982
38983
38984
22626
22627
22628
22629
22630
39015
22631
39016
22632
39017
22633
22634
22635
39048
39049
22665
22666
22667
22668
22669
22670
22671
22672
22673
22674
22704
22705
39090
22706
39091
22707
39092
22708
39093
22709
39094
22710
39095
22711
39096
22712
39097
22713
39098
39099
22743
22744
39129
22745
39130
22746
39131
22747
39132
22748
39133
22749
39134
22750
39135
22751
39136
22752
39137
39138
22782
22783
39168
22784
39169
22785
39170
22786
39171
22787
39172
22788
39173
22789
39174
22790
39175
22791
39176
39177
22821
22822
39207
22823
39208
22824
39209
22825
39210
22826
39211
22827
39212
22828
39213
22829
39214
22830
39215
39216
22860
22861
39246
22862
39247
22863
39248
22864
6480
39249
22865
39250
22866
39251
22867
39252
22868
39253
22869
39254
39255
6511
6512
22899
22900
39285
22901
39286
22902
39287
22903
39288
22904
39289
22905
39290
22906
39291
22907
39292
22908
39293
39294
6543
6544
6545
22938
22939
39324
22940
39325
22941
39326
22942
39327
22943
39328
22944
39329
22945
39330
22946
39331
22947
39332
39333
6576
6577
6578
6579
22977
22978
39363
22979
39364
22980
39365
22981
39366
22982
39367
22983
39368
22984
39369
22985
39370
22986
39371
39372
23016
23017
39402
23018
39403
23019
39404
23020
39405
23021
39406
23022
39407
23023
39408
23024
39409
23025
39410
39411
23055
23056
39441
23057
39442
23058
39443
23059
39444
23060
39445
23061
39446
23062
39447
23063
39448
23064
39449
39450
23094
23095
39480
23096
39481
23097
39482
23098
39483
23099
39484
23100
39485
23101
39486
23102
39487
23103
39488
39489
23133
23134
23135
39520
23136
39521
23137
39522
23138
39523
23139
39524
23140
39525
23141
39526
23142
39527
39528
23172
23173
23174
39559
23175
39560
23176
39561
23177
39562
23178
39563
23179
39564
23180
39565
23181
39566
39597
39598
39599
39600
39601
39602
39603
23230
23231
23232
23233
23234
23235
23236
23237
23238
23239
39634
39635
39636
39637
39638
39639
23269
23270
23271
23272
23273
23274
23275
23276
23277
23278
39670
39671
39672
39673
39674
23308
23309
23310
23311
23312
23313
23314
23315
23316
23317
39705
39706
39707
39708
6955
23347
23348
23349
23350
23351
23352
23353
23354
39739
23355
39740
23356
39741
6986
6987
23386
23387
39772
23388
39773
23389
23390
23391
23392
23393
23394
23395
7018
7019
7020
39804
23425
23426
23427
23428
23429
23430
23431
23432
23433
23434
7051
7052
7053
7054
39844
39845
39846
39847
39848
23464
39849
23465
39850
23466
39851
23467
39852
23468
39853
23469
7085
23470
7086
23471
7087
23472
7088
23473
7089
39883
39884
39885
39886
39887
23503
39888
23504
39889
23505
39890
23506
39891
23507
39892
23508
23509
23510
23511
23512
39922
39923
39924
39925
39926
23542
39927
23543
39928
23544
39929
23545
39930
23546
39931
23547
23548
23549
23550
23551
39961
39962
39963
39964
39965
23581
39966
23582
39967
23583
39968
23584
39969
23585
39970
23586
23587
23588
23589
23590
40000
40001
40002
40003
40004
23620
40005
23621
40006
23622
40007
23623
40008
23624
40009
23625
23626
23627
23628
23629
40039
40040
40041
40042
40043
23659
40044
23660
40045
23661
40046
23662
40047
23663
40048
23664
23665
23666
23667
23668
40078
40079
40080
40081
40082
23698
40083
23699
40084
23700
40085
23701
40086
23702
40087
23703
23704
23705
23706
23707
40117
40118
40119
40120
40121
23737
40122
23738
40123
23739
40124
23740
40125
23741
40126
23742
23743
23744
23745
23746
40156
40157
40158
40159
40160
23776
40161
23777
40162
23778
40163
23779
40164
23780
40165
23781
23782
23783
23784
23785
40195
40196
40197
40198
40199
23815
40200
23816
40201
23817
40202
23818
40203
23819
40204
23820
23821
23822
23823
23824
7449
40235
40236
40237
40238
23854
40239
23855
40240
23856
40241
23857
40242
23858
40243
23859
23860
23861
23862
23863
7480
7481
40274
40275
40276
40277
23893
40278
23894
40279
23895
40280
23896
7512
40281
23897
7513
23898
7514
23899
23900
23901
23902
40312
40313
7545
40314
7546
40315
7547
40316
23932
7548
40317
23933
40318
23934
23935
23936
23937
23938
23939
23940
23941
7579
7580
40349
7581
40350
7582
40351
7583
40352
40353
40354
23971
23972
23973
23974
23975
23976
23977
23978
23979
23980
7614
7615
7616
40385
7617
40386
7618
40387
7619
40388
40389
24029
24030
24031
24032
24033
24034
24035
40420
24036
40421
24037
40422
24038
40423
24068
24069
40454
24070
40455
24071
40456
24072
24073
24074
24075
24076
24077
40487
40488
24107
24108
24109
24110
24111
24112
24113
24114
24115
24116
40519
24146
24147
24148
24149
24150
24151
24152
24153
24154
24155
24185
24186
24187
24188
24189
24190
24191
24192
24193
24194
40588
40589
40590
40591
40592
40593
40594
40595
40596
40597
24224
24225
24226
24227
24228
24229
24230
24231
24232
24233
40627
40628
40629
40630
40631
40632
40633
40634
40635
40636
24263
24264
24265
24266
24267
24268
24269
24270
24271
24272
40666
40667
40668
40669
40670
40671
40672
40673
40674
40675
24302
24303
24304
24305
24306
24307
24308
24309
24310
24311
40705
40706
40707
40708
40709
40710
40711
40712
40713
40714
24341
24342
24343
24344
24345
24346
7962
24347
24348
24349
24350
40744
40745
40746
40747
40748
40749
40750
40751
40752
40753
7993
7994
24380
24381
24382
24383
24384
24385
24386
24387
24388
24389
40783
40784
40785
40786
40787
40788
40789
40790
40791
40792
8025
8026
8027
24419
24420
24421
24422
24423
24424
24425
24426
24427
24428
40822
40823
40824
40825
40826
8058
40827
8059
40828
8060
40829
8061
40830
40831
24458
24459
24460
24461
24462
24463
24464
24465
24466
24467
8092
40861
8093
40862
8094
40863
8095
40864
8096
40865
40866
40867
40868
40869
40870
24497
24498
24499
24500
24501
24502
24503
24504
24505
24506
8127
8128
8129
8130
8131
40900
8132
40901
40902
40903
40904
40905
40906
40907
40908
40909
24536
24537
24538
24539
24540
24541
24542
24543
24544
24545
8163
8164
8165
8166
8167
8168
8169
40940
40941
40942
40943
40944
40945
40946
40947
40948
24575
24576
24577
24578
24579
24580
24581
24582
24583
24584
40979
40980
40981
40982
40983
40984
40985
40986
24614
24615
24616
24617
24618
24619
24620
24621
24622
24623
41017
41018
41019
41020
41021
41022
41023
24653
24654
24655
24656
24657
24658
24659
24660
24661
24662
41054
41055
41056
41057
41058
41059
24692
24693
24694
24695
24696
24697
24698
24699
24700
24701
41090
41091
41092
41093
41094
24731
24732
24733
24734
24735
24736
24737
24738
24739
24740
41125
41126
41127
41128
24770
24771
24772
24773
24774
41159
24775
41160
24776
41161
24777
24778
24779
41192
41193
24828
24829
24830
24831
24832
24833
24834
24835
24836
24837
41224
24867
24868
24869
24870
24871
24872
24873
24874
24875
24876
8494
24906
24907
24908
24909
8525
24910
8526
24911
24912
24913
24914
24915
41321
41322
41323
41324
41325
8557
41326
8558
41327
8559
41328
41329
24945
41330
24946
24947
24948
24949
24950
24951
24952
24953
24954
8590
8591
41360
8592
41361
8593
41362
41363
41364
41365
41366
41367
41368
24984
41369
24985
24986
24987
24988
24989
24990
24991
24992
24993
8624
8625
8626
8627
8628
41399
41400
41401
41402
41403
41404
41405
41406
41407
25023
41408
25024
25025
25026
25027
25028
25029
25030
25031
25032
8659
8660
8661
8662
8663
8664
41438
41439
41440
41441
41442
41443
41444
41445
41446
25062
41447
25063
25064
25065
25066
25067
25068
25069
25070
25071
8695
8696
8697
8698
8699
8700
8701
41477
41478
41479
41480
41481
41482
41483
41484
41485
25101
41486
25102
25103
25104
25105
25106
25107
25108
25109
25110
8732
8733
8734
8735
8736
8737
8738
8739
41516
41517
41518
41519
41520
41521
41522
41523
41524
25140
41525
25141
25142
25143
25144
25145
25146
25147
25148
25149
41555
41556
41557
41558
41559
41560
41561
41562
41563
25179
41564
25180
25181
25182
25183
25184
25185
25186
25187
25188
41594
41595
41596
41597
41598
41599
41600
41601
41602
25218
41603
25219
25220
25221
25222
25223
25224
25225
25226
25227
41634
41635
41636
41637
41638
41639
41640
41641
25257
41642
25258
25259
25260
25261
25262
25263
25264
25265
25266
41673
41674
41675
41676
41677
41678
41679
41680
25296
25297
25298
25299
25300
25301
25302
25303
25304
25305
41711
41712
41713
41714
41715
41716
41717
25335
25336
25337
25338
25339
25340
25341
25342
25343
25344
41748
41749
41750
41751
41752
41753
25374
25375
25376
25377
25378
25379
25380
25381
25382
25383
41784
41785
41786
41787
41788
25413
25414
25415
25416
25417
25418
25419
25420
25421
25422
9045
41819
41820
41821
41822
25452
25453
25454
25455
25456
25457
25458
25459
25460
9076
25461
9077
41853
41854
41855
25491
25492
9108
25493
9109
25494
9110
25495
25496
25497
25498
25499
25500
41886
41887
9141
9142
9143
9144
25530
25531
25532
25533
41918
25534
25535
25536
25537
25538
25539
9175
9176
9177
9178
9179
25569
25570
25571
25572
25573
25574
25575
25576
25577
25578
9210
9211
9212
9213
9214
9215
25627
25628
25629
25630
9246
25631
9247
25632
9248
25633
9249
25634
9250
25635
9251
25636
9252
42042
42043
42044
42045
42046
42047
42048
42049
42050
25666
42051
25667
9283
25668
9284
25669
9285
25670
9286
25671
9287
25672
9288
25673
9289
25674
9290
25675
42081
42082
42083
42084
42085
42086
42087
42088
42089
25705
9321
42090
25706
9322
25707
9323
25708
9324
25709
9325
25710
9326
25711
9327
25712
9328
25713
9329
25714
42120
42121
42122
42123
42124
42125
42126
42127
42128
25744
42129
25745
25746
25747
25748
25749
25750
25751
25752
25753
42159
42160
42161
42162
42163
42164
42165
42166
42167
25783
42168
25784
25785
25786
25787
25788
25789
25790
25791
25792
42198
42199
42200
42201
42202
42203
42204
42205
42206
25822
42207
25823
25824
25825
25826
25827
25828
25829
25830
25831
42237
42238
42239
42240
42241
42242
42243
42244
42245
25861
42246
25862
25863
25864
25865
25866
25867
25868
25869
25870
42276
42277
42278
42279
42280
42281
42282
42283
42284
25900
42285
25901
25902
25903
25904
25905
25906
25907
25908
25909
42316
42317
42318
42319
42320
42321
42322
42323
25939
42324
25940
25941
25942
25943
25944
25945
25946
25947
25948
42355
42356
42357
42358
42359
42360
42361
42362
25978
25979
25980
25981
25982
25983
25984
25985
25986
25987
9615
42393
42394
42395
42396
42397
42398
42399
26017
26018
26019
26020
26021
26022
26023
26024
26025
26026
9646
9647
42430
42431
42432
42433
42434
42435
26056
26057
26058
26059
26060
26061
26062
9678
26063
9679
26064
9680
26065
42466
42467
42468
42469
42470
26095
9711
26096
9712
26097
9713
26098
9714
26099
26100
26101
26102
26103
26104
42501
42502
42503
42504
9745
9746
9747
9748
9749
26134
26135
26136
26137
26138
26139
26140
26141
26142
26143
42535
42536
42537
9780
9781
9782
9783
9784
9785
26173
26174
26175
26176
26177
26178
26179
26180
26181
26182
42568
42569
9816
9817
9818
9819
9820
9821
9822
26212
26213
26214
26215
42600
26216
26217
26218
26219
26220
26221
9853
9854
9855
9856
9857
9858
9859
9860
26251
26252
26253
26254
26255
26256
26257
26258
26259
26260
9891
9892
9893
9894
9895
9896
9897
9898
9899
26290
26291
26292
26293
26294
26295
26296
26297
26298
26299
9930
9931
9932
9933
9934
9935
9936
9937
9938
9939
26329
26330
26331
26332
26333
26334
26335
26336
26337
26338
42750
42751
42752
26368
42753
26369
42754
26370
42755
26371
42756
26372
42757
26373
42758
26374
42759
26375
26376
26377
42789
42790
42791
42792
42793
42794
42795
42796
42797
42798
26426
26427
26428
26429
26430
26431
26432
26433
26434
26435
42828
42829
42830
42831
42832
42833
42834
42835
42836
42837
26465
26466
26467
26468
26469
26470
26471
26472
26473
26474
42867
42868
42869
42870
42871
42872
42873
42874
42875
42876
26504
26505
26506
26507
26508
26509
26510
26511
26512
26513
42906
42907
42908
42909
42910
42911
42912
42913
42914
42915
26543
26544
26545
26546
26547
26548
26549
26550
26551
26552
42945
42946
42947
42948
42949
42950
42951
42952
42953
42954
26582
26583
26584
26585
26586
26587
26588
10204
26589
26590
26591
42985
42986
42987
42988
42989
42990
42991
42992
42993
10235
10236
26621
26622
26623
26624
26625
26626
26627
26628
26629
26630
43024
43025
43026
43027
43028
43029
43030
43031
10267
10268
10269
26660
26661
26662
26663
26664
26665
26666
26667
26668
26669
43062
43063
43064
43065
43066
43067
43068
10300
10301
10302
10303
26699
26700
26701
26702
26703
26704
26705
26706
26707
26708
43099
43100
43101
43102
10334
43103
10335
43104
10336
10337
10338
26738
26739
26740
26741
26742
26743
26744
26745
26746
26747
43135
43136
43137
10369
43138
10370
43139
10371
10372
10373
10374
26777
26778
26779
26780
26781
26782
26783
26784
26785
43170
26786
43171
43172
43173
10405
10406
10407
10408
10409
10410
10411
26816
26817
26818
26819
43204
26820
43205
26821
43206
26822
26823
26824
26825
10442
10443
10444
10445
10446
10447
10448
10449
43237
43238
26855
26856
26857
26858
26859
26860
26861
26862
26863
26864
10480
10481
10482
10483
10484
10485
10486
10487
10488
43269
26894
26895
26896
26897
26898
26899
26900
26901
26902
26903
10519
10520
10521
10522
10523
10524
10525
10526
10527
10528
26933
26934
26935
26936
26937
26938
26939
26940
26941
26942
10558
10559
10560
10561
10562
10563
10564
10565
10566
10567
26972
26973
26974
26975
26976
26977
26978
26979
26980
26981
27011
27012
27013
27014
27015
27016
27017
27018
27019
27020
27050
27051
27052
27053
27054
27055
27056
27057
27058
27059
43444
43445
43446
43447
43448
43449
43450
43451
43452
43453
27089
27090
27091
27092
27093
27094
27095
27096
27097
27098
43483
43484
43485
43486
43487
43488
43489
43490
43491
43492
27128
27129
27130
27131
27132
27133
27134
27135
27136
27137
43522
43523
43524
43525
43526
43527
43528
43529
43530
43531
27167
27168
27169
27170
27171
27172
27173
27174
27175
27176
43561
43562
43563
43564
43565
43566
43567
43568
43569
43570
10811
43600
43601
43602
43603
43604
43605
43606
43607
43608
43609
27225
27226
10842
27227
10843
27228
27229
27230
27231
27232
27233
27234
43640
43641
43642
10874
43643
10875
43644
10876
43645
43646
43647
43648
27264
27265
27266
27267
27268
27269
27270
27271
27272
27273
10907
10908
10909
10910
43679
43680
43681
43682
43683
43684
43685
43686
27303
27304
27305
27306
27307
27308
27309
27310
27311
27312
10941
10942
10943
10944
10945
43717
43718
43719
43720
43721
43722
43723
27342
27343
27344
27345
27346
27347
27348
27349
27350
27351
10976
10977
10978
10979
10980
10981
43754
43755
43756
43757
43758
43759
27381
27382
27383
27384
27385
27386
27387
27388
27389
27390
11012
11013
11014
11015
11016
11017
11018
43790
43791
43792
43793
43794
27420
27421
27422
27423
27424
27425
27426
27427
27428
27429
11049
11050
11051
11052
11053
11054
11055
11056
43825
43826
43827
43828
27459
27460
27461
27462
27463
27464
27465
27466
27467
27468
11087
11088
11089
11090
43859
11091
43860
11092
43861
11093
11094
11095
27498
27499
27500
27501
27502
27503
27504
27505
27506
27507
43892
43893
11126
11127
11128
11129
11130
11131
11132
11133
11134
11135
27537
27538
27539
43924
27540
27541
27542
27543
27544
27545
27546
11165
11166
11167
11168
11169
11170
11171
11172
11173
11174
27576
27577
27578
27579
27580
27581
27582
27583
27584
27585
11204
11205
11206
11207
11208
11209
11210
11211
11212
11213
27615
27616
27617
27618
27619
27620
27621
27622
27623
27624
27654
27655
27656
27657
27658
27659
27660
27661
27662
27663
27693
27694
27695
27696
27697
27698
27699
27700
27701
27702
27732
27733
27734
27735
27736
27737
27738
44123
27739
44124
27740
44125
27741
44126
44127
44128
44129
44130
44131
44132
27771
27772
27773
27774
27775
27776
27777
44162
27778
44163
27779
44164
27780
44165
44166
44167
44168
44169
44170
44171
27810
27811
27812
27813
27814
27815
27816
44201
27817
44202
27818
44203
27819
11435
44204
44205
44206
44207
44208
44209
44210
27849
27850
11466
27851
11467
27852
27853
27854
27855
44240
27856
44241
27857
44242
27858
44243
44244
44245
44246
44247
44248
44249
11498
11499
11500
27888
27889
27890
27891
27892
27893
27894
27895
44280
27896
44281
27897
44282
44283
44284
44285
44286
44287
44288
11531
11532
11533
11534
27927
27928
27929
27930
27931
27932
27933
27934
44319
27935
44320
27936
44321
44322
44323
44324
44325
44326
11565
11566
11567
11568
11569
27966
27967
27968
27969
27970
27971
27972
44357
27973
44358
27974
44359
27975
44360
44361
44362
44363
11600
11601
11602
11603
11604
11605
44394
44395
44396
44397
44398
44399
11636
11637
11638
11639
28024
11640
28025
11641
28026
11642
28027
28028
28029
28030
28031
28032
28033
44430
44431
44432
44433
44434
11673
11674
11675
11676
11677
11678
28063
11679
28064
11680
28065
28066
28067
28068
28069
28070
28071
28072
44465
44466
44467
44468
11711
11712
11713
11714
11715
11716
11717
28102
11718
28103
11719
28104
28105
28106
28107
28108
28109
28110
28111
44499
44500
44501
11750
11751
11752
11753
11754
11755
11756
28141
11757
28142
11758
28143
11759
28144
28145
28146
28147
44532
28148
44533
28149
28150
11789
11790
11791
11792
11793
11794
11795
44564
28180
11796
28181
11797
28182
11798
28183
28184
28185
28186
28187
28188
28189
11828
11829
11830
11831
11832
11833
11834
28219
11835
28220
11836
28221
11837
28222
28223
28224
28225
28226
28227
28228
11867
11868
11869
11870
11871
11872
11873
28258
11874
28259
11875
28260
11876
28261
28262
28263
28264
28265
28266
28267
28297
28298
28299
28300
28301
28302
28303
28304
28305
28306
28336
28337
28338
28339
28340
28341
28342
28343
28344
28345
28375
28376
28377
28378
28379
28380
28381
28382
28383
28384
44786
44787
44788
44789
44790
44791
44792
44793
44794
44795
28414
28415
28416
28417
28418
28419
28420
28421
28422
28423
44825
44826
44827
44828
44829
44830
44831
44832
44833
44834
28453
28454
28455
28456
28457
28458
28459
12075
28460
28461
28462
44864
44865
44866
44867
44868
44869
44870
44871
44872
44873
12106
12107
28492
28493
28494
28495
28496
28497
28498
28499
28500
28501
44904
44905
44906
12138
44907
12139
44908
12140
44909
44910
44911
44912
28531
28532
28533
28534
28535
28536
28537
28538
28539
28540
12171
12172
12173
12174
44943
44944
44945
44946
44947
44948
44949
44950
28570
28571
28572
28573
28574
28575
28576
28577
28578
28579
12205
12206
12207
12208
12209
44981
44982
44983
44984
44985
44986
44987
28609
28610
28611
28612
28613
28614
28615
28616
28617
28618
12240
12241
12242
12243
12244
12245
45018
45019
45020
45021
45022
45023
28648
28649
28650
28651
28652
28653
28654
28655
28656
28657
12276
12277
12278
12279
12280
12281
12282
45054
45055
45056
45057
45058
28687
28688
28689
28690
28691
28692
28693
28694
28695
28696
12313
12314
12315
12316
12317
12318
12319
12320
45089
45090
45091
45092
28726
28727
28728
28729
28730
28731
28732
28733
28734
28735
12351
12352
12353
12354
45123
12355
45124
12356
45125
12357
12358
12359
28765
28766
28767
28768
28769
28770
28771
45156
28772
45157
28773
28774
12390
12391
12392
12393
12394
12395
12396
12397
12398
12399
45188
12429
12430
12431
12432
12433
12434
12435
12436
12437
12438
28823
28824
28825
28826
28827
28828
28829
28830
28831
28832
12468
12469
12470
12471
12472
12473
12474
12475
12476
12477
28862
28863
28864
28865
28866
28867
28868
28869
28870
28871
12507
12508
12509
12510
12511
12512
12513
12514
12515
12516
28901
28902
28903
28904
28905
28906
28907
28908
28909
28910
12546
12547
12548
12549
12550
12551
12552
12553
12554
12555
28940
28941
28942
28943
28944
28945
28946
28947
28948
28949
28979
28980
28981
28982
28983
28984
28985
28986
28987
28988
29018
29019
29020
29021
29022
29023
29024
29025
29026
29027
45432
45433
45434
45435
45436
45437
45438
45439
45440
45441
29057
29058
29059
29060
29061
29062
29063
29064
29065
29066
45471
45472
45473
45474
45475
45476
45477
45478
45479
45480
29096
29097
29098
29099
29100
29101
29102
29103
29104
29105
12730
45511
45512
45513
45514
45515
45516
45517
45518
45519
29135
29136
29137
29138
29139
29140
29141
29142
29143
29144
12761
12762
45550
45551
45552
45553
45554
45555
45556
45557
29174
29175
29176
29177
12793
29178
12794
29179
12795
29180
29181
29182
29183
45588
45589
45590
45591
45592
45593
45594
12826
12827
12828
29213
12829
29214
29215
29216
29217
29218
29219
29220
29221
29222
45625
45626
45627
45628
12860
45629
12861
45630
12862
12863
12864
29252
29253
29254
29255
29256
29257
29258
29259
29260
29261
45661
45662
45663
12895
45664
12896
45665
12897
12898
12899
12900
29291
29292
29293
29294
29295
29296
29297
29298
29299
29300
45696
45697
45698
45699
12931
12932
12933
12934
12935
12936
12937
29330
29331
29332
29333
29334
29335
29336
29337
29338
29339
45730
45731
45732
12968
12969
12970
12971
12972
12973
12974
12975
29369
29370
29371
29372
29373
29374
29375
29376
29377
29378
45763
45764
13006
13007
13008
13009
13010
13011
13012
13013
13014
29408
29409
29410
45795
29411
29412
29413
29414
29415
29416
29417
13045
13046
13047
13048
13049
13050
13051
13052
13053
13054
29447
29448
29449
29450
29451
29452
29453
29454
29455
29456
13084
13085
13086
13087
13088
13089
13090
13091
13092
13093
29486
29487
29488
29489
29490
29491
29492
29493
29494
29495
13123
13124
13125
13126
13127
13128
13129
13130
13131
13132
29525
29526
29527
29528
29529
29530
29531
29532
29533
29534
13162
13163
13164
13165
13166
13167
13168
13169
13170
13171
29564
29565
29566
29567
29568
29569
29570
29571
29572
29573
13201
13202
13203
13204
13205
13206
13207
13208
13209
13210
29622
29623
29624
13240
29625
13241
29626
13242
29627
13243
29628
13244
29629
13245
29630
13246
29631
13247
13248
13249
29661
29662
29663
29664
29665
29666
29667
29668
29669
29670
46060
46061
46062
46063
46064
46065
46066
46067
46068
46069
29700
29701
29702
29703
29704
29705
29706
29707
29708
29709
46100
46101
46102
46103
46104
46105
46106
46107
46108
29739
29740
29741
29742
29743
29744
29745
29746
29747
29748
46139
46140
46141
46142
46143
46144
46145
46146
29778
29779
29780
29781
29782
29783
13399
29784
29785
29786
29787
46177
46178
46179
46180
46181
46182
46183
13430
13431
29817
29818
29819
29820
29821
29822
29823
29824
29825
29826
46214
46215
46216
46217
46218
46219
13462
13463
13464
29856
29857
29858
29859
29860
29861
29862
29863
29864
29865
46250
46251
46252
46253
46254
13495
13496
13497
13498
29895
29896
29897
29898
29899
29900
46285
29901
46286
29902
46287
29903
46288
29904
13529
13530
13531
13532
13533
29934
46319
29935
46320
29936
46321
29937
29938
29939
29940
29941
29942
29943
13564
13565
13566
13567
13568
13569
46352
46353
29973
29974
29975
29976
29977
29978
29979
29980
29981
29982
13600
13601
13602
13603
13604
13605
13606
46384
30012
30013
30014
30015
30016
30017
30018
30019
30020
30021
13637
13638
13639
13640
13641
13642
13643
13644
30051
30052
30053
30054
30055
30056
30057
30058
30059
13675
30060
13676
13677
13678
13679
13680
13681
13682
13683
30090
30091
30092
30093
30094
30095
30096
30097
30098
13714
30099
13715
13716
13717
13718
13719
13720
13721
13722
13723
30129
30130
30131
30132
30133
30134
30135
30136
30137
13753
30138
13754
13755
13756
13757
13758
13759
13760
13761
13762
30168
30169
30170
30171
30172
30173
30174
30175
30176
13792
30177
13793
13794
13795
13796
13797
13798
13799
13800
13801
30207
30208
30209
30210
30211
30212
30213
30214
30215
13831
30216
13832
13833
13834
13835
13836
13837
13838
13839
13840
30246
30247
30248
30249
30250
30251
30252
30253
30254
13870
30255
13871
13872
13873
13874
13875
13876
13877
13878
13879
30285
46670
30286
46671
30287
46672
30288
46673
30289
46674
30290
46675
30291
46676
30292
46677
30293
13909
46678
30294
13910
13911
13912
13913
13914
13915
13916
13917
13918
30324
46709
30325
46710
30326
46711
30327
46712
30328
46713
30329
46714
30330
46715
30331
46716
30332
13948
30333
13949
13950
13951
13952
13953
13954
13955
13956
13957
46747
30363
46748
30364
46749
30365
46750
30366
46751
30367
46752
30368
46753
30369
30370
30371
30372
46784
46785
46786
46787
46788
46789
30421
30422
30423
30424
30425
30426
30427
30428
30429
30430
46820
46821
46822
46823
46824
30460
30461
30462
30463
30464
30465
14081
30466
30467
30468
30469
46855
46856
46857
46858
14112
14113
30499
30500
30501
30502
30503
30504
46889
30505
46890
30506
46891
30507
30508
14144
14145
14146
46922
30538
46923
30539
30540
30541
30542
30543
30544
30545
30546
30547
14177
14178
14179
14180
46954
30577
30578
30579
30580
30581
30582
30583
30584
30585
30586
14211
14212
14213
14214
14215
30616
30617
30618
30619
30620
30621
30622
30623
30624
30625
14246
14247
14248
14249
14250
14251
30655
30656
30657
30658
30659
30660
30661
30662
30663
30664
14282
14283
14284
14285
14286
14287
14288
30694
30695
30696
30697
30698
30699
30700
30701
30702
30703
14319
14320
14321
14322
14323
14324
14325
14326
30733
30734
30735
30736
30737
30738
30739
30740
30741
14357
30742
14358
14359
14360
14361
14362
14363
14364
14365
30772
30773
30774
30775
30776
30777
30778
30779
30780
14396
30781
14397
14398
14399
14400
14401
14402
14403
14404
14405
30811
30812
30813
30814
30815
30816
30817
30818
30819
14435
30820
14436
14437
14438
14439
14440
14441
14442
14443
14444
30850
30851
30852
30853
30854
30855
30856
30857
30858
14474
30859
14475
14476
14477
14478
14479
14480
14481
14482
14483
47260
47261
47262
47263
47264
47265
47266
47267
30889
30890
30891
30892
30893
30894
30895
30896
30897
14513
30898
14514
14515
14516
14517
14518
14519
14520
14521
14522
47298
47299
47300
47301
47302
47303
47304
30928
30929
30930
30931
30932
30933
30934
30935
30936
14552
30937
14553
14554
14555
14556
14557
14558
14559
14560
14561
47335
47336
47337
47338
47339
47340
30967
30968
30969
30970
30971
30972
30973
30974
30975
14591
30976
14592
14593
14594
14595
14596
14597
14598
14599
14600
47371
47372
47373
47374
47375
31006
31007
31008
31009
31010
31011
31012
31013
31014
14630
31015
14631
14632
14633
14634
14635
14636
14637
47406
14638
47407
14639
47408
47409
31045
31046
31047
31048
31049
31050
31051
31052
31053
14669
31054
14670
14671
47440
14672
47441
14673
47442
14674
14675
14676
14677
14678
31084
31085
31086
31087
31088
47473
31089
47474
31090
31091
31092
31093
47505
31123
31124
31125
31126
31127
31128
31129
31130
31131
31132
14775
31162
31163
31164
31165
31166
31167
31168
31169
31170
31171
14806
14807
31220
31221
31222
14838
31223
14839
31224
14840
31225
31226
31227
31228
31229
14871
14872
14873
14874
31259
31260
31261
31262
31263
31264
31265
31266
31267
31268
14905
14906
14907
14908
14909
31298
31299
31300
31301
31302
31303
31304
31305
31306
31307
14940
14941
14942
14943
14944
14945
31337
31338
31339
31340
31341
31342
31343
31344
31345
31346
14976
14977
14978
14979
14980
14981
14982
31376
31377
31378
31379
31380
31381
31382
31383
31384
31385
15013
15014
15015
15016
15017
15018
15019
15020
31415
31416
31417
31418
31419
31420
31421
31422
31423
31424
15051
15052
15053
15054
15055
15056
15057
15058
15059
47830
47831
47832
47833
47834
47835
47836
31454
31455
31456
31457
31458
31459
31460
31461
31462
31463
15090
15091
15092
15093
15094
15095
15096
15097
15098
47867
15099
47868
47869
47870
47871
47872
31493
31494
31495
31496
31497
31498
31499
31500
31501
31502
15129
15130
15131
15132
15133
15134
47903
15135
47904
15136
47905
15137
47906
15138
47907
31532
31533
31534
31535
31536
31537
31538
31539
31540
31541
15168
15169
47938
15170
47939
15171
47940
15172
47941
15173
15174
15175
15176
15177
31571
31572
31573
31574
31575
31576
31577
31578
31579
31580
47972
47973
47974
15207
15208
15209
15210
15211
15212
15213
15214
15215
15216
31610
31611
31612
31613
31614
31615
31616
31617
31618
31619
48005
48006
15246
15247
15248
15249
15250
15251
15252
15253
15254
15255
31649
31650
31651
31652
48037
31653
31654
31655
31656
31657
31658
15285
15286
15287
15288
15289
15290
15291
15292
15293
15294
31688
31689
31690
31691
31692
31693
31694
31695
31696
31697
15324
15325
15326
15327
15328
15329
15330
15331
15332
15333
31727
31728
31729
31730
31731
31732
31733
31734
31735
31736
15363
15364
15365
15366
15367
15368
15369
15370
15371
15372
31766
31767
31768
31769
31770
31771
31772
31773
31774
31775
15402
15403
15404
15405
15406
15407
15408
15409
15410
15411
31805
31806
31807
31808
31809
31810
31811
31812
31813
31814
31844
31845
31846
31847
31848
31849
31850
31851
31852
31853
15480
31883
31884
31885
31886
31887
31888
31889
31890
31891
31892
15511
15512
31922
31923
31924
31925
31926
31927
15543
31928
15544
31929
15545
31930
31931
15576
31961
15577
31962
15578
31963
15579
31964
31965
31966
31967
31968
31969
31970
15610
15611
48380
15612
48381
15613
48382
15614
48383
48384
48385
32019
32020
32021
32022
32023
32024
32025
32026
32027
32028
15645
15646
15647
48416
15648
48417
15649
48418
15650
48419
48420
32058
32059
32060
32061
32062
32063
32064
32065
15681
32066
15682
48451
32067
15683
48452
15684
48453
15685
48454
15686
15687
32097
32098
32099
32100
48485
32101
48486
32102
15718
48487
32103
15719
32104
15720
32105
15721
32106
15722
15723
15724
15725
48518
48519
32136
32137
32138
32139
32140
15756
32141
15757
32142
15758
32143
15759
32144
15760
32145
15761
15762
15763
15764
48550
32175
32176
32177
32178
32179
15795
32180
15796
32181
15797
32182
15798
32183
15799
32184
15800
15801
15802
15803
15804
32214
32215
32216
32217
32218
15834
32219
15835
32220
15836
32221
15837
32222
15838
32223
15839
15840
15841
15842
15843
32253
32254
32255
32256
32257
15873
32258
15874
32259
15875
32260
15876
32261
15877
32262
15878
15879
15880
15881
15882
32292
32293
32294
32295
32296
15912
32297
15913
32298
15914
32299
15915
32300
15916
32301
15917
15918
15919
15920
15921
32331
32332
32333
32334
32335
15951
32336
15952
32337
15953
32338
15954
32339
15955
32340
15956
15957
15958
15959
15960
32370
32371
32372
32373
32374
15990
32375
15991
32376
15992
32377
15993
32378
15994
32379
15995
15996
15997
15998
15999
32409
32410
32411
32412
32413
16029
32414
16030
32415
16031
32416
16032
32417
16033
32418
16034
16035
16036
16037
16038
32448
32449
32450
32451
32452
16068
32453
16069
32454
16070
32455
16071
32456
16072
32457
16073
16074
16075
16076
16077
32487
32488
32489
32490
32491
16107
32492
16108
32493
16109
32494
16110
32495
16111
32496
16112
16113
16114
16115
16116
48910
32526
48911
32527
48912
32528
48913
32529
48914
32530
16146
32531
16147
32532
16148
32533
16149
32534
16150
32535
16151
16152
16153
16154
16155
48945
48946
48947
48948
32565
32566
32567
32568
32569
32570
32571
32572
32573
32574
16195
48979
48980
48981
32604
32605
32606
32607
32608
32609
32610
16226
32611
16227
32612
32613
49012
49013
16258
32643
16259
32644
16260
32645
32646
32647
32648
32649
32650
32651
32652
49044
16291
16292
16293
16294
32682
32683
32684
32685
32686
32687
32688
32689
32690
32691
16325
16326
16327
16328
16329
32721
32722
32723
32724
32725
32726
32727
32728
32729
32730
16360
16361
16362
16363
16364
16365
32760
32761
32762
32763
32764
32765
32766
32767
)


// ************************************************************************* //
