/*--------------------------------*- C++ -*----------------------------------*\
| =========                 |                                                 |
| \\      /  F ield         | OpenFOAM: The Open Source CFD Toolbox           |
|  \\    /   O peration     | Version:  2306                                  |
|   \\  /    A nd           | Website:  www.openfoam.com                      |
|    \\/     M anipulation  |                                                 |
\*---------------------------------------------------------------------------*/
FoamFile
{
    version     2.0;
    format      ascii;
    arch        "LSB;label=32;scalar=64";
    class       cellSet;
    location    "constant/polyMesh/sets";
    object      interconnect;
}
// * * * * * * * * * * * * * * * * * * * * * * * * * * * * * * * * * * * * * //


16000
(
0
1
2
3
4
5
6
7
8
9
10
11
12
13
14
15
16
32785
17
32786
18
32787
19
32788
20
32789
21
32790
22
32791
23
32792
24
32793
25
32794
26
32795
27
32796
28
32797
29
32798
30
32799
31
32800
32
32801
33
32802
34
35
36
37
38
39
40
41
42
43
44
45
46
47
48
49
50
51
52
53
54
55
56
57
58
59
60
61
62
63
64
65
66
67
68
69
70
71
32840
72
32841
73
74
75
76
77
78
79
80
81
82
83
84
85
86
87
88
89
90
91
92
93
94
95
96
97
98
99
100
101
102
103
104
105
106
107
108
109
110
111
32880
112
113
114
115
116
117
118
119
120
121
122
123
124
125
126
127
128
129
130
131
132
133
134
135
136
137
138
139
140
141
142
143
144
145
146
147
148
149
150
151
152
153
154
155
156
157
158
159
160
161
162
163
164
165
166
167
168
169
170
171
172
173
174
175
176
177
178
179
180
181
182
183
184
185
186
187
188
189
190
191
192
193
194
195
196
197
198
199
200
201
202
203
204
205
206
207
208
209
210
211
212
213
214
215
216
217
218
219
220
221
222
223
224
225
226
227
228
229
230
32999
231
232
233
234
235
236
237
238
239
241
242
243
244
245
246
247
248
249
250
251
252
253
254
255
256
257
258
259
260
261
262
263
264
265
266
267
268
269
270
271
272
273
274
275
276
277
278
279
280
281
282
283
284
285
286
287
288
289
290
291
292
293
294
295
296
297
298
299
300
301
302
303
304
305
307
308
309
310
311
314
315
316
317
318
319
320
321
322
323
324
325
326
327
328
329
330
331
332
333
334
335
336
337
338
339
340
341
342
343
344
345
346
347
348
349
350
351
352
353
354
355
356
357
358
359
360
361
362
363
364
365
366
367
368
369
370
371
372
373
374
375
376
377
378
379
380
381
382
383
385
386
387
388
389
392
393
394
395
396
400
401
402
403
404
405
406
407
408
409
410
411
412
413
414
415
416
417
418
419
420
421
422
423
424
425
426
427
428
429
430
431
432
433
434
435
436
437
438
439
440
441
442
443
444
445
446
447
448
449
450
451
452
453
454
455
456
457
458
459
460
461
462
463
464
465
466
467
468
469
470
471
472
473
474
476
477
478
479
480
483
484
485
486
487
491
492
493
494
495
500
501
502
503
504
505
506
507
508
509
510
511
512
513
514
515
516
517
518
519
520
521
522
523
524
525
526
527
528
529
530
531
532
533
534
535
536
537
538
539
540
541
542
543
544
545
546
547
548
549
550
551
552
553
554
555
556
557
558
559
560
561
562
563
564
565
566
567
568
569
570
571
572
573
574
575
576
577
578
579
581
582
583
584
585
588
589
590
591
592
596
597
598
599
600
605
606
607
608
609
615
616
617
618
619
620
621
622
623
624
625
626
627
628
629
630
33399
631
632
633
634
635
636
637
638
639
640
641
642
643
644
645
646
647
648
649
650
651
652
653
654
655
656
657
658
659
33428
660
33429
661
33430
662
33431
663
33432
664
33433
665
33434
666
33435
667
33436
668
33437
669
33438
670
33439
671
672
673
674
675
676
677
678
679
680
681
682
683
684
685
686
687
688
689
690
691
692
693
694
695
696
697
698
33467
699
33468
33469
701
33470
702
33471
703
33472
704
33473
705
33474
33475
33476
708
33477
709
33478
710
33479
711
712
716
717
718
719
720
725
726
727
728
729
735
736
737
33506
738
33507
739
33508
33509
33510
33511
33512
33513
33514
746
33515
747
33516
748
33517
749
33518
750
33519
751
752
753
754
755
756
757
758
759
760
761
762
763
764
765
766
767
768
769
770
771
772
773
774
775
776
33545
777
33546
778
33547
779
33548
780
33549
781
33550
782
33551
783
33552
784
33553
785
33554
786
33555
787
33556
788
33557
789
33558
790
33559
791
792
793
794
795
796
797
798
799
800
801
802
803
804
805
806
807
808
809
810
811
812
813
814
33584
816
33585
817
33586
818
33587
819
33588
820
33589
821
33590
822
33591
823
33592
824
33593
825
33594
826
33595
827
33596
828
33597
829
33598
830
33599
831
33600
832
833
834
835
837
838
839
840
841
844
845
846
847
848
852
853
854
855
856
861
862
863
864
865
33639
871
872
873
874
875
882
883
884
885
886
894
895
896
897
898
899
900
901
902
903
904
905
906
907
908
909
910
911
912
913
914
915
916
917
918
919
920
921
922
923
924
925
926
927
928
929
930
931
932
933
934
935
936
937
938
939
940
941
942
943
944
945
946
947
948
949
950
952
953
954
955
956
957
958
959
960
961
962
963
964
965
966
969
970
971
972
973
974
975
976
977
978
979
980
981
982
983
984
985
986
987
988
33758
990
991
992
993
994
997
998
999
1000
1001
1005
1006
1007
1008
1009
1014
1015
1016
1017
1018
1024
1025
1026
1027
1028
33797
33798
1035
1036
1037
1038
1039
1047
1048
1049
1050
1051
1060
1061
1062
1063
1064
1065
1066
1067
1068
1069
1070
1071
1072
1073
1074
1075
1076
1077
1078
1079
1080
1081
1082
1083
1084
1085
1086
1087
1088
1089
1090
1091
1092
1093
1094
1095
1096
1097
1098
1099
1100
1101
1102
1103
1105
1106
1107
1108
1109
1110
1111
1112
1113
1114
1115
1116
1117
1118
1119
1122
1123
1124
1125
1126
1127
1128
1129
1130
1131
1132
1133
1134
1135
1136
1140
1141
1142
1143
1144
1145
1146
1147
1148
1149
1150
1151
1152
1153
1154
1155
1156
1157
1158
1159
1161
1162
1163
1164
1165
1168
1169
1170
1171
1172
1176
1177
1178
1179
1180
1185
1186
1187
1188
1189
1195
1196
1197
1198
1199
1206
1207
1208
1209
1210
1218
1219
1220
1221
1222
1231
1232
1233
1234
1235
1245
1246
1247
1248
1249
1250
1251
1252
1253
1254
1255
1256
1257
1258
1259
1260
1261
1262
1263
1264
1265
1266
1267
1268
1269
1270
1271
1272
1273
1274
1276
1277
1278
1279
1280
1281
1282
1283
1284
1285
1286
1287
1288
1289
1290
1293
1294
1295
1296
1297
1298
1299
1300
1301
1302
1303
1304
1305
1306
1307
1311
1312
1313
1314
1315
1316
1317
1318
1319
1320
1321
1322
1323
1324
1325
1330
1331
1332
1333
1334
1335
1336
1337
1338
1339
1340
1341
1342
1343
1344
1345
1346
1347
1348
1349
1351
1352
1353
1354
1355
1358
1359
1360
1361
1362
1366
1367
1368
1369
1370
1375
1376
1377
1378
1379
1385
1386
1387
1388
1389
34158
1396
1397
1398
1399
1400
1408
1409
1410
1411
1412
1421
1422
1423
1424
1425
34197
34198
1435
1436
1437
1438
1439
1450
1451
1452
1453
1454
1455
1456
1457
34226
1458
34227
1459
34228
1460
34229
1461
34230
1462
34231
1463
34232
1464
34233
34234
1466
34235
1467
34236
1468
34237
1469
34238
1470
1471
1472
1473
1474
1475
1476
1477
1478
1479
1480
1483
1484
1485
1486
1487
1488
1489
1490
1491
1492
1493
1494
1495
1496
34265
1497
34266
34267
34268
34269
1501
34270
1502
34271
1503
34272
1504
34273
1505
34274
1506
34275
1507
34276
1508
34277
1509
34278
1510
1511
1512
1513
1514
1515
1520
1521
1522
1523
1524
1525
1526
1527
1528
1529
1530
1531
1532
1533
1534
34304
34305
34306
34307
34308
1540
34309
1541
34310
1542
34311
1543
34312
1544
34313
1545
34314
1546
34315
1547
34316
1548
34317
1549
34318
1550
1551
1552
1553
1554
1555
1556
1557
1558
1559
1560
1561
1562
1563
1564
1567
1568
1569
1570
1571
34343
1575
34344
1576
34345
1577
34346
1578
34347
1579
34348
34349
34350
34351
34352
1584
34353
1585
34354
1586
34355
1587
34356
1588
34357
1594
1595
1596
1597
1598
1605
1606
1607
1608
1609
34381
34382
34383
34384
34385
1617
34386
1618
34387
1619
34388
1620
34389
1621
34390
34391
34392
34393
34394
34395
34396
1630
1631
1632
1633
1634
1644
1645
1646
1647
1648
1659
1660
1661
1662
1663
1675
1676
1677
1678
1679
1680
1681
1682
1683
1684
1685
1686
1687
1688
1689
1692
1693
1694
1695
1696
1697
1698
1699
1700
1701
1702
1703
1704
1705
1706
1710
1711
1712
1713
1714
1715
1716
1717
1718
1719
1720
1721
1722
1723
1724
1729
1730
1731
1732
1733
1734
1735
1736
1737
1738
1739
1740
1741
1742
1743
34515
1749
1750
1751
1752
1753
1754
1755
1756
1757
1758
1759
1760
1761
1762
1763
1770
1771
1772
1773
1774
1775
1776
1777
1778
1779
1780
1781
1782
1783
1784
1785
34554
1786
34555
1787
1788
1789
1790
1791
1792
1793
1794
1795
1796
1797
1798
1799
1803
1804
1805
1806
1807
1812
1813
1814
1815
1816
1822
1823
1824
34593
1825
34594
1826
34595
1833
1834
1835
1836
1837
1845
1846
1847
1848
1849
1858
1859
1860
1861
1862
1872
1873
1874
1875
1876
1887
1888
1889
1890
1891
1903
1904
1905
1906
1907
1920
1921
1922
1923
1924
1925
1926
1927
1928
1929
1930
1931
1932
1933
1934
1938
1939
1940
1941
1942
1943
1944
1945
1946
1947
1948
1949
1950
1951
1952
1957
1958
1959
1960
1961
1962
1963
1964
1965
1966
1967
1968
1969
1970
1971
1977
1978
1979
1980
1981
1982
1983
1984
1985
1986
1987
1988
1989
1990
1991
1998
1999
2000
2001
2002
2003
2004
2005
2006
2007
2008
2009
2010
2011
2012
2020
2021
2022
2023
2024
2025
2026
2027
2028
2029
2030
2031
2032
2033
2034
2035
2036
2037
2038
2039
2040
2041
2042
2043
2044
2045
2046
2047
2048
2049
2050
2051
2052
2053
2054
2059
2060
2061
2062
2063
2069
2070
2071
2072
2073
2080
2081
2082
2083
2084
2092
2093
2094
2095
2096
2105
2106
2107
2108
2109
2119
2120
2121
2122
2123
2134
2135
2136
2137
2138
34915
2150
2151
2152
2153
2154
2167
2168
2169
2170
2171
2185
34954
2186
34955
2187
2188
2189
2190
2191
2192
2193
2194
2195
2196
2197
2198
2199
2204
2205
2206
2207
2208
2209
2210
2211
2212
2213
2214
2215
2216
2217
2218
2224
34993
2225
34994
2226
34995
2227
2228
2229
2230
2231
2232
2233
2234
2235
2236
2237
2238
2245
2246
2247
2248
2249
2250
2251
2252
2253
35022
2254
35023
2255
35024
2256
35025
2257
35026
2258
35027
2259
35028
35029
35030
35031
35032
35033
35034
35035
2267
2268
2269
2270
2271
2272
2273
2274
2275
2276
2277
2278
2279
2280
2281
2290
2291
2292
35061
2293
35062
2294
35063
2295
35064
2296
35065
2297
35066
2298
35067
2299
35068
2300
35069
2301
35070
2302
35071
2303
35072
2304
35073
2305
35074
2306
35075
2307
2308
2309
2310
2311
2312
2313
2314
2315
2316
2317
2318
2319
2320
2321
2322
2323
2324
2325
2326
2327
2328
2329
35100
35101
35102
35103
2335
35104
2336
35105
2337
35106
2338
35107
2339
35108
35109
35110
35111
35112
35113
35114
2346
2347
2348
2349
2350
2358
2359
2360
2361
2362
35138
35139
2371
35140
2372
35141
2373
35142
2374
35143
2375
35144
35145
35146
35147
35148
35149
35150
35151
35152
2385
2386
2387
2388
2389
2400
2401
2402
2403
2404
35175
35176
35177
35178
35179
35180
35181
35182
35183
35184
2416
35185
2417
35186
2418
35187
2419
35188
2420
35189
2433
2434
2435
2436
2437
2451
2452
2453
2454
2455
2470
2471
2472
2473
2474
2475
2476
2477
2478
2479
2480
2481
2482
2483
2484
2490
2491
2492
2493
2494
2495
2496
2497
2498
2499
2500
35269
2501
2502
2503
2504
2511
2512
2513
2514
2515
2516
2517
2518
2519
2520
2521
2522
2523
2524
2525
2533
2534
2535
2536
2537
2538
2539
35308
2540
35309
2541
2542
2543
2544
2545
2546
2547
2556
2557
2558
2559
2560
2561
2562
2563
2564
2565
2566
2567
2568
2569
2570
35347
35348
2580
35349
2581
2582
2583
2584
2585
2586
2587
2588
2589
2590
2591
2592
2593
2594
2595
2596
2597
2598
2599
2600
2601
2602
2603
2604
2605
2606
2607
2608
2609
2610
2611
2612
2613
2614
2615
2616
2617
35386
2618
35387
2619
35388
2620
35389
2621
2622
2623
2624
2631
2632
2633
2634
2635
2643
2644
2645
2646
2647
2656
2657
2658
2659
2660
2670
2671
2672
2673
2674
2685
2686
2687
2688
2689
2701
2702
2703
2704
2705
2718
2719
2720
2721
2722
2736
2737
2738
2739
2740
2755
2756
2757
2758
2759
2775
2776
2777
2778
2779
2780
2781
2782
2783
2784
2785
2786
2787
2788
2789
2796
2797
2798
2799
2800
2801
2802
2803
2804
2805
2806
2807
2808
2809
2810
2818
2819
2820
2821
2822
2823
2824
2825
2826
2827
2828
2829
2830
2831
2832
2841
2842
2843
2844
2845
2846
2847
2848
2849
2850
2851
2852
2853
2854
2855
2865
2866
2867
2868
2869
2870
2871
2872
2873
2874
2875
2876
2877
2878
2879
2890
2891
2892
2893
2894
2895
2896
2897
2898
2899
2900
35669
2901
2902
2903
2904
2905
2906
2907
2908
2909
2910
2911
2912
2913
2914
2915
2916
2917
2918
2919
2920
2921
2922
2923
2924
2925
2926
2927
2928
2929
2930
2931
2932
2933
2934
2935
2936
2937
2938
2939
35708
35709
2947
2948
2949
2950
2951
2960
2961
2962
2963
2964
2974
2975
2976
2977
2978
35747
35748
35749
2989
2990
2991
2992
2993
3005
3006
3007
3008
3009
35786
35787
35788
35789
3022
3023
3024
3025
3026
3040
3041
3042
3043
3044
35815
35816
35817
35818
35819
35820
35821
35822
35823
35824
35825
35826
35827
3059
35828
3060
35829
3061
3062
3063
3079
3080
3081
3082
3083
35854
35855
35856
35857
35858
35859
35860
35861
35862
35863
35864
35865
35866
35867
35868
3100
3101
3102
3103
3104
3105
3106
3107
3108
3109
3110
3111
3112
3113
3114
3122
3123
35892
3124
35893
3125
35894
3126
35895
3127
35896
3128
35897
3129
35898
3130
35899
3131
35900
3132
35901
3133
35902
3134
35903
3135
35904
3136
35905
35906
3145
3146
3147
3148
3149
3150
3151
3152
3153
3154
3155
3156
3157
3158
3159
35929
35930
35931
35932
35933
35934
35935
35936
35937
3169
35938
3170
35939
3171
35940
3172
35941
3173
35942
3174
35943
3175
3176
3177
3178
3179
3180
3181
3182
3183
3194
3195
3196
35965
3197
35966
3198
35967
3199
35968
3200
35969
3201
35970
3202
35971
3203
35972
3204
35973
3205
35974
3206
35975
3207
35976
3208
35977
35978
35979
3220
3221
3222
3223
3224
3225
3226
3227
3228
3229
3230
3231
3232
3233
3234
3235
3236
3237
3238
3239
3240
3241
3242
3243
3244
3245
3246
3247
3248
3249
3250
36019
3251
3252
3253
3254
3255
3256
3257
3258
3259
3260
3261
3262
3263
3264
3265
3266
3267
3268
3269
3270
3271
3272
3273
3274
3283
3284
3285
3286
3287
36058
36059
3297
3298
3299
3300
3301
3312
3313
3314
3315
3316
3328
36097
3329
36098
3330
36099
3331
3332
3345
3346
3347
3348
3349
3363
3364
3365
3366
3367
36136
36137
36138
36139
3382
3383
3384
3385
3386
3402
3403
3404
3405
3406
36175
36176
36177
36178
36179
3423
3424
3425
3426
3427
3445
3446
3447
3448
3449
3450
3451
3452
3453
3454
3455
3456
3457
3458
3459
3468
3469
3470
3471
3472
3473
3474
3475
3476
3477
3478
3479
3480
3481
3482
3492
3493
3494
3495
3496
3497
3498
3499
3500
3501
3502
3503
3504
3505
3506
3517
3518
3519
3520
3521
3522
3523
3524
3525
3526
3527
3528
3529
3530
3531
3543
3544
3545
3546
3547
3548
3549
3550
3551
3552
3553
3554
3555
3556
3557
3570
3571
3572
3573
3574
3575
3576
3577
3578
3579
3580
3581
3582
3583
3584
3585
3586
3587
3588
3589
3590
3591
3592
3593
3594
3595
3596
3597
3598
3599
3600
3601
3602
3603
3604
3605
3606
3607
3608
3609
3610
3611
3612
3613
3614
3615
3616
3617
3618
3619
3620
3621
3622
3623
3624
3625
3626
3627
3628
3629
3639
3640
3641
3642
3643
36419
3654
3655
3656
3657
3658
3670
3671
3672
3673
3674
3687
3688
3689
36458
3690
36459
3691
3705
3706
3707
3708
3709
3724
3725
3726
3727
3728
36497
36498
36499
3744
3745
3746
3747
3748
3765
3766
3767
36536
3768
36537
3769
36538
36539
3787
3788
3789
3790
3791
36575
36576
36577
36578
3810
36579
3811
3812
3813
3814
3815
3816
3817
3818
3819
3820
3821
3822
3823
3824
3834
3835
36604
3836
36605
3837
36606
3838
36607
3839
36608
3840
36609
3841
36610
3842
36611
3843
36612
3844
36613
3845
36614
3846
36615
3847
36616
3848
36617
36618
3859
3860
3861
3862
3863
3864
3865
3866
3867
3868
3869
3870
3871
3872
3873
36642
36643
36644
36645
36646
36647
36648
36649
36650
36651
36652
36653
3885
36654
3886
36655
3887
36656
3888
3889
3890
3891
3892
3893
3894
3895
3896
3897
3898
3899
36679
36680
3912
36681
3913
36682
3914
36683
3915
36684
3916
36685
3917
36686
3918
36687
3919
36688
3920
36689
3921
36690
3922
36691
3923
36692
3924
36693
3925
3926
3940
3941
3942
3943
3944
3945
3946
36715
3947
36716
3948
36717
3949
36718
3950
36719
3951
36720
3952
36721
3953
36722
3954
36723
3955
36724
3956
36725
3957
36726
3958
36727
3959
36728
3960
36729
3961
3962
3963
3964
3965
3966
3967
3968
3969
3970
3971
3972
3973
3974
3975
3976
3977
3978
3979
3980
3981
36750
3982
36751
3983
36752
3984
36753
3985
36754
3986
36755
3987
36756
3988
36757
3989
36758
3990
36759
3991
36760
3992
36761
3993
36762
3994
36763
3995
36764
3996
3997
3998
3999
4000
4001
4002
4003
4004
4015
4016
4017
4018
4019
4031
4032
4033
4034
36803
4035
36804
4048
4049
4050
4051
4052
4066
4067
4068
4069
4070
36842
36843
36844
4085
4086
4087
4088
4089
4105
4106
4107
4108
4109
36881
36882
36883
36884
4126
4127
4128
4129
4130
4148
4149
4150
4151
36920
4152
36921
36922
36923
36924
4171
4172
4173
4174
4175
36959
36960
36961
36962
36963
4195
36964
4196
4197
4198
4199
4200
4201
4202
4203
4204
4205
4206
4207
4208
4209
4220
4221
4222
4223
4224
4225
4226
4227
4228
4229
4230
4231
4232
4233
4234
4246
4247
4248
4249
4250
4251
4252
4253
4254
4255
4256
4257
4258
4259
4260
4273
4274
4275
4276
4277
4278
4279
4280
4281
4282
4283
4284
4285
4286
4287
4301
4302
4303
4304
4305
4306
4307
4308
4309
4310
4311
4312
4313
4314
4315
4330
4331
4332
4333
4334
4335
4336
4337
4338
4339
4340
4341
4342
4343
4344
4345
4346
4347
4348
4349
4350
4351
4352
4353
4354
4355
4356
4357
4358
4359
4360
4361
4362
4363
4364
4365
4366
4367
4368
4369
4370
4371
4372
4373
4374
4375
4376
4377
4378
4379
4380
4381
4382
4383
4384
4385
4386
4387
4388
4389
4390
4391
4392
4393
4394
4395
37164
4396
4397
4398
4399
4411
4412
4413
4414
4415
4428
4429
4430
4431
4432
37203
37204
4446
4447
4448
4449
4450
4465
4466
4467
4468
4469
37242
37243
37244
4485
4486
4487
4488
4489
4506
4507
4508
4509
4510
37281
37282
37283
37284
4528
4529
4530
4531
4532
4551
37320
4552
37321
4553
37322
4554
37323
4555
37324
4575
4576
4577
4578
4579
37359
37360
37361
37362
37363
4600
4601
4602
4603
4604
4605
4606
4607
4608
4609
4610
4611
4612
4613
4614
37387
37388
37389
37390
37391
37392
37393
37394
4626
37395
4627
37396
4628
37397
4629
37398
4630
37399
4631
37400
4632
37401
4633
4634
4635
4636
4637
4638
4639
4640
4653
4654
4655
37424
4656
37425
4657
37426
4658
37427
4659
37428
4660
37429
4661
37430
4662
37431
4663
37432
4664
37433
4665
37434
4666
37435
4667
37436
37437
37438
4681
4682
4683
4684
4685
4686
4687
4688
4689
4690
4691
37460
4692
37461
4693
37462
4694
37463
4695
37464
37465
37466
37467
37468
37469
37470
37471
37472
37473
37474
4710
4711
4712
4713
4714
4715
4716
4717
4718
4719
4720
4721
4722
4723
4724
37495
37496
37497
37498
37499
37500
37501
37502
37503
37504
37505
37506
37507
37508
4740
37509
4741
4742
4743
4744
4745
4746
4747
4748
4749
4750
4751
4752
4753
4754
4755
4756
4757
4758
4759
4760
37529
4761
37530
4762
37531
4763
37532
4764
37533
4765
37534
4766
37535
4767
37536
4768
37537
4769
37538
4770
37539
4771
37540
4772
37541
4773
37542
4774
37543
4775
4776
4777
4778
4779
4780
4781
4782
4783
4784
4785
4786
4787
4788
4789
4790
4791
4792
4793
4794
4795
4796
4797
4798
4799
4800
4801
4802
4803
4804
4805
4806
4807
4808
4810
4811
4812
37581
4813
37582
4814
37583
4827
4828
4829
4830
4831
4845
4846
4847
4848
4849
37620
37621
37622
37623
4864
4865
4866
4867
4868
4884
4885
4886
4887
4888
37659
37660
37661
37662
37663
4905
4906
4907
4908
4909
4927
4928
4929
37698
4930
37699
4931
37700
37701
37702
37703
4950
4951
4952
4953
4954
37737
37738
37739
37740
37741
37742
4974
37743
4975
4976
4977
4978
4999
5000
5001
5002
5003
5025
5026
5027
5028
5029
5030
5031
5032
5033
5034
5035
5036
5037
5038
5039
5052
5053
5054
5055
5056
5057
5058
5059
5060
5061
5062
5063
5064
5065
5066
5080
5081
5082
5083
5084
5085
5086
5087
5088
5089
5090
5091
5092
5093
5094
5109
5110
5111
5112
5113
5114
5115
5116
5117
5118
5119
5120
5121
5122
5123
37903
5139
5140
5141
5142
5143
5144
5145
5146
5147
5148
5149
5150
5151
5152
5153
5170
5171
5172
5173
37942
5174
37943
5175
5176
5177
5178
5179
5180
5181
5182
5183
5184
5185
5186
5187
5188
5189
5190
5191
5192
5193
5194
5195
5196
5197
5198
5199
5200
5201
5202
5203
5204
5205
5206
5207
5208
5209
5210
5211
5212
37981
5213
37982
5214
37983
5215
5216
5217
5218
5219
5220
5221
5222
5223
5224
5225
5226
5228
5229
5230
5231
5232
5233
5234
5235
5236
5237
5238
5239
5240
5241
5242
5245
5246
5247
5248
5249
38020
38021
38022
38023
5263
5264
5265
5266
5267
5282
5283
5284
5285
5286
38059
38060
38061
38062
38063
5302
5303
5304
5305
5306
5323
5324
5325
5326
5327
38098
38099
38100
38101
38102
5345
5346
5347
5348
5349
38136
5368
38137
5369
38138
5370
38139
5371
38140
5372
5392
5393
5394
38163
5395
38164
5396
38165
38166
38167
38168
38169
38170
38171
38172
38173
38174
38175
38176
38177
5417
5418
5419
5420
5421
38199
38200
38201
38202
38203
38204
38205
38206
38207
38208
38209
38210
38211
5443
38212
5444
38213
5445
5446
5447
38234
38235
38236
38237
38238
5470
38239
5471
38240
5472
38241
5473
38242
5474
38243
5475
38244
5476
38245
5477
38246
5478
38247
5479
38248
5480
5481
5482
5483
5484
5498
5499
38268
5500
38269
5501
38270
5502
38271
5503
38272
5504
38273
5505
38274
5506
38275
5507
38276
5508
38277
5509
38278
5510
38279
5511
38280
5512
38281
38282
5527
5528
5529
5530
5531
5532
38301
5533
38302
5534
38303
5535
38304
5536
38305
5537
38306
5538
38307
5539
38308
5540
38309
5541
38310
38311
38312
38313
38314
38315
5557
5558
5559
5560
5561
5562
5563
5564
5565
5566
5567
5568
5569
5570
5571
38352
38353
38354
38355
5588
5589
5590
5591
5592
5593
5594
5595
5596
5597
5598
5599
5600
5601
5602
5620
5621
5622
38391
5623
38392
5624
38393
5625
38394
5626
38395
5627
5628
5629
5630
5631
5632
5633
5634
5635
5636
5637
5638
5639
5640
5641
5642
5643
5644
5645
5646
5647
5648
5649
5650
5651
5652
5653
5654
5655
5656
5657
5658
5659
5660
5661
38430
5662
38431
5663
38432
38433
5665
38434
5666
38435
5667
5668
5669
5670
5671
5672
5673
5674
5675
5676
5677
5678
5679
5682
5683
5684
5685
5686
5687
5688
5689
5690
5691
5692
5693
5694
5695
5696
5700
38469
5701
38470
5702
38471
5703
38472
5704
38473
38474
38475
5719
5720
5721
5722
5723
5739
38508
5740
38509
5741
38510
5742
38511
5743
38512
38513
38514
38515
5760
5761
5762
5763
5764
5782
5783
5784
5785
5786
5805
5806
5807
5808
5809
5829
5830
5831
5832
5833
5854
5855
5856
5857
5858
38635
5880
5881
5882
5883
5884
38674
38675
5907
5908
5909
5910
5911
5935
5936
5937
5938
5939
5940
5941
5942
5943
5944
38713
5945
38714
5946
38715
5947
5948
5949
5964
5965
5966
5967
5968
5969
5970
5971
5972
5973
5974
5975
5976
5977
5978
38752
38753
38754
38755
5994
5995
5996
5997
5998
5999
6000
6001
6002
6003
6004
6005
6006
6007
6008
38791
38792
38793
6025
38794
6026
38795
6027
6028
6029
6030
6031
6032
6033
6034
6035
6036
6037
6038
6039
6057
6058
6059
6060
6061
38830
6062
38831
6063
38832
6064
38833
6065
38834
6066
6067
6068
6069
6070
6071
6090
6091
6092
6093
6094
6095
6096
6097
6098
6099
38868
6100
38869
6101
38870
6102
38871
6103
38872
6104
6105
6106
6107
6108
6109
6110
6111
6112
6113
6114
6115
6116
6117
6118
6119
6121
6122
6123
6124
6125
6126
6127
6128
6129
6130
6131
6132
6133
6134
6135
38905
38906
6138
38907
6139
38908
6140
38909
6141
6142
6143
6144
6145
6146
6147
6148
6149
6150
6151
6152
6156
6157
6158
6159
6160
6161
6162
38931
6163
38932
6164
38933
6165
38934
6166
38935
6167
38936
6168
38937
6169
38938
6170
38939
38940
38941
38942
38943
6175
38944
6176
38945
6177
6178
6179
6195
6196
6197
38966
6198
38967
6199
38968
38969
38970
38971
38972
38973
38974
38975
38976
38977
38978
38979
38980
6216
6217
6218
6219
6220
39000
39001
39002
39003
39004
39005
39006
6238
39007
6239
39008
6240
39009
6241
39010
6242
39011
39012
39013
39014
6261
6262
6263
6264
39033
6265
39034
39035
39036
39037
39038
39039
39040
39041
39042
39043
39044
39045
39046
39047
6285
6286
6287
6288
6289
39065
39066
39067
39068
39069
39070
39071
39072
39073
39074
39075
39076
39077
39078
6310
39079
6311
6312
6313
6314
6336
6337
6338
6339
6340
39115
39116
39117
39118
39119
6363
6364
6365
6366
6367
39154
39155
39156
39157
39158
39159
6391
6392
6393
6394
6395
6420
6421
6422
6423
6424
39193
6425
39194
6426
39195
6427
39196
6428
39197
6429
39198
6430
39199
6431
6432
6433
6434
6450
6451
6452
6453
6454
6455
6456
6457
6458
6459
6460
6461
6462
6463
39232
6464
39233
39234
39235
39236
39237
39238
39239
6481
6482
6483
6484
6485
6486
6487
6488
6489
6490
6491
6492
6493
6494
6495
39271
39272
39273
39274
39275
39276
39277
39278
39279
6513
6514
6515
6516
6517
6518
6519
6520
6521
6522
6523
6524
6525
6526
6527
6546
6547
6548
6549
6550
6551
6552
6553
6554
6555
6556
6557
6558
6559
6560
6580
6581
6582
6583
6584
6585
6586
6587
6588
6589
6590
39359
6591
6592
6593
6594
6596
6597
6598
6599
6600
6601
6602
6603
6604
6605
6606
6607
6608
6609
6610
6613
6614
6615
6616
6617
6618
6619
6620
6621
6622
6623
6624
6625
6626
6627
39398
39399
6631
6632
6633
6634
6635
6636
6637
6638
6639
6640
6641
6642
6643
6644
6645
6650
6651
6652
6653
6654
6655
6656
6657
6658
6659
6660
6661
6662
6663
6664
39437
39438
6670
39439
6671
6672
6673
6674
6691
6692
6693
6694
6695
39476
39477
39478
39479
6713
6714
6715
6716
6717
6736
6737
6738
6739
6740
39515
39516
39517
39518
39519
6760
6761
6762
6763
6764
6785
39554
6786
39555
6787
39556
6788
39557
6789
39558
6811
6812
6813
6814
6815
39592
39593
39594
39595
39596
6838
6839
6840
6841
6842
39629
39630
39631
39632
39633
6866
6867
6868
6869
6870
6895
6896
39665
6897
39666
6898
39667
6899
39668
39669
39690
39691
39692
39693
6925
39694
6926
39695
6927
39696
6928
39697
6929
39698
6930
39699
6931
39700
6932
39701
6933
39702
6934
39703
6935
39704
6936
6937
6938
6939
39724
6956
39725
6957
39726
6958
39727
6959
39728
6960
39729
6961
39730
6962
39731
6963
39732
6964
39733
6965
39734
6966
39735
6967
39736
6968
39737
6969
39738
6970
6988
39757
6989
39758
6990
39759
6991
39760
6992
39761
6993
39762
6994
39763
6995
39764
6996
39765
6997
39766
6998
39767
6999
39768
7000
39769
7001
39770
7002
39771
39789
7021
39790
7022
39791
7023
39792
7024
39793
7025
39794
7026
39795
7027
39796
7028
39797
7029
39798
7030
39799
7031
39800
7032
39801
7033
39802
7034
39803
7035
39820
39821
39822
39823
7055
39824
7056
39825
7057
39826
7058
39827
7059
39828
7060
39829
7061
39830
7062
39831
7063
39832
7064
39833
7065
39834
7066
7067
7068
7069
7090
7091
7092
7093
7094
7095
7096
7097
7098
7099
7100
39869
7101
39870
7102
39871
7103
39872
7104
39873
39874
7107
7108
7109
7110
7111
7112
7113
7114
7115
7116
7117
7118
7119
7120
7121
7125
7126
7127
7128
7129
7130
7131
7132
7133
7134
7135
7136
7137
7138
7139
39908
39909
39910
39911
39912
7144
39913
7145
39914
7146
7147
7148
7149
7150
7151
7152
7153
7154
7155
7156
7157
7158
7164
7165
7166
7167
7168
7169
7170
7171
7172
7173
7174
7175
7176
7177
7178
39947
39948
39949
39950
39951
39952
39953
7185
39954
7186
7187
7188
7189
7207
7208
7209
7210
7211
39986
39987
39988
39989
39990
39991
39992
39993
39994
7230
7231
7232
7233
7234
7254
7255
7256
40025
7257
40026
7258
40027
40028
40029
40030
40031
40032
40033
40034
7279
7280
7281
7282
7283
7305
40074
7306
7307
7308
7309
7332
7333
7334
7335
7336
40113
40114
7360
7361
7362
7363
7364
40152
40153
40154
7389
7390
7391
7392
7393
7419
7420
7421
7422
40191
7423
40192
40193
40194
7450
7451
7452
7453
7454
7455
7456
7457
7458
7459
7460
7461
40230
7462
40231
7463
40232
7464
40233
40234
7482
7483
7484
7485
7486
7487
7488
7489
7490
7491
7492
7493
7494
7495
7496
40269
40270
40271
40272
40273
7515
7516
7517
7518
7519
7520
7521
7522
7523
7524
7525
7526
7527
7528
7529
40307
40308
40309
40310
40311
7549
7550
7551
7552
7553
7554
7555
7556
7557
7558
7559
7560
7561
7562
7563
40344
40345
40346
40347
40348
7584
7585
7586
7587
7588
7589
7590
7591
7592
7593
7594
7595
7596
7597
7598
40380
40381
40382
40383
40384
7620
7621
7622
7623
7624
7625
7626
7627
7628
7629
7630
7631
7632
7633
7634
7638
7639
7640
7641
7642
7643
7644
7645
7646
40415
7647
40416
7648
40417
7649
40418
7650
40419
7651
7652
7657
7658
7659
7660
7661
7662
7663
7664
7665
7666
7667
7668
7669
7670
40439
7671
40440
40441
40442
40443
40444
40445
7677
40446
7678
40447
7679
40448
7680
40449
7681
40450
7682
40451
7683
40452
7684
40453
7685
7686
7687
7688
7689
7690
7691
7698
7699
7700
7701
7702
7703
40472
7704
40473
7705
40474
7706
40475
7707
40476
7708
40477
7709
40478
7710
40479
7711
40480
7712
40481
40482
40483
40484
40485
40486
7720
7721
7722
7723
7724
40504
40505
40506
40507
40508
40509
40510
40511
7743
40512
7744
40513
7745
40514
7746
40515
7747
40516
40517
40518
40535
7767
40536
7768
40537
7769
40538
7770
40539
7771
40540
40541
40542
40543
40544
40545
40546
40547
40548
40549
7792
7793
7794
7795
7796
40565
40566
40567
40568
40569
40570
40571
40572
40573
40574
40575
40576
40577
40578
40579
7818
7819
7820
7821
7822
40613
7845
40614
7846
40615
7847
40616
7848
40617
7849
40618
40619
7873
7874
7875
7876
7877
40652
40653
40654
40655
40656
40657
40658
40659
7902
7903
7904
7905
7906
40691
40692
40693
40694
40695
40696
40697
40698
40699
7932
7933
7934
7935
7936
40730
40731
7963
40732
7964
40733
7965
40734
7966
40735
7967
40736
40737
40738
40739
7995
7996
7997
7998
7999
8000
40769
8001
40770
8002
40771
8003
40772
8004
40773
8005
40774
8006
40775
8007
40776
8008
40777
8009
40778
40779
8028
8029
8030
8031
8032
8033
8034
8035
8036
8037
8038
8039
8040
8041
8042
40818
40819
8062
8063
8064
8065
8066
8067
8068
8069
8070
8071
8072
8073
8074
8075
8076
40857
40858
40859
8097
8098
8099
8100
8101
8102
8103
8104
8105
8106
8107
8108
8109
8110
8111
40896
40897
40898
40899
8133
8134
8135
8136
8137
8138
8139
8140
8141
8142
8143
8144
8145
8146
8147
40935
40936
40937
40938
8170
40939
8171
8172
8173
8174
8175
8176
8177
8178
8179
8180
8181
8182
8183
8184
8189
8190
8191
8192
8193
8194
8195
8196
8197
8198
8199
8200
8201
8202
8203
40974
40975
40976
40977
8209
40978
8210
8211
8212
8213
8214
8215
8216
8217
8218
8219
8220
8221
8222
8223
8230
8231
8232
8233
8234
8235
8236
8237
8238
8239
8240
8241
8242
8243
41012
8244
41013
41014
41015
41016
8252
8253
8254
8255
8256
8257
8258
8259
8260
8261
8262
8263
8264
8265
8266
8275
8276
8277
8278
8279
41049
41050
41051
41052
41053
8299
8300
8301
8302
8303
41085
41086
41087
41088
41089
8324
8325
8326
8327
8328
8350
8351
41120
8352
41121
8353
41122
8354
41123
41124
8377
8378
8379
8380
8381
41154
41155
41156
41157
41158
8405
8406
8407
8408
41177
8409
41178
41179
41180
41181
41182
41183
41184
41185
41186
41187
41188
41189
41190
41191
8434
8435
8436
8437
8438
41209
41210
41211
41212
41213
41214
41215
41216
41217
41218
41219
41220
41221
41222
41223
8464
8465
8466
8467
8468
41240
41241
41242
41243
41244
41245
41246
41247
41248
41249
41250
41251
41252
41253
41254
8495
8496
8497
8498
8499
41270
41271
41272
41273
41274
41275
41276
41277
41278
41279
41280
41281
41282
41283
41284
8527
8528
8529
8530
41299
8531
41300
41301
41302
41303
41304
41305
41306
41307
41308
41309
41310
41311
41312
41313
8560
8561
8562
8563
8564
8565
8566
8567
8568
8569
8570
8571
8572
8573
8574
41346
41347
41348
41349
41350
41351
41352
41353
8594
8595
8596
8597
8598
8599
8600
8601
8602
8603
8604
8605
8606
8607
8608
41385
41386
41387
41388
41389
41390
41391
41392
41393
8629
8630
8631
8632
8633
8634
8635
8636
8637
8638
8639
8640
8641
8642
8643
41424
41425
41426
41427
41428
41429
41430
41431
41432
41433
8665
8666
8667
8668
8669
8670
8671
8672
8673
8674
8675
8676
8677
8678
8679
41463
41464
41465
41466
41467
41468
41469
41470
8702
41471
8703
41472
8704
41473
8705
8706
8707
8708
8709
8710
8711
8712
8713
8714
8715
8716
41502
41503
41504
41505
41506
41507
41508
8740
41509
8741
41510
8742
41511
8743
41512
8744
41513
8745
8746
8747
8748
8749
8750
8751
8752
8753
8754
8760
8761
8762
8763
8764
8765
8766
8767
8768
8769
8770
8771
8772
8773
8774
8781
8782
41551
8783
41552
8784
41553
8785
8786
8787
8788
8789
8790
8791
8792
8793
8794
8795
8803
8804
8805
8806
8807
8808
8809
8810
8811
8812
8813
8814
8815
8816
8817
41590
41591
41592
41593
8826
8827
8828
8829
8830
8831
8832
8833
8834
8835
8836
8837
8838
8839
8840
8850
8851
8852
8853
8854
41629
41630
41631
41632
41633
8875
8876
8877
8878
8879
41668
41669
8901
41670
8902
41671
8903
41672
8904
8905
8928
8929
8930
8931
8932
41706
41707
41708
41709
41710
8956
8957
8958
8959
8960
41743
41744
41745
41746
41747
8985
8986
8987
8988
8989
41779
41780
41781
41782
41783
9015
9016
9017
9018
9019
41814
9046
41815
9047
41816
9048
41817
9049
41818
9050
9078
9079
41848
9080
41849
9081
41850
9082
41851
41852
9111
9112
41881
9113
41882
9114
41883
9115
41884
41885
41903
41904
41905
41906
41907
41908
41909
41910
41911
41912
41913
9145
41914
9146
41915
9147
41916
9148
41917
9149
9150
9151
9152
9153
9154
9155
9156
9157
9158
9159
41934
41935
41936
41937
41938
41939
41940
41941
41942
41943
41944
41945
41946
41947
41948
9180
9181
9182
9183
9184
9185
9186
9187
9188
9189
9190
9191
9192
9193
9194
41964
41965
41966
41967
41968
41969
41970
41971
41972
41973
41974
41975
41976
41977
41978
9216
9217
9218
9219
9220
9221
9222
9223
9224
41993
9225
41994
9226
41995
9227
41996
9228
41997
9229
41998
9230
41999
42000
42001
42002
42003
42004
42005
42006
42007
42021
9253
42022
9254
42023
9255
42024
9256
42025
9257
42026
9258
42027
9259
42028
9260
42029
9261
42030
9262
42031
9263
42032
9264
42033
9265
42034
9266
42035
9267
9291
9292
9293
9294
9295
9296
9297
9298
42067
9299
42068
9300
42069
9301
42070
9302
42071
9303
42072
9304
42073
9305
42074
42075
9330
9331
9332
9333
9334
9335
9336
9337
42106
9338
42107
9339
42108
9340
42109
9341
42110
9342
42111
9343
42112
9344
42113
42114
42115
9351
9352
9353
9354
9355
9356
9357
9358
9359
9360
9361
9362
9363
9364
9365
9373
9374
9375
9376
42145
9377
42146
9378
42147
9379
42148
9380
42149
9381
42150
9382
42151
9383
42152
9384
42153
9385
42154
9386
42155
9387
9396
9397
9398
9399
9400
9401
9402
9403
9404
9405
9406
9407
9408
9409
9410
42184
42185
42186
42187
42188
9420
42189
9421
42190
9422
42191
9423
42192
9424
42193
9425
42194
9426
42195
9427
9428
9429
9430
9431
9432
9433
9434
9445
9446
9447
9448
9449
42223
42224
42225
42226
42227
42228
42229
42230
42231
42232
42233
42234
42235
9471
9472
9473
9474
9475
9498
9499
9500
9501
9502
42272
42273
42274
42275
9526
9527
9528
9529
9530
42311
42312
42313
42314
42315
9555
9556
9557
9558
9559
42350
42351
42352
42353
9585
42354
9586
9587
9588
9589
9616
9617
9618
9619
42388
9620
42389
42390
42391
42392
9648
9649
9650
9651
9652
42425
42426
42427
42428
42429
9681
9682
9683
9684
9685
42461
42462
42463
42464
42465
9715
9716
9717
9718
9719
42496
42497
42498
42499
42500
9750
9751
9752
9753
9754
9755
9756
9757
9758
9759
9760
9761
42530
9762
42531
9763
42532
9764
42533
42534
9786
9787
9788
9789
9790
9791
9792
9793
9794
42563
9795
42564
9796
42565
9797
42566
9798
42567
9799
9800
9823
9824
9825
9826
42595
9827
42596
9828
42597
9829
42598
9830
42599
9831
9832
9833
9834
9835
9836
9837
42616
42617
42618
42619
42620
42621
42622
42623
42624
42625
42626
42627
42628
42629
9861
42630
9862
9863
9864
9865
9866
9867
9868
9869
9870
9871
9872
9873
9874
9875
42646
42647
42648
42649
42650
42651
42652
42653
42654
42655
42656
42657
42658
42659
42660
9900
9901
9902
9903
9904
9905
9906
42675
9907
42676
9908
42677
9909
42678
9910
42679
9911
42680
9912
42681
9913
42682
9914
42683
42684
42685
42686
42687
42688
42689
42703
42704
42705
42706
42707
42708
9940
42709
9941
42710
9942
42711
9943
42712
9944
42713
9945
42714
9946
42715
9947
42716
9948
42717
9949
9950
9951
9952
9953
9954
42730
9962
42731
9963
42732
9964
42733
9965
42734
9966
42735
9967
42736
9968
42737
9969
42738
9970
42739
9971
42740
9972
42741
9973
42742
9974
42743
9975
42744
9976
9985
9986
9987
9988
9989
9990
9991
9992
9993
9994
9995
9996
9997
9998
9999
42775
42776
42777
10009
42778
10010
42779
10011
42780
10012
42781
10013
42782
10014
42783
10015
42784
10016
10017
10018
10019
10020
10021
10022
10023
10034
10035
10036
10037
10038
10039
10040
10041
10042
10043
10044
10045
42814
10046
42815
10047
42816
10048
42817
42818
42819
42820
42821
42822
42823
42824
10060
10061
10062
10063
10064
42853
42854
42855
10087
42856
10088
42857
10089
42858
10090
42859
10091
42860
42861
42862
42863
42864
10115
10116
10117
10118
10119
42892
42893
42894
42895
42896
42897
42898
42899
42900
42901
42902
42903
42904
10144
10145
10146
10147
10148
42931
42932
42933
42934
42935
42936
42937
42938
42939
42940
42941
42942
10174
42943
10175
42944
10176
10177
10178
10205
10206
10207
10208
10209
42980
42981
42982
42983
42984
10237
10238
10239
10240
10241
43019
43020
43021
43022
43023
10270
10271
10272
10273
10274
43057
43058
43059
43060
43061
10304
10305
10306
10307
10308
43094
43095
43096
43097
43098
10339
10340
10341
10342
10343
43130
43131
43132
43133
43134
10375
10376
10377
10378
10379
10380
10381
10382
10383
10384
10385
10386
10387
10388
10389
43165
43166
43167
43168
43169
10412
10413
10414
10415
10416
10417
10418
10419
10420
10421
10422
10423
10424
10425
10426
43199
43200
43201
43202
43203
10450
10451
10452
10453
10454
10455
10456
10457
10458
10459
10460
10461
10462
10463
43232
10464
43233
43234
43235
43236
10489
10490
10491
10492
10493
10494
10495
43264
10496
43265
10497
43266
10498
43267
10499
43268
10500
10501
10502
10503
43295
43296
43297
10529
43298
10530
43299
10531
10532
10533
10534
10535
10536
10537
10538
10539
10540
10541
10542
43315
43316
43317
43318
43319
43320
43321
43322
43323
43324
43325
43326
43327
43328
43329
10569
10570
10571
10572
10573
10574
10575
43344
10576
43345
10577
43346
10578
43347
10579
43348
10580
43349
10581
43350
10582
43351
10583
43352
43353
43354
43355
43356
43357
43358
10592
10593
10594
10595
10596
10597
10598
10599
10600
10601
10602
10603
43372
10604
43373
10605
43374
10606
43375
43376
43377
43378
43379
43380
43381
43382
43383
43384
10616
43385
10617
43386
10618
10619
10620
10621
10622
10623
10624
10625
10626
10627
10628
10629
10630
43399
43400
43401
43402
43403
43404
43405
43406
43407
43408
43409
10641
43410
10642
43411
10643
43412
10644
43413
10645
10646
10647
10648
10649
10650
10651
10652
10653
10654
10655
43425
43426
43427
43428
43429
43430
43431
43432
43433
43434
43435
10667
43436
10668
43437
10669
43438
10670
43439
10671
10672
10673
10674
10675
10676
10677
10678
10679
10680
10681
10694
10695
10696
10697
10698
43469
43470
43471
43472
43473
43474
43475
43476
43477
43478
43479
10722
10723
10724
10725
10726
43508
43509
43510
43511
43512
43513
43514
43515
43516
43517
43518
43519
10751
10752
10753
10754
10755
43547
43548
43549
10781
43550
10782
43551
10783
43552
10784
43553
10785
43554
43555
43556
43557
43558
43559
10812
10813
10814
10815
10816
43586
43587
43588
43589
43590
43591
43592
43593
43594
43595
43596
43597
43598
43599
10844
10845
10846
10847
10848
43625
43626
43627
43628
43629
43630
43631
43632
43633
43634
43635
43636
43637
43638
43639
10877
10878
10879
10880
10881
43674
43675
43676
43677
43678
10911
10912
10913
10914
10915
43712
43713
43714
10946
43715
10947
43716
10948
10949
10950
43749
43750
10982
43751
10983
43752
10984
43753
10985
10986
43785
43786
43787
11019
43788
11020
43789
11021
11022
11023
11024
11025
11026
11027
11028
11029
11030
11031
11032
11033
43820
43821
43822
43823
43824
11057
11058
11059
11060
11061
11062
11063
11064
11065
11066
11067
11068
11069
11070
11071
43854
43855
43856
43857
43858
11096
11097
11098
11099
11100
11101
11102
11103
11104
11105
11106
11107
11108
11109
11110
43887
43888
43889
43890
43891
11136
11137
11138
11139
11140
11141
11142
11143
11144
11145
11146
11147
11148
11149
43919
43920
43921
43922
43923
11176
11177
11178
11179
11180
11181
43950
11182
43951
11183
43952
11184
43953
11185
43954
11186
11187
11188
43980
43981
43982
43983
43984
11216
11217
11218
11219
11220
11221
11222
11223
11224
11225
11226
11227
11228
11229
11230
43999
44000
44001
44002
44003
44004
44005
44006
44007
44008
11240
44009
11241
44010
11242
44011
11243
44012
11244
44013
11245
11246
11247
11248
11249
11250
11251
11252
11253
11254
44027
44028
44029
44030
44031
44032
44033
11265
44034
11266
44035
11267
44036
11268
44037
11269
44038
11270
44039
11271
44040
11272
44041
11273
11274
11275
11276
11277
11278
11279
44054
44055
44056
44057
44058
44059
11291
44060
11292
44061
11293
44062
11294
44063
11295
44064
11296
44065
11297
44066
11298
44067
11299
44068
11300
11301
11302
11303
11304
11305
44080
44081
44082
44083
44084
44085
44086
11318
44087
11319
44088
11320
44089
11321
44090
11322
44091
11323
44092
11324
44093
11325
44094
11326
11327
11328
11329
11330
11331
11332
44105
44106
44107
44108
44109
44110
44111
44112
44113
44114
11346
44115
11347
44116
11348
44117
11349
44118
11350
44119
11375
11376
11377
11378
11379
44148
44149
44150
44151
44152
44153
44154
44155
44156
44157
44158
44159
11405
11406
11407
11408
11409
44187
44188
44189
44190
44191
44192
44193
44194
44195
44196
44197
44198
44199
11436
11437
11438
11439
11440
44226
44227
44228
44229
44230
44231
44232
44233
44234
44235
44236
11468
44237
11469
44238
11470
44239
11471
11472
44265
44266
44267
44268
44269
11501
44270
11502
44271
11503
44272
11504
44273
11505
44274
44275
44276
44277
44278
44279
11535
44304
11536
44305
11537
44306
11538
44307
11539
44308
44309
44310
44311
44312
44313
44314
44315
44316
44317
44318
11570
11571
11572
11573
11574
44352
44353
44354
44355
44356
11606
11607
11608
11609
11610
44389
44390
44391
44392
44393
11643
11644
11645
11646
11647
44425
44426
44427
44428
44429
11681
11682
11683
11684
11685
11686
11687
11688
11689
11690
11691
44460
11692
44461
11693
44462
11694
44463
11695
44464
11720
11721
11722
11723
11724
11725
44494
11726
44495
11727
44496
11728
44497
11729
44498
11730
11731
11732
11733
11734
44527
44528
11760
44529
11761
44530
11762
44531
11763
11764
11765
11766
11767
11768
11769
11770
11771
11772
11773
44559
44560
44561
44562
44563
11800
11801
11802
11803
11804
11805
11806
11807
11808
11809
11810
11811
11812
44590
44591
44592
44593
44594
11840
11841
11842
11843
11844
11845
11846
11847
11848
11849
11850
11851
44620
44621
44622
44623
44624
11880
44649
11881
44650
11882
44651
11883
44652
11884
44653
11885
11886
11887
11888
11889
11890
11891
11892
11893
11894
44667
44668
44669
44670
44671
44672
44673
11905
44674
11906
44675
11907
44676
11908
44677
11909
44678
11910
44679
11911
44680
11912
44681
11913
11914
11915
11916
11917
11918
11919
44694
44695
44696
44697
44698
44699
11931
44700
11932
44701
11933
44702
11934
44703
11935
44704
11936
44705
11937
44706
11938
44707
11939
44708
11940
11941
11942
11943
11944
11945
44720
44721
44722
44723
44724
44725
44726
11958
44727
11959
44728
11960
44729
11961
44730
11962
44731
11963
44732
11964
44733
11965
44734
11966
11967
11968
11969
11970
11971
11972
44745
44746
44747
44748
44749
44750
44751
44752
44753
44754
11986
44755
11987
44756
11988
44757
11989
44758
11990
44759
11991
11992
11993
11994
11995
11996
11997
11998
11999
12000
44769
44770
44771
44772
44773
44774
44775
44776
44777
44778
44779
44780
44781
44782
44783
12015
12016
12017
12018
12019
44811
44812
44813
12045
44814
12046
44815
12047
44816
12048
44817
12049
44818
44819
44820
44821
44822
44823
12076
12077
12078
12079
12080
44850
44851
44852
44853
44854
44855
44856
44857
44858
44859
44860
44861
44862
44863
12108
12109
12110
12111
12112
44889
44890
44891
44892
44893
44894
44895
44896
44897
44898
44899
44900
44901
44902
44903
12141
12142
12143
12144
12145
44928
44929
44930
44931
44932
44933
44934
44935
44936
44937
44938
44939
44940
44941
44942
12175
12176
12177
12178
12179
44966
44967
44968
44969
44970
44971
44972
44973
44974
44975
44976
44977
44978
12210
44979
12211
44980
12212
12213
12214
45013
45014
12246
45015
12247
45016
12248
45017
12249
12250
45049
45050
45051
12283
45052
12284
45053
12285
12286
12287
45084
45085
45086
45087
45088
12321
12322
12323
12324
12325
45118
45119
45120
45121
45122
12360
12361
12362
12363
12364
12365
12366
12367
12368
12369
12370
12371
12372
12373
12374
45151
45152
45153
45154
45155
12400
12401
12402
12403
12404
12405
12406
12407
12408
12409
12410
12411
12412
12413
45183
45184
45185
45186
45187
12440
12441
12442
12443
12444
12445
45214
12446
45215
12447
45216
12448
45217
12449
45218
12450
12451
12452
45244
45245
45246
45247
45248
12480
12481
12482
12483
12484
12485
12486
12487
12488
12489
12490
12491
45273
45274
45275
45276
45277
12520
12521
12522
12523
12524
12525
12526
12527
12528
12529
12530
45301
45302
45303
45304
45305
45318
45319
45320
45321
45322
45323
45324
45325
45326
45327
45328
12560
45329
12561
45330
12562
45331
12563
45332
12564
12565
12566
12567
12568
12569
12570
12571
12572
12573
12574
45344
45345
45346
45347
45348
45349
45350
45351
45352
45353
45354
12586
45355
12587
45356
12588
45357
12589
45358
12590
12591
12592
12593
12594
12595
12596
12597
12598
12599
12600
45369
45370
45371
45372
45373
45374
45375
45376
45377
45378
45379
45380
45381
12613
45382
12614
45383
12615
12616
12617
12618
12619
12620
12621
12622
12623
12624
45393
12625
45394
12626
45395
12627
45396
45397
45398
45399
45400
45401
45402
45403
45404
45405
45406
45407
12641
12642
12643
12644
12645
12646
12647
45416
12648
45417
12649
45418
12650
45419
12651
45420
12652
45421
12653
45422
12654
45423
12655
45424
45425
45426
45427
45428
45429
45430
12670
12671
12672
12673
12674
12675
12676
12677
12678
12679
12680
12681
12682
12683
12684
45457
45458
45459
45460
45461
45462
45463
45464
45465
45466
45467
45468
12700
45469
12701
45470
12702
12703
12704
45496
45497
45498
45499
12731
45500
12732
45501
12733
45502
12734
45503
12735
45504
45505
45506
45507
45508
45509
45510
12763
12764
12765
12766
45535
12767
45536
45537
45538
45539
45540
45541
45542
45543
45544
45545
45546
45547
45548
45549
12796
12797
12798
12799
12800
45573
45574
45575
45576
45577
45578
45579
45580
45581
45582
45583
45584
45585
45586
45587
12830
12831
12832
12833
12834
45610
45611
45612
45613
45614
45615
45616
45617
45618
45619
45620
45621
45622
45623
45624
12865
12866
12867
12868
12869
45656
45657
45658
45659
45660
12901
12902
12903
12904
12905
45691
45692
45693
45694
45695
12938
12939
12940
12941
12942
45725
45726
45727
45728
45729
12976
12977
12978
12979
12980
45758
45759
45760
45761
45762
13015
13016
13017
13018
13019
45790
45791
45792
45793
45794
45821
45822
45823
13055
45824
13056
45825
13057
13058
13059
13060
13061
13062
13063
13064
13065
13066
13067
13068
45851
45852
45853
45854
45855
13095
13096
13097
13098
13099
13100
13101
13102
13103
13104
13105
13106
13107
45880
45881
45882
45883
45884
13135
13136
13137
13138
13139
45908
13140
45909
13141
45910
13142
45911
13143
45912
13144
13145
13146
45935
45936
45937
45938
45939
13175
13176
13177
13178
13179
13180
13181
13182
45951
13183
45952
13184
45953
13185
45954
45955
45956
45957
45958
45959
45960
45961
45962
45963
45964
45965
45976
45977
45978
45979
45980
45981
45982
45983
13215
45984
13216
45985
13217
45986
13218
45987
13219
45988
13220
45989
13221
45990
13222
13223
13224
46000
46001
46002
46003
46004
46005
46006
46007
46008
46009
46010
46011
46012
46013
46014
46023
13255
46024
13256
46025
13257
46026
13258
46027
13259
46028
13260
46029
13261
46030
13262
46031
13263
46032
13264
46033
13265
46034
13266
46035
13267
46036
13268
46037
13269
46045
46046
46047
46048
46049
46050
13282
46051
13283
46052
13284
46053
13285
46054
13286
46055
13287
46056
13288
46057
13289
46058
13290
46059
13291
13292
13293
13294
13295
13296
13310
13311
13312
13313
13314
13315
13316
46085
13317
46086
13318
46087
13319
46088
13320
46089
13321
46090
13322
46091
13323
46092
13324
46093
46094
46095
46096
46097
46098
46099
13339
13340
13341
13342
13343
13344
13345
13346
13347
13348
13349
13350
13351
13352
13353
46124
46125
46126
46127
46128
46129
46130
46131
46132
46133
46134
46135
46136
46137
13369
46138
13370
13371
13372
13373
13374
13375
13376
13377
13378
13379
13380
13381
13382
13383
46162
46163
46164
46165
46166
46167
46168
13400
46169
13401
46170
13402
46171
13403
46172
13404
46173
46174
46175
46176
46199
46200
13432
46201
13433
46202
13434
46203
13435
46204
13436
46205
46206
46207
46208
46209
46210
46211
46212
46213
13465
13466
46235
13467
46236
13468
46237
13469
46238
46239
46240
46241
46242
46243
46244
46245
46246
46247
46248
46249
13499
13500
13501
13502
13503
46280
46281
46282
46283
46284
13534
13535
13536
13537
13538
46314
46315
46316
46317
46318
13570
13571
13572
13573
13574
46347
46348
46349
46350
46351
13607
13608
13609
13610
46379
13611
46380
46381
46382
46383
46410
46411
46412
46413
13645
46414
13646
13647
13648
13649
46440
46441
46442
46443
46444
13684
13685
13686
13687
13688
46469
46470
46471
46472
46473
13724
13725
13726
13727
46497
46498
46499
46500
46501
46524
46525
46526
46527
46528
13764
13765
13766
13767
13768
13769
13770
13771
13772
13773
13774
13775
13776
46550
46551
46552
46553
46554
46565
46566
46567
46568
46569
46570
46571
46572
13804
46573
13805
46574
13806
46575
13807
46576
13808
46577
13809
46578
13810
46579
13811
13812
13813
13814
13815
46589
46590
46591
46592
46593
46594
46595
46596
46597
46598
46599
46600
46601
46602
46603
46612
13844
46613
13845
46614
13846
46615
13847
46616
13848
46617
13849
46618
13850
46619
13851
46620
13852
46621
13853
46622
13854
46623
46624
46625
46626
46634
46635
46636
46637
46638
46639
46640
46641
46642
46643
46644
46645
46646
46647
46648
13884
13885
13886
46655
13887
46656
13888
46657
13889
46658
13890
46659
13891
46660
13892
46661
13893
46662
46663
46664
46665
46666
46667
46668
46669
13924
13925
46694
13926
46695
13927
46696
13928
46697
13929
46698
13930
46699
13931
46700
13932
46701
46702
46703
46704
46705
46706
46707
46708
46732
13964
46733
13965
46734
13966
46735
13967
46736
13968
46737
13969
46738
13970
46739
13971
46740
13972
46741
13973
46742
13974
46743
13975
46744
13976
46745
13977
46746
13978
13992
13993
13994
13995
13996
13997
13998
13999
14000
46769
14001
46770
14002
46771
14003
46772
14004
46773
14005
46774
14006
46775
46776
46777
46778
46779
46780
46781
46782
46783
14021
14022
14023
14024
14025
14026
14027
14028
14029
14030
14031
14032
14033
14034
14035
46805
46806
46807
46808
46809
46810
46811
46812
46813
46814
46815
46816
46817
46818
46819
14051
14052
14053
14054
14055
14056
14057
14058
14059
14060
14061
14062
14063
14064
14065
46840
46841
46842
46843
46844
46845
46846
46847
46848
46849
46850
14082
46851
14083
46852
14084
46853
14085
46854
14086
14087
14088
14089
14090
14091
14092
14093
14094
14095
14096
14114
14115
46884
14116
46885
14117
46886
14118
46887
46888
14147
14148
46917
14149
46918
14150
46919
14151
46920
46921
46949
14181
46950
14182
46951
14183
46952
14184
46953
14185
46980
46981
46982
46983
46984
14216
14217
14218
14219
14220
47010
47011
47012
47013
47014
14252
14253
14254
14255
14256
47039
47040
47041
47042
47043
14289
14290
14291
14292
14293
47067
47068
47069
47070
47071
47094
47095
14327
47096
14328
47097
14329
47098
14330
14331
47120
47121
47122
47123
47124
14366
14367
14368
14369
14370
47145
47146
47147
47148
47149
47159
47160
47161
47162
47163
47164
47165
47166
47167
47168
47169
47170
47171
47172
47173
14406
14407
14408
14409
47182
47183
47184
47185
47186
47187
47188
47189
47190
47191
47192
47193
47194
47195
47196
47204
47205
47206
47207
47208
47209
47210
47211
47212
47213
47214
14446
47215
14447
47216
14448
47217
47218
47225
47226
47227
47228
47229
47230
47231
47232
47233
47234
47235
47236
47237
47238
47239
47245
47246
47247
47248
47249
47250
47251
47252
47253
47254
14486
47255
14487
47256
14488
47257
14489
47258
14490
47259
14491
14492
14493
14494
14495
14496
14497
47283
47284
47285
47286
47287
47288
47289
47290
47291
47292
47293
47294
14526
47295
14527
47296
14528
47297
14529
14530
14531
14532
14533
14534
14535
14536
47320
47321
47322
47323
47324
47325
47326
47327
47328
47329
47330
47331
47332
47333
47334
14566
14567
14568
14569
14570
14571
14572
14573
14574
14575
47356
47357
47358
47359
47360
47361
47362
47363
47364
47365
47366
47367
47368
47369
47370
14606
14607
14608
14609
14610
14611
14612
14613
14614
47391
47392
47393
47394
47395
47396
47397
47398
47399
47400
47401
47402
47403
47404
47405
14646
14647
14648
14649
14650
14651
14652
14653
47425
47426
47427
47428
47429
47430
47431
47432
47433
47434
47435
47436
47437
47438
47439
14686
14687
14688
14689
14690
14691
14692
14693
14694
14695
14696
14697
14698
14699
47468
14700
47469
47470
47471
47472
14715
14716
14717
14718
14719
14720
14721
14722
14723
14724
14725
14726
14727
14728
14729
47500
47501
47502
47503
47504
14745
14746
14747
14748
14749
14750
14751
14752
14753
14754
14755
14756
14757
14758
14759
47531
47532
47533
47534
47535
14776
14777
14778
14779
14780
14781
14782
14783
14784
14785
14786
14787
14788
14789
14790
47561
47562
47563
47564
47565
14808
14809
14810
14811
14812
14813
14814
14815
14816
14817
14818
14819
14820
14821
47590
14822
47591
47592
47593
47594
14841
14842
14843
14844
14845
47618
47619
47620
47621
47622
14875
14876
47645
14877
47646
14878
47647
14879
47648
47649
47671
47672
47673
47674
47675
14910
14911
14912
14913
14914
47696
47697
47698
47699
47700
14946
14947
14948
14949
14950
47720
47721
47722
47723
47724
47733
47734
47735
47736
47737
47738
47739
47740
47741
47742
47743
47744
47745
47746
47747
14983
14984
14985
14986
47755
14987
47756
47757
47758
47759
47760
47761
47762
47763
47764
47765
47766
47767
47768
47769
47776
47777
47778
47779
47780
47781
47782
47783
47784
47785
47786
47787
47788
47789
15021
47790
15022
15023
15024
15025
47796
47797
47798
47799
47800
47801
47802
47803
47804
47805
47806
47807
47808
47809
47810
47815
47816
47817
47818
47819
47820
47821
47822
47823
47824
47825
47826
47827
47828
15060
47829
15061
15062
15063
15064
47852
47853
47854
47855
47856
47857
47858
47859
47860
47861
47862
47863
47864
47865
47866
15100
15101
15102
15103
47888
47889
47890
47891
47892
47893
47894
47895
47896
47897
47898
47899
47900
47901
47902
15140
15141
15142
47923
47924
47925
47926
47927
47928
47929
47930
47931
47932
47933
47934
47935
47936
47937
15180
15181
47957
47958
47959
47960
47961
47962
47963
47964
47965
47966
47967
47968
47969
47970
47971
15220
15221
47990
15222
47991
15223
47992
15224
47993
15225
47994
15226
47995
15227
47996
15228
47997
15229
47998
15230
47999
48000
48001
48002
48003
48004
15260
15261
15262
15263
48032
15264
48033
15265
48034
15266
48035
15267
48036
15268
15269
48063
48064
48065
48066
48067
15300
15301
15302
15303
15304
15305
15306
15307
15308
48093
48094
48095
48096
48097
15340
15341
15342
15343
15344
15345
15346
15347
48122
48123
48124
48125
48126
15380
15381
48150
15382
48151
15383
48152
15384
48153
15385
48154
15386
48177
48178
48179
48180
48181
15420
15421
15422
15423
15424
15425
15426
15427
15428
15429
15430
15431
15432
15433
15434
48203
48204
48205
48206
48207
15450
15451
15452
15453
15454
15455
15456
15457
15458
15459
48228
15460
48229
15461
48230
15462
48231
15463
48232
15464
15481
15482
15483
48252
15484
48253
15485
48254
15486
48255
15487
48256
15488
15489
15490
15491
15492
15493
15494
15495
48275
48276
48277
48278
48279
15513
15514
15515
15516
15517
15518
48287
15519
48288
15520
48289
15521
48290
15522
48291
15523
48292
15524
48293
15525
48294
15526
48295
15527
48296
48297
48298
48299
48300
48301
48308
48309
48310
48311
48312
48313
48314
15546
48315
15547
48316
15548
48317
15549
48318
15550
48319
15551
48320
15552
48321
15553
48322
15554
15555
15556
15557
15558
15559
48328
15560
48329
48330
48331
48332
48333
48334
48335
48336
48337
48338
48339
48340
48341
48342
48347
48348
15580
48349
15581
48350
15582
48351
15583
48352
15584
48353
48354
48355
48356
48357
48358
48359
48360
48361
48365
48366
48367
48368
48369
48370
48371
48372
48373
48374
48375
48376
48377
48378
48379
15615
15616
15617
15618
15619
48401
48402
48403
48404
48405
48406
48407
48408
48409
48410
48411
48412
48413
48414
48415
15651
15652
15653
15654
15655
48436
48437
48438
48439
48440
48441
48442
48443
48444
48445
48446
48447
48448
48449
48450
15688
15689
15690
15691
15692
48470
48471
48472
48473
48474
48475
48476
48477
48478
48479
48480
48481
48482
48483
48484
15726
15727
15728
15729
15730
48503
48504
48505
48506
48507
48508
48509
48510
48511
48512
48513
48514
48515
48516
48517
15765
15766
48535
15767
48536
15768
48537
15769
48538
48539
48540
48541
48542
48543
48544
48545
48546
48547
48548
48549
15805
15806
15807
48576
15808
48577
48578
48579
48580
48606
48607
48608
48609
48610
15845
15846
15847
48635
48636
48637
48638
48639
15885
15886
48663
48664
48665
48666
48667
48690
48691
48692
48693
15925
48694
48716
48717
48718
48719
48720
15965
15966
15967
15968
15969
15970
15971
15972
48741
15973
48742
15974
48743
48744
48745
48765
48766
48767
48768
48769
16005
16006
16007
16008
16009
16010
16011
16012
16013
48788
48789
48790
48791
48792
48810
48811
48812
48813
16045
48814
16046
16047
16048
16049
16050
16051
16052
48821
48822
48823
48824
48825
48826
48827
48828
48829
48830
48831
48832
48833
48834
48835
48841
48842
48843
48844
48845
48846
48847
48848
48849
48850
48851
48852
48853
16085
48854
16086
48855
16087
16088
16089
16090
16091
48860
48861
48862
48863
48864
48865
48866
48867
48868
48869
48870
48871
48872
48873
48874
48878
48879
48880
48881
48882
48883
48884
48885
48886
48887
48888
48889
48890
48891
48892
16125
16126
48895
16127
48896
16128
48897
16129
48898
16130
48899
48900
48901
48902
48903
48904
48905
48906
48907
48908
48909
48930
48931
48932
48933
16165
48934
16166
48935
16167
48936
16168
48937
16169
48938
16170
48939
16171
48940
16172
48941
16173
48942
16174
48943
16175
48944
16176
16177
16178
16179
48964
16196
48965
16197
48966
16198
48967
16199
48968
16200
48969
16201
48970
16202
48971
16203
48972
16204
48973
16205
48974
16206
48975
16207
48976
16208
48977
16209
48978
16210
16228
48997
16229
48998
16230
48999
16231
49000
16232
49001
16233
49002
16234
49003
16235
49004
16236
49005
16237
49006
16238
49007
16239
49008
16240
49009
16241
49010
16242
49011
49029
16261
49030
16262
49031
16263
49032
16264
49033
16265
49034
16266
49035
16267
49036
16268
49037
16269
49038
16270
49039
16271
49040
16272
49041
16273
49042
16274
49043
16275
49060
49061
49062
49063
16295
49064
16296
49065
16297
49066
16298
49067
16299
49068
16300
49069
16301
49070
16302
49071
16303
49072
16304
49073
16305
49074
16306
16307
16308
16309
16330
16331
49100
16332
49101
16333
49102
16334
49103
49104
49129
49130
49131
49132
49133
16366
16367
16368
16369
16370
49157
49158
49159
49160
49161
16403
16404
16405
16406
16407
49184
49185
49186
49187
49188
16441
49210
16442
49211
16443
49212
16444
49213
16445
49214
49235
49236
49237
49238
49239
16480
16481
16482
16483
16484
49259
49260
49261
49262
49263
49282
49283
49284
49285
49286
16520
16521
16522
16523
49304
49305
49306
49307
49308
49325
49326
49327
49328
16560
49329
16561
16562
49335
49336
49337
49338
49339
49340
49341
49342
49343
49344
49345
49346
49347
49348
49349
49354
49355
49356
49357
49358
49359
49360
49361
49362
49363
49364
49365
49366
49367
49368
16600
16601
49372
49373
49374
49375
49376
49377
49378
49379
49380
49381
49382
49383
49384
49385
49386
49389
49390
49391
49392
49393
49394
49395
49396
49397
49398
49399
49400
49401
49402
49403
49405
49406
49407
49408
16640
49409
49410
49411
49412
49413
49414
49415
49416
49417
49418
49419
49439
49440
49441
49442
49443
49444
49445
49446
49447
49448
49449
49450
49451
49452
49453
49472
49473
49474
49475
49476
49477
49478
49479
49480
49481
49482
49483
49484
49485
49486
16720
16721
16722
16723
16724
16725
16726
16727
16728
49504
49505
49506
49507
49508
49509
49510
49511
49512
49513
49514
49515
49516
49517
49518
16760
16761
16762
16763
16764
16765
16766
49535
16767
49536
49537
49538
49539
49540
49541
49542
49543
49544
49545
49546
49547
49548
49549
49565
49566
49567
49568
16800
49569
16801
49570
16802
49571
16803
49572
16804
49573
16805
49574
16806
49575
49576
49577
49578
49579
49604
49605
49606
49607
49608
16840
16841
16842
16843
16844
16845
49632
49633
49634
49635
49636
16880
16881
16882
16883
16884
49659
49660
49661
49662
49663
49685
49686
49687
49688
16920
49689
16921
16922
16923
16924
16925
16926
16927
16928
16929
16930
16931
16932
16933
16934
49710
49711
49712
49713
49714
16952
16953
16954
16955
16956
16957
16958
16959
16960
16961
16962
16963
16964
16965
49734
16966
49735
49736
49737
49738
16985
16986
16987
16988
49757
16989
49758
16990
49759
16991
49760
16992
49761
16993
16994
16995
16996
16997
16998
16999
49779
49780
49781
49782
49783
17019
17020
17021
17022
17023
17024
17025
17026
17027
17028
17029
17030
17031
49800
17032
49801
17033
49802
49803
49804
49820
49821
49822
17054
49823
17055
49824
17056
17057
17058
17059
17060
49829
17061
49830
17062
49831
17063
49832
17064
49833
17065
49834
17066
49835
17067
49836
17068
49837
49838
49839
49840
49841
49842
49843
49847
49848
49849
49850
49851
49852
49853
49854
49855
49856
49857
49858
17090
49859
17091
49860
17092
49861
17093
17094
49864
49865
49866
49867
49868
49869
49870
49871
49872
49873
49874
49875
49876
49877
49878
49880
49881
49882
49883
49884
49885
49886
49887
49888
49889
49890
49891
49892
49893
49894
49895
17127
49896
17128
49897
17129
49898
17130
49899
17131
49900
49901
49902
49903
49904
49905
49906
49907
49908
49909
49928
49929
49930
49931
49932
49933
17165
49934
17166
49935
17167
49936
17168
49937
17169
49938
49939
49940
49941
49942
49960
49961
49962
49963
49964
49965
49966
49967
49968
49969
49970
49971
49972
17204
49973
17205
49974
17206
17207
17208
49991
49992
49993
49994
49995
49996
49997
49998
49999
50000
50001
50002
50003
50004
50005
17244
17245
17246
17247
50021
50022
50023
50024
50025
50026
50027
50028
50029
50030
50031
50032
50033
50034
50035
50050
50051
50052
17284
50053
17285
50054
17286
50055
50056
50057
50058
50059
50060
50061
50062
50063
50064
50088
50089
50090
50091
50092
17324
17325
50115
50116
50117
50118
50119
17364
50141
50142
50143
50144
50145
50166
50167
50168
50169
50170
50190
50191
50192
50193
50194
50213
50214
50215
50216
50217
50235
50236
50237
50238
50239
17484
17485
17486
17487
50256
17488
50257
17489
50258
17490
50259
17491
50260
50276
50277
50278
50279
50280
17524
17525
17526
50295
17527
50296
17528
50297
17529
50298
17530
50299
50303
50304
50305
50306
50307
50308
50309
50310
50311
50312
50313
50314
50315
50316
50317
50320
50321
50322
50323
50324
50325
50326
50327
50328
50329
50330
50331
50332
17564
50333
17565
50334
17566
17567
50336
17568
50337
17569
50338
50339
50340
50341
50342
50343
50344
50345
50346
50347
50348
50349
50350
50351
50352
50353
50354
50355
50356
50357
50358
50359
50360
50361
50362
50363
50364
50365
50366
50367
50368
50369
50370
50371
50372
17604
50373
17605
50374
17606
50375
17607
50376
17608
50377
50378
50379
50397
50398
50399
50400
50401
50402
50403
50404
50405
50406
50407
50408
50409
50410
50411
17644
17645
17646
17647
50428
50429
50430
50431
50432
50433
50434
50435
50436
50437
50438
50439
50440
50441
50442
17684
17685
17686
17687
17688
17689
50458
17690
50459
17691
50460
17692
50461
17693
50462
17694
50463
17695
50464
17696
50465
17697
50466
17698
50467
50468
50469
50470
50471
50472
17717
17718
50487
17719
50488
17720
50489
17721
50490
17722
50491
17723
50492
17724
50493
17725
50494
17726
50495
17727
50496
17728
50497
17729
50498
17730
50499
17731
50500
50501
50515
50516
50517
50518
50519
17751
50520
17752
50521
17753
50522
17754
50523
17755
50524
17756
50525
17757
50526
17758
50527
17759
50528
17760
50529
17761
17762
17763
17764
17765
50552
50553
50554
17786
50555
17787
50556
17788
17789
17790
17791
17792
17793
17794
17795
17796
17797
17798
17799
17800
50578
50579
50580
50581
50582
17822
17823
17824
17825
17826
17827
17828
17829
17830
17831
17832
17833
17834
50603
17835
50604
17836
50605
50606
50607
50627
17859
50628
17860
50629
17861
50630
17862
50631
17863
50650
50651
50652
50653
50654
17897
17898
17899
17900
17901
50672
50673
50674
50675
50676
50693
50694
50695
50696
50697
17936
17937
17938
17939
17940
50713
50714
50715
50716
50717
50732
50733
50734
50735
50736
17976
17977
17978
17979
50750
50751
50752
50753
50754
50757
50758
50759
50760
50761
50762
50763
50764
50765
50766
50767
50768
50769
50770
50771
50773
50774
50775
50776
50777
50778
50779
50780
50781
50782
50783
50784
18016
50785
18017
50786
18018
50787
50788
50789
50790
50791
50792
50793
50794
50795
50796
50797
50798
50799
50800
50801
50802
50803
50804
50805
50806
50807
50808
50809
50810
50811
50812
50813
50814
50815
50816
50817
50818
50819
50820
50821
50822
50823
50824
18056
50825
18057
50826
50827
50828
50829
50846
50847
50848
50849
50850
50851
50852
50853
50854
50855
50856
50857
50858
50859
50860
18096
50876
50877
50878
50879
50880
50881
50882
50883
50884
50885
50886
50887
50888
50889
50890
50905
50906
50907
50908
50909
50910
50911
50912
50913
50914
50915
50916
50917
50918
50919
50933
50934
50935
50936
50937
50938
50939
50940
50941
50942
50943
50944
50945
50946
50947
50960
50961
50962
50963
50964
50965
50966
50967
50968
50969
50970
50971
50972
50973
50974
50996
50997
50998
50999
51000
51021
51022
51023
51024
18256
51025
18257
18258
18259
18260
18261
18262
51045
51046
51047
51048
51049
18296
18297
18298
18299
51068
18300
51069
18301
51070
51071
51072
51090
51091
51092
51093
51094
18336
18337
18338
18339
18340
51111
51112
51113
51114
51115
51131
51132
51133
51134
51135
18376
18377
18378
18379
51150
51151
51152
51153
51154
51168
51169
51170
51171
51172
18416
51185
18417
51186
18418
51187
51188
51189
51191
51192
51193
51194
51195
51196
51197
51198
51199
51200
51201
51202
51203
51204
51205
51206
51207
51208
51209
51210
51211
51212
51213
51214
51215
51216
51217
51218
51219
51220
51221
51222
51223
51224
18456
51225
18457
51226
18458
51227
18459
51228
18460
51229
18461
51230
18462
51231
18463
51232
18464
51233
18465
51234
18466
51235
18467
51236
18468
51237
18469
51238
18470
51239
51240
51241
51242
51243
51244
51245
51246
51247
51248
51249
51250
51251
51252
51253
51254
51255
51256
51257
51258
18490
51259
18491
18492
18493
18494
18495
18496
18497
18498
18499
18500
18501
18502
18503
18504
51275
51276
51277
51278
51279
51280
51281
51282
51283
51284
51285
51286
51287
51288
51289
18525
18526
18527
18528
18529
18530
18531
18532
18533
18534
18535
51304
18536
51305
18537
51306
18538
51307
18539
51308
51309
51310
51311
51312
51313
51314
51315
51316
51317
51318
18561
18562
18563
51332
18564
51333
18565
51334
18566
51335
18567
51336
18568
51337
18569
51338
18570
51339
18571
51340
18572
51341
18573
51342
18574
51343
18575
51344
51345
51346
51359
51360
51361
51362
51363
51364
51365
51366
18598
51367
18599
51368
18600
51369
18601
51370
18602
51371
18603
51372
18604
51373
18605
18606
18607
18608
18609
18610
18611
18612
51385
51386
51387
51388
51389
51390
51391
51392
51393
51394
51395
51396
51397
51398
51399
18636
18637
18638
18639
18640
51420
51421
51422
51423
51424
18675
51444
18676
51445
18677
51446
18678
51447
18679
51448
51467
51468
51469
51470
51471
18715
18716
18717
18718
51489
51490
51491
51492
51493
51510
51511
51512
51513
51514
18755
18756
18757
51530
51531
51532
51533
51534
51549
51550
51551
51552
51553
18795
18796
51567
51568
51569
51570
51571
51584
51585
51586
51587
51588
51600
51601
51602
51603
18835
51604
51605
51606
51607
51608
51609
51610
51611
51612
51613
51614
51615
51616
51617
51618
51619
51620
51621
51622
51623
51624
51625
51626
51627
51628
51629
51630
51631
51632
51633
51634
51635
51636
51637
51638
51639
51640
51641
51642
51643
51644
51645
51646
51647
51648
51649
51650
51651
51652
51653
51654
51655
51656
51657
51658
51659
51660
51661
51662
51663
51664
51665
51666
51667
51668
51669
51684
51685
51686
51687
51688
51689
51690
51691
51692
51693
51694
51695
51696
51697
51698
51712
51713
51714
51715
51716
51717
51718
51719
51720
51721
51722
51723
51724
51725
51726
51739
51740
51741
51742
51743
51744
51745
51746
51747
51748
51749
51750
51751
51752
51753
51765
51766
51767
51768
51769
51770
51771
51772
51773
51774
51775
51776
51777
51778
51779
51790
51791
51792
51793
51794
51795
51796
51797
51798
51799
51800
51801
51802
51803
19035
51804
19036
19037
19038
19039
19040
51824
51825
51826
51827
51828
19075
19076
19077
19078
51847
19079
51848
51849
51850
51851
51869
51870
51871
51872
51873
19115
19116
19117
19118
51890
51891
51892
51893
51894
51910
51911
51912
51913
51914
19155
19156
19157
51929
51930
51931
51932
51933
51947
51948
51949
51950
51951
19195
51964
19196
51965
51966
51967
51968
51980
51981
51982
51983
51984
51995
51996
51997
51998
51999
52000
52001
52002
52003
19235
52004
19236
52005
19237
52006
19238
52007
19239
52008
19240
52009
19241
52010
19242
52011
19243
52012
19244
52013
19245
52014
19246
52015
19247
52016
19248
52017
19249
52018
52019
52020
52021
52022
52023
52024
52025
52026
52027
52028
52029
52030
52031
52032
52033
52034
52035
52036
52037
52038
19270
52039
19271
52040
19272
52041
19273
52042
19274
52043
19275
52044
19276
52045
19277
52046
19278
52047
19279
52048
19280
52049
19281
52050
19282
52051
19283
52052
19284
52053
52054
52055
52056
52057
52058
52059
52073
52074
19306
52075
19307
52076
19308
52077
19309
52078
19310
52079
19311
52080
19312
52081
19313
52082
19314
52083
19315
52084
19316
52085
19317
52086
19318
52087
19319
19320
52100
52101
52102
52103
52104
52105
52106
52107
52108
52109
52110
52111
19343
52112
19344
52113
19345
52114
19346
19347
19348
19349
19350
19351
19352
19353
19354
19355
19356
19357
52126
52127
52128
52129
52130
52131
52132
52133
52134
52135
52136
52137
52138
52139
52140
19381
19382
52151
19383
52152
19384
52153
19385
52154
19386
52155
19387
52156
19388
52157
19389
52158
19390
52159
19391
52160
19392
52161
19393
52162
19394
52163
19395
52164
52165
52175
52176
52177
52178
52179
52180
52181
52182
52183
52184
52185
52186
52187
52188
19420
52189
19421
19422
19423
19424
52208
52209
52210
52211
52212
19460
19461
52230
19462
52231
19463
52232
52233
52234
52251
52252
52253
52254
52255
19500
19501
19502
52271
52272
52273
52274
52275
52290
52291
52292
52293
52294
52308
19540
52309
19541
52310
52311
52312
52325
52326
52327
52328
52329
52341
52342
52343
52344
52345
19580
52356
52357
52358
52359
52360
52370
52371
52372
52373
52374
52375
52376
52377
52378
52379
52380
52381
52382
52383
52384
52385
52386
52387
52388
52389
52390
52391
52392
52393
52394
52395
52396
52397
52398
52399
52400
52401
52402
52403
52404
52405
52406
52407
52408
52409
52410
52411
52412
52413
52414
52415
52416
52417
52418
52419
52420
52421
52422
52423
52424
52425
52426
52427
52428
52429
52442
52443
52444
52445
52446
52447
52448
52449
52450
52451
52452
52453
52454
52455
52456
52468
52469
52470
52471
52472
52473
52474
52475
52476
52477
52478
52479
52480
52481
52482
52493
52494
52495
52496
52497
52498
52499
52500
52501
52502
52503
52504
52505
52506
52507
52517
52518
52519
52520
52521
52522
52523
52524
52525
52526
52527
52528
52529
52530
52531
52540
52541
52542
52543
52544
52545
52546
52547
52548
52549
52550
52551
52552
52553
52554
52572
52573
52574
52575
52576
19820
19821
19822
19823
19824
52593
52594
52595
52596
52597
52613
52614
52615
52616
52617
19860
19861
19862
19863
52632
52633
52634
52635
52636
52650
52651
52652
52653
52654
52667
52668
19900
52669
19901
52670
19902
52671
52683
52684
52685
52686
52687
52698
52699
52700
52701
52702
19940
19941
52712
52713
52714
52715
52716
52725
52726
52727
52728
52729
52730
52731
52732
52733
52734
52735
52736
52737
52738
52739
52740
52741
52742
52743
52744
52745
52746
52747
52748
19980
52749
52750
52751
52752
52753
52754
52755
52756
52757
52758
52759
52760
52761
52762
52763
52764
52765
52766
52767
52768
52769
52770
52771
52772
52773
52774
52775
52776
52777
52778
52779
20020
20021
20022
52791
20023
52792
20024
52793
20025
52794
20026
52795
20027
52796
20028
52797
20029
52798
20030
52799
20031
52800
20032
52801
20033
52802
20034
52803
52804
52805
52816
52817
52818
52819
52820
52821
52822
52823
52824
20056
52825
20057
52826
20058
52827
20059
52828
20060
52829
20061
52830
20062
20063
20064
20065
20066
20067
20068
20069
20070
52840
52841
52842
52843
52844
52845
52846
52847
52848
52849
52850
52851
52852
52853
52854
20093
20094
52863
20095
52864
20096
52865
20097
52866
20098
52867
20099
52868
20100
52869
20101
52870
20102
52871
20103
52872
20104
52873
20105
52874
20106
52875
20107
52876
52877
52885
52886
52887
52888
52889
52890
52891
52892
52893
52894
52895
52896
52897
52898
52899
20131
20132
20133
20134
20135
20136
20137
20138
20139
20140
20141
20142
20143
20144
20145
52916
52917
52918
52919
52920
52936
52937
52938
20170
52939
20171
52940
20172
20173
20174
20175
20176
20177
20178
20179
20180
20181
20182
20183
20184
52955
52956
52957
52958
52959
52973
52974
52975
52976
52977
20210
20211
20212
20213
52990
52991
52992
52993
52994
53006
53007
53008
53009
53010
20250
20251
20252
53021
53022
53023
53024
53025
53035
53036
53037
53038
53039
53048
53049
53050
53051
53052
20290
20291
53060
53061
53062
53063
53064
53065
53066
53067
53068
53069
53070
53071
53072
53073
53074
53075
53076
53077
53078
53079
53080
53081
53082
53083
53084
53085
53086
53087
53088
53089
53090
53091
53092
53093
53094
53095
53096
53097
53098
20330
53099
53100
53101
53102
53103
53104
53105
53106
53107
53108
53109
53120
53121
53122
53123
53124
53125
53126
53127
53128
53129
53130
53131
53132
53133
53134
53144
53145
53146
53147
53148
53149
53150
53151
53152
53153
53154
53155
53156
53157
53158
53167
53168
53169
53170
53171
53172
53173
53174
53175
53176
53177
53178
53179
53180
53181
53189
53190
53191
53192
53193
53194
53195
53196
53197
53198
53199
53200
53201
53202
53203
53210
53211
53212
53213
53214
53215
53216
53217
53218
53219
53220
53221
53222
53223
53224
53240
53241
53242
53243
53244
53259
53260
53261
53262
53263
53277
53278
53279
53280
53281
53294
53295
53296
53297
53298
53310
53311
53312
53313
53314
53325
53326
53327
53328
53329
53339
53340
53341
53342
53343
53352
53353
53354
53355
53356
53364
53365
53366
53367
53368
53375
53376
53377
53378
20610
53379
20611
53380
20612
53381
20613
53382
53383
53384
53385
53386
53387
53388
53389
53390
53391
53392
53393
53394
53395
53396
53397
53398
53399
53400
53401
53402
53403
53404
53405
53406
53407
53408
53409
53410
53411
53412
53413
53414
53415
53416
53417
53418
20650
53419
20651
20652
53429
53430
53431
53432
53433
53434
53435
53436
53437
53438
53439
53440
53441
53442
53443
53452
53453
53454
53455
53456
53457
53458
20690
53459
20691
53460
53461
53462
53463
53464
53465
53466
53474
53475
53476
53477
53478
53479
53480
53481
53482
53483
53484
53485
53486
53487
53488
53495
53496
53497
53498
20730
53499
53500
53501
53502
53503
53504
53505
53506
53507
53508
53509
53515
53516
53517
53518
53519
53520
53521
53522
53523
53524
53525
53526
53527
53528
53529
53544
53545
53546
53547
53548
53562
53563
53564
53565
53566
20810
53579
20811
53580
20812
53581
20813
53582
20814
53583
20815
20816
20817
20818
20819
20820
20821
20822
20823
20824
53595
53596
53597
53598
53599
53610
53611
53612
53613
53614
20847
20848
20849
20850
20851
20852
20853
20854
20855
53624
20856
53625
20857
53626
20858
53627
20859
53628
20860
20861
53637
53638
53639
53640
53641
53649
53650
53651
53652
53653
20885
20886
20887
20888
20889
20890
20891
53660
20892
53661
20893
53662
20894
53663
20895
53664
20896
20897
20898
20899
53670
53671
53672
53673
53674
53675
53676
53677
53678
53679
53680
53681
53682
53683
53684
53685
53686
53687
53688
53689
53690
53691
53692
20924
53693
20925
53694
20926
53695
20927
53696
20928
53697
20929
53698
20930
53699
20931
53700
20932
53701
20933
53702
20934
53703
20935
53704
20936
53705
20937
53706
20938
53707
53708
53709
53718
53719
53720
53721
53722
53723
53724
53725
53726
53727
53728
53729
53730
53731
53732
20964
20965
20966
20967
20968
20969
20970
20971
53740
20972
53741
20973
53742
20974
53743
20975
53744
20976
53745
20977
53746
53747
53748
53749
53750
53751
53752
53753
53754
53761
53762
53763
53764
53765
53766
53767
53768
53769
53770
53771
53772
21004
53773
21005
53774
21006
53775
53781
53782
53783
53784
53785
53786
53787
53788
53789
53790
53791
53792
53793
53794
53795
53800
53801
53802
53803
53804
53805
53806
53807
53808
53809
53810
53811
53812
21044
53813
21045
53814
53828
53829
53830
53831
53832
53845
53846
53847
53848
53849
21084
53861
53862
53863
53864
53865
53876
53877
53878
53879
53880
53890
53891
53892
53893
53894
53903
53904
53905
53906
53907
53915
53916
53917
53918
53919
53926
53927
53928
53929
53930
53936
53937
53938
53939
53940
53945
53946
53947
53948
53949
53950
53951
53952
53953
53954
53955
53956
53957
53958
53959
53960
53961
53962
53963
53964
53965
53966
53967
53968
53969
53970
53971
53972
53973
53974
53975
53976
53977
53978
53979
53987
53988
53989
53990
53991
53992
53993
53994
53995
53996
53997
53998
53999
54000
54001
54008
54009
54010
54011
54012
54013
54014
54015
54016
54017
54018
54019
54020
54021
54022
54028
54029
54030
54031
54032
54033
54034
54035
54036
54037
54038
54039
54040
54041
54042
54047
54048
54049
54050
54051
54052
54053
54054
54055
54056
54057
54058
54059
54060
54061
54065
54066
54067
54068
54069
54070
54071
54072
54073
54074
54075
54076
54077
54078
54079
54092
54093
54094
54095
54096
54108
54109
54110
54111
54112
54123
54124
54125
54126
54127
54137
54138
54139
54140
54141
54150
54151
54152
54153
54154
54162
54163
54164
54165
54166
21404
54173
21405
54174
21406
54175
54176
54177
54183
54184
54185
54186
54187
54192
54193
54194
54195
54196
54200
54201
54202
54203
54204
54205
54206
54207
54208
54209
54210
54211
54212
21444
54213
21445
54214
54215
54216
54217
54218
54219
54220
54221
54222
54223
54224
54225
54226
54227
54228
54229
54236
54237
54238
54239
54240
54241
54242
54243
54244
54245
54246
54247
54248
54249
54250
21484
54256
54257
54258
54259
54260
54261
54262
54263
54264
54265
54266
54267
54268
54269
54270
54275
54276
54277
54278
54279
54280
54281
54282
54283
54284
54285
54286
54287
54288
54289
54293
54294
54295
54296
54297
54298
54299
54300
54301
54302
54303
54304
54305
54306
54307
54310
54311
54312
54313
54314
54315
54316
54317
54318
54319
54320
54321
54322
54323
54324
54336
54337
54338
54339
54340
54351
54352
54353
54354
54355
54365
54366
54367
54368
54369
21603
21604
21605
21606
21607
21608
21609
54378
21610
54379
21611
54380
21612
54381
21613
54382
21614
21615
21616
21617
21618
54390
54391
54392
54393
54394
54401
54402
54403
54404
54405
21642
54411
21643
54412
21644
54413
21645
54414
21646
54415
21647
21648
21649
21650
21651
54420
21652
54421
21653
54422
21654
54423
21655
54424
21656
54428
54429
54430
54431
54432
54435
54436
54437
54438
54439
54440
54441
54442
54443
54444
54445
54446
54447
54448
54449
21681
54450
21682
54451
21683
54452
21684
54453
21685
54454
21686
54455
21687
54456
21688
54457
21689
54458
21690
54459
21691
21692
21693
21694
21695
54465
54466
54467
54468
54469
54470
54471
54472
54473
54474
54475
54476
54477
54478
54479
54484
54485
54486
54487
54488
54489
21721
54490
21722
54491
21723
54492
21724
54493
21725
54494
21726
54495
21727
54496
21728
54497
21729
54498
21730
21731
21732
21733
54502
21734
54503
54504
54505
54506
54507
54508
54509
54510
54511
54512
54513
54514
54515
54516
54519
54520
54521
54522
54523
54524
54525
54526
54527
54528
54529
21761
54530
21762
54531
21763
54532
21764
54533
21765
21766
54535
21767
54536
21768
54537
21769
54538
21770
54539
21771
54540
21772
54541
21773
54542
54543
54544
54545
54546
54547
54548
54549
54560
54561
54562
54563
54564
21801
21802
54574
54575
54576
54577
54578
54587
54588
54589
54590
54591
54599
54600
54601
54602
54603
21841
54610
54611
54612
54613
54614
54620
54621
54622
54623
54624
54629
54630
54631
54632
54633
54637
54638
54639
54640
54641
54644
54645
54646
54647
54648
54650
54651
54652
54653
54654
54655
54656
54657
54658
54659
54660
54661
54662
54663
54664
54665
54666
54667
54668
54669
54674
54675
54676
54677
54678
54679
54680
54681
54682
54683
54684
54685
54686
54687
54688
54692
54693
54694
54695
54696
54697
54698
54699
54700
54701
54702
54703
54704
54705
54706
54709
54710
54711
54712
54713
54714
54715
54716
54717
54718
54719
54720
54721
54722
54723
54725
54726
54727
54728
54729
54730
54731
54732
54733
54734
54735
54736
54737
54738
54739
54740
54741
54742
54743
54744
54745
54746
54747
54748
54749
54750
54751
54752
54753
54754
54764
54765
54766
54767
54768
54777
54778
54779
54780
54781
54789
54790
54791
54792
54793
54800
54801
54802
54803
54804
54810
54811
54812
54813
54814
54819
54820
54821
54822
54823
54827
54828
54829
54830
54831
54834
54835
54836
54837
54838
54840
54841
54842
54843
54844
54845
54846
54847
54848
54849
54850
54851
54852
54853
54854
54855
54856
54857
54858
54859
54863
54864
54865
54866
54867
54868
54869
54870
54871
54872
54873
54874
54875
54876
54877
54880
54881
54882
54883
54884
54885
54886
54887
54888
54889
54890
54891
54892
54893
54894
54896
54897
54898
54899
54900
54901
54902
54903
54904
54905
54906
54907
54908
54909
54910
54911
54912
54913
54914
54915
54916
54917
54918
54919
54920
54921
54922
54923
54924
54925
54926
54927
54928
54929
54930
54931
54932
54933
54934
54935
54936
54937
54938
54939
54948
54949
54950
54951
54952
54960
54961
54962
54963
54964
22201
22202
54971
54972
54973
54974
54975
54981
54982
54983
54984
54985
54990
54991
54992
54993
54994
54998
54999
55000
55001
55002
55005
55006
55007
55008
55009
22241
55011
55012
55013
55014
55015
55016
55017
55018
55019
55020
55021
55022
55023
55024
55025
55026
55027
55028
55029
55030
55033
55034
55035
55036
55037
55038
55039
55040
55041
55042
55043
55044
55045
55046
55047
55049
55050
55051
55052
55053
55054
55055
55056
55057
55058
55059
55060
55061
55062
55063
55064
55065
55066
55067
55068
55069
55070
55071
55072
55073
55074
55075
55076
55077
55078
55079
55080
55081
55082
55083
55084
55085
55086
55087
55088
55089
55090
55091
55092
55093
55094
55095
55096
55097
55098
55099
55100
55101
55102
55103
55104
55105
55113
55114
55115
55116
55117
55124
55125
55126
55127
55128
22360
55134
55135
55136
55137
55138
55143
55144
55145
55146
55147
55151
55152
55153
55154
55155
55158
55159
55160
55161
55162
55164
55165
55166
55167
22399
55168
22400
55169
22401
55170
22402
55171
22403
55172
22404
55173
22405
55174
22406
55175
22407
55176
22408
55177
22409
55178
22410
55179
22411
55180
22412
55181
22413
55182
22414
55183
22415
55185
55186
55187
55188
55189
55190
55191
55192
55193
55194
55195
55196
55197
55198
55199
55200
55201
55202
55203
55204
55205
55206
55207
55208
22440
55209
22441
55210
22442
55211
22443
55212
22444
55213
22445
55214
22446
55215
22447
55216
22448
55217
22449
55218
22450
55219
22451
55220
22452
55221
22453
55222
22454
55223
55224
55225
55226
55227
55228
55229
55230
55231
55232
55233
55234
55235
55236
55237
55238
55239
55240
55241
55242
55243
55244
55245
55246
55247
55248
22480
55249
22481
55250
22482
55251
22483
55252
22484
55253
22485
22486
22487
22488
22489
22490
22491
55260
22492
55261
22493
55262
55263
55264
55270
55271
55272
55273
55274
55279
55280
55281
55282
55283
55287
55288
22520
55289
22521
55290
22522
55291
22523
22524
22525
55294
22526
55295
22527
55296
22528
55297
22529
55298
22530
22531
55300
22532
55301
55302
55303
55304
55305
55306
55307
55308
55309
55310
55311
55312
55313
55314
55315
55316
55317
55318
55319
55320
55321
55322
55323
55324
55325
55326
55327
55328
22560
55329
22561
55330
22562
55331
22563
55332
22564
55333
22565
55334
22566
55335
22567
55336
22568
55337
22569
55338
22570
55339
22571
55340
55341
55342
55343
55344
55345
55346
55347
55348
55349
55350
55351
55352
55353
55354
55355
55356
55357
55358
55359
55360
55361
55362
55363
55364
55365
55366
55367
55368
22600
55369
55370
55371
55372
55373
55374
55375
55376
55377
55378
55379
55380
55381
55382
55383
55384
55390
55391
55392
55393
55394
55399
55400
55401
55402
55403
55407
55408
55409
55410
55411
55414
55415
55416
55417
55418
55420
55421
55422
55423
55424
55425
55426
55427
55428
55429
55430
55431
55432
55433
55434
55435
55436
55437
55438
55439
55440
55441
55442
55443
55444
55445
55446
55447
55448
55449
55450
55451
55452
55453
55454
55455
55456
55457
55458
55459
55460
55461
55462
55463
55464
55465
55466
55467
55468
55469
55470
55471
55472
55473
55474
55475
55476
55477
55478
55479
55480
55481
55482
55483
55484
55485
55486
55487
55488
55489
55490
55491
55492
55493
55494
55495
55496
55497
55498
55499
55504
55505
55506
55507
55508
55512
55513
55514
55515
55516
55519
55520
55521
55522
55523
55525
55526
55527
55528
55529
55530
55531
55532
55533
55534
55535
55536
55537
55538
55539
55540
55541
55542
55543
55544
55545
55546
55547
55548
55549
55550
55551
55552
55553
55554
55555
55556
55557
55558
55559
55560
55561
55562
55563
55564
55565
55566
55567
55568
55569
55570
55571
55572
55573
55574
55575
55576
55577
55578
55579
55580
55581
55582
55583
55584
55585
55586
55587
55588
55589
55590
55591
55592
55593
55594
55595
55596
55597
55598
55599
55603
55604
55605
55606
55607
55610
55611
55612
55613
55614
55616
55617
55618
55619
55620
55621
55622
55623
55624
55625
55626
55627
55628
55629
55630
55631
55632
55633
55634
55635
55636
55637
55638
55639
55640
55641
55642
55643
55644
55645
55646
55647
55648
55649
55650
55651
55652
55653
55654
55655
55656
55657
55658
55659
55660
55661
55662
55663
55664
55665
55666
55667
55668
55669
55670
55671
55672
55673
55674
55675
55676
55677
55678
55679
55680
55681
55682
55683
55684
55685
55688
55689
55690
55691
55692
55694
55695
55696
55697
55698
55699
55700
55701
55702
55703
55704
55705
55706
55707
55708
55709
55710
55711
55712
55713
55714
55715
55716
55717
55718
55719
55720
55721
55722
55723
55724
55725
55726
55727
55728
55729
55730
55731
55732
55733
55734
55735
55736
55737
55738
55739
55740
55741
55742
55743
55744
55745
55746
55747
55748
55749
55750
55751
55752
55753
55754
55755
55756
55757
55758
55760
55761
55762
55763
55764
55765
55766
55767
55768
23000
55769
55770
55771
55772
55773
55774
55775
55776
55777
55778
55779
55780
55781
55782
55783
55784
55785
55786
55787
55788
55789
55790
55791
55792
55793
55794
55795
55796
55797
55798
55799
55800
55801
55802
55803
55804
55805
55806
55807
55808
55809
55810
55811
55812
55813
55814
55815
55816
55817
55818
55819
55820
55821
55822
55823
55824
55825
55826
55827
55828
55829
55830
55831
55832
55833
55834
55835
55836
55837
55838
55839
55840
55841
55842
55843
55844
55845
55846
55847
55848
55849
55850
55851
55852
55853
55854
55855
55856
55857
55858
55859
55860
55861
55862
55863
55864
55865
55866
55867
55868
55869
55870
55871
55872
55873
55874
55875
55876
55877
55878
55879
55880
55881
55882
55883
55884
55885
55886
55887
23119
55888
55889
55890
55891
55892
55893
55894
55895
55896
55897
55898
55899
55900
55901
55902
55903
55904
55905
55906
55907
55908
55909
55910
55911
55912
55913
55914
55915
55916
55917
55918
55919
55920
55921
55922
55923
55924
55925
55926
23158
55927
23159
55928
55929
55930
55931
55932
55933
55934
55935
55936
55937
55938
55939
55940
55941
55942
55943
55944
55945
55946
55947
55948
55949
55950
55951
55952
55953
55954
55955
55956
55957
55958
55959
55960
55961
55962
55963
55964
55965
23197
55966
23198
55967
23199
55968
23200
55969
23201
55970
23202
55971
23203
55972
23204
55973
23205
55974
23206
55975
23207
55976
23208
55977
23209
55978
23210
55979
23211
55980
23212
55981
23213
55982
23214
55983
55984
55985
55986
55987
55988
55989
55990
55991
55992
55993
55994
55995
55996
55997
55998
55999
23240
23241
23242
23243
23244
23245
23246
23247
23248
23249
23250
23251
23252
23253
23280
23281
23282
23283
23284
23285
23286
23287
23288
23289
23290
23291
23292
23320
23321
23322
23323
23324
23325
23326
23327
23328
23329
23330
23331
23360
23361
23362
23363
23364
23365
23366
23367
23368
23369
23370
23879
23918
23919
23957
23958
23959
23996
23997
23998
23999
24000
24001
24002
24003
24004
24005
24006
24007
24008
24009
24010
24011
24012
24013
24040
24041
24042
24043
24044
24045
24046
24047
24048
24049
24050
24051
24052
24080
24081
24082
24083
24084
24085
24086
24087
24088
24089
24090
24091
24120
24121
24122
24123
24124
24125
24126
24127
24128
24129
24130
24160
24161
24162
24163
24164
24165
24166
24167
24168
24169
24639
24678
24679
24717
24718
24719
24756
24757
24758
24759
24795
24796
24797
24798
24799
24800
24801
24802
24803
24804
24805
24806
24807
24808
24809
24810
24811
24812
24840
24841
24842
24843
24844
24845
24846
24847
24848
24849
24850
24851
24880
24881
24882
24883
24884
24885
24886
24887
24888
24889
24890
24920
24921
24922
24923
24924
24925
24926
24927
24928
24929
24960
24961
24962
24963
24964
24965
24966
24967
24968
25438
25439
25477
25478
25479
25516
25517
25518
25519
25555
25556
25557
25558
25559
25594
25595
25596
25597
25598
25599
25600
25601
25602
25603
25604
25605
25606
25607
25608
25609
25610
25611
25640
25641
25642
25643
25644
25645
25646
25647
25648
25649
25650
25680
25681
25682
25683
25684
25685
25686
25687
25688
25689
25720
25721
25722
25723
25724
25725
25726
25727
25728
25760
25761
25762
25763
25764
25765
25766
25767
26237
26238
26239
26276
26277
26278
26279
26315
26316
26317
26318
26319
26354
26355
26356
26357
26358
26359
26393
26394
26395
26396
26397
26398
26399
26400
26401
26402
26403
26404
26405
26406
26407
26408
26409
26410
26440
26441
26442
26443
26444
26445
26446
26447
26448
26449
26480
26481
26482
26483
26484
26485
26486
26487
26488
26520
26521
26522
26523
26524
26525
26526
26527
26560
26561
26562
26563
26564
26565
26566
27036
27037
27038
27039
27075
27076
27077
27078
27079
27114
27115
27116
27117
27118
27119
27153
27154
27155
27156
27157
27158
27159
27192
27193
27194
27195
27196
27197
27198
27199
27200
27201
27202
27203
27204
27205
27206
27207
27208
27209
27240
27241
27242
27243
27244
27245
27246
27247
27248
27280
27281
27282
27283
27284
27285
27286
27287
27320
27321
27322
27323
27324
27325
27326
27360
27361
27362
27363
27364
27365
27835
27836
27837
27838
27839
27874
27875
27876
27877
27878
27879
27913
27914
27915
27916
27917
27918
27919
27952
27953
27954
27955
27956
27957
27958
27959
27991
27992
27993
27994
27995
27996
27997
27998
27999
28000
28001
28002
28003
28004
28005
28006
28007
28008
28040
28041
28042
28043
28044
28045
28046
28047
28080
28081
28082
28083
28084
28085
28086
28120
28121
28122
28123
28124
28125
28160
28161
28162
28163
28164
28634
28635
28636
28637
28638
28639
28673
28674
28675
28676
28677
28678
28679
28712
28713
28714
28715
28716
28717
28718
28719
28751
28752
28753
28754
28755
28756
28757
28758
28759
28790
28791
28792
28793
28794
28795
28796
28797
28798
28799
28800
28801
28802
28803
28804
28805
28806
28807
28840
28841
28842
28843
28844
28845
28846
28880
28881
28882
28883
28884
28885
28920
28921
28922
28923
28924
28960
28961
28962
28963
29433
29434
29435
29436
29437
29438
29439
29472
29473
29474
29475
29476
29477
29478
29479
29511
29512
29513
29514
29515
29516
29517
29518
29519
29550
29551
29552
29553
29554
29555
29556
29557
29558
29559
29589
29590
29591
29592
29593
29594
29595
29596
29597
29598
29599
29600
29601
29602
29603
29604
29605
29606
29640
29641
29642
29643
29644
29645
29680
29681
29682
29683
29684
29720
29721
29722
29723
29760
29761
29762
30232
30233
30234
30235
30236
30237
30238
30239
30271
30272
30273
30274
30275
30276
30277
30278
30279
30310
30311
30312
30313
30314
30315
30316
30317
30318
30319
30349
30350
30351
30352
30353
30354
30355
30356
30357
30358
30359
30388
30389
30390
30391
30392
30393
30394
30395
30396
30397
30398
30399
30400
30401
30402
30403
30404
30405
30440
30441
30442
30443
30444
30480
30481
30482
30483
30520
30521
30522
30560
30561
31031
31032
31033
31034
31035
31036
31037
31038
31039
31070
31071
31072
31073
31074
31075
31076
31077
31078
31079
31109
31110
31111
31112
31113
31114
31115
31116
31117
31118
31119
31148
31149
31150
31151
31152
31153
31154
31155
31156
31157
31158
31159
31187
31188
31189
31190
31191
31192
31193
31194
31195
31196
31197
31198
31199
31200
31201
31202
31203
31204
31240
31241
31242
31243
31280
31281
31282
31320
31321
31360
31830
31831
31832
31833
31834
31835
31836
31837
31838
31839
31869
31870
31871
31872
31873
31874
31875
31876
31877
31878
31879
31908
31909
31910
31911
31912
31913
31914
31915
31916
31917
31918
31919
31947
31948
31949
31950
31951
31952
31953
31954
31955
31956
31957
31958
31959
31986
31987
31988
31989
31990
31991
31992
31993
31994
31995
31996
31997
31998
31999
32000
32001
32002
32003
32040
32041
32042
32080
32081
32120
32629
32630
32631
32632
32633
32634
32635
32636
32637
32638
32639
32668
32669
32670
32671
32672
32673
32674
32675
32676
32677
32678
32679
32707
32708
32709
32710
32711
32712
32713
32714
32715
32716
32717
32718
32719
32746
32747
32748
32749
32750
32751
32752
32753
32754
32755
32756
32757
32758
32759
)


// ************************************************************************* //
