/*--------------------------------*- C++ -*----------------------------------*\
| =========                 |                                                 |
| \\      /  F ield         | OpenFOAM: The Open Source CFD Toolbox           |
|  \\    /   O peration     | Version:  2306                                  |
|   \\  /    A nd           | Website:  www.openfoam.com                      |
|    \\/     M anipulation  |                                                 |
\*---------------------------------------------------------------------------*/
FoamFile
{
    version     2.0;
    format      ascii;
    arch        "LSB;label=32;scalar=64";
    class       cellSet;
    location    "constant/polyMesh/sets";
    object      phiE0;
}
// * * * * * * * * * * * * * * * * * * * * * * * * * * * * * * * * * * * * * //


16000
(
32768
32769
32818
32819
32820
32821
32822
32823
32824
32825
32826
32827
32857
32858
32859
32860
32861
32862
32863
32864
32865
32866
32896
32897
32898
32899
32900
32901
32902
32903
32904
32905
32935
32936
32937
32938
32939
32940
32941
32942
32943
32944
32974
32975
32976
32977
32978
32979
32980
32981
32982
32983
240
33013
33014
33015
33016
33017
33018
33019
33020
33021
33022
33038
33039
33052
33053
33054
33055
33056
33057
33058
33059
33060
33061
306
33077
33078
33079
312
313
33091
33092
33093
33094
33095
33096
33097
33098
33099
33100
33116
33117
33118
33119
33130
33131
33132
33133
33134
33135
33136
33137
33138
33139
384
33155
33156
33157
33158
390
33159
391
397
398
399
33169
33170
33171
33172
33173
33174
33175
33176
33177
33178
33194
33195
33196
33197
33198
33199
33208
33209
33210
33211
33212
33213
33214
33215
33216
33217
33233
33234
33235
33236
33237
33238
33239
475
33247
33248
33249
481
33250
482
33251
33252
33253
33254
33255
33256
488
489
490
496
497
498
499
33272
33273
33274
33275
33276
33277
33278
33279
33286
33287
33288
33289
33290
33291
33292
33293
33294
33295
33311
33312
33313
33314
33315
33316
33317
33318
33319
33325
33326
33327
33328
33329
33330
33331
33332
33333
33334
580
33350
33351
33352
33353
33354
586
33355
587
33356
33357
33358
33359
593
594
595
33364
33365
33366
33367
33368
33369
601
33370
602
33371
603
33372
604
33373
610
611
612
613
614
33389
33390
33391
33392
33393
33394
33395
33396
33397
33398
33403
33404
33405
33406
33407
33408
33409
33410
33411
33412
33442
33443
33444
33445
33446
33447
33448
33449
33450
33451
700
706
707
33481
713
33482
714
33483
715
33484
33485
33486
33487
33488
33489
721
33490
722
723
724
730
731
732
733
734
740
741
742
743
744
745
33520
33521
33522
33523
33524
33525
33526
33527
33528
33529
33560
33561
33562
33563
33564
33565
33566
33567
33568
836
842
843
33616
33617
849
33618
850
33619
851
33620
33621
33622
33623
33624
33625
857
858
859
860
866
867
868
869
870
876
877
878
879
880
881
33655
887
33656
888
33657
889
33658
890
33659
891
33660
892
33661
893
33662
33663
33664
33694
33695
33696
33697
33698
33699
33700
33701
33702
33703
33733
33734
33735
33736
33737
33738
33739
33740
33741
33742
989
995
996
1002
1003
33772
1004
33773
33774
33775
33776
33777
33778
1010
33779
1011
33780
1012
33781
1013
1019
1020
1021
1022
1023
1029
1030
1031
1032
1033
1034
1040
1041
1042
33811
1043
33812
1044
33813
1045
33814
1046
33815
33816
33817
33818
33819
33820
1052
1053
1054
1055
1056
1057
1058
1059
33836
33837
33838
33850
33851
33852
33853
33854
33855
33856
33857
33858
33859
33875
33876
33877
33878
33889
33890
33891
33892
33893
33894
33895
33896
33897
33898
33914
33915
33916
33917
33918
33928
1160
33929
33930
33931
33932
33933
33934
1166
33935
1167
33936
33937
1173
1174
1175
1181
1182
1183
1184
33953
33954
33955
33956
33957
33958
1190
1191
1192
1193
1194
33967
33968
1200
33969
1201
33970
1202
33971
1203
33972
1204
33973
1205
33974
33975
33976
1211
1212
1213
1214
1215
1216
1217
1223
33992
1224
33993
1225
33994
1226
33995
1227
33996
1228
33997
1229
33998
1230
1236
1237
34006
1238
34007
1239
34008
1240
34009
1241
34010
1242
34011
1243
34012
1244
34013
34014
34015
34031
34032
34033
34034
34035
34036
34037
34038
34045
34046
34047
34048
34049
34050
34051
34052
34053
34054
34070
34071
34072
34073
34074
34075
34076
34077
34078
34084
34085
34086
34087
34088
34089
34090
34091
34092
34093
34109
34110
34111
34112
34113
34114
34115
34116
34117
34118
1350
34123
34124
1356
34125
1357
34126
34127
34128
34129
34130
34131
1363
34132
1364
1365
1371
1372
1373
1374
34148
1380
34149
1381
34150
1382
34151
1383
34152
1384
34153
34154
34155
34156
34157
1390
1391
1392
1393
34162
1394
34163
1395
34164
34165
34166
34167
34168
34169
1401
34170
1402
34171
1403
1404
1405
1406
1407
1413
1414
1415
1416
1417
1418
34187
1419
34188
1420
34189
34190
34191
34192
34193
34194
1426
34195
1427
34196
1428
1429
1430
1431
1432
34201
1433
34202
1434
34203
34204
34205
34206
34207
34208
1440
34209
1441
34210
1442
1443
1444
1445
1446
1447
1448
1449
34240
34241
34242
34243
34244
34245
34246
34247
34248
34249
34279
34280
34281
34282
34283
34284
34285
34286
34287
34288
34319
34320
34321
34322
34323
34324
34325
34326
34327
1565
1566
1572
1573
1574
1580
1581
1582
1583
1589
34358
1590
34359
1591
34360
1592
34361
1593
34362
34363
34364
34365
1599
1600
1601
1602
1603
1604
1610
1611
1612
1613
1614
1615
1616
1622
1623
1624
1625
1626
1627
1628
1629
1635
1636
1637
1638
1639
1640
1641
1642
1643
34412
34413
34414
34415
34416
34417
1649
34418
1650
34419
1651
34420
1652
34421
1653
1654
1655
1656
1657
1658
1664
1665
1666
1667
1668
1669
1670
1671
1672
1673
34451
34452
34453
34454
34455
34456
34457
34458
34459
34460
34490
34491
34492
34493
34494
34495
34496
34497
34498
34499
34529
34530
34531
34532
34533
34534
34535
34536
34537
34538
34568
1800
34569
1801
34570
1802
34571
34572
34573
34574
34575
34576
1808
34577
1809
1810
1811
1817
1818
1819
1820
1821
1827
1828
1829
1830
1831
1832
1838
34607
1839
34608
1840
34609
1841
34610
1842
34611
1843
34612
1844
34613
34614
34615
34616
1850
1851
1852
1853
1854
1855
1856
1857
1863
34632
1864
34633
1865
34634
1866
34635
1867
1868
1869
1870
1871
1877
34646
1878
34647
1879
34648
1880
34649
1881
34650
1882
34651
1883
34652
1884
34653
1885
34654
1886
34655
1892
1893
1894
1895
1896
1897
1898
1899
1900
1901
34671
34672
34673
34674
34675
1908
1909
1910
1911
1912
1913
1914
1915
1916
34685
1917
34686
34687
34688
34689
34690
34691
34692
34693
34694
34710
34711
34712
34713
34714
34715
34724
34725
34726
34727
34728
34729
34730
34731
34732
34733
34749
34750
34751
34752
34753
34754
34755
34763
34764
34765
34766
34767
34768
34769
34770
34771
34772
34788
34789
34790
34791
34792
34793
34794
34795
34802
34803
34804
34805
34806
34807
34808
34809
34810
34811
2055
2056
2057
2058
34827
34828
34829
34830
34831
34832
2064
34833
2065
34834
2066
34835
2067
2068
34841
34842
2074
34843
2075
34844
2076
34845
2077
34846
2078
34847
2079
34848
34849
34850
2085
2086
2087
2088
2089
2090
2091
2097
34866
2098
34867
2099
34868
2100
34869
2101
34870
2102
34871
2103
34872
2104
34873
34874
34875
2110
2111
34880
2112
34881
2113
34882
2114
34883
2115
34884
2116
34885
2117
34886
2118
34887
34888
34889
2124
2125
2126
2127
2128
2129
2130
2131
2132
2133
34905
34906
34907
2139
34908
2140
34909
2141
34910
2142
34911
2143
34912
2144
34913
2145
34914
2146
2147
2148
34919
34920
34921
34922
34923
2155
34924
2156
34925
2157
34926
2158
34927
2159
34928
2160
2161
2162
2163
2164
2172
2173
2174
2175
34944
2176
34945
2177
34946
2178
34947
2179
34948
2180
34949
2181
34950
34951
34952
34953
34958
34959
34960
34961
34962
34963
34964
34965
34966
34967
34983
34984
34985
34986
34987
34988
34989
34990
34991
34992
34997
34998
34999
35000
35001
35002
35003
35004
35005
35006
35036
35037
35038
35039
35040
35041
35042
35043
35044
35045
35076
35077
35078
35079
35080
35081
35082
35083
35084
2330
2331
2332
2333
2334
2340
2341
2342
2343
2344
2345
35115
35116
35117
35118
35119
2351
35120
2352
35121
2353
35122
2354
2355
2356
2357
2363
2364
2365
2366
2367
2368
2369
2370
2376
2377
2378
2379
2380
2381
2382
2383
2384
35153
35154
35155
35156
35157
35158
2390
35159
2391
2392
2393
2394
2395
2396
2397
2398
2399
2405
2406
2407
2408
2409
2410
2411
2412
2413
2414
2421
2422
2423
2424
2425
2426
2427
2428
2429
2430
35205
35206
2438
35207
2439
35208
2440
35209
2441
35210
2442
35211
2443
35212
2444
35213
2445
35214
2446
2447
2456
2457
2458
2459
2460
2461
2462
2463
2464
2465
35244
35245
35246
35247
35248
35249
35250
35251
35252
35253
35283
35284
35285
35286
35287
35288
35289
35290
35291
35292
35322
35323
35324
35325
35326
35327
35328
35329
35330
35331
35361
35362
35363
35364
35365
35366
35367
35368
35369
35370
2625
2626
2627
2628
2629
2630
35400
35401
35402
35403
35404
2636
35405
2637
35406
2638
35407
2639
35408
2640
35409
2641
2642
2648
2649
2650
2651
2652
2653
2654
2655
35425
35426
35427
35428
35429
2661
2662
2663
2664
2665
2666
2667
2668
2669
35439
35440
35441
35442
35443
2675
35444
2676
35445
2677
35446
2678
35447
2679
35448
2680
2681
2682
2683
2684
2690
2691
2692
2693
2694
2695
35464
2696
35465
2697
35466
2698
35467
2699
35468
35469
2706
2707
2708
2709
35478
2710
35479
2711
35480
2712
35481
2713
35482
2714
35483
2715
35484
35485
35486
35487
2723
2724
2725
2726
2727
2728
2729
2730
2731
2732
35503
35504
35505
35506
35507
35508
35509
2741
2742
2743
2744
2745
2746
2747
2748
35517
2749
35518
2750
35519
35520
35521
35522
35523
35524
35525
35526
2760
2761
2762
2763
2764
2765
2766
2767
2768
2769
35542
35543
35544
35545
35546
35547
35548
35549
35556
35557
35558
35559
35560
35561
35562
35563
35564
35565
35581
35582
35583
35584
35585
35586
35587
35588
35589
35595
35596
35597
35598
35599
35600
35601
35602
35603
35604
35620
35621
35622
35623
35624
35625
35626
35627
35628
35629
35634
35635
35636
35637
35638
35639
35640
35641
35642
35643
35659
35660
35661
35662
35663
35664
35665
35666
35667
35668
35673
35674
35675
35676
35677
35678
35679
35680
35681
35682
35698
35699
35700
35701
35702
35703
35704
35705
35706
35707
2940
2941
2942
2943
35712
2944
35713
2945
35714
2946
35715
35716
35717
35718
35719
35720
2952
35721
2953
2954
2955
2956
2957
2958
2959
2965
2966
2967
2968
35737
2969
35738
2970
35739
2971
35740
2972
35741
2973
35742
35743
35744
35745
35746
2979
2980
2981
2982
35751
2983
35752
2984
35753
2985
35754
2986
35755
2987
35756
2988
35757
35758
35759
35760
2994
2995
2996
2997
2998
2999
3000
3001
3002
3003
35776
35777
35778
3010
35779
3011
35780
3012
35781
3013
35782
3014
35783
3015
35784
3016
35785
3017
3018
3019
35790
35791
35792
35793
35794
35795
3027
35796
3028
35797
3029
35798
3030
35799
3031
3032
3033
3034
3035
3036
3045
3046
3047
3048
3049
3050
3051
3052
3053
3054
35830
35831
35832
3064
35833
3065
35834
3066
35835
3067
35836
3068
35837
3069
35838
3070
3071
3072
3073
3084
3085
3086
3087
3088
3089
3090
3091
3092
3093
35869
35870
35871
35872
35873
35874
35875
35876
35907
35908
35909
35910
35911
35912
35913
35944
35945
35946
35947
35948
35949
35994
35995
35996
35997
35998
35999
36000
36001
36002
36003
36033
36034
36035
36036
36037
36038
36039
36040
36041
36042
3275
3276
3277
3278
3279
3280
3281
3282
3288
3289
3290
3291
3292
3293
3294
3295
3296
3302
3303
36072
3304
36073
3305
36074
3306
36075
3307
36076
3308
36077
3309
36078
3310
36079
3311
36080
36081
3317
3318
3319
3320
3321
3322
3323
3324
3325
3326
3333
3334
3335
3336
3337
3338
3339
3340
3341
3342
36111
36112
36113
36114
36115
36116
36117
36118
3350
36119
3351
36120
3352
3353
3354
3355
3356
3357
3358
3359
3368
3369
3370
3371
3372
3373
3374
3375
3376
3377
36150
36151
36152
36153
36154
36155
3387
36156
3388
36157
3389
36158
3390
36159
3391
3392
3393
3394
3395
3396
3407
3408
3409
3410
3411
3412
3413
3414
3415
3416
36189
36190
36191
36192
36193
36194
36195
36196
3428
36197
3429
36198
3430
3431
3432
3433
3434
3435
3436
3437
36214
36215
36216
36217
36218
36219
36228
36229
36230
36231
36232
36233
36234
36235
36236
36237
36253
36254
36255
36256
36257
36258
36259
36267
36268
36269
36270
36271
36272
36273
36274
36275
36276
36292
36293
36294
36295
36296
36297
36298
36299
36306
36307
36308
36309
36310
36311
36312
36313
36314
36315
36331
36332
36333
36334
36335
36336
36337
36338
36339
36345
36346
36347
36348
36349
36350
36351
36352
36353
36354
36370
36371
36372
36373
36374
36375
36376
36377
36378
36379
36384
36385
36386
36387
36388
36389
36390
36391
36392
36393
3630
3631
3632
3633
3634
3635
3636
3637
3638
36409
36410
36411
36412
3644
36413
3645
36414
3646
36415
3647
36416
3648
36417
3649
36418
3650
3651
3652
3653
36423
36424
36425
36426
36427
3659
36428
3660
36429
3661
36430
3662
36431
3663
36432
3664
3665
3666
3667
3668
3675
3676
3677
3678
3679
36448
3680
36449
3681
36450
3682
36451
3683
36452
3684
36453
36454
36455
36456
36457
3692
3693
36462
3694
36463
3695
36464
3696
36465
3697
36466
3698
36467
3699
36468
3700
36469
3701
36470
36471
3710
3711
3712
3713
3714
3715
3716
3717
3718
36487
3719
36488
36489
36490
36491
36492
36493
36494
36495
36496
3729
3730
3731
3732
36501
3733
36502
3734
36503
3735
36504
3736
36505
3737
36506
3738
36507
36508
36509
36510
3749
3750
3751
3752
3753
3754
3755
3756
3757
36526
3758
36527
36528
36529
36530
36531
36532
36533
36534
36535
3770
3771
36540
3772
36541
3773
36542
3774
36543
3775
36544
3776
36545
3777
36546
3778
36547
3779
36548
36549
3792
3793
3794
3795
3796
36565
3797
36566
3798
36567
3799
36568
3800
36569
3801
36570
36571
36572
36573
36574
36580
36581
36582
36583
36584
36585
36586
36587
36588
36619
36620
36621
36622
36623
36624
36625
36626
36657
36658
36659
36660
36661
36662
36663
36694
36695
36696
36697
36698
36699
36730
36731
36732
36733
36734
4005
4006
4007
4008
4009
36778
4010
36779
4011
36780
4012
36781
4013
36782
4014
36783
36784
36785
36786
36787
4020
4021
4022
4023
4024
4025
4026
4027
4028
4029
4036
4037
4038
4039
4040
4041
4042
4043
4044
4045
36817
36818
36819
36820
36821
4053
36822
4054
36823
4055
36824
4056
36825
4057
36826
4058
4059
4060
4061
4062
4071
4072
4073
4074
4075
4076
4077
4078
4079
4080
36856
36857
36858
4090
36859
4091
36860
4092
36861
4093
36862
4094
36863
4095
36864
4096
36865
4097
4098
4099
4110
4111
4112
4113
4114
4115
4116
4117
4118
4119
36895
36896
36897
36898
36899
4131
36900
4132
36901
4133
36902
4134
36903
4135
36904
4136
4137
4138
4139
4140
4153
4154
4155
4156
4157
4158
4159
4160
4161
4162
36934
36935
36936
36937
36938
36939
36940
36941
36942
36943
4176
4177
4178
4179
4180
4181
4182
4183
4184
4185
36973
36974
36975
36976
36977
36978
36979
36980
36981
36982
36998
36999
37000
37001
37002
37003
37004
37012
37013
37014
37015
37016
37017
37018
37019
37020
37021
37037
37038
37039
37040
37041
37042
37043
37044
37051
37052
37053
37054
37055
37056
37057
37058
37059
37060
37076
37077
37078
37079
37080
37081
37082
37083
37084
37090
37091
37092
37093
37094
37095
37096
37097
37098
37099
37115
37116
37117
37118
37119
37120
37121
37122
37123
37124
37129
37130
37131
37132
37133
37134
37135
37136
37137
37138
37154
37155
37156
37157
37158
37159
37160
37161
37162
37163
37168
4400
37169
4401
37170
4402
37171
4403
37172
4404
37173
4405
37174
4406
37175
4407
37176
4408
37177
4409
4416
4417
4418
4419
4420
4421
4422
4423
4424
37193
4425
37194
37195
37196
37197
37198
37199
37200
37201
4433
37202
4434
4435
4436
4437
4438
37207
4439
37208
4440
37209
4441
37210
4442
37211
37212
37213
37214
37215
37216
4451
4452
4453
4454
4455
4456
4457
4458
4459
4460
37232
37233
37234
37235
37236
37237
37238
4470
37239
4471
37240
4472
37241
4473
4474
4475
4476
4477
37246
4478
37247
4479
37248
37249
37250
37251
37252
37253
37254
37255
4490
4491
4492
4493
4494
4495
4496
4497
4498
4499
37271
37272
37273
37274
37275
37276
37277
37278
37279
4511
37280
4512
4513
4514
4515
4516
37285
4517
37286
4518
37287
4519
37288
4520
37289
37290
37291
37292
37293
37294
4533
4534
4535
4536
4537
4538
4539
4540
4541
37310
4542
37311
37312
37313
37314
37315
37316
37317
37318
37319
4556
37325
4557
37326
4558
37327
4559
37328
4560
37329
4561
37330
4562
37331
4563
37332
4564
37333
4565
4580
37349
4581
37350
4582
37351
4583
37352
4584
37353
4585
37354
4586
37355
4587
37356
4588
37357
4589
37358
37364
37365
37366
37367
37368
37369
37370
37371
37402
37403
37404
37405
37406
37407
37408
37439
37440
37441
37442
37443
37444
37475
37476
37477
37478
37479
37510
37511
37512
37513
37556
37557
37558
37559
37560
37561
37562
37563
37564
37565
4815
4816
4817
4818
4819
4820
4821
4822
4823
4824
37595
37596
37597
37598
37599
37600
4832
37601
4833
37602
4834
37603
4835
37604
4836
4837
4838
4839
4840
4841
4850
4851
4852
4853
4854
4855
4856
4857
4858
4859
37634
37635
37636
37637
4869
37638
4870
37639
4871
37640
4872
37641
4873
37642
4874
37643
4875
4876
4877
4878
4889
4890
4891
4892
4893
4894
4895
4896
4897
4898
37673
37674
37675
37676
37677
37678
4910
37679
4911
37680
4912
37681
4913
37682
4914
4915
4916
4917
4918
4919
4932
4933
4934
4935
4936
4937
4938
4939
4940
4941
37712
37713
37714
37715
37716
37717
37718
37719
37720
37721
4955
4956
4957
4958
4959
4960
4961
4962
4963
4964
4979
4980
4981
4982
37751
4983
37752
4984
37753
4985
37754
4986
37755
4987
37756
4988
37757
37758
37759
37760
5004
5005
5006
5007
37776
5008
37777
5009
37778
5010
37779
5011
37780
5012
37781
5013
37782
37783
37790
37791
37792
37793
37794
37795
37796
37797
37798
37799
37815
37816
37817
37818
37819
37820
37821
37822
37823
37829
37830
37831
37832
37833
37834
37835
37836
37837
37838
37854
37855
37856
37857
37858
37859
37860
37861
37862
37863
37868
37869
37870
37871
37872
37873
37874
37875
37876
37877
37893
37894
37895
37896
37897
37898
37899
37900
37901
37902
37907
37908
37909
37910
37911
37912
37913
37914
37915
37916
37932
37933
37934
37935
37936
37937
5169
37938
37939
37940
37941
37946
37947
37948
37949
37950
37951
37952
37953
37954
37955
37971
37972
37973
37974
37975
37976
37977
37978
37979
37980
37985
37986
37987
37988
37989
37990
37991
37992
37993
37994
38010
38011
38012
38013
38014
38015
38016
38017
38018
5250
38019
5251
5252
5253
5254
5255
38024
5256
38025
5257
38026
5258
38027
5259
38028
38029
38030
38031
38032
38033
5268
5269
5270
5271
5272
5273
5274
5275
5276
5277
38049
38050
38051
38052
38053
38054
38055
5287
38056
5288
38057
5289
38058
5290
5291
5292
5293
5294
5295
38064
5296
38065
38066
38067
38068
38069
38070
38071
38072
5307
5308
5309
5310
5311
5312
5313
5314
5315
5316
38088
38089
38090
38091
38092
38093
38094
38095
38096
5328
38097
5329
5330
5331
5332
5333
5334
38103
5335
38104
5336
38105
5337
38106
38107
38108
38109
38110
5350
5351
5352
5353
5354
5355
5356
5357
38126
5358
38127
5359
38128
38129
38130
38131
38132
38133
38134
38135
38141
5373
38142
5374
38143
5375
38144
5376
38145
5377
38146
5378
38147
5379
5380
5381
5382
5397
5398
5399
5400
5401
5402
5403
5404
5405
5406
38178
38179
38180
38181
38182
38183
5422
5423
5424
5425
5426
5427
5428
5429
5430
5431
38214
38215
38216
5448
38217
5449
38218
5450
5451
5452
5453
5454
5455
5456
5457
38249
38250
38251
38252
38283
38284
38285
38327
38328
38329
38330
38331
38332
38333
38334
38335
38336
5587
38366
38367
38368
38369
38370
38371
38372
38373
38374
38375
5618
5619
38405
38406
38407
38408
38409
38410
38411
38412
38413
38414
38444
38445
38446
38447
38448
38449
38450
38451
38452
38453
5705
5706
5707
5708
5709
5710
5711
5712
5713
5714
38483
38484
38485
38486
38487
38488
38489
38490
38491
38492
5724
5725
5726
5727
5728
5729
5730
5731
5732
5733
5744
5745
5746
5747
5748
5749
5750
5751
5752
5753
38522
38523
38524
38525
38526
38527
38528
38529
38530
38531
5765
5766
5767
5768
5769
5770
5771
5772
5773
5774
38547
38548
38549
38550
38551
38552
38553
38554
38555
5787
5788
5789
5790
5791
5792
38561
5793
38562
5794
38563
5795
38564
5796
38565
38566
38567
38568
38569
38570
5810
5811
5812
5813
5814
5815
5816
5817
38586
5818
38587
5819
38588
38589
38590
38591
38592
38593
38594
38595
38600
38601
38602
5834
38603
5835
38604
5836
38605
5837
38606
5838
38607
5839
38608
5840
38609
5841
5842
5843
38625
38626
38627
5859
38628
5860
38629
5861
38630
5862
38631
5863
38632
5864
38633
5865
38634
5866
5867
5868
38639
38640
38641
38642
38643
38644
38645
38646
38647
38648
5885
5886
5887
5888
5889
5890
5891
5892
5893
5894
38664
38665
38666
38667
38668
38669
38670
38671
38672
38673
38678
38679
38680
5912
38681
5913
38682
5914
38683
5915
38684
5916
38685
5917
38686
5918
38687
5919
5920
5921
38703
38704
38705
38706
38707
38708
38709
38710
38711
38712
38717
38718
38719
38720
38721
38722
38723
38724
38725
38726
38742
38743
38744
38745
38746
38747
38748
38749
38750
38751
38756
38757
38758
38759
38760
38761
38762
38763
38764
38765
38781
38782
38783
38784
38785
38786
38787
38788
38789
38790
6024
38796
38797
38798
38799
38800
38801
38802
38803
38804
38820
38821
38822
38823
6055
38824
6056
38825
38826
38827
38828
38829
38835
38836
38837
38838
38839
38840
38841
38842
6087
6088
6089
38858
38859
38860
38861
38862
38863
38864
38865
38866
38867
38873
38874
38875
38876
38877
38878
38879
38895
38896
38897
38898
38899
38900
38901
38902
38903
38904
38910
38911
38912
38913
38914
38915
38946
38947
38948
6180
38949
6181
38950
6182
6183
6184
6185
6186
6187
6188
6189
6200
6201
6202
6203
6204
6205
6206
6207
6208
6209
38981
38982
38983
38984
6221
6222
6223
6224
6225
6226
6227
6228
6229
6230
6243
6244
6245
6246
39015
6247
39016
6248
39017
6249
6250
6251
6252
6266
6267
6268
6269
6270
6271
6272
6273
6274
6275
39048
39049
6290
6291
6292
6293
6294
6295
6296
6297
6298
6299
6315
6316
6317
6318
6319
6320
6321
39090
6322
39091
6323
39092
6324
39093
39094
39095
39096
39097
39098
39099
6341
6342
6343
6344
6345
6346
6347
6348
6349
6350
39129
39130
39131
39132
39133
39134
39135
39136
6368
39137
6369
39138
6370
6371
6372
6373
6374
6375
6376
6377
6396
6397
6398
6399
39168
6400
39169
6401
39170
6402
39171
6403
39172
6404
39173
6405
39174
39175
39176
39177
39207
39208
39209
39210
39211
39212
39213
39214
39215
39216
39246
39247
39248
6480
39249
39250
39251
39252
39253
39254
39255
6511
6512
39285
39286
39287
39288
39289
39290
39291
39292
39293
39294
39310
39311
6543
39312
6544
39313
6545
39314
39315
39316
39317
39318
39319
39324
39325
39326
39327
39328
39329
39330
39331
39332
39333
6576
6577
6578
6579
39349
39350
39351
39352
39353
39354
39355
39356
39357
39358
39363
39364
39365
39366
39367
39368
39369
39370
39371
39372
39388
39389
39390
39391
39392
39393
39394
39395
39396
39397
39402
39403
39404
39405
39406
39407
39408
39409
39410
39411
39427
39428
39429
39430
39431
39432
39433
39434
39435
39436
39441
39442
39443
6675
39444
6676
39445
6677
39446
6678
39447
6679
39448
6680
39449
6681
39450
6682
6683
6684
6696
6697
39466
6698
39467
6699
39468
6700
39469
6701
39470
6702
39471
6703
39472
6704
39473
6705
39474
39475
39480
39481
39482
39483
39484
39485
39486
6718
39487
6719
39488
6720
39489
6721
6722
6723
6724
6725
6726
6727
39505
39506
39507
39508
39509
6741
39510
6742
39511
6743
39512
6744
39513
6745
39514
6746
6747
6748
6749
6750
39520
39521
39522
39523
39524
39525
39526
39527
39528
6765
6766
6767
6768
6769
6770
6771
6772
6773
6774
39544
39545
39546
39547
39548
39549
39550
39551
39552
39553
6790
39559
6791
39560
6792
39561
6793
39562
6794
39563
6795
39564
6796
39565
6797
39566
6798
6799
39582
39583
39584
6816
39585
6817
39586
6818
39587
6819
39588
6820
39589
6821
39590
6822
39591
6823
6824
6825
39597
39598
39599
39600
39601
39602
39603
6843
6844
6845
6846
6847
6848
6849
6850
39619
6851
39620
6852
39621
39622
39623
39624
39625
39626
39627
39628
39634
39635
39636
39637
39638
39639
6871
6872
6873
6874
6875
6876
6877
6878
6879
6880
39655
39656
39657
39658
39659
39660
39661
39662
39663
39664
6900
6901
39670
6902
39671
6903
39672
6904
39673
6905
39674
6906
6907
6908
6909
39705
39706
39707
39708
6955
39739
39740
39741
6986
6987
39772
39773
7018
7019
7020
39804
7051
7052
7053
7054
39844
39845
39846
39847
39848
39849
39850
39851
39852
39853
7085
7086
7087
7088
7089
39883
39884
39885
39886
39887
39888
39889
39890
39891
39892
39922
39923
39924
39925
39926
39927
39928
39929
39930
39931
7190
7191
7192
39961
7193
39962
7194
39963
7195
39964
7196
39965
7197
39966
7198
39967
7199
39968
39969
39970
7212
7213
7214
7215
7216
7217
7218
7219
7220
7221
40000
40001
40002
40003
7235
40004
7236
40005
7237
40006
7238
40007
7239
40008
7240
40009
7241
7242
7243
7244
7259
7260
7261
7262
7263
7264
7265
7266
7267
7268
40039
40040
40041
40042
40043
40044
40045
40046
40047
40048
7284
7285
7286
7287
7288
7289
7290
7291
7292
7293
40064
40065
40066
40067
40068
40069
40070
40071
40072
40073
40078
7310
40079
7311
40080
7312
40081
7313
40082
7314
40083
7315
40084
7316
40085
7317
40086
7318
40087
7319
40103
40104
40105
7337
40106
7338
40107
7339
40108
7340
40109
7341
40110
7342
40111
7343
40112
7344
7345
7346
40117
40118
40119
40120
40121
40122
40123
40124
40125
40126
7365
7366
7367
7368
7369
7370
7371
7372
7373
40142
7374
40143
40144
40145
40146
40147
40148
40149
40150
40151
40156
40157
40158
40159
40160
40161
40162
7394
40163
7395
40164
7396
40165
7397
7398
7399
7400
7401
7402
7403
40181
40182
40183
40184
40185
40186
40187
40188
40189
40190
7424
7425
7426
40195
7427
40196
7428
40197
7429
40198
7430
40199
7431
40200
7432
40201
7433
40202
40203
40204
7449
40220
40221
40222
40223
40224
40225
40226
40227
40228
40229
40235
40236
40237
40238
40239
40240
40241
40242
40243
7480
7481
40259
40260
40261
40262
40263
40264
40265
40266
40267
40268
40274
40275
40276
40277
40278
40279
40280
7512
40281
7513
7514
40297
40298
40299
40300
40301
40302
40303
40304
40305
40306
40312
40313
7545
40314
7546
40315
7547
40316
7548
40317
40318
40334
40335
40336
40337
40338
40339
40340
40341
40342
40343
7579
7580
40349
7581
40350
7582
40351
7583
40352
40353
40354
40370
40371
40372
40373
40374
40375
40376
40377
40378
40379
7614
7615
7616
40385
7617
40386
7618
40387
7619
40388
40389
40405
40406
40407
40408
40409
40410
40411
40412
40413
40414
40420
40421
40422
40423
40454
40455
40456
40487
40488
7725
7726
7727
7728
7729
7730
7731
7732
7733
7734
7748
7749
7750
40519
7751
7752
7753
7754
7755
7756
7757
7772
7773
7774
7775
7776
7777
7778
7779
7780
7781
7797
7798
7799
7800
7801
7802
7803
7804
7805
7806
40588
40589
40590
40591
7823
40592
7824
40593
7825
40594
7826
40595
7827
40596
7828
40597
7829
7830
7831
7832
7850
7851
7852
7853
7854
7855
7856
7857
7858
40627
7859
40628
40629
40630
40631
40632
40633
40634
40635
40636
7878
7879
7880
7881
7882
7883
7884
7885
7886
7887
40666
40667
40668
40669
40670
40671
40672
40673
40674
40675
7907
7908
7909
7910
7911
7912
7913
7914
7915
7916
40705
7937
40706
7938
40707
7939
40708
7940
40709
7941
40710
7942
40711
7943
40712
7944
40713
7945
40714
7946
7962
7968
7969
7970
7971
7972
7973
7974
7975
40744
7976
40745
7977
40746
40747
40748
40749
40750
40751
40752
40753
7993
7994
40783
40784
40785
40786
40787
40788
40789
40790
40791
40792
8025
8026
8027
40808
40809
40810
40811
40812
40813
40814
40815
40816
40817
40822
40823
40824
40825
40826
8058
40827
8059
40828
8060
40829
8061
40830
40831
40847
40848
40849
40850
40851
40852
40853
40854
40855
40856
8092
40861
8093
40862
8094
40863
8095
40864
8096
40865
40866
40867
40868
40869
40870
40886
40887
40888
40889
40890
40891
40892
40893
40894
40895
8127
8128
8129
8130
8131
40900
8132
40901
40902
40903
40904
40905
40906
40907
40908
40909
40925
40926
40927
40928
40929
40930
40931
8163
40932
8164
40933
8165
40934
8166
8167
8168
8169
40940
40941
40942
40943
40944
40945
40946
40947
40948
40964
40965
40966
40967
40968
40969
40970
40971
40972
40973
40979
40980
40981
40982
40983
40984
40985
40986
41002
41003
41004
41005
41006
41007
41008
41009
41010
41011
41017
41018
41019
41020
41021
41022
41023
41039
41040
41041
41042
41043
41044
41045
41046
41047
41048
8280
8281
8282
8283
8284
8285
41054
8286
41055
8287
41056
8288
41057
8289
41058
41059
8304
8305
8306
41075
8307
41076
8308
41077
8309
41078
8310
41079
8311
41080
8312
41081
8313
41082
41083
41084
41090
41091
41092
41093
41094
8329
8330
8331
8332
8333
8334
8335
8336
8337
8338
41110
41111
41112
41113
41114
41115
41116
41117
41118
41119
8355
8356
41125
8357
41126
8358
41127
8359
41128
8360
8361
8362
8363
8364
41144
41145
41146
41147
41148
41149
41150
8382
41151
8383
41152
8384
41153
8385
8386
8387
8388
8389
8390
41159
8391
41160
41161
8410
8411
8412
8413
8414
8415
8416
8417
8418
8419
41192
41193
8439
8440
8441
8442
8443
8444
8445
8446
8447
8448
41224
8469
8470
8471
8472
8473
8474
8475
8476
8477
8478
8494
8500
8501
8502
8503
8504
8505
8506
8507
8508
8509
8525
8526
8532
8533
8534
8535
8536
8537
8538
8539
8540
8541
41321
41322
41323
41324
41325
8557
41326
8558
41327
8559
41328
41329
41330
8590
8591
41360
8592
41361
8593
41362
41363
41364
41365
41366
41367
41368
41369
8624
8625
8626
8627
8628
41399
41400
41401
41402
41403
41404
41405
41406
41407
41408
8659
8660
8661
8662
8663
8664
41438
41439
41440
41441
41442
41443
41444
41445
41446
41447
8695
8696
8697
8698
8699
8700
8701
41477
41478
41479
41480
41481
41482
41483
41484
41485
41486
8732
8733
8734
8735
8736
8737
8738
8739
41516
41517
41518
41519
41520
41521
41522
41523
41524
41525
41541
41542
41543
41544
41545
41546
41547
41548
41549
41550
41555
41556
41557
41558
41559
41560
41561
41562
41563
41564
41580
41581
41582
41583
41584
41585
41586
41587
41588
41589
41594
41595
41596
41597
41598
41599
41600
41601
41602
41603
41619
41620
41621
41622
41623
8855
41624
8856
41625
8857
41626
8858
41627
8859
41628
8860
8861
8862
8863
8864
41634
41635
41636
41637
41638
41639
41640
41641
41642
8880
8881
8882
8883
8884
8885
8886
8887
8888
8889
41658
41659
41660
41661
41662
41663
41664
41665
41666
41667
41673
41674
8906
41675
8907
41676
8908
41677
8909
41678
8910
41679
8911
41680
8912
8913
8914
8915
41696
41697
41698
41699
41700
41701
8933
41702
8934
41703
8935
41704
8936
41705
8937
8938
8939
8940
8941
8942
41711
41712
41713
41714
41715
41716
41717
8961
8962
8963
8964
41733
8965
41734
8966
41735
8967
41736
8968
41737
8969
41738
8970
41739
41740
41741
41742
41748
41749
41750
41751
41752
41753
8990
8991
8992
8993
8994
8995
8996
8997
8998
8999
41769
41770
41771
41772
41773
41774
41775
41776
41777
41778
41784
41785
41786
41787
41788
9020
9021
9022
9023
9024
9025
9026
9027
9028
9029
41804
41805
41806
41807
41808
41809
41810
41811
41812
41813
9045
41819
9051
41820
9052
41821
9053
41822
9054
9055
9056
9057
9058
9059
9060
41838
41839
41840
41841
41842
41843
41844
9076
41845
9077
41846
41847
9083
9084
41853
9085
41854
9086
41855
9087
9088
9089
9090
9091
9092
41871
41872
41873
41874
41875
41876
9108
41877
9109
41878
9110
41879
41880
9116
9117
41886
9118
41887
9119
9120
9121
9122
9123
9124
9125
9141
9142
9143
9144
41918
9175
9176
9177
9178
9179
9210
9211
9212
9213
9214
9215
9246
9247
9248
9249
9250
9251
9252
42042
42043
42044
42045
42046
42047
42048
42049
42050
42051
9283
9284
9285
9286
9287
9288
9289
9290
42081
42082
42083
42084
42085
42086
42087
42088
42089
9321
42090
9322
9323
9324
9325
9326
9327
9328
9329
42120
42121
42122
42123
42124
42125
42126
42127
42128
42129
42159
42160
42161
42162
42163
42164
42165
42166
42167
42168
42198
42199
42200
42201
42202
42203
42204
42205
42206
42207
9450
9451
9452
9453
9454
9455
9456
9457
9458
9459
42237
42238
42239
42240
42241
42242
42243
42244
9476
42245
9477
42246
9478
9479
9480
9481
9482
9483
9484
9485
42262
42263
42264
42265
42266
42267
42268
42269
42270
42271
9503
9504
9505
9506
9507
42276
9508
42277
9509
42278
9510
42279
9511
42280
9512
42281
42282
42283
42284
42285
9531
9532
42301
9533
42302
9534
42303
9535
42304
9536
42305
9537
42306
9538
42307
9539
42308
9540
42309
42310
42316
42317
42318
42319
42320
42321
42322
42323
42324
9560
9561
9562
9563
9564
9565
9566
9567
9568
9569
42340
42341
42342
42343
42344
42345
42346
42347
42348
42349
42355
42356
42357
42358
9590
42359
9591
42360
9592
42361
9593
42362
9594
9595
9596
9597
9598
9599
42378
42379
42380
42381
42382
42383
9615
42384
42385
42386
42387
9621
9622
9623
9624
42393
9625
42394
9626
42395
9627
42396
9628
42397
9629
42398
9630
42399
9646
42415
9647
42416
42417
42418
42419
42420
42421
9653
42422
9654
42423
9655
42424
9656
9657
9658
9659
9660
9661
42430
9662
42431
42432
42433
42434
42435
9678
9679
9680
42451
42452
42453
42454
9686
42455
9687
42456
9688
42457
9689
42458
9690
42459
9691
42460
9692
9693
9694
9695
42466
42467
42468
42469
42470
9711
9712
9713
9714
42486
42487
42488
9720
42489
9721
42490
9722
42491
9723
42492
9724
42493
9725
42494
9726
42495
9727
9728
9729
42501
42502
42503
42504
9745
9746
9747
9748
9749
42520
42521
42522
42523
42524
42525
42526
42527
42528
42529
42535
42536
42537
9780
9781
9782
9783
9784
42553
9785
42554
42555
42556
42557
42558
42559
42560
42561
42562
42568
42569
9816
42585
9817
42586
9818
42587
9819
42588
9820
42589
9821
42590
9822
42591
42592
42593
42594
42600
9853
9854
9855
9856
9857
9858
9859
9860
9891
9892
9893
9894
9895
9896
9897
9898
9899
9930
9931
9932
9933
9934
9935
9936
9937
9938
9939
42750
42751
42752
42753
42754
42755
42756
42757
42758
42759
42789
42790
42791
42792
42793
42794
42795
42796
42797
42798
42828
42829
42830
42831
42832
42833
10065
42834
10066
42835
10067
42836
10068
42837
10069
10070
10071
10072
10073
10074
10092
10093
10094
10095
10096
10097
10098
42867
10099
42868
10100
42869
10101
42870
42871
42872
42873
42874
42875
42876
10120
10121
10122
10123
10124
10125
10126
10127
10128
10129
42906
42907
42908
42909
42910
42911
42912
42913
42914
42915
10149
10150
10151
10152
10153
10154
10155
10156
10157
10158
42945
42946
42947
10179
42948
10180
42949
10181
42950
10182
42951
10183
42952
10184
42953
10185
42954
10186
10187
10188
42970
42971
42972
10204
42973
42974
42975
42976
42977
42978
10210
42979
10211
10212
10213
10214
10215
10216
42985
10217
42986
10218
42987
10219
42988
42989
42990
42991
42992
42993
10235
10236
43009
43010
10242
43011
10243
43012
10244
43013
10245
43014
10246
43015
10247
43016
10248
43017
10249
43018
10250
10251
43024
43025
43026
43027
43028
43029
43030
43031
10267
10268
10269
10275
10276
10277
10278
43047
10279
43048
10280
43049
10281
43050
10282
43051
10283
43052
10284
43053
43054
43055
43056
43062
43063
43064
43065
43066
43067
43068
10300
10301
10302
10303
10309
10310
10311
10312
10313
10314
10315
43084
10316
43085
10317
43086
10318
43087
43088
43089
43090
43091
43092
43093
43099
43100
43101
43102
10334
43103
10335
43104
10336
10337
10338
10344
10345
10346
10347
10348
10349
10350
10351
43120
10352
43121
10353
43122
43123
43124
43125
43126
43127
43128
43129
43135
43136
43137
10369
43138
10370
43139
10371
10372
10373
10374
43155
43156
43157
43158
43159
43160
43161
43162
43163
43164
43170
43171
43172
43173
10405
10406
10407
10408
10409
10410
10411
43189
43190
43191
43192
43193
43194
43195
43196
43197
43198
43204
43205
43206
10442
10443
10444
10445
10446
10447
10448
10449
43222
43223
43224
43225
43226
43227
43228
43229
43230
43231
43237
43238
10480
10481
10482
10483
10484
10485
43254
10486
43255
10487
43256
10488
43257
43258
43259
43260
43261
43262
43263
43269
43285
43286
43287
10519
43288
10520
43289
10521
43290
10522
43291
10523
43292
10524
43293
10525
43294
10526
10527
10528
10558
10559
10560
10561
10562
10563
10564
10565
10566
10567
43444
43445
43446
43447
43448
43449
43450
43451
43452
43453
10699
10700
10701
10702
10703
10704
10705
10706
10707
10708
43483
43484
43485
43486
43487
43488
43489
43490
43491
43492
10727
10728
10729
10730
10731
10732
10733
10734
10735
10736
43522
43523
43524
10756
43525
10757
43526
10758
43527
10759
43528
10760
43529
10761
43530
10762
43531
10763
10764
10765
10786
10787
10788
10789
10790
10791
10792
43561
10793
43562
10794
43563
10795
43564
43565
43566
43567
43568
43569
43570
10811
10817
10818
10819
10820
10821
10822
10823
10824
10825
10826
43600
43601
43602
43603
43604
43605
43606
43607
43608
43609
10842
10843
10849
10850
10851
10852
10853
10854
10855
10856
10857
10858
43640
43641
43642
10874
43643
10875
43644
10876
43645
43646
43647
43648
10882
10883
10884
10885
10886
10887
10888
10889
10890
10891
43664
43665
43666
43667
43668
43669
43670
43671
43672
43673
10907
10908
10909
10910
43679
43680
43681
43682
43683
43684
10916
43685
10917
43686
10918
10919
10920
10921
10922
10923
10924
10925
43702
43703
43704
43705
43706
43707
43708
43709
10941
43710
10942
43711
10943
10944
10945
43717
43718
43719
10951
43720
10952
43721
10953
43722
10954
43723
10955
10956
10957
10958
10959
10960
43739
43740
43741
43742
43743
43744
10976
43745
10977
43746
10978
43747
10979
43748
10980
10981
43754
43755
10987
43756
10988
43757
10989
43758
10990
43759
10991
10992
10993
10994
10995
10996
43775
43776
43777
43778
43779
43780
11012
43781
11013
43782
11014
43783
11015
43784
11016
11017
11018
43790
43791
43792
43793
43794
43810
43811
43812
43813
43814
43815
43816
43817
11049
43818
11050
43819
11051
11052
11053
11054
11055
11056
43825
43826
43827
43828
43844
43845
43846
43847
43848
43849
43850
43851
43852
43853
11087
11088
11089
11090
43859
11091
43860
11092
43861
11093
11094
11095
43877
43878
43879
43880
43881
43882
43883
43884
43885
43886
43892
43893
11126
11127
11128
11129
11130
11131
11132
11133
11134
11135
43909
43910
43911
43912
43913
43914
43915
43916
43917
43918
43924
11165
11166
11167
11168
11169
11170
11171
43940
11172
43941
11173
43942
11174
43943
43944
43945
43946
43947
43948
43949
43970
43971
43972
11204
43973
11205
43974
11206
43975
11207
43976
11208
43977
11209
43978
11210
43979
11211
11212
11213
11351
11352
11353
11354
44123
11355
44124
11356
44125
11357
44126
11358
44127
11359
44128
11360
44129
44130
44131
44132
11380
11381
11382
11383
11384
11385
11386
11387
11388
11389
44162
44163
44164
44165
44166
44167
44168
44169
44170
44171
11410
11411
11412
11413
11414
11415
11416
11417
11418
11419
44201
44202
44203
11435
44204
44205
44206
44207
44208
44209
11441
44210
11442
11443
11444
11445
11446
11447
11448
11449
11450
11466
11467
44240
44241
11473
44242
11474
44243
11475
44244
11476
44245
11477
44246
11478
44247
11479
44248
11480
44249
11481
11482
11498
11499
11500
11506
11507
11508
11509
11510
11511
44280
11512
44281
11513
44282
11514
44283
11515
44284
44285
44286
44287
44288
11531
11532
11533
11534
11540
11541
11542
11543
11544
11545
11546
11547
11548
11549
44319
44320
44321
44322
44323
44324
44325
44326
11565
11566
11567
11568
11569
44342
44343
11575
44344
11576
44345
11577
44346
11578
44347
11579
44348
11580
44349
11581
44350
11582
44351
11583
11584
44357
44358
44359
44360
44361
44362
44363
11600
11601
11602
11603
11604
11605
44379
11611
44380
11612
44381
11613
44382
11614
44383
11615
44384
11616
44385
11617
44386
11618
44387
11619
44388
11620
44394
44395
44396
44397
44398
44399
11636
11637
11638
11639
11640
11641
11642
44415
44416
11648
44417
11649
44418
11650
44419
11651
44420
11652
44421
11653
44422
11654
44423
11655
44424
11656
11657
44430
44431
44432
44433
44434
11673
11674
11675
11676
11677
11678
11679
11680
44450
44451
44452
44453
44454
44455
44456
44457
44458
44459
44465
44466
44467
44468
11711
11712
11713
11714
11715
44484
11716
44485
11717
44486
11718
44487
11719
44488
44489
44490
44491
44492
44493
44499
44500
44501
44517
44518
11750
44519
11751
44520
11752
44521
11753
44522
11754
44523
11755
44524
11756
44525
11757
44526
11758
11759
44532
44533
44549
44550
44551
44552
44553
44554
44555
44556
44557
11789
44558
11790
11791
11792
11793
11794
11795
44564
11796
11797
11798
44580
44581
44582
44583
44584
44585
44586
44587
44588
44589
11828
11829
11830
11831
11832
11833
11834
11835
11836
11837
44610
44611
44612
44613
44614
44615
44616
44617
44618
44619
11867
11868
11869
11870
44639
11871
44640
11872
44641
11873
44642
11874
44643
11875
44644
11876
44645
44646
44647
44648
44786
44787
44788
12020
44789
12021
44790
12022
44791
12023
44792
12024
44793
12025
44794
12026
44795
12027
12028
12029
12050
12051
12052
12053
12054
12055
12056
44825
12057
44826
12058
44827
12059
44828
44829
44830
44831
44832
44833
44834
12075
12081
12082
12083
12084
12085
12086
12087
12088
12089
12090
44864
44865
44866
44867
44868
44869
44870
44871
44872
44873
12106
12107
12113
12114
12115
12116
12117
12118
12119
12120
12121
12122
44904
44905
44906
12138
44907
12139
44908
12140
44909
44910
44911
44912
12146
12147
12148
12149
12150
12151
12152
12153
12154
12155
12171
12172
12173
12174
44943
44944
44945
44946
44947
44948
12180
44949
12181
44950
12182
12183
12184
12185
12186
12187
12188
12189
12205
12206
12207
12208
12209
44981
44982
44983
12215
44984
12216
44985
12217
44986
12218
44987
12219
12220
12221
12222
12223
12224
45003
45004
45005
45006
45007
45008
12240
45009
12241
45010
12242
45011
12243
45012
12244
12245
45018
45019
12251
45020
12252
45021
12253
45022
12254
45023
12255
12256
12257
12258
12259
12260
45039
45040
45041
45042
45043
45044
12276
45045
12277
45046
12278
45047
12279
45048
12280
12281
12282
45054
45055
45056
12288
45057
12289
45058
12290
12291
12292
12293
12294
12295
12296
12297
45074
45075
45076
45077
45078
45079
45080
45081
12313
45082
12314
45083
12315
12316
12317
12318
12319
12320
45089
45090
45091
45092
12326
12327
12328
12329
12330
12331
12332
12333
12334
12335
45108
45109
45110
45111
45112
45113
45114
45115
45116
45117
12351
12352
12353
12354
45123
12355
45124
12356
45125
12357
12358
12359
45141
45142
45143
45144
45145
45146
45147
45148
45149
45150
45156
45157
12390
12391
12392
12393
12394
12395
12396
12397
12398
12399
45173
45174
45175
45176
45177
45178
45179
45180
45181
45182
45188
12429
12430
12431
12432
12433
12434
12435
45204
12436
45205
12437
45206
12438
45207
45208
45209
45210
45211
45212
45213
45234
45235
45236
12468
45237
12469
45238
12470
45239
12471
45240
12472
45241
12473
45242
12474
45243
12475
12476
12477
45263
45264
45265
45266
45267
45268
45269
45270
45271
45272
12507
12508
12509
12510
12511
12512
12513
12514
12515
12516
45291
45292
45293
45294
45295
45296
45297
45298
45299
45300
12546
12547
12548
12549
12550
12551
12552
12553
12554
12555
45432
45433
45434
45435
45436
45437
45438
45439
45440
45441
45471
45472
45473
12705
45474
12706
45475
12707
45476
12708
45477
12709
45478
12710
45479
12711
45480
12712
12713
12714
12730
12736
12737
12738
12739
12740
12741
12742
45511
12743
45512
12744
45513
12745
45514
45515
45516
45517
45518
45519
12761
12762
12768
12769
12770
12771
12772
12773
12774
12775
12776
12777
45550
45551
45552
45553
45554
45555
45556
45557
12793
12794
12795
12801
12802
12803
12804
12805
12806
12807
12808
12809
12810
45588
45589
45590
45591
45592
45593
45594
12826
12827
12828
12829
12835
12836
12837
12838
12839
12840
12841
12842
12843
12844
45625
45626
45627
45628
12860
45629
12861
45630
12862
12863
12864
12870
12871
12872
12873
12874
12875
12876
12877
45646
12878
45647
12879
45648
45649
45650
45651
45652
45653
45654
45655
45661
45662
45663
12895
45664
12896
45665
12897
12898
12899
12900
12906
12907
12908
12909
12910
12911
12912
45681
12913
45682
12914
45683
12915
45684
45685
45686
45687
45688
45689
45690
45696
45697
45698
45699
12931
12932
12933
12934
12935
12936
12937
12943
12944
12945
12946
45715
12947
45716
12948
45717
12949
45718
12950
45719
12951
45720
12952
45721
45722
45723
45724
45730
45731
45732
12968
12969
12970
12971
12972
12973
12974
12975
45748
45749
12981
45750
12982
45751
12983
45752
12984
45753
12985
45754
12986
45755
12987
45756
12988
45757
12989
12990
45763
45764
13006
13007
13008
13009
13010
13011
45780
13012
45781
13013
45782
13014
45783
45784
45785
45786
45787
45788
13020
45789
13021
13022
13023
13024
13025
13026
45795
13027
13028
13029
45811
45812
45813
13045
45814
13046
45815
13047
45816
13048
45817
13049
45818
13050
45819
13051
45820
13052
13053
13054
45841
45842
45843
45844
45845
45846
45847
45848
45849
45850
13084
13085
13086
13087
13088
13089
13090
13091
13092
13093
45870
45871
45872
45873
45874
45875
45876
45877
45878
45879
13123
13124
13125
13126
13127
13128
13129
45898
13130
45899
13131
45900
13132
45901
45902
45903
45904
45905
45906
45907
45925
45926
45927
45928
45929
45930
13162
45931
13163
45932
13164
45933
13165
45934
13166
13167
13168
13169
13170
13171
13201
13202
13203
13204
13205
13206
13207
13208
13209
13210
13240
13241
13242
13243
13244
13245
13246
13247
13248
13249
46060
46061
46062
46063
46064
46065
46066
46067
46068
46069
46100
46101
46102
46103
46104
46105
46106
46107
46108
46139
46140
46141
46142
46143
46144
46145
46146
13399
13405
13406
13407
13408
46177
13409
46178
13410
46179
13411
46180
13412
46181
13413
46182
13414
46183
13430
13431
13437
13438
13439
13440
13441
13442
13443
13444
13445
46214
13446
46215
46216
46217
46218
46219
13462
13463
13464
13470
13471
13472
13473
13474
13475
13476
13477
13478
13479
46250
46251
46252
46253
46254
13495
13496
13497
13498
46270
46271
46272
13504
46273
13505
46274
13506
46275
13507
46276
13508
46277
13509
46278
13510
46279
13511
13512
13513
46285
46286
46287
46288
13529
13530
13531
13532
13533
46304
46305
46306
46307
13539
46308
13540
46309
13541
46310
13542
46311
13543
46312
13544
46313
13545
13546
13547
13548
46319
46320
46321
13564
13565
13566
13567
13568
46337
13569
46338
46339
46340
46341
46342
46343
13575
46344
13576
46345
13577
46346
13578
13579
13580
13581
13582
13583
46352
13584
46353
13600
46369
13601
46370
13602
46371
13603
46372
13604
46373
13605
46374
13606
46375
46376
46377
46378
13612
13613
13614
13615
46384
13616
13617
13618
13619
13620
13621
46400
46401
46402
46403
46404
46405
13637
46406
13638
46407
13639
46408
13640
46409
13641
13642
13643
13644
13650
13651
13652
13653
13654
13655
13656
13657
13658
13659
46430
46431
46432
46433
46434
46435
46436
46437
46438
46439
13675
13676
13677
13678
13679
13680
13681
13682
13683
13689
13690
46459
13691
46460
13692
46461
13693
46462
13694
46463
13695
46464
13696
46465
13697
46466
13698
46467
46468
13714
13715
13716
13717
13718
46487
13719
46488
13720
46489
13721
46490
13722
46491
13723
46492
46493
46494
46495
46496
13728
13729
13730
13731
13732
13733
13734
13735
13736
13737
46514
46515
46516
46517
46518
46519
46520
46521
13753
46522
13754
46523
13755
13756
13757
13758
13759
13760
13761
13762
46540
46541
46542
46543
46544
46545
46546
46547
46548
46549
13792
13793
13794
13795
13796
13797
13798
13799
13800
13801
13831
13832
13833
13834
13835
13836
13837
13838
13839
13840
13870
13871
13872
13873
13874
13875
13876
13877
13878
13879
46670
46671
46672
46673
46674
46675
46676
46677
13909
46678
13910
13911
13912
13913
13914
13915
13916
13917
13918
46709
46710
46711
46712
46713
46714
46715
46716
13948
13949
13950
13951
13952
13953
13954
13955
13956
13957
46747
46748
46749
46750
46751
46752
46753
46784
46785
46786
46787
46788
46789
46820
46821
46822
46823
46824
14081
46855
46856
46857
46858
46874
46875
46876
46877
46878
46879
46880
14112
46881
14113
46882
46883
14119
14120
46889
14121
46890
14122
46891
14123
14124
14125
14126
14127
14128
46907
46908
46909
46910
46911
46912
14144
46913
14145
46914
14146
46915
46916
14152
14153
46922
14154
46923
14155
14156
14157
14158
14159
14160
14161
46939
46940
46941
46942
46943
46944
46945
14177
46946
14178
46947
14179
46948
14180
46954
14186
14187
14188
14189
14190
14191
14192
14193
14194
14195
46970
46971
46972
46973
46974
46975
46976
46977
46978
46979
14211
14212
14213
14214
14215
14221
14222
14223
14224
14225
14226
14227
14228
14229
14230
47000
47001
47002
47003
47004
47005
47006
47007
47008
47009
14246
14247
14248
14249
14250
14251
14257
14258
14259
14260
47029
14261
47030
14262
47031
14263
47032
14264
47033
14265
47034
14266
47035
47036
47037
47038
14282
14283
14284
14285
14286
14287
14288
47057
47058
47059
47060
47061
47062
14294
47063
14295
47064
14296
47065
14297
47066
14298
14299
14300
14301
14302
14303
47084
47085
47086
47087
14319
47088
14320
47089
14321
47090
14322
47091
14323
47092
14324
47093
14325
14326
14332
14333
14334
14335
14336
14337
14338
14339
14340
14341
47110
47111
47112
47113
47114
47115
47116
47117
47118
47119
14357
14358
14359
14360
14361
14362
14363
14364
14365
47135
47136
47137
47138
47139
14371
47140
14372
47141
14373
47142
14374
47143
14375
47144
14376
14377
14378
14379
14380
14396
14397
14398
14399
14400
14401
14402
14403
14404
14405
14410
14411
14412
14413
14414
14415
14416
14417
14418
14419
14435
14436
14437
14438
14439
14440
14441
14442
14443
14444
14449
14450
14451
14452
14453
14454
14455
14456
14457
14458
14474
14475
14476
14477
14478
14479
14480
14481
14482
14483
47260
47261
47262
47263
47264
47265
47266
47267
14513
14514
14515
14516
14517
14518
14519
14520
14521
14522
47298
47299
47300
47301
47302
47303
47304
14552
14553
14554
14555
14556
14557
14558
14559
14560
14561
47335
47336
47337
47338
47339
47340
14591
14592
14593
14594
14595
14596
14597
14598
14599
14600
47371
47372
47373
47374
47375
14630
14631
14632
14633
14634
14635
14636
14637
47406
14638
47407
14639
47408
47409
14669
14670
14671
47440
14672
47441
14673
47442
14674
14675
14676
14677
14678
47458
47459
47460
47461
47462
47463
47464
47465
47466
47467
47473
47474
47490
47491
47492
47493
47494
47495
47496
47497
47498
47499
47505
47521
47522
47523
47524
47525
47526
47527
47528
47529
47530
14775
47551
47552
47553
47554
47555
47556
47557
47558
47559
47560
14806
14807
47580
47581
47582
47583
47584
47585
47586
47587
47588
47589
14838
14839
47608
14840
47609
47610
47611
47612
47613
47614
14846
47615
14847
47616
14848
47617
14849
14850
14851
14852
14853
14854
14855
47635
47636
47637
47638
47639
14871
47640
14872
47641
14873
47642
14874
47643
47644
14880
14881
14882
14883
14884
14885
14886
14887
14888
14889
47661
47662
47663
47664
47665
47666
47667
47668
47669
47670
14905
14906
14907
14908
14909
14915
14916
14917
47686
14918
47687
14919
47688
14920
47689
14921
47690
14922
47691
14923
47692
14924
47693
47694
47695
14940
14941
47710
14942
47711
14943
47712
14944
47713
14945
47714
47715
47716
47717
47718
47719
14951
14952
14953
14954
14955
14956
14957
14958
14959
14960
14976
14977
14978
14979
14980
14981
14982
14988
14989
14990
14991
14992
14993
14994
14995
14996
14997
15013
15014
15015
15016
15017
15018
15019
15020
15026
15027
15028
15029
15030
15031
15032
15033
15034
15035
15051
15052
15053
15054
15055
15056
15057
15058
15059
47830
47831
47832
47833
15065
47834
15066
47835
15067
47836
15068
15069
15070
15071
15072
15073
15074
15090
15091
15092
15093
15094
15095
15096
15097
15098
47867
15099
47868
47869
47870
47871
47872
15104
15105
15106
15107
15108
15109
15110
15111
15112
15113
15129
15130
15131
15132
15133
15134
47903
15135
47904
15136
47905
15137
47906
15138
47907
15143
15144
15145
15146
15147
15148
15149
15150
15151
15152
15168
15169
47938
15170
47939
15171
47940
15172
47941
15173
15174
15175
15176
15177
15182
15183
15184
15185
15186
15187
15188
15189
15190
15191
47972
47973
47974
15207
15208
15209
15210
15211
15212
15213
15214
15215
15216
48005
48006
15246
15247
15248
15249
15250
15251
15252
15253
48022
15254
48023
15255
48024
48025
48026
48027
48028
48029
48030
48031
48037
48053
15285
48054
15286
48055
15287
48056
15288
48057
15289
48058
15290
48059
15291
48060
15292
48061
15293
48062
15294
48083
48084
48085
48086
48087
48088
48089
48090
48091
48092
15324
15325
15326
15327
15328
15329
15330
15331
15332
15333
48112
48113
48114
48115
48116
48117
48118
48119
48120
48121
15363
15364
15365
15366
15367
15368
15369
15370
15371
48140
15372
48141
48142
48143
48144
48145
48146
48147
48148
48149
48167
48168
48169
48170
15402
48171
15403
48172
15404
48173
15405
48174
15406
48175
15407
48176
15408
15409
15410
15411
48193
48194
48195
48196
48197
48198
48199
48200
48201
48202
48218
48219
48220
48221
48222
48223
48224
48225
48226
48227
48242
48243
48244
48245
48246
48247
48248
15480
48249
48250
48251
48265
48266
48267
48268
48269
48270
48271
48272
48273
48274
15511
15512
15543
15544
15545
15576
15577
15578
15579
15585
15586
15587
15588
15589
15590
15591
15592
15593
15594
15610
15611
48380
15612
48381
15613
48382
15614
48383
48384
48385
15620
15621
15622
15623
15624
15625
15626
15627
15628
15629
15645
15646
15647
48416
15648
48417
15649
48418
15650
48419
48420
15656
15657
15658
15659
15660
15661
15662
15663
15664
15665
15681
15682
48451
15683
48452
15684
48453
15685
48454
15686
15687
15693
15694
15695
15696
15697
15698
15699
15700
15701
15702
48485
48486
15718
48487
15719
15720
15721
15722
15723
15724
15725
15731
15732
15733
15734
15735
15736
15737
15738
15739
15740
48518
48519
15756
15757
15758
15759
15760
15761
15762
15763
15764
15770
15771
15772
15773
15774
15775
15776
15777
15778
15779
48550
15795
15796
15797
48566
15798
48567
15799
48568
15800
48569
15801
48570
15802
48571
15803
48572
15804
48573
48574
48575
15809
15810
15811
15812
15813
15814
15815
15816
15817
15818
48596
48597
48598
48599
48600
48601
48602
15834
48603
15835
48604
15836
48605
15837
15838
15839
15840
15841
15842
15843
15848
15849
15850
15851
15852
15853
15854
15855
15856
48625
15857
48626
48627
48628
48629
48630
48631
48632
48633
48634
15873
15874
15875
15876
15877
15878
15879
15880
15881
15882
48653
48654
48655
15887
48656
15888
48657
15889
48658
15890
48659
15891
48660
15892
48661
15893
48662
15894
15895
15896
48680
15912
48681
15913
48682
15914
48683
15915
48684
15916
48685
15917
48686
15918
48687
15919
48688
15920
48689
15921
15926
15927
15928
15929
15930
15931
15932
15933
15934
15935
48706
48707
48708
48709
48710
48711
48712
48713
48714
48715
15951
15952
15953
15954
15955
15956
15957
15958
15959
15960
48731
48732
48733
48734
48735
48736
48737
48738
48739
48740
48755
48756
48757
48758
15990
48759
15991
48760
15992
48761
15993
48762
15994
48763
15995
48764
15996
15997
15998
15999
48778
48779
48780
48781
48782
48783
48784
48785
48786
48787
16029
16030
16031
48800
16032
48801
16033
48802
16034
48803
16035
48804
16036
48805
16037
48806
16038
48807
48808
48809
16068
16069
16070
16071
16072
16073
16074
16075
16076
16077
16107
16108
16109
16110
16111
16112
16113
16114
16115
16116
48910
48911
48912
48913
48914
16146
16147
16148
16149
16150
16151
16152
16153
16154
16155
48945
48946
48947
48948
16195
48979
48980
48981
16226
16227
49012
49013
16258
16259
16260
49044
16291
16292
16293
16294
49090
49091
49092
49093
16325
49094
16326
49095
16327
49096
16328
49097
16329
49098
49099
16335
16336
16337
16338
16339
16340
16341
16342
16343
16344
49119
49120
49121
49122
49123
49124
49125
49126
49127
49128
16360
16361
16362
16363
16364
16365
16371
16372
16373
16374
16375
16376
16377
16378
49147
16379
49148
16380
49149
49150
49151
49152
49153
49154
49155
49156
16396
16397
16398
16399
16400
16401
16402
49174
49175
49176
16408
49177
16409
49178
16410
49179
16411
49180
16412
49181
16413
49182
16414
49183
16415
16416
16417
49200
49201
16433
49202
16434
49203
16435
49204
16436
49205
16437
49206
16438
49207
16439
49208
16440
49209
16446
16447
16448
16449
16450
16451
16452
16453
16454
16455
49225
49226
49227
49228
49229
49230
49231
49232
49233
49234
16471
16472
16473
16474
16475
16476
16477
16478
16479
49249
49250
49251
49252
49253
16485
49254
16486
49255
16487
49256
16488
49257
16489
49258
16490
16491
16492
16493
16494
49272
49273
49274
49275
49276
49277
49278
16510
49279
16511
49280
16512
49281
16513
16514
16515
16516
16517
16518
16519
16524
16525
49294
16526
49295
16527
49296
16528
49297
16529
49298
16530
49299
16531
49300
16532
49301
16533
49302
49303
49315
49316
49317
16549
49318
16550
49319
16551
49320
16552
49321
16553
49322
16554
49323
16555
49324
16556
16557
16558
16563
16564
16565
16566
16567
16568
16569
16570
16571
16572
16588
16589
16590
16591
16592
16593
16594
16595
16596
16597
16602
16603
16604
16605
16606
16607
16608
16609
16610
16611
16627
16628
16629
16630
16631
16632
16633
16634
16635
16636
16641
16642
16643
16644
16645
16646
16647
16648
16649
16650
49420
49421
49422
49423
16666
16667
16668
16669
16670
16671
16672
16673
16674
16675
16680
16681
16682
16683
16684
16685
49454
16686
49455
16687
49456
16688
16689
16705
16706
16707
16708
16709
16710
16711
16712
16713
16714
49487
49488
16744
16745
16746
16747
16748
16749
16750
49519
16751
16752
16753
16783
16784
16785
16786
16787
16788
16789
16790
16791
16792
16822
16823
16824
16825
49594
16826
49595
16827
49596
16828
49597
16829
49598
16830
49599
16831
49600
49601
49602
49603
49622
49623
49624
49625
49626
49627
49628
49629
16861
49630
16862
49631
16863
16864
16865
16866
16867
16868
16869
16870
49649
49650
49651
49652
49653
49654
49655
49656
49657
49658
16900
16901
16902
16903
16904
16905
16906
49675
16907
49676
16908
49677
16909
49678
49679
49680
49681
49682
49683
49684
49700
49701
49702
49703
49704
49705
49706
49707
49708
49709
16950
16951
49724
49725
49726
49727
49728
49729
49730
49731
49732
49733
49747
49748
49749
49750
16982
49751
16983
49752
16984
49753
49754
49755
49756
49769
49770
49771
49772
49773
49774
49775
49776
49777
49778
17015
17016
17017
17018
49790
49791
49792
49793
49794
49795
49796
49797
49798
49799
49810
49811
49812
49813
49814
49815
49816
49817
17049
49818
17050
49819
17051
17052
17053
17084
17085
17086
17087
17088
17089
17095
17096
17097
17098
17099
17100
17101
17102
17103
17104
17120
17121
17122
17123
17124
17125
17126
17132
17133
17134
17135
17136
17137
17138
17139
17140
17141
49910
49911
49912
17157
17158
17159
17160
17161
17162
17163
17164
17170
17171
17172
17173
17174
49943
17175
49944
17176
17177
17178
17179
17195
17196
17197
17198
17199
17200
17201
17202
17203
49975
17209
17210
17211
17212
17213
17214
17215
17216
17217
17218
17234
17235
17236
17237
17238
17239
17240
17241
17242
17243
17248
17249
17250
17251
17252
17253
17254
17255
17256
17257
17273
17274
17275
17276
17277
17278
17279
17280
17281
17282
17287
17288
17289
17290
17291
17292
17293
17294
17295
17296
50078
50079
50080
17312
50081
17313
50082
17314
50083
17315
50084
17316
50085
17317
50086
17318
50087
17319
17320
17321
17326
17327
17328
17329
17330
17331
17332
17333
17334
17335
50105
50106
50107
50108
50109
50110
50111
50112
50113
50114
17351
17352
17353
17354
17355
17356
17357
17358
17359
17360
50131
50132
50133
17365
50134
17366
50135
17367
50136
17368
50137
17369
50138
17370
50139
17371
50140
17372
17373
17374
50156
50157
50158
17390
50159
17391
50160
17392
50161
17393
50162
17394
50163
17395
50164
17396
50165
17397
17398
17399
17404
17405
17406
17407
17408
17409
17410
17411
50180
17412
50181
17413
50182
50183
50184
50185
50186
50187
50188
50189
17429
17430
17431
17432
17433
17434
50203
17435
50204
17436
50205
17437
50206
17438
50207
50208
50209
50210
50211
50212
17444
17445
17446
17447
17448
17449
17450
17451
17452
50225
50226
50227
50228
50229
50230
50231
50232
50233
50234
17468
17469
17470
17471
17472
17473
17474
17475
17476
17477
50246
50247
50248
50249
50250
50251
50252
50253
50254
50255
50266
50267
50268
50269
50270
50271
50272
50273
50274
50275
17507
17508
17509
17510
17511
17512
17513
17514
17515
17516
50285
50286
50287
50288
50289
50290
50291
50292
50293
50294
17546
17547
17548
17549
17550
17551
17552
17553
17554
17555
17585
17586
17587
17588
17589
17590
17591
17592
17593
17594
50380
50381
17624
17625
17626
17627
17628
17629
17630
17631
17632
17633
50412
17663
17664
17665
17666
17667
17668
17669
17670
17671
17672
17714
17715
17716
17747
17748
17749
17750
50542
50543
50544
50545
50546
50547
50548
50549
17781
50550
17782
50551
17783
17784
17785
50568
50569
50570
50571
50572
50573
50574
50575
50576
50577
17816
17817
17818
17819
17820
17821
50593
50594
50595
50596
50597
50598
50599
50600
50601
50602
50617
50618
50619
50620
17852
50621
17853
50622
17854
50623
17855
50624
17856
50625
17857
50626
17858
17864
17865
17866
17867
17868
17869
17870
17871
50640
17872
50641
17873
50642
50643
50644
50645
50646
50647
50648
50649
17889
17890
17891
17892
17893
50662
17894
50663
17895
50664
17896
50665
50666
50667
50668
50669
50670
17902
50671
17903
17904
17905
17906
17907
17908
17909
17910
17911
50683
50684
50685
50686
50687
50688
50689
50690
50691
50692
17927
17928
17929
17930
17931
17932
17933
17934
50703
17935
50704
50705
50706
50707
50708
50709
17941
50710
17942
50711
17943
50712
17944
17945
17946
17947
17948
17949
17950
50722
50723
50724
50725
50726
50727
50728
50729
50730
50731
17966
17967
17968
17969
17970
17971
50740
17972
50741
17973
50742
17974
50743
17975
50744
50745
50746
50747
50748
17980
50749
17981
17982
17983
17984
17985
17986
17987
17988
17989
18005
18006
18007
18008
18009
18010
18011
18012
18013
18014
18019
18020
18021
18022
18023
18024
18025
18026
18027
18028
18044
18045
18046
18047
18048
18049
18050
18051
18052
18053
18058
18059
18060
18061
50830
18062
18063
18064
18065
18066
18067
18083
18084
18085
18086
18087
18088
18089
18090
18091
18092
18097
18098
18099
18100
18101
18102
18103
18104
18105
18106
18122
18123
18124
18125
18126
18127
18128
18129
18130
18131
18136
18137
18138
18139
18140
18141
18142
18143
18144
18145
18161
18162
18163
18164
18165
18166
18167
18168
18169
18170
18176
18177
18178
18179
18180
18181
18182
18183
18184
18200
18201
18202
18203
18204
18205
18206
18207
18208
18209
18216
18217
50986
18218
50987
18219
50988
18220
50989
18221
50990
18222
50991
18223
50992
50993
50994
50995
18239
18240
18241
18242
51011
18243
51012
18244
51013
18245
51014
18246
51015
18247
51016
18248
51017
51018
51019
51020
51035
51036
51037
51038
51039
51040
51041
51042
51043
51044
18278
18279
18280
18281
18282
18283
18284
18285
18286
18287
51058
51059
51060
51061
51062
51063
51064
51065
51066
51067
51080
51081
51082
51083
51084
51085
18317
51086
18318
51087
18319
51088
18320
51089
18321
18322
18323
18324
18325
18326
51101
51102
51103
51104
51105
51106
51107
51108
51109
51110
51121
51122
51123
51124
18356
51125
18357
51126
18358
51127
18359
51128
18360
51129
18361
51130
18362
18363
18364
18365
51140
51141
51142
51143
51144
51145
51146
51147
51148
51149
51158
51159
51160
51161
51162
51163
18395
51164
18396
51165
18397
51166
18398
51167
18399
18400
18401
18402
18403
18404
51175
51176
51177
51178
51179
51180
51181
51182
51183
51184
18434
18435
18436
18437
18438
18439
18440
18441
18442
18443
18486
18487
18488
18489
18520
18521
18522
18523
18524
18555
18556
18557
18558
18559
18560
18591
18592
18593
18594
18595
18596
18597
18628
18629
18630
18631
18632
18633
18634
18635
18641
51410
18642
51411
18643
51412
18644
51413
18645
51414
18646
51415
18647
51416
18648
51417
18649
51418
18650
51419
51434
18666
51435
18667
51436
18668
51437
18669
51438
18670
51439
18671
51440
18672
51441
18673
51442
18674
51443
18680
18681
18682
18683
18684
18685
18686
18687
18688
51457
18689
51458
51459
51460
51461
51462
51463
51464
51465
51466
18705
18706
18707
18708
18709
18710
51479
18711
51480
18712
51481
18713
51482
18714
51483
51484
51485
51486
51487
18719
51488
18720
18721
18722
18723
18724
18725
18726
18727
18728
51500
51501
51502
51503
51504
51505
51506
51507
51508
51509
18744
18745
18746
18747
18748
18749
18750
18751
51520
18752
51521
18753
51522
51523
51524
51525
51526
18758
51527
18759
51528
18760
51529
18761
18762
18763
18764
18765
18766
18767
51539
51540
51541
51542
51543
51544
51545
51546
51547
51548
18783
18784
18785
18786
18787
18788
51557
18789
51558
18790
51559
18791
51560
18792
51561
51562
51563
51564
51565
18797
51566
18798
18799
18800
18801
18802
18803
18804
18805
51574
18806
51575
51576
51577
51578
51579
51580
51581
51582
51583
51590
18822
51591
18823
51592
18824
51593
18825
51594
18826
51595
18827
51596
18828
51597
18829
51598
18830
51599
18831
18836
18837
18838
18839
18840
18841
18842
18843
18844
18845
18861
18862
18863
18864
18865
18866
18867
18868
18869
18870
18875
18876
18877
18878
18879
18880
18881
18882
18883
18884
18900
18901
18902
18903
18904
18905
18906
18907
18908
18909
18915
18916
18917
18918
18919
18920
18921
18922
18923
18939
18940
18941
18942
18943
18944
18945
18946
18947
18948
18955
18956
18957
18958
18959
18960
18961
18962
18978
18979
18980
18981
18982
18983
18984
18985
18986
18987
18995
18996
18997
18998
18999
19000
19001
19017
19018
19019
19020
19021
19022
19023
19024
19025
19026
51814
51815
51816
51817
51818
51819
51820
51821
51822
51823
19056
19057
19058
19059
19060
19061
19062
19063
19064
19065
51837
51838
51839
51840
51841
51842
51843
51844
51845
51846
51859
51860
51861
51862
51863
19095
51864
19096
51865
19097
51866
19098
51867
19099
51868
19100
19101
19102
19103
19104
51880
51881
51882
51883
51884
51885
51886
51887
51888
51889
51900
51901
51902
19134
51903
19135
51904
19136
51905
19137
51906
19138
51907
19139
51908
19140
51909
19141
19142
19143
51919
51920
51921
51922
51923
51924
51925
51926
51927
51928
51937
51938
51939
51940
51941
19173
51942
19174
51943
19175
51944
19176
51945
19177
51946
19178
19179
19180
19181
19182
51954
51955
51956
51957
51958
51959
51960
51961
51962
51963
51970
51971
51972
51973
51974
51975
51976
51977
51978
51979
19212
19213
19214
19215
19216
51985
19217
51986
19218
51987
19219
51988
19220
51989
19221
51990
51991
51992
51993
51994
19265
19266
19267
19268
19269
19300
19301
19302
19303
19304
19305
19336
19337
19338
19339
19340
19341
19342
19373
19374
19375
19376
19377
19378
19379
19380
19411
19412
19413
19414
19415
19416
19417
19418
19419
19425
19426
19427
19428
19429
52198
19430
52199
19431
52200
19432
52201
19433
52202
19434
52203
52204
52205
52206
52207
19450
19451
52220
19452
52221
19453
52222
19454
52223
19455
52224
19456
52225
19457
52226
19458
52227
19459
52228
52229
19464
19465
19466
19467
19468
19469
19470
19471
19472
52241
19473
52242
52243
52244
52245
52246
52247
52248
52249
52250
19489
19490
19491
19492
52261
19493
52262
19494
52263
19495
52264
19496
52265
19497
52266
19498
52267
52268
52269
52270
19503
19504
19505
19506
19507
19508
19509
19510
19511
52280
19512
52281
52282
52283
52284
52285
52286
52287
52288
52289
19528
19529
52298
19530
52299
19531
52300
19532
52301
19533
52302
19534
52303
19535
52304
19536
52305
19537
52306
52307
19542
19543
19544
19545
19546
52315
19547
52316
19548
52317
19549
52318
19550
52319
19551
52320
52321
52322
52323
52324
52331
52332
52333
52334
52335
19567
52336
19568
52337
19569
52338
19570
52339
19571
52340
19572
19573
19574
19575
19576
52346
52347
52348
52349
19581
52350
19582
52351
19583
52352
19584
52353
19585
52354
19586
52355
19587
19588
19589
19590
52361
52362
52363
52364
52365
52366
52367
52368
52369
19606
19607
19608
19609
19610
19611
19612
19613
19614
19615
19620
19621
19622
19623
19624
19625
19626
19627
19628
19629
19645
19646
19647
19648
19649
19650
19651
19652
19653
19654
19660
19661
19662
19663
19664
19665
19666
19667
19668
19684
19685
19686
19687
19688
19689
19690
19691
19692
19693
19700
19701
19702
19703
19704
19705
19706
19707
19723
19724
19725
19726
19727
19728
19729
19730
19731
19732
19740
19741
19742
19743
19744
19745
19746
19762
19763
19764
19765
19766
19767
19768
19769
19770
19771
19780
19781
19782
19783
19784
19785
52562
52563
52564
52565
52566
52567
52568
52569
19801
52570
19802
52571
19803
19804
19805
19806
19807
19808
19809
19810
52583
52584
52585
52586
52587
52588
52589
52590
52591
52592
52603
52604
52605
52606
52607
52608
19840
52609
19841
52610
19842
52611
19843
52612
19844
19845
19846
19847
19848
19849
52622
52623
52624
52625
52626
52627
52628
52629
52630
52631
52640
52641
52642
52643
52644
52645
52646
52647
19879
52648
19880
52649
19881
19882
19883
19884
19885
19886
19887
19888
52657
52658
52659
52660
52661
52662
52663
52664
52665
52666
52673
52674
52675
52676
52677
52678
52679
52680
52681
52682
19918
19919
52688
19920
52689
19921
52690
19922
52691
19923
52692
19924
52693
19925
52694
19926
52695
19927
52696
52697
52703
52704
52705
52706
52707
52708
52709
52710
52711
52717
52718
52719
52720
52721
52722
52723
52724
19957
19958
19959
19960
19961
19962
19963
19964
19965
19966
19996
19997
19998
19999
20000
20001
20002
20003
20004
20005
20050
20051
20052
20053
20054
20055
20086
20087
20088
20089
20090
20091
20092
20123
20124
20125
20126
20127
20128
20129
20130
52906
52907
52908
52909
52910
52911
52912
52913
52914
52915
52926
52927
52928
52929
20161
52930
20162
52931
20163
52932
20164
52933
20165
52934
20166
52935
20167
20168
20169
52945
52946
52947
52948
52949
52950
52951
52952
52953
52954
52963
52964
52965
52966
52967
52968
20200
52969
20201
52970
20202
52971
20203
52972
20204
20205
20206
20207
20208
20209
52980
52981
52982
20214
52983
20215
52984
20216
52985
20217
52986
20218
52987
20219
52988
20220
52989
20221
20222
20223
52996
52997
52998
52999
53000
53001
53002
53003
53004
53005
20239
20240
20241
20242
53011
20243
53012
20244
53013
20245
53014
20246
53015
20247
53016
20248
53017
53018
53019
53020
20253
20254
20255
20256
20257
53026
20258
53027
20259
53028
20260
53029
20261
53030
20262
53031
53032
53033
53034
53040
53041
53042
53043
53044
53045
53046
20278
53047
20279
20280
20281
20282
20283
20284
53053
20285
53054
20286
53055
20287
53056
53057
53058
53059
20292
20293
20294
20295
20296
20297
20298
20299
20300
20301
20317
20318
20319
20320
20321
20322
20323
20324
20325
20326
20331
20332
20333
20334
20335
20336
20337
20338
20339
20340
20356
20357
20358
20359
20360
20361
20362
20363
20364
20365
20370
20371
20372
20373
20374
20375
20376
20377
20378
20379
20395
20396
20397
20398
20399
20400
20401
20402
20403
20404
20410
20411
20412
20413
20414
20415
20416
20417
20418
20434
20435
20436
20437
20438
20439
20440
20441
20442
20443
20450
20451
20452
20453
20454
20455
20456
20457
53230
53231
53232
53233
53234
53235
53236
53237
53238
53239
20473
20474
20475
20476
20477
20478
20479
20480
53249
20481
53250
20482
53251
53252
53253
53254
53255
53256
53257
53258
20490
20491
20492
20493
20494
20495
20496
53267
53268
53269
53270
53271
53272
53273
53274
53275
53276
20512
20513
20514
20515
53284
20516
53285
20517
53286
20518
53287
20519
53288
20520
53289
20521
53290
53291
53292
53293
20530
20531
53300
20532
53301
20533
53302
20534
53303
20535
53304
53305
53306
53307
53308
53309
53315
53316
53317
53318
53319
20551
53320
20552
53321
20553
53322
20554
53323
20555
53324
20556
20557
20558
20559
20560
53330
53331
53332
53333
53334
53335
53336
53337
53338
20570
20571
20572
20573
20574
53344
53345
53346
53347
53348
53349
53350
53351
53357
53358
20590
53359
20591
53360
20592
53361
20593
53362
20594
53363
20595
20596
20597
20598
20599
53369
53370
53371
53372
53373
53374
20629
20630
20631
20632
20633
20634
20635
20636
20637
20638
20668
20669
20670
20671
20672
20673
20674
20675
20676
20677
20707
20708
20709
20710
20711
20712
20713
20714
20715
20716
20746
20747
20748
20749
20750
20751
20752
20753
20754
20755
53534
53535
53536
53537
53538
53539
53540
53541
53542
53543
53552
53553
20785
53554
20786
53555
20787
53556
20788
53557
20789
53558
20790
53559
20791
53560
20792
53561
20793
20794
53569
53570
53571
53572
53573
53574
53575
53576
53577
53578
53585
53586
53587
53588
53589
53590
53591
53592
53593
53594
53600
53601
53602
53603
53604
53605
53606
53607
53608
20840
53609
20841
20842
20843
20844
20845
20846
53615
53616
53617
53618
53619
53620
53621
53622
53623
53629
53630
53631
53632
53633
53634
53635
53636
53642
53643
53644
53645
20877
53646
20878
53647
20879
53648
20880
20881
20882
20883
20884
53654
53655
53656
53657
53658
53659
53665
53666
53667
53668
53669
20915
20916
20917
20918
20919
20920
20921
20922
20923
20954
20955
20956
20957
20958
20959
20960
20961
20962
20963
20993
20994
20995
20996
20997
20998
20999
21000
21001
21002
21007
21008
21009
21010
21011
21012
21013
21014
21015
21016
21032
21033
21034
21035
21036
21037
21038
21039
21040
21041
21046
21047
21048
21049
53818
21050
53819
21051
53820
21052
53821
21053
53822
21054
53823
21055
53824
53825
53826
53827
53835
53836
53837
53838
53839
21071
53840
21072
53841
21073
53842
21074
53843
21075
53844
21076
21077
21078
21079
21080
53851
53852
53853
21085
53854
21086
53855
21087
53856
21088
53857
21089
53858
21090
53859
21091
53860
21092
21093
21094
53866
53867
53868
53869
53870
53871
53872
53873
53874
53875
21110
21111
21112
53881
21113
53882
21114
53883
21115
53884
21116
53885
21117
53886
21118
53887
21119
53888
53889
21124
21125
21126
53895
21127
53896
21128
53897
21129
53898
21130
53899
21131
53900
21132
53901
21133
53902
53908
53909
53910
53911
53912
53913
53914
21149
21150
21151
53920
21152
53921
21153
53922
21154
53923
21155
53924
21156
53925
21157
21158
53931
53932
21164
53933
21165
53934
21166
53935
21167
21168
21169
21170
21171
21172
53941
53942
53943
53944
21188
21189
21190
21191
21192
21193
21194
21195
21196
21197
21204
21205
21206
21207
21208
21209
21210
21211
21227
21228
21229
21230
21231
21232
21233
21234
21235
21236
21244
21245
21246
21247
21248
21249
21250
21266
21267
21268
21269
21270
21271
21272
21273
21274
21275
21284
21285
21286
21287
21288
21289
21305
21306
21307
21308
21309
21310
21311
21312
21313
54082
21314
54083
54084
54085
54086
54087
54088
54089
54090
54091
21324
21325
21326
21327
21328
54098
54099
54100
54101
54102
54103
54104
54105
54106
54107
21344
54113
21345
54114
21346
54115
21347
54116
21348
54117
21349
54118
21350
54119
21351
54120
21352
54121
21353
54122
54128
54129
54130
54131
54132
21364
54133
21365
54134
21366
54135
21367
54136
54142
54143
54144
54145
54146
54147
54148
54149
21383
21384
21385
21386
54155
21387
54156
21388
54157
21389
54158
21390
54159
21391
54160
21392
54161
54167
54168
54169
54170
54171
54172
54178
54179
54180
54181
54182
54188
54189
54190
21422
54191
21423
21424
21425
21426
21427
21428
54197
21429
54198
21430
54199
21431
21461
21462
21463
21464
21465
21466
21467
21468
21469
21470
21500
21501
21502
21503
21504
21505
21506
21507
21508
21509
21539
21540
21541
21542
21543
21544
21545
21546
21547
21548
54326
54327
54328
54329
54330
54331
54332
54333
54334
54335
54341
54342
54343
54344
54345
54346
21578
54347
21579
54348
21580
54349
21581
54350
21582
21583
21584
21585
21586
21587
54356
54357
54358
54359
54360
54361
54362
54363
54364
54370
54371
54372
54373
54374
54375
54376
54377
54383
54384
54385
54386
54387
54388
54389
54395
54396
54397
54398
54399
54400
21634
21635
21636
21637
54406
21638
54407
21639
54408
21640
54409
21641
54410
54416
54417
54418
54419
54425
54426
54427
54433
54434
21672
21673
21674
21675
21676
21677
21678
21679
21680
21711
21712
21713
21714
21715
21716
21717
21718
21719
21720
21750
21751
21752
21753
21754
21755
21756
21757
21758
21759
54550
54551
54552
54553
54554
54555
54556
54557
21789
54558
21790
54559
21791
21792
21793
21794
21795
21796
54565
21797
54566
21798
54567
54568
54569
54570
54571
21803
54572
21804
54573
21805
21806
21807
21808
21809
21810
54579
21811
54580
21812
54581
54582
54583
54584
54585
54586
54592
54593
54594
54595
54596
21828
54597
21829
54598
21830
21831
21832
21833
21834
21835
54604
21836
54605
21837
54606
54607
54608
54609
21842
21843
21844
21845
21846
54615
21847
54616
21848
54617
21849
54618
21850
54619
21851
54625
54626
54627
54628
54634
54635
21867
54636
21868
21869
21870
21871
21872
21873
54642
21874
54643
21875
21876
54649
21881
21882
21883
21884
21885
21886
21887
21888
21889
21890
21906
21907
21908
21909
21910
21911
21912
21913
21914
21915
21921
21922
21923
21924
21925
21926
21927
21928
21929
21945
21946
21947
21948
21949
21950
21951
21952
21953
21954
21961
21962
21963
21964
21965
21966
21967
21968
21984
21985
21986
54755
21987
54756
21988
54757
21989
54758
21990
54759
21991
54760
21992
54761
21993
54762
54763
54769
22001
54770
22002
54771
22003
54772
22004
54773
22005
54774
22006
54775
22007
54776
54782
54783
54784
54785
54786
54787
54788
22023
22024
22025
54794
22026
54795
22027
54796
22028
54797
22029
54798
22030
54799
22031
22032
54805
54806
54807
54808
54809
22041
22042
22043
22044
22045
22046
54815
54816
54817
54818
54824
54825
54826
22062
22063
54832
22064
54833
22065
22066
22067
22068
22069
22070
54839
22071
22081
22082
22083
22084
22085
22101
22102
22103
22104
22105
22106
22107
22108
22109
22110
22121
22122
22123
22124
22140
22141
22142
22143
22144
22145
22146
22147
22148
22149
22161
22162
22163
54940
54941
54942
54943
54944
54945
54946
54947
22179
22180
22181
22182
22183
22184
54953
22185
54954
22186
54955
22187
54956
22188
54957
54958
54959
54965
54966
54967
54968
54969
54970
54976
54977
54978
54979
54980
54986
22218
54987
22219
54988
22220
54989
22221
22222
22223
22224
22225
22226
54995
22227
54996
54997
55003
55004
55010
22257
22258
22259
22260
22261
22262
22263
22264
22265
22266
22296
22297
22298
22299
22300
22301
22302
22303
22304
22305
22335
22336
22337
55106
22338
55107
22339
55108
22340
55109
22341
55110
22342
55111
22343
55112
22344
55118
55119
55120
55121
55122
55123
55129
55130
55131
55132
55133
55139
55140
55141
55142
22374
22375
22376
22377
22378
22379
55148
22380
55149
22381
55150
22382
22383
55156
55157
55163
22431
22432
22433
22434
22435
22436
22437
22438
22439
22470
22471
22472
22473
22474
22475
22476
22477
22478
22479
55254
55255
55256
55257
55258
55259
55265
55266
55267
55268
55269
55275
55276
55277
22509
55278
22510
22511
22512
22513
22514
22515
55284
22516
55285
22517
55286
22518
55292
55293
55299
22548
22549
22550
22551
22552
22553
22554
22555
22556
22557
22587
22588
22589
22590
22591
22592
22593
22594
22595
22596
22601
22602
22603
22604
22605
22606
22607
22608
22609
22610
55385
55386
55387
55388
55389
22626
55395
22627
55396
22628
55397
22629
55398
22630
22631
22632
22633
22634
22635
55404
55405
55406
22640
22641
22642
22643
55412
22644
55413
22645
22646
22647
22648
22649
55419
22665
22666
22667
22668
22669
22670
22671
22672
22673
22674
22680
22681
22682
22683
22684
22685
22686
22687
22688
22704
22705
22706
22707
22708
22709
22710
22711
22712
22713
22720
22721
22722
22723
22724
22725
22726
22727
55500
55501
55502
55503
55509
55510
55511
22743
22744
22745
22746
22747
22748
55517
22749
55518
22750
22751
22752
55524
22760
22761
22762
22763
22764
22765
22766
22782
22783
22784
22785
22786
22787
22788
22789
22790
22791
22800
22801
22802
22803
22804
22805
22821
22822
22823
22824
22825
22826
22827
22828
22829
22830
55600
55601
55602
55608
22840
55609
22841
22842
22843
22844
55615
22860
22861
22862
22863
22864
22865
22866
22867
22868
22869
22880
22881
22882
22883
22899
22900
22901
22902
22903
22904
22905
22906
22907
22908
55686
55687
22920
22921
22922
55693
22938
22939
22940
22941
22942
22943
22944
22945
22946
22947
22960
22961
22977
22978
22979
22980
22981
22982
22983
22984
22985
22986
55759
23016
23017
23018
23019
23020
23021
23022
23023
23024
23025
23055
23056
23057
23058
23059
23060
23061
23062
23063
23064
23094
23095
23096
23097
23098
23099
23100
23101
23102
23103
23133
23134
23135
23136
23137
23138
23139
23140
23141
23142
23172
23173
23174
23175
23176
23177
23178
23179
23180
23181
23230
23231
23232
23233
23234
23235
23236
23237
23238
23239
23269
23270
23271
23272
23273
23274
23275
23276
23277
23278
23308
23309
23310
23311
23312
23313
23314
23315
23316
23317
23347
23348
23349
23350
23351
23352
23353
23354
23355
23356
23386
23387
23388
23389
23390
23391
23392
23393
23394
23395
23400
23401
23402
23403
23404
23405
23406
23407
23408
23409
23425
23426
23427
23428
23429
23430
23431
23432
23433
23434
23440
23441
23442
23443
23444
23445
23446
23447
23448
23464
23465
23466
23467
23468
23469
23470
23471
23472
23473
23480
23481
23482
23483
23484
23485
23486
23487
23503
23504
23505
23506
23507
23508
23509
23510
23511
23512
23520
23521
23522
23523
23524
23525
23526
23542
23543
23544
23545
23546
23547
23548
23549
23550
23551
23560
23561
23562
23563
23564
23565
23581
23582
23583
23584
23585
23586
23587
23588
23589
23590
23600
23601
23602
23603
23604
23620
23621
23622
23623
23624
23625
23626
23627
23628
23629
23640
23641
23642
23643
23659
23660
23661
23662
23663
23664
23665
23666
23667
23668
23680
23681
23682
23698
23699
23700
23701
23702
23703
23704
23705
23706
23707
23720
23721
23737
23738
23739
23740
23741
23742
23743
23744
23745
23746
23760
23776
23777
23778
23779
23780
23781
23782
23783
23784
23785
23815
23816
23817
23818
23819
23820
23821
23822
23823
23824
23854
23855
23856
23857
23858
23859
23860
23861
23862
23863
23893
23894
23895
23896
23897
23898
23899
23900
23901
23902
23932
23933
23934
23935
23936
23937
23938
23939
23940
23941
23971
23972
23973
23974
23975
23976
23977
23978
23979
23980
24029
24030
24031
24032
24033
24034
24035
24036
24037
24038
24068
24069
24070
24071
24072
24073
24074
24075
24076
24077
24107
24108
24109
24110
24111
24112
24113
24114
24115
24116
24146
24147
24148
24149
24150
24151
24152
24153
24154
24155
24185
24186
24187
24188
24189
24190
24191
24192
24193
24194
24200
24201
24202
24203
24204
24205
24206
24207
24208
24224
24225
24226
24227
24228
24229
24230
24231
24232
24233
24240
24241
24242
24243
24244
24245
24246
24247
24263
24264
24265
24266
24267
24268
24269
24270
24271
24272
24280
24281
24282
24283
24284
24285
24286
24302
24303
24304
24305
24306
24307
24308
24309
24310
24311
24320
24321
24322
24323
24324
24325
24341
24342
24343
24344
24345
24346
24347
24348
24349
24350
24360
24361
24362
24363
24364
24380
24381
24382
24383
24384
24385
24386
24387
24388
24389
24400
24401
24402
24403
24419
24420
24421
24422
24423
24424
24425
24426
24427
24428
24440
24441
24442
24458
24459
24460
24461
24462
24463
24464
24465
24466
24467
24480
24481
24497
24498
24499
24500
24501
24502
24503
24504
24505
24506
24520
24536
24537
24538
24539
24540
24541
24542
24543
24544
24545
24575
24576
24577
24578
24579
24580
24581
24582
24583
24584
24614
24615
24616
24617
24618
24619
24620
24621
24622
24623
24653
24654
24655
24656
24657
24658
24659
24660
24661
24662
24692
24693
24694
24695
24696
24697
24698
24699
24700
24701
24731
24732
24733
24734
24735
24736
24737
24738
24739
24740
24770
24771
24772
24773
24774
24775
24776
24777
24778
24779
24828
24829
24830
24831
24832
24833
24834
24835
24836
24837
24867
24868
24869
24870
24871
24872
24873
24874
24875
24876
24906
24907
24908
24909
24910
24911
24912
24913
24914
24915
24945
24946
24947
24948
24949
24950
24951
24952
24953
24954
24984
24985
24986
24987
24988
24989
24990
24991
24992
24993
25000
25001
25002
25003
25004
25005
25006
25007
25023
25024
25025
25026
25027
25028
25029
25030
25031
25032
25040
25041
25042
25043
25044
25045
25046
25062
25063
25064
25065
25066
25067
25068
25069
25070
25071
25080
25081
25082
25083
25084
25085
25101
25102
25103
25104
25105
25106
25107
25108
25109
25110
25120
25121
25122
25123
25124
25140
25141
25142
25143
25144
25145
25146
25147
25148
25149
25160
25161
25162
25163
25179
25180
25181
25182
25183
25184
25185
25186
25187
25188
25200
25201
25202
25218
25219
25220
25221
25222
25223
25224
25225
25226
25227
25240
25241
25257
25258
25259
25260
25261
25262
25263
25264
25265
25266
25280
25296
25297
25298
25299
25300
25301
25302
25303
25304
25305
25335
25336
25337
25338
25339
25340
25341
25342
25343
25344
25374
25375
25376
25377
25378
25379
25380
25381
25382
25383
25399
25413
25414
25415
25416
25417
25418
25419
25420
25421
25422
25452
25453
25454
25455
25456
25457
25458
25459
25460
25461
25491
25492
25493
25494
25495
25496
25497
25498
25499
25500
25530
25531
25532
25533
25534
25535
25536
25537
25538
25539
25569
25570
25571
25572
25573
25574
25575
25576
25577
25578
25627
25628
25629
25630
25631
25632
25633
25634
25635
25636
25666
25667
25668
25669
25670
25671
25672
25673
25674
25675
25705
25706
25707
25708
25709
25710
25711
25712
25713
25714
25744
25745
25746
25747
25748
25749
25750
25751
25752
25753
25783
25784
25785
25786
25787
25788
25789
25790
25791
25792
25800
25801
25802
25803
25804
25805
25806
25822
25823
25824
25825
25826
25827
25828
25829
25830
25831
25840
25841
25842
25843
25844
25845
25861
25862
25863
25864
25865
25866
25867
25868
25869
25870
25880
25881
25882
25883
25884
25900
25901
25902
25903
25904
25905
25906
25907
25908
25909
25920
25921
25922
25923
25939
25940
25941
25942
25943
25944
25945
25946
25947
25948
25960
25961
25962
25978
25979
25980
25981
25982
25983
25984
25985
25986
25987
26000
26001
26017
26018
26019
26020
26021
26022
26023
26024
26025
26026
26040
26056
26057
26058
26059
26060
26061
26062
26063
26064
26065
26095
26096
26097
26098
26099
26100
26101
26102
26103
26104
26134
26135
26136
26137
26138
26139
26140
26141
26142
26143
26159
26173
26174
26175
26176
26177
26178
26179
26180
26181
26182
26198
26199
26212
26213
26214
26215
26216
26217
26218
26219
26220
26221
26251
26252
26253
26254
26255
26256
26257
26258
26259
26260
26290
26291
26292
26293
26294
26295
26296
26297
26298
26299
26329
26330
26331
26332
26333
26334
26335
26336
26337
26338
26368
26369
26370
26371
26372
26373
26374
26375
26376
26377
26426
26427
26428
26429
26430
26431
26432
26433
26434
26435
26465
26466
26467
26468
26469
26470
26471
26472
26473
26474
26504
26505
26506
26507
26508
26509
26510
26511
26512
26513
26543
26544
26545
26546
26547
26548
26549
26550
26551
26552
26582
26583
26584
26585
26586
26587
26588
26589
26590
26591
26600
26601
26602
26603
26604
26605
26621
26622
26623
26624
26625
26626
26627
26628
26629
26630
26640
26641
26642
26643
26644
26660
26661
26662
26663
26664
26665
26666
26667
26668
26669
26680
26681
26682
26683
26699
26700
26701
26702
26703
26704
26705
26706
26707
26708
26720
26721
26722
26738
26739
26740
26741
26742
26743
26744
26745
26746
26747
26760
26761
26777
26778
26779
26780
26781
26782
26783
26784
26785
26786
26800
26816
26817
26818
26819
26820
26821
26822
26823
26824
26825
26855
26856
26857
26858
26859
26860
26861
26862
26863
26864
26894
26895
26896
26897
26898
26899
26900
26901
26902
26903
26919
26933
26934
26935
26936
26937
26938
26939
26940
26941
26942
26958
26959
26972
26973
26974
26975
26976
26977
26978
26979
26980
26981
26997
26998
26999
27011
27012
27013
27014
27015
27016
27017
27018
27019
27020
27050
27051
27052
27053
27054
27055
27056
27057
27058
27059
27089
27090
27091
27092
27093
27094
27095
27096
27097
27098
27128
27129
27130
27131
27132
27133
27134
27135
27136
27137
27167
27168
27169
27170
27171
27172
27173
27174
27175
27176
27225
27226
27227
27228
27229
27230
27231
27232
27233
27234
27264
27265
27266
27267
27268
27269
27270
27271
27272
27273
27303
27304
27305
27306
27307
27308
27309
27310
27311
27312
27342
27343
27344
27345
27346
27347
27348
27349
27350
27351
27381
27382
27383
27384
27385
27386
27387
27388
27389
27390
27400
27401
27402
27403
27404
27420
27421
27422
27423
27424
27425
27426
27427
27428
27429
27440
27441
27442
27443
27459
27460
27461
27462
27463
27464
27465
27466
27467
27468
27480
27481
27482
27498
27499
27500
27501
27502
27503
27504
27505
27506
27507
27520
27521
27537
27538
27539
27540
27541
27542
27543
27544
27545
27546
27560
27576
27577
27578
27579
27580
27581
27582
27583
27584
27585
27615
27616
27617
27618
27619
27620
27621
27622
27623
27624
27654
27655
27656
27657
27658
27659
27660
27661
27662
27663
27679
27693
27694
27695
27696
27697
27698
27699
27700
27701
27702
27718
27719
27732
27733
27734
27735
27736
27737
27738
27739
27740
27741
27757
27758
27759
27771
27772
27773
27774
27775
27776
27777
27778
27779
27780
27796
27797
27798
27799
27810
27811
27812
27813
27814
27815
27816
27817
27818
27819
27849
27850
27851
27852
27853
27854
27855
27856
27857
27858
27888
27889
27890
27891
27892
27893
27894
27895
27896
27897
27927
27928
27929
27930
27931
27932
27933
27934
27935
27936
27966
27967
27968
27969
27970
27971
27972
27973
27974
27975
28024
28025
28026
28027
28028
28029
28030
28031
28032
28033
28063
28064
28065
28066
28067
28068
28069
28070
28071
28072
28102
28103
28104
28105
28106
28107
28108
28109
28110
28111
28141
28142
28143
28144
28145
28146
28147
28148
28149
28150
28180
28181
28182
28183
28184
28185
28186
28187
28188
28189
28200
28201
28202
28203
28219
28220
28221
28222
28223
28224
28225
28226
28227
28228
28240
28241
28242
28258
28259
28260
28261
28262
28263
28264
28265
28266
28267
28280
28281
28297
28298
28299
28300
28301
28302
28303
28304
28305
28306
28320
28336
28337
28338
28339
28340
28341
28342
28343
28344
28345
28375
28376
28377
28378
28379
28380
28381
28382
28383
28384
28414
28415
28416
28417
28418
28419
28420
28421
28422
28423
28439
28453
28454
28455
28456
28457
28458
28459
28460
28461
28462
28478
28479
28492
28493
28494
28495
28496
28497
28498
28499
28500
28501
28517
28518
28519
28531
28532
28533
28534
28535
28536
28537
28538
28539
28540
28556
28557
28558
28559
28570
28571
28572
28573
28574
28575
28576
28577
28578
28579
28595
28596
28597
28598
28599
28609
28610
28611
28612
28613
28614
28615
28616
28617
28618
28648
28649
28650
28651
28652
28653
28654
28655
28656
28657
28687
28688
28689
28690
28691
28692
28693
28694
28695
28696
28726
28727
28728
28729
28730
28731
28732
28733
28734
28735
28765
28766
28767
28768
28769
28770
28771
28772
28773
28774
28823
28824
28825
28826
28827
28828
28829
28830
28831
28832
28862
28863
28864
28865
28866
28867
28868
28869
28870
28871
28901
28902
28903
28904
28905
28906
28907
28908
28909
28910
28940
28941
28942
28943
28944
28945
28946
28947
28948
28949
28979
28980
28981
28982
28983
28984
28985
28986
28987
28988
29000
29001
29002
29018
29019
29020
29021
29022
29023
29024
29025
29026
29027
29040
29041
29057
29058
29059
29060
29061
29062
29063
29064
29065
29066
29080
29096
29097
29098
29099
29100
29101
29102
29103
29104
29105
29135
29136
29137
29138
29139
29140
29141
29142
29143
29144
29174
29175
29176
29177
29178
29179
29180
29181
29182
29183
29199
29213
29214
29215
29216
29217
29218
29219
29220
29221
29222
29238
29239
29252
29253
29254
29255
29256
29257
29258
29259
29260
29261
29277
29278
29279
29291
29292
29293
29294
29295
29296
29297
29298
29299
29300
29316
29317
29318
29319
29330
29331
29332
29333
29334
29335
29336
29337
29338
29339
29355
29356
29357
29358
29359
29369
29370
29371
29372
29373
29374
29375
29376
29377
29378
29394
29395
29396
29397
29398
29399
29408
29409
29410
29411
29412
29413
29414
29415
29416
29417
29447
29448
29449
29450
29451
29452
29453
29454
29455
29456
29486
29487
29488
29489
29490
29491
29492
29493
29494
29495
29525
29526
29527
29528
29529
29530
29531
29532
29533
29534
29564
29565
29566
29567
29568
29569
29570
29571
29572
29573
29622
29623
29624
29625
29626
29627
29628
29629
29630
29631
29661
29662
29663
29664
29665
29666
29667
29668
29669
29670
29700
29701
29702
29703
29704
29705
29706
29707
29708
29709
29739
29740
29741
29742
29743
29744
29745
29746
29747
29748
29778
29779
29780
29781
29782
29783
29784
29785
29786
29787
29800
29801
29817
29818
29819
29820
29821
29822
29823
29824
29825
29826
29840
29856
29857
29858
29859
29860
29861
29862
29863
29864
29865
29895
29896
29897
29898
29899
29900
29901
29902
29903
29904
29934
29935
29936
29937
29938
29939
29940
29941
29942
29943
29959
29973
29974
29975
29976
29977
29978
29979
29980
29981
29982
29998
29999
30012
30013
30014
30015
30016
30017
30018
30019
30020
30021
30037
30038
30039
30051
30052
30053
30054
30055
30056
30057
30058
30059
30060
30076
30077
30078
30079
30090
30091
30092
30093
30094
30095
30096
30097
30098
30099
30115
30116
30117
30118
30119
30129
30130
30131
30132
30133
30134
30135
30136
30137
30138
30154
30155
30156
30157
30158
30159
30168
30169
30170
30171
30172
30173
30174
30175
30176
30177
30193
30194
30195
30196
30197
30198
30199
30207
30208
30209
30210
30211
30212
30213
30214
30215
30216
30246
30247
30248
30249
30250
30251
30252
30253
30254
30255
30285
30286
30287
30288
30289
30290
30291
30292
30293
30294
30324
30325
30326
30327
30328
30329
30330
30331
30332
30333
30363
30364
30365
30366
30367
30368
30369
30370
30371
30372
30421
30422
30423
30424
30425
30426
30427
30428
30429
30430
30460
30461
30462
30463
30464
30465
30466
30467
30468
30469
30499
30500
30501
30502
30503
30504
30505
30506
30507
30508
30538
30539
30540
30541
30542
30543
30544
30545
30546
30547
30577
30578
30579
30580
30581
30582
30583
30584
30585
30586
30600
30616
30617
30618
30619
30620
30621
30622
30623
30624
30625
30655
30656
30657
30658
30659
30660
30661
30662
30663
30664
30694
30695
30696
30697
30698
30699
30700
30701
30702
30703
30719
30733
30734
30735
30736
30737
30738
30739
30740
30741
30742
30758
30759
30772
30773
30774
30775
30776
30777
30778
30779
30780
30781
30797
30798
30799
30811
30812
30813
30814
30815
30816
30817
30818
30819
30820
30836
30837
30838
30839
30850
30851
30852
30853
30854
30855
30856
30857
30858
30859
30875
30876
30877
30878
30879
30889
30890
30891
30892
30893
30894
30895
30896
30897
30898
30914
30915
30916
30917
30918
30919
30928
30929
30930
30931
30932
30933
30934
30935
30936
30937
30953
30954
30955
30956
30957
30958
30959
30967
30968
30969
30970
30971
30972
30973
30974
30975
30976
30992
30993
30994
30995
30996
30997
30998
30999
31006
31007
31008
31009
31010
31011
31012
31013
31014
31015
31045
31046
31047
31048
31049
31050
31051
31052
31053
31054
31084
31085
31086
31087
31088
31089
31090
31091
31092
31093
31123
31124
31125
31126
31127
31128
31129
31130
31131
31132
31162
31163
31164
31165
31166
31167
31168
31169
31170
31171
31220
31221
31222
31223
31224
31225
31226
31227
31228
31229
31259
31260
31261
31262
31263
31264
31265
31266
31267
31268
31298
31299
31300
31301
31302
31303
31304
31305
31306
31307
31337
31338
31339
31340
31341
31342
31343
31344
31345
31346
31376
31377
31378
31379
31380
31381
31382
31383
31384
31385
31415
31416
31417
31418
31419
31420
31421
31422
31423
31424
31454
31455
31456
31457
31458
31459
31460
31461
31462
31463
31479
31493
31494
31495
31496
31497
31498
31499
31500
31501
31502
31518
31519
31532
31533
31534
31535
31536
31537
31538
31539
31540
31541
31557
31558
31559
31571
31572
31573
31574
31575
31576
31577
31578
31579
31580
31596
31597
31598
31599
31610
31611
31612
31613
31614
31615
31616
31617
31618
31619
31635
31636
31637
31638
31639
31649
31650
31651
31652
31653
31654
31655
31656
31657
31658
31674
31675
31676
31677
31678
31679
31688
31689
31690
31691
31692
31693
31694
31695
31696
31697
31713
31714
31715
31716
31717
31718
31719
31727
31728
31729
31730
31731
31732
31733
31734
31735
31736
31752
31753
31754
31755
31756
31757
31758
31759
31766
31767
31768
31769
31770
31771
31772
31773
31774
31775
31791
31792
31793
31794
31795
31796
31797
31798
31799
31805
31806
31807
31808
31809
31810
31811
31812
31813
31814
31844
31845
31846
31847
31848
31849
31850
31851
31852
31853
31883
31884
31885
31886
31887
31888
31889
31890
31891
31892
31922
31923
31924
31925
31926
31927
31928
31929
31930
31931
31961
31962
31963
31964
31965
31966
31967
31968
31969
31970
32019
32020
32021
32022
32023
32024
32025
32026
32027
32028
32058
32059
32060
32061
32062
32063
32064
32065
32066
32067
32097
32098
32099
32100
32101
32102
32103
32104
32105
32106
32136
32137
32138
32139
32140
32141
32142
32143
32144
32145
32175
32176
32177
32178
32179
32180
32181
32182
32183
32184
32214
32215
32216
32217
32218
32219
32220
32221
32222
32223
32239
32253
32254
32255
32256
32257
32258
32259
32260
32261
32262
32278
32279
32292
32293
32294
32295
32296
32297
32298
32299
32300
32301
32317
32318
32319
32331
32332
32333
32334
32335
32336
32337
32338
32339
32340
32356
32357
32358
32359
32370
32371
32372
32373
32374
32375
32376
32377
32378
32379
32395
32396
32397
32398
32399
32409
32410
32411
32412
32413
32414
32415
32416
32417
32418
32434
32435
32436
32437
32438
32439
32448
32449
32450
32451
32452
32453
32454
32455
32456
32457
32473
32474
32475
32476
32477
32478
32479
32487
32488
32489
32490
32491
32492
32493
32494
32495
32496
32512
32513
32514
32515
32516
32517
32518
32519
32526
32527
32528
32529
32530
32531
32532
32533
32534
32535
32551
32552
32553
32554
32555
32556
32557
32558
32559
32565
32566
32567
32568
32569
32570
32571
32572
32573
32574
32590
32591
32592
32593
32594
32595
32596
32597
32598
32599
32604
32605
32606
32607
32608
32609
32610
32611
32612
32613
32643
32644
32645
32646
32647
32648
32649
32650
32651
32652
32682
32683
32684
32685
32686
32687
32688
32689
32690
32691
32721
32722
32723
32724
32725
32726
32727
32728
32729
32730
32760
32761
32762
32763
32764
32765
32766
32767
)


// ************************************************************************* //
