/*--------------------------------*- C++ -*----------------------------------*\
| =========                 |                                                 |
| \\      /  F ield         | OpenFOAM: The Open Source CFD Toolbox           |
|  \\    /   O peration     | Version:  2306                                  |
|   \\  /    A nd           | Website:  www.openfoam.com                      |
|    \\/     M anipulation  |                                                 |
\*---------------------------------------------------------------------------*/
FoamFile
{
    version     2.0;
    format      binary;
    arch        "LSB;label=32;scalar=64";
    class       decomposedBlockData;
    object      acl;
    data.format     ascii;
    data.class      cellSet;
}
// * * * * * * * * * * * * * * * * * * * * * * * * * * * * * * * * * * * * * //


// processor0

4521
(FoamFile
{
    version     2.0;
    format      ascii;
    arch        "LSB;label=32;scalar=64";
    class       cellSet;
    location    "constant/fuel/polyMesh/sets";
    object      acl;
}

1000
(
0
2049
1
2050
2
2051
3
2052
4
2053
5
6
7
8
9
10
2059
11
2060
12
2061
13
2062
14
15
16
17
18
19
20
2069
21
2070
22
2071
23
24
25
26
27
28
29
30
2079
31
2080
32
33
34
35
36
37
38
39
40
2089
41
42
43
44
45
46
47
48
49
50
51
52
53
54
56
57
58
59
60
61
62
63
64
65
66
67
68
69
70
71
72
73
74
75
77
78
79
80
81
84
85
86
87
88
89
90
91
92
93
94
95
96
97
98
99
100
101
102
103
105
106
107
108
109
112
113
114
115
116
120
121
122
123
124
125
126
2175
127
2176
128
2177
129
2178
130
2179
131
132
133
134
2183
135
2184
136
2185
137
2186
138
2187
139
141
142
143
2192
144
2193
145
2194
2195
2196
148
149
150
151
152
2202
2203
2204
156
2205
157
158
159
160
2212
2213
165
2214
166
167
168
169
170
171
172
173
2222
174
2223
175
176
177
178
179
180
181
182
183
2232
184
186
187
188
189
190
193
194
195
196
197
201
202
203
204
205
210
211
212
213
214
220
221
222
223
224
225
226
227
228
229
230
231
232
233
234
235
236
237
238
239
241
242
243
244
245
248
249
250
251
252
256
257
258
259
260
265
266
267
268
269
275
276
2325
277
2326
278
2327
2328
2329
285
2334
286
2335
287
2336
288
2337
289
2338
290
291
292
293
294
295
2344
296
2345
297
2346
298
2347
299
300
301
302
303
304
2354
306
2355
307
2356
308
309
310
313
314
315
2364
316
2365
317
321
322
323
324
325
2374
330
331
332
333
334
340
341
342
343
350
351
352
360
361
362
363
364
365
366
367
368
369
370
371
372
373
374
375
376
377
378
379
381
382
383
384
385
388
389
390
391
392
396
397
398
399
400
405
406
407
408
409
415
416
417
418
425
426
2475
427
2476
2477
2478
2479
435
436
2485
2486
2487
2488
445
446
2495
447
2496
448
2497
449
450
451
452
453
454
455
456
2505
457
2506
458
459
460
461
462
463
464
466
2515
467
468
469
470
473
474
475
476
477
481
482
483
484
485
490
491
492
493
494
500
501
502
503
510
511
512
520
521
530
540
541
542
543
544
545
546
547
548
549
550
551
552
553
554
555
556
557
558
559
561
562
563
564
565
568
569
570
571
572
576
2625
577
2626
578
2627
579
2628
580
585
586
2635
587
2636
588
2637
589
595
596
2645
597
2646
598
605
606
2655
607
615
616
625
645
646
647
648
649
650
651
652
653
654
655
656
657
658
659
660
661
662
663
664
666
667
668
669
670
673
674
675
676
677
681
682
683
684
685
690
691
692
693
694
700
701
702
703
710
711
712
720
721
2775
2776
2777
730
2785
2786
2795
759
760
761
762
763
764
765
766
767
768
769
770
771
772
773
774
775
776
777
778
780
781
782
783
784
787
788
789
790
791
795
796
797
798
799
804
805
806
807
808
814
815
816
817
824
825
826
834
835
844
2923
2924
881
882
883
884
2933
885
886
887
888
889
890
891
892
893
894
895
896
897
898
899
900
902
903
904
905
906
909
910
911
912
913
917
918
919
920
921
926
927
928
929
930
936
937
938
939
946
947
948
956
957
966
1010
1011
1012
1013
1014
1015
1016
1017
1018
3067
1019
1020
1021
1022
1023
1024
1025
1026
1027
1028
1029
1031
1032
1033
1034
1035
1038
1039
1040
1041
1042
1046
1047
1048
1049
1050
1055
1056
1057
1058
1059
1065
1066
1067
1068
1075
1076
1077
1085
1086
1095
1145
1146
1147
1148
1149
1150
1151
1152
1153
1154
1155
1156
1157
1158
1159
1160
1161
1162
1163
1164
1166
1167
1168
1169
1170
1173
1174
1175
1176
1177
1181
1182
1183
1184
1185
1190
1191
1192
1193
1194
1200
1201
1202
1203
1210
1211
1212
1220
1221
1230
1285
1286
1287
1288
1289
1290
1291
1292
1293
1294
1295
1296
1297
1298
1299
1300
1301
1302
1303
1305
1306
1307
1308
1309
1312
1313
1314
1315
1316
1320
1321
1322
1323
1324
1329
1330
1331
1332
1333
1339
1340
1341
1342
1349
1350
1351
1359
1360
1369
1429
1430
1431
1432
1433
1434
1435
1436
1437
1438
1439
1440
1441
1442
1443
1444
1445
1447
1448
1449
1450
1451
1454
1455
1456
1457
1458
1462
1463
1464
1465
1466
1471
1472
1473
1474
1475
1481
1482
1483
1484
1491
1492
1493
1501
1502
1511
1576
1577
1578
1579
1580
1581
1582
1583
1584
1585
1586
1587
1588
1589
1591
1592
1593
1594
1595
1598
1599
1600
1601
1602
1606
1607
1608
1609
1610
1615
1616
1617
1618
1619
1625
1626
1627
1628
1635
1636
1637
1645
1646
1655
1725
1726
1727
1728
1729
1730
1731
1732
1733
1734
1736
1737
1738
1739
1740
1743
1744
1745
1746
1747
1751
1752
1753
1754
1755
1760
1761
1762
1763
1764
1770
1771
1772
1773
1780
1781
1782
1790
1791
1800
1875
1876
1877
1878
1879
1881
1882
1883
1884
1885
1888
1889
1890
1891
1892
1896
1897
1898
1899
1900
1905
1906
1907
1908
1909
1915
1916
1917
1918
1925
1926
1927
1935
1936
1945
2025
2026
2027
2028
2029
2032
2033
2034
2035
2036
2040
2041
2042
2043
2044
)
)

// processor1

4329
(
1000
(
0
2049
1
2050
2
2051
3
2052
4
2053
5
6
7
8
9
10
2059
11
2060
12
2061
13
2062
14
15
16
17
18
19
20
2069
21
2070
22
2071
23
24
25
26
27
28
29
30
2079
31
2080
32
33
34
35
36
37
38
39
40
2089
41
42
43
44
45
46
47
48
49
50
51
52
53
54
56
57
58
59
60
61
62
63
64
65
66
67
68
69
70
71
72
73
74
75
77
78
79
80
81
84
85
86
87
88
89
90
91
92
93
94
95
96
97
98
99
100
101
102
103
105
106
107
108
109
112
113
114
115
116
120
121
122
123
124
125
126
2175
127
2176
128
2177
129
2178
130
2179
131
132
133
134
2183
135
2184
136
2185
137
2186
138
2187
139
141
142
143
2192
144
2193
145
2194
2195
2196
148
149
150
151
152
2202
2203
2204
156
2205
157
158
159
160
2212
2213
165
2214
166
167
168
169
170
171
172
173
2222
174
2223
175
176
177
178
179
180
181
182
183
2232
184
186
187
188
189
190
193
194
195
196
197
201
202
203
204
205
210
211
212
213
214
220
221
222
223
224
225
226
227
228
229
230
231
232
233
234
235
236
237
238
239
241
242
243
244
245
248
249
250
251
252
256
257
258
259
260
265
266
267
268
269
275
276
2325
277
2326
278
2327
2328
2329
285
2334
286
2335
287
2336
288
2337
289
2338
290
291
292
293
294
295
2344
296
2345
297
2346
298
2347
299
300
301
302
303
304
2354
306
2355
307
2356
308
309
310
313
314
315
2364
316
2365
317
321
322
323
324
325
2374
330
331
332
333
334
340
341
342
343
350
351
352
360
361
362
363
364
365
366
367
368
369
370
371
372
373
374
375
376
377
378
379
381
382
383
384
385
388
389
390
391
392
396
397
398
399
400
405
406
407
408
409
415
416
417
418
425
426
2475
427
2476
2477
2478
2479
435
436
2485
2486
2487
2488
445
446
2495
447
2496
448
2497
449
450
451
452
453
454
455
456
2505
457
2506
458
459
460
461
462
463
464
466
2515
467
468
469
470
473
474
475
476
477
481
482
483
484
485
490
491
492
493
494
500
501
502
503
510
511
512
520
521
530
540
541
542
543
544
545
546
547
548
549
550
551
552
553
554
555
556
557
558
559
561
562
563
564
565
568
569
570
571
572
576
2625
577
2626
578
2627
579
2628
580
585
586
2635
587
2636
588
2637
589
595
596
2645
597
2646
598
605
606
2655
607
615
616
625
645
646
647
648
649
650
651
652
653
654
655
656
657
658
659
660
661
662
663
664
666
667
668
669
670
673
674
675
676
677
681
682
683
684
685
690
691
692
693
694
700
701
702
703
710
711
712
720
721
2775
2776
2777
730
2785
2786
2795
759
760
761
762
763
764
765
766
767
768
769
770
771
772
773
774
775
776
777
778
780
781
782
783
784
787
788
789
790
791
795
796
797
798
799
804
805
806
807
808
814
815
816
817
824
825
826
834
835
844
2923
2924
881
882
883
884
2933
885
886
887
888
889
890
891
892
893
894
895
896
897
898
899
900
902
903
904
905
906
909
910
911
912
913
917
918
919
920
921
926
927
928
929
930
936
937
938
939
946
947
948
956
957
966
1010
1011
1012
1013
1014
1015
1016
1017
1018
3067
1019
1020
1021
1022
1023
1024
1025
1026
1027
1028
1029
1031
1032
1033
1034
1035
1038
1039
1040
1041
1042
1046
1047
1048
1049
1050
1055
1056
1057
1058
1059
1065
1066
1067
1068
1075
1076
1077
1085
1086
1095
1145
1146
1147
1148
1149
1150
1151
1152
1153
1154
1155
1156
1157
1158
1159
1160
1161
1162
1163
1164
1166
1167
1168
1169
1170
1173
1174
1175
1176
1177
1181
1182
1183
1184
1185
1190
1191
1192
1193
1194
1200
1201
1202
1203
1210
1211
1212
1220
1221
1230
1285
1286
1287
1288
1289
1290
1291
1292
1293
1294
1295
1296
1297
1298
1299
1300
1301
1302
1303
1305
1306
1307
1308
1309
1312
1313
1314
1315
1316
1320
1321
1322
1323
1324
1329
1330
1331
1332
1333
1339
1340
1341
1342
1349
1350
1351
1359
1360
1369
1429
1430
1431
1432
1433
1434
1435
1436
1437
1438
1439
1440
1441
1442
1443
1444
1445
1447
1448
1449
1450
1451
1454
1455
1456
1457
1458
1462
1463
1464
1465
1466
1471
1472
1473
1474
1475
1481
1482
1483
1484
1491
1492
1493
1501
1502
1511
1576
1577
1578
1579
1580
1581
1582
1583
1584
1585
1586
1587
1588
1589
1591
1592
1593
1594
1595
1598
1599
1600
1601
1602
1606
1607
1608
1609
1610
1615
1616
1617
1618
1619
1625
1626
1627
1628
1635
1636
1637
1645
1646
1655
1725
1726
1727
1728
1729
1730
1731
1732
1733
1734
1736
1737
1738
1739
1740
1743
1744
1745
1746
1747
1751
1752
1753
1754
1755
1760
1761
1762
1763
1764
1770
1771
1772
1773
1780
1781
1782
1790
1791
1800
1875
1876
1877
1878
1879
1881
1882
1883
1884
1885
1888
1889
1890
1891
1892
1896
1897
1898
1899
1900
1905
1906
1907
1908
1909
1915
1916
1917
1918
1925
1926
1927
1935
1936
1945
2025
2026
2027
2028
2029
2032
2033
2034
2035
2036
2040
2041
2042
2043
2044
)
)

// processor2

4329
(
1000
(
0
2049
1
2050
2
2051
3
2052
4
2053
5
6
7
8
9
10
2059
11
2060
12
2061
13
2062
14
15
16
17
18
19
20
2069
21
2070
22
2071
23
24
25
26
27
28
29
30
2079
31
2080
32
33
34
35
36
37
38
39
40
2089
41
42
43
44
45
46
47
48
49
50
51
52
53
54
56
57
58
59
60
61
62
63
64
65
66
67
68
69
70
71
72
73
74
75
77
78
79
80
81
84
85
86
87
88
89
90
91
92
93
94
95
96
97
98
99
100
101
102
103
105
106
107
108
109
112
113
114
115
116
120
121
122
123
124
125
126
2175
127
2176
128
2177
129
2178
130
2179
131
132
133
134
2183
135
2184
136
2185
137
2186
138
2187
139
141
142
143
2192
144
2193
145
2194
2195
2196
148
149
150
151
152
2202
2203
2204
156
2205
157
158
159
160
2212
2213
165
2214
166
167
168
169
170
171
172
173
2222
174
2223
175
176
177
178
179
180
181
182
183
2232
184
186
187
188
189
190
193
194
195
196
197
201
202
203
204
205
210
211
212
213
214
220
221
222
223
224
225
226
227
228
229
230
231
232
233
234
235
236
237
238
239
241
242
243
244
245
248
249
250
251
252
256
257
258
259
260
265
266
267
268
269
275
276
2325
277
2326
278
2327
2328
2329
285
2334
286
2335
287
2336
288
2337
289
2338
290
291
292
293
294
295
2344
296
2345
297
2346
298
2347
299
300
301
302
303
304
2354
306
2355
307
2356
308
309
310
313
314
315
2364
316
2365
317
321
322
323
324
325
2374
330
331
332
333
334
340
341
342
343
350
351
352
360
361
362
363
364
365
366
367
368
369
370
371
372
373
374
375
376
377
378
379
381
382
383
384
385
388
389
390
391
392
396
397
398
399
400
405
406
407
408
409
415
416
417
418
425
426
2475
427
2476
2477
2478
2479
435
436
2485
2486
2487
2488
445
446
2495
447
2496
448
2497
449
450
451
452
453
454
455
456
2505
457
2506
458
459
460
461
462
463
464
466
2515
467
468
469
470
473
474
475
476
477
481
482
483
484
485
490
491
492
493
494
500
501
502
503
510
511
512
520
521
530
540
541
542
543
544
545
546
547
548
549
550
551
552
553
554
555
556
557
558
559
561
562
563
564
565
568
569
570
571
572
576
2625
577
2626
578
2627
579
2628
580
585
586
2635
587
2636
588
2637
589
595
596
2645
597
2646
598
605
606
2655
607
615
616
625
645
646
647
648
649
650
651
652
653
654
655
656
657
658
659
660
661
662
663
664
666
667
668
669
670
673
674
675
676
677
681
682
683
684
685
690
691
692
693
694
700
701
702
703
710
711
712
720
721
2775
2776
2777
730
2785
2786
2795
759
760
761
762
763
764
765
766
767
768
769
770
771
772
773
774
775
776
777
778
780
781
782
783
784
787
788
789
790
791
795
796
797
798
799
804
805
806
807
808
814
815
816
817
824
825
826
834
835
844
2923
2924
881
882
883
884
2933
885
886
887
888
889
890
891
892
893
894
895
896
897
898
899
900
902
903
904
905
906
909
910
911
912
913
917
918
919
920
921
926
927
928
929
930
936
937
938
939
946
947
948
956
957
966
1010
1011
1012
1013
1014
1015
1016
1017
1018
3067
1019
1020
1021
1022
1023
1024
1025
1026
1027
1028
1029
1031
1032
1033
1034
1035
1038
1039
1040
1041
1042
1046
1047
1048
1049
1050
1055
1056
1057
1058
1059
1065
1066
1067
1068
1075
1076
1077
1085
1086
1095
1145
1146
1147
1148
1149
1150
1151
1152
1153
1154
1155
1156
1157
1158
1159
1160
1161
1162
1163
1164
1166
1167
1168
1169
1170
1173
1174
1175
1176
1177
1181
1182
1183
1184
1185
1190
1191
1192
1193
1194
1200
1201
1202
1203
1210
1211
1212
1220
1221
1230
1285
1286
1287
1288
1289
1290
1291
1292
1293
1294
1295
1296
1297
1298
1299
1300
1301
1302
1303
1305
1306
1307
1308
1309
1312
1313
1314
1315
1316
1320
1321
1322
1323
1324
1329
1330
1331
1332
1333
1339
1340
1341
1342
1349
1350
1351
1359
1360
1369
1429
1430
1431
1432
1433
1434
1435
1436
1437
1438
1439
1440
1441
1442
1443
1444
1445
1447
1448
1449
1450
1451
1454
1455
1456
1457
1458
1462
1463
1464
1465
1466
1471
1472
1473
1474
1475
1481
1482
1483
1484
1491
1492
1493
1501
1502
1511
1576
1577
1578
1579
1580
1581
1582
1583
1584
1585
1586
1587
1588
1589
1591
1592
1593
1594
1595
1598
1599
1600
1601
1602
1606
1607
1608
1609
1610
1615
1616
1617
1618
1619
1625
1626
1627
1628
1635
1636
1637
1645
1646
1655
1725
1726
1727
1728
1729
1730
1731
1732
1733
1734
1736
1737
1738
1739
1740
1743
1744
1745
1746
1747
1751
1752
1753
1754
1755
1760
1761
1762
1763
1764
1770
1771
1772
1773
1780
1781
1782
1790
1791
1800
1875
1876
1877
1878
1879
1881
1882
1883
1884
1885
1888
1889
1890
1891
1892
1896
1897
1898
1899
1900
1905
1906
1907
1908
1909
1915
1916
1917
1918
1925
1926
1927
1935
1936
1945
2025
2026
2027
2028
2029
2032
2033
2034
2035
2036
2040
2041
2042
2043
2044
)
)

// processor3

4329
(
1000
(
0
2049
1
2050
2
2051
3
2052
4
2053
5
6
7
8
9
10
2059
11
2060
12
2061
13
2062
14
15
16
17
18
19
20
2069
21
2070
22
2071
23
24
25
26
27
28
29
30
2079
31
2080
32
33
34
35
36
37
38
39
40
2089
41
42
43
44
45
46
47
48
49
50
51
52
53
54
56
57
58
59
60
61
62
63
64
65
66
67
68
69
70
71
72
73
74
75
77
78
79
80
81
84
85
86
87
88
89
90
91
92
93
94
95
96
97
98
99
100
101
102
103
105
106
107
108
109
112
113
114
115
116
120
121
122
123
124
125
126
2175
127
2176
128
2177
129
2178
130
2179
131
132
133
134
2183
135
2184
136
2185
137
2186
138
2187
139
141
142
143
2192
144
2193
145
2194
2195
2196
148
149
150
151
152
2202
2203
2204
156
2205
157
158
159
160
2212
2213
165
2214
166
167
168
169
170
171
172
173
2222
174
2223
175
176
177
178
179
180
181
182
183
2232
184
186
187
188
189
190
193
194
195
196
197
201
202
203
204
205
210
211
212
213
214
220
221
222
223
224
225
226
227
228
229
230
231
232
233
234
235
236
237
238
239
241
242
243
244
245
248
249
250
251
252
256
257
258
259
260
265
266
267
268
269
275
276
2325
277
2326
278
2327
2328
2329
285
2334
286
2335
287
2336
288
2337
289
2338
290
291
292
293
294
295
2344
296
2345
297
2346
298
2347
299
300
301
302
303
304
2354
306
2355
307
2356
308
309
310
313
314
315
2364
316
2365
317
321
322
323
324
325
2374
330
331
332
333
334
340
341
342
343
350
351
352
360
361
362
363
364
365
366
367
368
369
370
371
372
373
374
375
376
377
378
379
381
382
383
384
385
388
389
390
391
392
396
397
398
399
400
405
406
407
408
409
415
416
417
418
425
426
2475
427
2476
2477
2478
2479
435
436
2485
2486
2487
2488
445
446
2495
447
2496
448
2497
449
450
451
452
453
454
455
456
2505
457
2506
458
459
460
461
462
463
464
466
2515
467
468
469
470
473
474
475
476
477
481
482
483
484
485
490
491
492
493
494
500
501
502
503
510
511
512
520
521
530
540
541
542
543
544
545
546
547
548
549
550
551
552
553
554
555
556
557
558
559
561
562
563
564
565
568
569
570
571
572
576
2625
577
2626
578
2627
579
2628
580
585
586
2635
587
2636
588
2637
589
595
596
2645
597
2646
598
605
606
2655
607
615
616
625
645
646
647
648
649
650
651
652
653
654
655
656
657
658
659
660
661
662
663
664
666
667
668
669
670
673
674
675
676
677
681
682
683
684
685
690
691
692
693
694
700
701
702
703
710
711
712
720
721
2775
2776
2777
730
2785
2786
2795
759
760
761
762
763
764
765
766
767
768
769
770
771
772
773
774
775
776
777
778
780
781
782
783
784
787
788
789
790
791
795
796
797
798
799
804
805
806
807
808
814
815
816
817
824
825
826
834
835
844
2923
2924
881
882
883
884
2933
885
886
887
888
889
890
891
892
893
894
895
896
897
898
899
900
902
903
904
905
906
909
910
911
912
913
917
918
919
920
921
926
927
928
929
930
936
937
938
939
946
947
948
956
957
966
1010
1011
1012
1013
1014
1015
1016
1017
1018
3067
1019
1020
1021
1022
1023
1024
1025
1026
1027
1028
1029
1031
1032
1033
1034
1035
1038
1039
1040
1041
1042
1046
1047
1048
1049
1050
1055
1056
1057
1058
1059
1065
1066
1067
1068
1075
1076
1077
1085
1086
1095
1145
1146
1147
1148
1149
1150
1151
1152
1153
1154
1155
1156
1157
1158
1159
1160
1161
1162
1163
1164
1166
1167
1168
1169
1170
1173
1174
1175
1176
1177
1181
1182
1183
1184
1185
1190
1191
1192
1193
1194
1200
1201
1202
1203
1210
1211
1212
1220
1221
1230
1285
1286
1287
1288
1289
1290
1291
1292
1293
1294
1295
1296
1297
1298
1299
1300
1301
1302
1303
1305
1306
1307
1308
1309
1312
1313
1314
1315
1316
1320
1321
1322
1323
1324
1329
1330
1331
1332
1333
1339
1340
1341
1342
1349
1350
1351
1359
1360
1369
1429
1430
1431
1432
1433
1434
1435
1436
1437
1438
1439
1440
1441
1442
1443
1444
1445
1447
1448
1449
1450
1451
1454
1455
1456
1457
1458
1462
1463
1464
1465
1466
1471
1472
1473
1474
1475
1481
1482
1483
1484
1491
1492
1493
1501
1502
1511
1576
1577
1578
1579
1580
1581
1582
1583
1584
1585
1586
1587
1588
1589
1591
1592
1593
1594
1595
1598
1599
1600
1601
1602
1606
1607
1608
1609
1610
1615
1616
1617
1618
1619
1625
1626
1627
1628
1635
1636
1637
1645
1646
1655
1725
1726
1727
1728
1729
1730
1731
1732
1733
1734
1736
1737
1738
1739
1740
1743
1744
1745
1746
1747
1751
1752
1753
1754
1755
1760
1761
1762
1763
1764
1770
1771
1772
1773
1780
1781
1782
1790
1791
1800
1875
1876
1877
1878
1879
1881
1882
1883
1884
1885
1888
1889
1890
1891
1892
1896
1897
1898
1899
1900
1905
1906
1907
1908
1909
1915
1916
1917
1918
1925
1926
1927
1935
1936
1945
2025
2026
2027
2028
2029
2032
2033
2034
2035
2036
2040
2041
2042
2043
2044
)
)

// processor4

3
(0())

// processor5

3
(0())

// processor6

3
(0())

// processor7

3
(0())
