/*--------------------------------*- C++ -*----------------------------------*\
| =========                 |                                                 |
| \\      /  F ield         | OpenFOAM: The Open Source CFD Toolbox           |
|  \\    /   O peration     | Version:  2306                                  |
|   \\  /    A nd           | Website:  www.openfoam.com                      |
|    \\/     M anipulation  |                                                 |
\*---------------------------------------------------------------------------*/
FoamFile
{
    version     2.0;
    format      binary;
    arch        "LSB;label=32;scalar=64";
    class       decomposedBlockData;
    object      anode;
    data.format     ascii;
    data.class      cellSet;
}
// * * * * * * * * * * * * * * * * * * * * * * * * * * * * * * * * * * * * * //


// processor0

5102
(FoamFile
{
    version     2.0;
    format      ascii;
    arch        "LSB;label=32;scalar=64";
    class       cellSet;
    location    "constant/fuel/polyMesh/sets";
    object      anode;
}

1000
(
2068
2077
2078
2086
2087
2088
2095
2096
2097
2098
2104
2105
2106
2107
2108
2113
2114
2115
2116
2117
2122
2123
2124
2125
2126
2131
2132
2133
2134
2135
2140
2141
2142
2143
2144
2149
2150
2151
2152
2153
2159
2160
2161
2162
2169
2170
2171
2172
2173
2174
2211
2220
2221
2229
2230
2231
2238
2239
2240
2241
2247
2248
2249
2250
2251
2256
2257
2258
2259
2260
2265
2266
2267
2268
2269
2274
2275
2276
2277
2278
2283
2284
2285
2286
2287
2292
2293
2294
2295
2296
2302
2303
2304
2305
2312
2313
2314
2322
2323
2324
284
2353
2362
2363
2371
2372
2373
2380
2381
2382
2383
2389
2390
2391
2392
2393
349
2398
2399
2400
2401
2402
358
2407
359
2408
2409
2410
2411
2416
2417
2418
2419
2420
2425
2426
2427
2428
2429
2434
2435
2436
2437
2438
2444
2445
2446
2447
2454
2455
2456
2464
2465
424
2474
433
434
442
443
444
2494
2503
2504
2512
2513
2514
2521
2522
2523
2524
2530
2531
2532
2533
2534
2539
2540
2541
2542
2543
2548
2549
2550
2551
2552
2557
509
2558
2559
2560
2561
2566
518
2567
519
2568
2569
2570
2575
527
2576
528
2577
529
2578
2579
536
2585
537
2586
538
2587
539
2588
2595
2596
2597
2605
2606
2615
2634
2643
2644
2652
604
2653
2654
2661
613
2662
614
2663
2664
2670
622
2671
623
2672
624
2673
2674
2679
631
2680
632
2681
633
2682
634
2683
2688
640
2689
641
2690
642
2691
643
2692
644
2697
2698
2699
2700
2701
2706
2707
2708
2709
2710
2715
2716
2717
2718
2719
2725
2726
2727
2728
2735
2736
2737
2745
2746
2755
709
718
719
727
728
729
2783
2784
736
737
738
739
2792
2793
745
2794
746
747
748
749
2801
2802
754
2803
755
2804
756
757
758
2810
2811
2812
2813
2814
2819
2820
2821
2822
2823
2827
2828
2829
2830
2831
2836
2837
2838
2839
2840
2845
2846
2847
2848
2849
2854
2855
2856
2857
2858
2864
2865
2866
2867
823
2874
2875
2876
832
833
2884
2885
841
842
843
2894
850
851
852
853
859
860
861
862
863
868
869
870
871
872
876
877
878
879
880
2930
2931
2932
2939
2940
2941
2942
2948
2949
2950
2951
2952
2957
2958
2959
2960
2961
2965
2966
2967
2968
2969
2972
2973
2974
2975
2976
2981
2982
2983
2984
2985
2990
2991
2992
2993
945
2994
3000
3001
3002
954
3003
955
3010
3011
963
3012
964
965
3020
972
3021
973
974
975
981
3030
982
983
984
985
990
991
992
993
994
998
999
1000
1001
1002
1005
1006
1007
1008
1009
3073
3074
3075
3076
3082
3083
3084
3085
3086
3091
3092
3093
3094
3095
3099
3100
3101
3102
3103
3106
3107
3108
3109
3110
3112
3113
3114
3115
3116
3121
3122
1074
3123
3124
3125
3131
1083
3132
1084
3133
3134
1092
3141
1093
3142
1094
3143
1101
1102
3151
1103
3152
1104
1110
1111
1112
3161
1113
1114
1119
1120
1121
1122
1123
1127
1128
1129
1130
1131
1134
1135
1136
1137
1138
1140
1141
1142
1143
1144
3210
3211
3212
3213
3214
3219
3220
3221
3222
3223
3227
3228
3229
3230
3231
3234
3235
3236
3237
3238
3240
3241
3242
3243
3244
3245
3246
3247
3248
3249
3255
3256
3257
1209
3258
3265
3266
1218
3267
1219
3275
1227
3276
1228
1229
1236
3285
1237
1238
1239
1245
1246
1247
1248
1249
1254
1255
1256
1257
1258
1262
1263
1264
1265
1266
1269
1270
1271
1272
1273
1275
1276
1277
1278
1279
1280
1281
1282
1283
1284
3339
3340
3341
3342
3343
3347
3348
3349
3350
3351
3354
3355
3356
3357
3358
3360
3361
3362
3363
3364
3365
3366
3367
3368
3369
3370
3371
3372
3373
3380
3381
3382
3390
3391
1348
3400
1357
1358
1366
1367
1368
1375
1376
1377
1378
1384
1385
1386
1387
1388
1393
1394
1395
1396
1397
1402
1403
1404
1405
1406
1409
3458
1410
3459
1411
3460
1412
3461
1413
3462
1415
1416
3465
1417
3466
1418
3467
1419
3468
1420
3469
1421
1422
3471
1423
3472
1424
3473
1425
3474
1426
3475
1427
3476
1428
3477
3478
3479
3480
3481
3482
3483
3484
3485
3486
3487
3495
3496
3505
1490
1499
1500
1508
1509
1510
1517
3566
1518
3567
1519
3568
1520
3569
3570
3572
3573
3574
1526
3575
1527
3576
1528
3577
1529
3578
1530
3579
3580
3581
3582
3583
1535
3584
1536
3585
1537
3586
1538
3587
1539
3588
3589
3590
1544
1545
1546
1547
1548
3599
1553
1554
1555
1556
1557
1559
1560
1561
1562
1563
1564
1565
1566
1567
1568
1569
1570
1571
1572
1573
1574
1575
3662
3663
3664
3665
3666
3667
3668
3669
3670
3671
3672
3673
3674
3675
3676
3677
3678
3679
3680
3681
1634
1643
1644
1652
1653
1654
1661
1662
1663
1664
1670
1671
1672
1673
1674
1679
1680
1681
1682
1683
1688
1689
1690
1691
1692
3745
1697
3746
1698
3747
1699
3748
1700
3749
1701
3750
3751
3752
3753
3754
1706
3755
1707
3756
1708
3757
1709
3758
1710
3759
1711
1712
1713
1714
1715
1716
1717
1718
1719
1720
1721
1722
1723
1724
3815
3816
3817
3818
3819
3820
3821
3822
3823
3824
1779
1788
1789
1797
1798
1799
1806
1807
1808
1809
1815
1816
1817
1818
1819
3870
3871
3872
1824
3873
1825
3874
1826
3875
1827
1828
1833
1834
1835
1836
1837
1842
1843
1844
1845
1846
1851
1852
1853
1854
1855
1860
1861
1862
1863
3912
1864
3913
1865
3914
1866
1867
1868
1869
1870
1871
1872
1873
1874
3943
1924
1933
1934
1942
1943
1944
1951
1952
1953
1954
1960
1961
1962
1963
1964
1969
1970
1971
1972
1973
1978
1979
1980
1981
1982
1987
1988
1989
1990
1991
1996
1997
1998
1999
2000
2005
2006
2007
2008
2009
2015
2016
2017
2018
2019
2020
2021
2022
2023
2024
)
)

// processor1

4908
(
1000
(
2068
2077
2078
2086
2087
2088
2095
2096
2097
2098
2104
2105
2106
2107
2108
2113
2114
2115
2116
2117
2122
2123
2124
2125
2126
2131
2132
2133
2134
2135
2140
2141
2142
2143
2144
2149
2150
2151
2152
2153
2159
2160
2161
2162
2169
2170
2171
2172
2173
2174
2211
2220
2221
2229
2230
2231
2238
2239
2240
2241
2247
2248
2249
2250
2251
2256
2257
2258
2259
2260
2265
2266
2267
2268
2269
2274
2275
2276
2277
2278
2283
2284
2285
2286
2287
2292
2293
2294
2295
2296
2302
2303
2304
2305
2312
2313
2314
2322
2323
2324
284
2353
2362
2363
2371
2372
2373
2380
2381
2382
2383
2389
2390
2391
2392
2393
349
2398
2399
2400
2401
2402
358
2407
359
2408
2409
2410
2411
2416
2417
2418
2419
2420
2425
2426
2427
2428
2429
2434
2435
2436
2437
2438
2444
2445
2446
2447
2454
2455
2456
2464
2465
424
2474
433
434
442
443
444
2494
2503
2504
2512
2513
2514
2521
2522
2523
2524
2530
2531
2532
2533
2534
2539
2540
2541
2542
2543
2548
2549
2550
2551
2552
2557
509
2558
2559
2560
2561
2566
518
2567
519
2568
2569
2570
2575
527
2576
528
2577
529
2578
2579
536
2585
537
2586
538
2587
539
2588
2595
2596
2597
2605
2606
2615
2634
2643
2644
2652
604
2653
2654
2661
613
2662
614
2663
2664
2670
622
2671
623
2672
624
2673
2674
2679
631
2680
632
2681
633
2682
634
2683
2688
640
2689
641
2690
642
2691
643
2692
644
2697
2698
2699
2700
2701
2706
2707
2708
2709
2710
2715
2716
2717
2718
2719
2725
2726
2727
2728
2735
2736
2737
2745
2746
2755
709
718
719
727
728
729
2783
2784
736
737
738
739
2792
2793
745
2794
746
747
748
749
2801
2802
754
2803
755
2804
756
757
758
2810
2811
2812
2813
2814
2819
2820
2821
2822
2823
2827
2828
2829
2830
2831
2836
2837
2838
2839
2840
2845
2846
2847
2848
2849
2854
2855
2856
2857
2858
2864
2865
2866
2867
823
2874
2875
2876
832
833
2884
2885
841
842
843
2894
850
851
852
853
859
860
861
862
863
868
869
870
871
872
876
877
878
879
880
2930
2931
2932
2939
2940
2941
2942
2948
2949
2950
2951
2952
2957
2958
2959
2960
2961
2965
2966
2967
2968
2969
2972
2973
2974
2975
2976
2981
2982
2983
2984
2985
2990
2991
2992
2993
945
2994
3000
3001
3002
954
3003
955
3010
3011
963
3012
964
965
3020
972
3021
973
974
975
981
3030
982
983
984
985
990
991
992
993
994
998
999
1000
1001
1002
1005
1006
1007
1008
1009
3073
3074
3075
3076
3082
3083
3084
3085
3086
3091
3092
3093
3094
3095
3099
3100
3101
3102
3103
3106
3107
3108
3109
3110
3112
3113
3114
3115
3116
3121
3122
1074
3123
3124
3125
3131
1083
3132
1084
3133
3134
1092
3141
1093
3142
1094
3143
1101
1102
3151
1103
3152
1104
1110
1111
1112
3161
1113
1114
1119
1120
1121
1122
1123
1127
1128
1129
1130
1131
1134
1135
1136
1137
1138
1140
1141
1142
1143
1144
3210
3211
3212
3213
3214
3219
3220
3221
3222
3223
3227
3228
3229
3230
3231
3234
3235
3236
3237
3238
3240
3241
3242
3243
3244
3245
3246
3247
3248
3249
3255
3256
3257
1209
3258
3265
3266
1218
3267
1219
3275
1227
3276
1228
1229
1236
3285
1237
1238
1239
1245
1246
1247
1248
1249
1254
1255
1256
1257
1258
1262
1263
1264
1265
1266
1269
1270
1271
1272
1273
1275
1276
1277
1278
1279
1280
1281
1282
1283
1284
3339
3340
3341
3342
3343
3347
3348
3349
3350
3351
3354
3355
3356
3357
3358
3360
3361
3362
3363
3364
3365
3366
3367
3368
3369
3370
3371
3372
3373
3380
3381
3382
3390
3391
1348
3400
1357
1358
1366
1367
1368
1375
1376
1377
1378
1384
1385
1386
1387
1388
1393
1394
1395
1396
1397
1402
1403
1404
1405
1406
1409
3458
1410
3459
1411
3460
1412
3461
1413
3462
1415
1416
3465
1417
3466
1418
3467
1419
3468
1420
3469
1421
1422
3471
1423
3472
1424
3473
1425
3474
1426
3475
1427
3476
1428
3477
3478
3479
3480
3481
3482
3483
3484
3485
3486
3487
3495
3496
3505
1490
1499
1500
1508
1509
1510
1517
3566
1518
3567
1519
3568
1520
3569
3570
3572
3573
3574
1526
3575
1527
3576
1528
3577
1529
3578
1530
3579
3580
3581
3582
3583
1535
3584
1536
3585
1537
3586
1538
3587
1539
3588
3589
3590
1544
1545
1546
1547
1548
3599
1553
1554
1555
1556
1557
1559
1560
1561
1562
1563
1564
1565
1566
1567
1568
1569
1570
1571
1572
1573
1574
1575
3662
3663
3664
3665
3666
3667
3668
3669
3670
3671
3672
3673
3674
3675
3676
3677
3678
3679
3680
3681
1634
1643
1644
1652
1653
1654
1661
1662
1663
1664
1670
1671
1672
1673
1674
1679
1680
1681
1682
1683
1688
1689
1690
1691
1692
3745
1697
3746
1698
3747
1699
3748
1700
3749
1701
3750
3751
3752
3753
3754
1706
3755
1707
3756
1708
3757
1709
3758
1710
3759
1711
1712
1713
1714
1715
1716
1717
1718
1719
1720
1721
1722
1723
1724
3815
3816
3817
3818
3819
3820
3821
3822
3823
3824
1779
1788
1789
1797
1798
1799
1806
1807
1808
1809
1815
1816
1817
1818
1819
3870
3871
3872
1824
3873
1825
3874
1826
3875
1827
1828
1833
1834
1835
1836
1837
1842
1843
1844
1845
1846
1851
1852
1853
1854
1855
1860
1861
1862
1863
3912
1864
3913
1865
3914
1866
1867
1868
1869
1870
1871
1872
1873
1874
3943
1924
1933
1934
1942
1943
1944
1951
1952
1953
1954
1960
1961
1962
1963
1964
1969
1970
1971
1972
1973
1978
1979
1980
1981
1982
1987
1988
1989
1990
1991
1996
1997
1998
1999
2000
2005
2006
2007
2008
2009
2015
2016
2017
2018
2019
2020
2021
2022
2023
2024
)
)

// processor2

4908
(
1000
(
2068
2077
2078
2086
2087
2088
2095
2096
2097
2098
2104
2105
2106
2107
2108
2113
2114
2115
2116
2117
2122
2123
2124
2125
2126
2131
2132
2133
2134
2135
2140
2141
2142
2143
2144
2149
2150
2151
2152
2153
2159
2160
2161
2162
2169
2170
2171
2172
2173
2174
2211
2220
2221
2229
2230
2231
2238
2239
2240
2241
2247
2248
2249
2250
2251
2256
2257
2258
2259
2260
2265
2266
2267
2268
2269
2274
2275
2276
2277
2278
2283
2284
2285
2286
2287
2292
2293
2294
2295
2296
2302
2303
2304
2305
2312
2313
2314
2322
2323
2324
284
2353
2362
2363
2371
2372
2373
2380
2381
2382
2383
2389
2390
2391
2392
2393
349
2398
2399
2400
2401
2402
358
2407
359
2408
2409
2410
2411
2416
2417
2418
2419
2420
2425
2426
2427
2428
2429
2434
2435
2436
2437
2438
2444
2445
2446
2447
2454
2455
2456
2464
2465
424
2474
433
434
442
443
444
2494
2503
2504
2512
2513
2514
2521
2522
2523
2524
2530
2531
2532
2533
2534
2539
2540
2541
2542
2543
2548
2549
2550
2551
2552
2557
509
2558
2559
2560
2561
2566
518
2567
519
2568
2569
2570
2575
527
2576
528
2577
529
2578
2579
536
2585
537
2586
538
2587
539
2588
2595
2596
2597
2605
2606
2615
2634
2643
2644
2652
604
2653
2654
2661
613
2662
614
2663
2664
2670
622
2671
623
2672
624
2673
2674
2679
631
2680
632
2681
633
2682
634
2683
2688
640
2689
641
2690
642
2691
643
2692
644
2697
2698
2699
2700
2701
2706
2707
2708
2709
2710
2715
2716
2717
2718
2719
2725
2726
2727
2728
2735
2736
2737
2745
2746
2755
709
718
719
727
728
729
2783
2784
736
737
738
739
2792
2793
745
2794
746
747
748
749
2801
2802
754
2803
755
2804
756
757
758
2810
2811
2812
2813
2814
2819
2820
2821
2822
2823
2827
2828
2829
2830
2831
2836
2837
2838
2839
2840
2845
2846
2847
2848
2849
2854
2855
2856
2857
2858
2864
2865
2866
2867
823
2874
2875
2876
832
833
2884
2885
841
842
843
2894
850
851
852
853
859
860
861
862
863
868
869
870
871
872
876
877
878
879
880
2930
2931
2932
2939
2940
2941
2942
2948
2949
2950
2951
2952
2957
2958
2959
2960
2961
2965
2966
2967
2968
2969
2972
2973
2974
2975
2976
2981
2982
2983
2984
2985
2990
2991
2992
2993
945
2994
3000
3001
3002
954
3003
955
3010
3011
963
3012
964
965
3020
972
3021
973
974
975
981
3030
982
983
984
985
990
991
992
993
994
998
999
1000
1001
1002
1005
1006
1007
1008
1009
3073
3074
3075
3076
3082
3083
3084
3085
3086
3091
3092
3093
3094
3095
3099
3100
3101
3102
3103
3106
3107
3108
3109
3110
3112
3113
3114
3115
3116
3121
3122
1074
3123
3124
3125
3131
1083
3132
1084
3133
3134
1092
3141
1093
3142
1094
3143
1101
1102
3151
1103
3152
1104
1110
1111
1112
3161
1113
1114
1119
1120
1121
1122
1123
1127
1128
1129
1130
1131
1134
1135
1136
1137
1138
1140
1141
1142
1143
1144
3210
3211
3212
3213
3214
3219
3220
3221
3222
3223
3227
3228
3229
3230
3231
3234
3235
3236
3237
3238
3240
3241
3242
3243
3244
3245
3246
3247
3248
3249
3255
3256
3257
1209
3258
3265
3266
1218
3267
1219
3275
1227
3276
1228
1229
1236
3285
1237
1238
1239
1245
1246
1247
1248
1249
1254
1255
1256
1257
1258
1262
1263
1264
1265
1266
1269
1270
1271
1272
1273
1275
1276
1277
1278
1279
1280
1281
1282
1283
1284
3339
3340
3341
3342
3343
3347
3348
3349
3350
3351
3354
3355
3356
3357
3358
3360
3361
3362
3363
3364
3365
3366
3367
3368
3369
3370
3371
3372
3373
3380
3381
3382
3390
3391
1348
3400
1357
1358
1366
1367
1368
1375
1376
1377
1378
1384
1385
1386
1387
1388
1393
1394
1395
1396
1397
1402
1403
1404
1405
1406
1409
3458
1410
3459
1411
3460
1412
3461
1413
3462
1415
1416
3465
1417
3466
1418
3467
1419
3468
1420
3469
1421
1422
3471
1423
3472
1424
3473
1425
3474
1426
3475
1427
3476
1428
3477
3478
3479
3480
3481
3482
3483
3484
3485
3486
3487
3495
3496
3505
1490
1499
1500
1508
1509
1510
1517
3566
1518
3567
1519
3568
1520
3569
3570
3572
3573
3574
1526
3575
1527
3576
1528
3577
1529
3578
1530
3579
3580
3581
3582
3583
1535
3584
1536
3585
1537
3586
1538
3587
1539
3588
3589
3590
1544
1545
1546
1547
1548
3599
1553
1554
1555
1556
1557
1559
1560
1561
1562
1563
1564
1565
1566
1567
1568
1569
1570
1571
1572
1573
1574
1575
3662
3663
3664
3665
3666
3667
3668
3669
3670
3671
3672
3673
3674
3675
3676
3677
3678
3679
3680
3681
1634
1643
1644
1652
1653
1654
1661
1662
1663
1664
1670
1671
1672
1673
1674
1679
1680
1681
1682
1683
1688
1689
1690
1691
1692
3745
1697
3746
1698
3747
1699
3748
1700
3749
1701
3750
3751
3752
3753
3754
1706
3755
1707
3756
1708
3757
1709
3758
1710
3759
1711
1712
1713
1714
1715
1716
1717
1718
1719
1720
1721
1722
1723
1724
3815
3816
3817
3818
3819
3820
3821
3822
3823
3824
1779
1788
1789
1797
1798
1799
1806
1807
1808
1809
1815
1816
1817
1818
1819
3870
3871
3872
1824
3873
1825
3874
1826
3875
1827
1828
1833
1834
1835
1836
1837
1842
1843
1844
1845
1846
1851
1852
1853
1854
1855
1860
1861
1862
1863
3912
1864
3913
1865
3914
1866
1867
1868
1869
1870
1871
1872
1873
1874
3943
1924
1933
1934
1942
1943
1944
1951
1952
1953
1954
1960
1961
1962
1963
1964
1969
1970
1971
1972
1973
1978
1979
1980
1981
1982
1987
1988
1989
1990
1991
1996
1997
1998
1999
2000
2005
2006
2007
2008
2009
2015
2016
2017
2018
2019
2020
2021
2022
2023
2024
)
)

// processor3

4908
(
1000
(
2068
2077
2078
2086
2087
2088
2095
2096
2097
2098
2104
2105
2106
2107
2108
2113
2114
2115
2116
2117
2122
2123
2124
2125
2126
2131
2132
2133
2134
2135
2140
2141
2142
2143
2144
2149
2150
2151
2152
2153
2159
2160
2161
2162
2169
2170
2171
2172
2173
2174
2211
2220
2221
2229
2230
2231
2238
2239
2240
2241
2247
2248
2249
2250
2251
2256
2257
2258
2259
2260
2265
2266
2267
2268
2269
2274
2275
2276
2277
2278
2283
2284
2285
2286
2287
2292
2293
2294
2295
2296
2302
2303
2304
2305
2312
2313
2314
2322
2323
2324
284
2353
2362
2363
2371
2372
2373
2380
2381
2382
2383
2389
2390
2391
2392
2393
349
2398
2399
2400
2401
2402
358
2407
359
2408
2409
2410
2411
2416
2417
2418
2419
2420
2425
2426
2427
2428
2429
2434
2435
2436
2437
2438
2444
2445
2446
2447
2454
2455
2456
2464
2465
424
2474
433
434
442
443
444
2494
2503
2504
2512
2513
2514
2521
2522
2523
2524
2530
2531
2532
2533
2534
2539
2540
2541
2542
2543
2548
2549
2550
2551
2552
2557
509
2558
2559
2560
2561
2566
518
2567
519
2568
2569
2570
2575
527
2576
528
2577
529
2578
2579
536
2585
537
2586
538
2587
539
2588
2595
2596
2597
2605
2606
2615
2634
2643
2644
2652
604
2653
2654
2661
613
2662
614
2663
2664
2670
622
2671
623
2672
624
2673
2674
2679
631
2680
632
2681
633
2682
634
2683
2688
640
2689
641
2690
642
2691
643
2692
644
2697
2698
2699
2700
2701
2706
2707
2708
2709
2710
2715
2716
2717
2718
2719
2725
2726
2727
2728
2735
2736
2737
2745
2746
2755
709
718
719
727
728
729
2783
2784
736
737
738
739
2792
2793
745
2794
746
747
748
749
2801
2802
754
2803
755
2804
756
757
758
2810
2811
2812
2813
2814
2819
2820
2821
2822
2823
2827
2828
2829
2830
2831
2836
2837
2838
2839
2840
2845
2846
2847
2848
2849
2854
2855
2856
2857
2858
2864
2865
2866
2867
823
2874
2875
2876
832
833
2884
2885
841
842
843
2894
850
851
852
853
859
860
861
862
863
868
869
870
871
872
876
877
878
879
880
2930
2931
2932
2939
2940
2941
2942
2948
2949
2950
2951
2952
2957
2958
2959
2960
2961
2965
2966
2967
2968
2969
2972
2973
2974
2975
2976
2981
2982
2983
2984
2985
2990
2991
2992
2993
945
2994
3000
3001
3002
954
3003
955
3010
3011
963
3012
964
965
3020
972
3021
973
974
975
981
3030
982
983
984
985
990
991
992
993
994
998
999
1000
1001
1002
1005
1006
1007
1008
1009
3073
3074
3075
3076
3082
3083
3084
3085
3086
3091
3092
3093
3094
3095
3099
3100
3101
3102
3103
3106
3107
3108
3109
3110
3112
3113
3114
3115
3116
3121
3122
1074
3123
3124
3125
3131
1083
3132
1084
3133
3134
1092
3141
1093
3142
1094
3143
1101
1102
3151
1103
3152
1104
1110
1111
1112
3161
1113
1114
1119
1120
1121
1122
1123
1127
1128
1129
1130
1131
1134
1135
1136
1137
1138
1140
1141
1142
1143
1144
3210
3211
3212
3213
3214
3219
3220
3221
3222
3223
3227
3228
3229
3230
3231
3234
3235
3236
3237
3238
3240
3241
3242
3243
3244
3245
3246
3247
3248
3249
3255
3256
3257
1209
3258
3265
3266
1218
3267
1219
3275
1227
3276
1228
1229
1236
3285
1237
1238
1239
1245
1246
1247
1248
1249
1254
1255
1256
1257
1258
1262
1263
1264
1265
1266
1269
1270
1271
1272
1273
1275
1276
1277
1278
1279
1280
1281
1282
1283
1284
3339
3340
3341
3342
3343
3347
3348
3349
3350
3351
3354
3355
3356
3357
3358
3360
3361
3362
3363
3364
3365
3366
3367
3368
3369
3370
3371
3372
3373
3380
3381
3382
3390
3391
1348
3400
1357
1358
1366
1367
1368
1375
1376
1377
1378
1384
1385
1386
1387
1388
1393
1394
1395
1396
1397
1402
1403
1404
1405
1406
1409
3458
1410
3459
1411
3460
1412
3461
1413
3462
1415
1416
3465
1417
3466
1418
3467
1419
3468
1420
3469
1421
1422
3471
1423
3472
1424
3473
1425
3474
1426
3475
1427
3476
1428
3477
3478
3479
3480
3481
3482
3483
3484
3485
3486
3487
3495
3496
3505
1490
1499
1500
1508
1509
1510
1517
3566
1518
3567
1519
3568
1520
3569
3570
3572
3573
3574
1526
3575
1527
3576
1528
3577
1529
3578
1530
3579
3580
3581
3582
3583
1535
3584
1536
3585
1537
3586
1538
3587
1539
3588
3589
3590
1544
1545
1546
1547
1548
3599
1553
1554
1555
1556
1557
1559
1560
1561
1562
1563
1564
1565
1566
1567
1568
1569
1570
1571
1572
1573
1574
1575
3662
3663
3664
3665
3666
3667
3668
3669
3670
3671
3672
3673
3674
3675
3676
3677
3678
3679
3680
3681
1634
1643
1644
1652
1653
1654
1661
1662
1663
1664
1670
1671
1672
1673
1674
1679
1680
1681
1682
1683
1688
1689
1690
1691
1692
3745
1697
3746
1698
3747
1699
3748
1700
3749
1701
3750
3751
3752
3753
3754
1706
3755
1707
3756
1708
3757
1709
3758
1710
3759
1711
1712
1713
1714
1715
1716
1717
1718
1719
1720
1721
1722
1723
1724
3815
3816
3817
3818
3819
3820
3821
3822
3823
3824
1779
1788
1789
1797
1798
1799
1806
1807
1808
1809
1815
1816
1817
1818
1819
3870
3871
3872
1824
3873
1825
3874
1826
3875
1827
1828
1833
1834
1835
1836
1837
1842
1843
1844
1845
1846
1851
1852
1853
1854
1855
1860
1861
1862
1863
3912
1864
3913
1865
3914
1866
1867
1868
1869
1870
1871
1872
1873
1874
3943
1924
1933
1934
1942
1943
1944
1951
1952
1953
1954
1960
1961
1962
1963
1964
1969
1970
1971
1972
1973
1978
1979
1980
1981
1982
1987
1988
1989
1990
1991
1996
1997
1998
1999
2000
2005
2006
2007
2008
2009
2015
2016
2017
2018
2019
2020
2021
2022
2023
2024
)
)

// processor4

3
(0())

// processor5

3
(0())

// processor6

3
(0())

// processor7

3
(0())
