/*--------------------------------*- C++ -*----------------------------------*\
| =========                 |                                                 |
| \\      /  F ield         | OpenFOAM: The Open Source CFD Toolbox           |
|  \\    /   O peration     | Version:  2306                                  |
|   \\  /    A nd           | Website:  www.openfoam.com                      |
|    \\/     M anipulation  |                                                 |
\*---------------------------------------------------------------------------*/
FoamFile
{
    version     2.0;
    format      binary;
    arch        "LSB;label=32;scalar=64";
    class       decomposedBlockData;
    object      mpl;
    data.format     ascii;
    data.class      cellSet;
}
// * * * * * * * * * * * * * * * * * * * * * * * * * * * * * * * * * * * * * //


// processor0

4875
(FoamFile
{
    version     2.0;
    format      ascii;
    arch        "LSB;label=32;scalar=64";
    class       cellSet;
    location    "constant/fuel/polyMesh/sets";
    object      mpl;
}

1000
(
2048
2054
2055
2056
2057
2058
2063
2064
2065
2066
2067
2072
2073
2074
2075
2076
2081
2082
2083
2084
2085
2090
2091
2092
2093
2094
2099
2100
2101
2102
2103
55
2109
2110
2111
2112
2119
2120
2121
76
2129
2130
82
83
2139
104
110
111
117
118
119
2180
2181
2182
2188
140
2189
2190
2191
146
147
2197
2198
2199
2200
2201
153
154
155
2206
2207
2208
2209
161
2210
162
163
164
2215
2216
2217
2218
2219
2224
2225
2226
2227
2228
2233
185
2234
2235
2236
2237
191
192
2242
2243
2244
2245
2246
198
199
200
2252
2253
2254
206
2255
207
208
209
2262
2263
215
2264
216
217
218
219
2272
2273
2282
240
246
247
253
254
255
261
262
263
264
270
271
272
273
274
279
280
281
2330
282
2331
283
2332
2333
2339
2340
2341
2342
2343
2348
2349
2350
2351
2352
305
2357
2358
2359
311
2360
312
2361
2366
318
2367
319
2368
320
2369
2370
326
2375
327
2376
328
2377
329
2378
2379
335
2384
336
2385
337
2386
338
2387
339
2388
344
345
2394
346
2395
347
2396
348
2397
353
354
355
2404
356
2405
357
2406
2414
2415
2424
380
386
387
393
394
395
401
402
403
404
410
411
412
413
414
419
420
421
422
423
428
429
430
431
2480
432
2481
2482
2483
2484
437
438
439
440
2489
441
2490
2491
2492
2493
2498
2499
2500
2501
2502
2507
2508
2509
2510
2511
465
2516
2517
2518
2519
471
2520
472
2525
2526
478
2527
479
2528
480
2529
486
2535
487
2536
488
2537
489
2538
495
496
2545
497
2546
498
2547
499
504
505
506
2555
507
2556
508
513
514
515
516
2565
517
522
523
524
525
526
531
532
533
534
535
560
566
567
573
574
575
2629
581
2630
582
2631
583
2632
584
2633
2638
590
2639
591
2640
592
2641
593
2642
594
2647
599
2648
600
2649
601
2650
602
2651
603
2656
608
2657
609
2658
610
2659
611
2660
612
2665
617
2666
618
2667
619
2668
620
2669
621
626
2675
627
2676
628
2677
629
2678
630
635
636
2685
637
2686
638
2687
639
2695
2696
2705
665
671
672
678
679
680
686
687
688
689
695
696
697
698
699
704
705
706
707
708
713
714
715
716
717
722
723
724
725
726
2778
2779
731
2780
732
2781
733
2782
734
735
2787
2788
740
2789
741
2790
742
2791
743
744
2796
2797
2798
750
2799
751
2800
752
753
2805
2806
2807
2808
2809
2815
2816
2817
2818
2824
2825
2826
779
785
2834
786
2835
792
793
794
2844
800
801
802
803
809
810
811
812
813
818
819
820
821
822
827
828
829
830
831
836
837
838
839
840
845
846
847
848
849
854
855
856
857
858
864
865
866
867
873
874
875
2925
2926
2927
2928
2929
2934
2935
2936
2937
2938
2943
2944
2945
2946
2947
901
2953
2954
2955
907
2956
908
2962
914
2963
915
2964
916
2970
922
2971
923
924
925
931
2980
932
933
934
935
940
941
942
943
944
949
950
951
952
953
958
959
960
961
962
967
968
969
970
971
976
977
978
979
980
986
987
988
989
995
996
997
1003
1004
3068
3069
3070
3071
3072
3077
3078
1030
3079
3080
3081
1036
1037
3087
3088
3089
3090
1043
1044
1045
3096
3097
3098
1051
1052
1053
1054
3104
3105
1060
1061
1062
3111
1063
1064
1069
1070
1071
1072
1073
1078
1079
1080
1081
1082
1087
1088
1089
1090
1091
1096
1097
1098
1099
1100
1105
1106
1107
1108
1109
1115
1116
1117
1118
1124
1125
1126
1132
1133
1139
3205
3206
3207
3208
3209
1165
3215
3216
3217
3218
1171
1172
3224
3225
3226
1178
1179
1180
3232
3233
1186
1187
1188
1189
3239
1195
1196
1197
1198
1199
1204
1205
1206
1207
1208
1213
1214
1215
1216
1217
1222
1223
1224
1225
1226
1231
1232
1233
1234
1235
1240
1241
1242
1243
1244
1250
1251
1252
1253
1259
1260
1261
1267
1268
1274
3335
3336
3337
3338
3344
3345
3346
3352
1304
3353
1310
3359
1311
1317
1318
1319
1325
1326
1327
1328
1334
1335
1336
1337
1338
1343
1344
1345
1346
1347
1352
1353
1354
1355
1356
1361
1362
1363
1364
1365
1370
1371
1372
1373
1374
1379
1380
1381
1382
1383
1389
1390
1391
1392
1399
1400
1401
3455
1407
3456
1408
3457
1414
3463
3464
3470
1446
1452
1453
1459
1460
1461
1467
1468
1469
1470
1476
1477
1478
1479
1480
1485
1486
1487
1488
1489
1494
1495
1496
1497
1498
1503
1504
1505
1506
1507
1512
1513
1514
1515
3564
1516
3565
1521
1522
3571
1523
1524
1525
1531
1532
1533
1534
1541
1542
1543
1551
1552
1558
1590
1596
1597
1603
1604
1605
1611
1612
3661
1613
1614
1620
1621
1622
1623
1624
1629
1630
1631
1632
1633
1638
1639
1640
1641
1642
1647
1648
1649
1650
1651
1656
1657
1658
1659
1660
1665
1666
1667
1668
1669
1675
1676
1677
1678
1685
1686
1687
1695
1696
1705
1735
1741
1742
1748
1749
1750
1756
1757
1758
1759
1765
1766
1767
1768
1769
1774
1775
1776
1777
1778
1783
1784
1785
1786
1787
1792
1793
1794
1795
1796
1801
1802
1803
1804
1805
1810
1811
1812
1813
1814
1820
1821
1822
1823
1830
1831
1832
1840
1841
1850
1880
1886
1887
1893
1894
1895
1901
1902
1903
1904
1910
1911
1912
1913
1914
1919
1920
1921
1922
1923
1928
1929
1930
1931
1932
1937
1938
1939
1940
1941
1946
1947
1948
1949
1950
1955
1956
1957
1958
1959
1965
1966
1967
1968
1975
1976
1977
1985
1986
1995
2030
2031
2037
2038
2039
2045
2046
2047
)
)

// processor1

4683
(
1000
(
2048
2054
2055
2056
2057
2058
2063
2064
2065
2066
2067
2072
2073
2074
2075
2076
2081
2082
2083
2084
2085
2090
2091
2092
2093
2094
2099
2100
2101
2102
2103
55
2109
2110
2111
2112
2119
2120
2121
76
2129
2130
82
83
2139
104
110
111
117
118
119
2180
2181
2182
2188
140
2189
2190
2191
146
147
2197
2198
2199
2200
2201
153
154
155
2206
2207
2208
2209
161
2210
162
163
164
2215
2216
2217
2218
2219
2224
2225
2226
2227
2228
2233
185
2234
2235
2236
2237
191
192
2242
2243
2244
2245
2246
198
199
200
2252
2253
2254
206
2255
207
208
209
2262
2263
215
2264
216
217
218
219
2272
2273
2282
240
246
247
253
254
255
261
262
263
264
270
271
272
273
274
279
280
281
2330
282
2331
283
2332
2333
2339
2340
2341
2342
2343
2348
2349
2350
2351
2352
305
2357
2358
2359
311
2360
312
2361
2366
318
2367
319
2368
320
2369
2370
326
2375
327
2376
328
2377
329
2378
2379
335
2384
336
2385
337
2386
338
2387
339
2388
344
345
2394
346
2395
347
2396
348
2397
353
354
355
2404
356
2405
357
2406
2414
2415
2424
380
386
387
393
394
395
401
402
403
404
410
411
412
413
414
419
420
421
422
423
428
429
430
431
2480
432
2481
2482
2483
2484
437
438
439
440
2489
441
2490
2491
2492
2493
2498
2499
2500
2501
2502
2507
2508
2509
2510
2511
465
2516
2517
2518
2519
471
2520
472
2525
2526
478
2527
479
2528
480
2529
486
2535
487
2536
488
2537
489
2538
495
496
2545
497
2546
498
2547
499
504
505
506
2555
507
2556
508
513
514
515
516
2565
517
522
523
524
525
526
531
532
533
534
535
560
566
567
573
574
575
2629
581
2630
582
2631
583
2632
584
2633
2638
590
2639
591
2640
592
2641
593
2642
594
2647
599
2648
600
2649
601
2650
602
2651
603
2656
608
2657
609
2658
610
2659
611
2660
612
2665
617
2666
618
2667
619
2668
620
2669
621
626
2675
627
2676
628
2677
629
2678
630
635
636
2685
637
2686
638
2687
639
2695
2696
2705
665
671
672
678
679
680
686
687
688
689
695
696
697
698
699
704
705
706
707
708
713
714
715
716
717
722
723
724
725
726
2778
2779
731
2780
732
2781
733
2782
734
735
2787
2788
740
2789
741
2790
742
2791
743
744
2796
2797
2798
750
2799
751
2800
752
753
2805
2806
2807
2808
2809
2815
2816
2817
2818
2824
2825
2826
779
785
2834
786
2835
792
793
794
2844
800
801
802
803
809
810
811
812
813
818
819
820
821
822
827
828
829
830
831
836
837
838
839
840
845
846
847
848
849
854
855
856
857
858
864
865
866
867
873
874
875
2925
2926
2927
2928
2929
2934
2935
2936
2937
2938
2943
2944
2945
2946
2947
901
2953
2954
2955
907
2956
908
2962
914
2963
915
2964
916
2970
922
2971
923
924
925
931
2980
932
933
934
935
940
941
942
943
944
949
950
951
952
953
958
959
960
961
962
967
968
969
970
971
976
977
978
979
980
986
987
988
989
995
996
997
1003
1004
3068
3069
3070
3071
3072
3077
3078
1030
3079
3080
3081
1036
1037
3087
3088
3089
3090
1043
1044
1045
3096
3097
3098
1051
1052
1053
1054
3104
3105
1060
1061
1062
3111
1063
1064
1069
1070
1071
1072
1073
1078
1079
1080
1081
1082
1087
1088
1089
1090
1091
1096
1097
1098
1099
1100
1105
1106
1107
1108
1109
1115
1116
1117
1118
1124
1125
1126
1132
1133
1139
3205
3206
3207
3208
3209
1165
3215
3216
3217
3218
1171
1172
3224
3225
3226
1178
1179
1180
3232
3233
1186
1187
1188
1189
3239
1195
1196
1197
1198
1199
1204
1205
1206
1207
1208
1213
1214
1215
1216
1217
1222
1223
1224
1225
1226
1231
1232
1233
1234
1235
1240
1241
1242
1243
1244
1250
1251
1252
1253
1259
1260
1261
1267
1268
1274
3335
3336
3337
3338
3344
3345
3346
3352
1304
3353
1310
3359
1311
1317
1318
1319
1325
1326
1327
1328
1334
1335
1336
1337
1338
1343
1344
1345
1346
1347
1352
1353
1354
1355
1356
1361
1362
1363
1364
1365
1370
1371
1372
1373
1374
1379
1380
1381
1382
1383
1389
1390
1391
1392
1399
1400
1401
3455
1407
3456
1408
3457
1414
3463
3464
3470
1446
1452
1453
1459
1460
1461
1467
1468
1469
1470
1476
1477
1478
1479
1480
1485
1486
1487
1488
1489
1494
1495
1496
1497
1498
1503
1504
1505
1506
1507
1512
1513
1514
1515
3564
1516
3565
1521
1522
3571
1523
1524
1525
1531
1532
1533
1534
1541
1542
1543
1551
1552
1558
1590
1596
1597
1603
1604
1605
1611
1612
3661
1613
1614
1620
1621
1622
1623
1624
1629
1630
1631
1632
1633
1638
1639
1640
1641
1642
1647
1648
1649
1650
1651
1656
1657
1658
1659
1660
1665
1666
1667
1668
1669
1675
1676
1677
1678
1685
1686
1687
1695
1696
1705
1735
1741
1742
1748
1749
1750
1756
1757
1758
1759
1765
1766
1767
1768
1769
1774
1775
1776
1777
1778
1783
1784
1785
1786
1787
1792
1793
1794
1795
1796
1801
1802
1803
1804
1805
1810
1811
1812
1813
1814
1820
1821
1822
1823
1830
1831
1832
1840
1841
1850
1880
1886
1887
1893
1894
1895
1901
1902
1903
1904
1910
1911
1912
1913
1914
1919
1920
1921
1922
1923
1928
1929
1930
1931
1932
1937
1938
1939
1940
1941
1946
1947
1948
1949
1950
1955
1956
1957
1958
1959
1965
1966
1967
1968
1975
1976
1977
1985
1986
1995
2030
2031
2037
2038
2039
2045
2046
2047
)
)

// processor2

4683
(
1000
(
2048
2054
2055
2056
2057
2058
2063
2064
2065
2066
2067
2072
2073
2074
2075
2076
2081
2082
2083
2084
2085
2090
2091
2092
2093
2094
2099
2100
2101
2102
2103
55
2109
2110
2111
2112
2119
2120
2121
76
2129
2130
82
83
2139
104
110
111
117
118
119
2180
2181
2182
2188
140
2189
2190
2191
146
147
2197
2198
2199
2200
2201
153
154
155
2206
2207
2208
2209
161
2210
162
163
164
2215
2216
2217
2218
2219
2224
2225
2226
2227
2228
2233
185
2234
2235
2236
2237
191
192
2242
2243
2244
2245
2246
198
199
200
2252
2253
2254
206
2255
207
208
209
2262
2263
215
2264
216
217
218
219
2272
2273
2282
240
246
247
253
254
255
261
262
263
264
270
271
272
273
274
279
280
281
2330
282
2331
283
2332
2333
2339
2340
2341
2342
2343
2348
2349
2350
2351
2352
305
2357
2358
2359
311
2360
312
2361
2366
318
2367
319
2368
320
2369
2370
326
2375
327
2376
328
2377
329
2378
2379
335
2384
336
2385
337
2386
338
2387
339
2388
344
345
2394
346
2395
347
2396
348
2397
353
354
355
2404
356
2405
357
2406
2414
2415
2424
380
386
387
393
394
395
401
402
403
404
410
411
412
413
414
419
420
421
422
423
428
429
430
431
2480
432
2481
2482
2483
2484
437
438
439
440
2489
441
2490
2491
2492
2493
2498
2499
2500
2501
2502
2507
2508
2509
2510
2511
465
2516
2517
2518
2519
471
2520
472
2525
2526
478
2527
479
2528
480
2529
486
2535
487
2536
488
2537
489
2538
495
496
2545
497
2546
498
2547
499
504
505
506
2555
507
2556
508
513
514
515
516
2565
517
522
523
524
525
526
531
532
533
534
535
560
566
567
573
574
575
2629
581
2630
582
2631
583
2632
584
2633
2638
590
2639
591
2640
592
2641
593
2642
594
2647
599
2648
600
2649
601
2650
602
2651
603
2656
608
2657
609
2658
610
2659
611
2660
612
2665
617
2666
618
2667
619
2668
620
2669
621
626
2675
627
2676
628
2677
629
2678
630
635
636
2685
637
2686
638
2687
639
2695
2696
2705
665
671
672
678
679
680
686
687
688
689
695
696
697
698
699
704
705
706
707
708
713
714
715
716
717
722
723
724
725
726
2778
2779
731
2780
732
2781
733
2782
734
735
2787
2788
740
2789
741
2790
742
2791
743
744
2796
2797
2798
750
2799
751
2800
752
753
2805
2806
2807
2808
2809
2815
2816
2817
2818
2824
2825
2826
779
785
2834
786
2835
792
793
794
2844
800
801
802
803
809
810
811
812
813
818
819
820
821
822
827
828
829
830
831
836
837
838
839
840
845
846
847
848
849
854
855
856
857
858
864
865
866
867
873
874
875
2925
2926
2927
2928
2929
2934
2935
2936
2937
2938
2943
2944
2945
2946
2947
901
2953
2954
2955
907
2956
908
2962
914
2963
915
2964
916
2970
922
2971
923
924
925
931
2980
932
933
934
935
940
941
942
943
944
949
950
951
952
953
958
959
960
961
962
967
968
969
970
971
976
977
978
979
980
986
987
988
989
995
996
997
1003
1004
3068
3069
3070
3071
3072
3077
3078
1030
3079
3080
3081
1036
1037
3087
3088
3089
3090
1043
1044
1045
3096
3097
3098
1051
1052
1053
1054
3104
3105
1060
1061
1062
3111
1063
1064
1069
1070
1071
1072
1073
1078
1079
1080
1081
1082
1087
1088
1089
1090
1091
1096
1097
1098
1099
1100
1105
1106
1107
1108
1109
1115
1116
1117
1118
1124
1125
1126
1132
1133
1139
3205
3206
3207
3208
3209
1165
3215
3216
3217
3218
1171
1172
3224
3225
3226
1178
1179
1180
3232
3233
1186
1187
1188
1189
3239
1195
1196
1197
1198
1199
1204
1205
1206
1207
1208
1213
1214
1215
1216
1217
1222
1223
1224
1225
1226
1231
1232
1233
1234
1235
1240
1241
1242
1243
1244
1250
1251
1252
1253
1259
1260
1261
1267
1268
1274
3335
3336
3337
3338
3344
3345
3346
3352
1304
3353
1310
3359
1311
1317
1318
1319
1325
1326
1327
1328
1334
1335
1336
1337
1338
1343
1344
1345
1346
1347
1352
1353
1354
1355
1356
1361
1362
1363
1364
1365
1370
1371
1372
1373
1374
1379
1380
1381
1382
1383
1389
1390
1391
1392
1399
1400
1401
3455
1407
3456
1408
3457
1414
3463
3464
3470
1446
1452
1453
1459
1460
1461
1467
1468
1469
1470
1476
1477
1478
1479
1480
1485
1486
1487
1488
1489
1494
1495
1496
1497
1498
1503
1504
1505
1506
1507
1512
1513
1514
1515
3564
1516
3565
1521
1522
3571
1523
1524
1525
1531
1532
1533
1534
1541
1542
1543
1551
1552
1558
1590
1596
1597
1603
1604
1605
1611
1612
3661
1613
1614
1620
1621
1622
1623
1624
1629
1630
1631
1632
1633
1638
1639
1640
1641
1642
1647
1648
1649
1650
1651
1656
1657
1658
1659
1660
1665
1666
1667
1668
1669
1675
1676
1677
1678
1685
1686
1687
1695
1696
1705
1735
1741
1742
1748
1749
1750
1756
1757
1758
1759
1765
1766
1767
1768
1769
1774
1775
1776
1777
1778
1783
1784
1785
1786
1787
1792
1793
1794
1795
1796
1801
1802
1803
1804
1805
1810
1811
1812
1813
1814
1820
1821
1822
1823
1830
1831
1832
1840
1841
1850
1880
1886
1887
1893
1894
1895
1901
1902
1903
1904
1910
1911
1912
1913
1914
1919
1920
1921
1922
1923
1928
1929
1930
1931
1932
1937
1938
1939
1940
1941
1946
1947
1948
1949
1950
1955
1956
1957
1958
1959
1965
1966
1967
1968
1975
1976
1977
1985
1986
1995
2030
2031
2037
2038
2039
2045
2046
2047
)
)

// processor3

4683
(
1000
(
2048
2054
2055
2056
2057
2058
2063
2064
2065
2066
2067
2072
2073
2074
2075
2076
2081
2082
2083
2084
2085
2090
2091
2092
2093
2094
2099
2100
2101
2102
2103
55
2109
2110
2111
2112
2119
2120
2121
76
2129
2130
82
83
2139
104
110
111
117
118
119
2180
2181
2182
2188
140
2189
2190
2191
146
147
2197
2198
2199
2200
2201
153
154
155
2206
2207
2208
2209
161
2210
162
163
164
2215
2216
2217
2218
2219
2224
2225
2226
2227
2228
2233
185
2234
2235
2236
2237
191
192
2242
2243
2244
2245
2246
198
199
200
2252
2253
2254
206
2255
207
208
209
2262
2263
215
2264
216
217
218
219
2272
2273
2282
240
246
247
253
254
255
261
262
263
264
270
271
272
273
274
279
280
281
2330
282
2331
283
2332
2333
2339
2340
2341
2342
2343
2348
2349
2350
2351
2352
305
2357
2358
2359
311
2360
312
2361
2366
318
2367
319
2368
320
2369
2370
326
2375
327
2376
328
2377
329
2378
2379
335
2384
336
2385
337
2386
338
2387
339
2388
344
345
2394
346
2395
347
2396
348
2397
353
354
355
2404
356
2405
357
2406
2414
2415
2424
380
386
387
393
394
395
401
402
403
404
410
411
412
413
414
419
420
421
422
423
428
429
430
431
2480
432
2481
2482
2483
2484
437
438
439
440
2489
441
2490
2491
2492
2493
2498
2499
2500
2501
2502
2507
2508
2509
2510
2511
465
2516
2517
2518
2519
471
2520
472
2525
2526
478
2527
479
2528
480
2529
486
2535
487
2536
488
2537
489
2538
495
496
2545
497
2546
498
2547
499
504
505
506
2555
507
2556
508
513
514
515
516
2565
517
522
523
524
525
526
531
532
533
534
535
560
566
567
573
574
575
2629
581
2630
582
2631
583
2632
584
2633
2638
590
2639
591
2640
592
2641
593
2642
594
2647
599
2648
600
2649
601
2650
602
2651
603
2656
608
2657
609
2658
610
2659
611
2660
612
2665
617
2666
618
2667
619
2668
620
2669
621
626
2675
627
2676
628
2677
629
2678
630
635
636
2685
637
2686
638
2687
639
2695
2696
2705
665
671
672
678
679
680
686
687
688
689
695
696
697
698
699
704
705
706
707
708
713
714
715
716
717
722
723
724
725
726
2778
2779
731
2780
732
2781
733
2782
734
735
2787
2788
740
2789
741
2790
742
2791
743
744
2796
2797
2798
750
2799
751
2800
752
753
2805
2806
2807
2808
2809
2815
2816
2817
2818
2824
2825
2826
779
785
2834
786
2835
792
793
794
2844
800
801
802
803
809
810
811
812
813
818
819
820
821
822
827
828
829
830
831
836
837
838
839
840
845
846
847
848
849
854
855
856
857
858
864
865
866
867
873
874
875
2925
2926
2927
2928
2929
2934
2935
2936
2937
2938
2943
2944
2945
2946
2947
901
2953
2954
2955
907
2956
908
2962
914
2963
915
2964
916
2970
922
2971
923
924
925
931
2980
932
933
934
935
940
941
942
943
944
949
950
951
952
953
958
959
960
961
962
967
968
969
970
971
976
977
978
979
980
986
987
988
989
995
996
997
1003
1004
3068
3069
3070
3071
3072
3077
3078
1030
3079
3080
3081
1036
1037
3087
3088
3089
3090
1043
1044
1045
3096
3097
3098
1051
1052
1053
1054
3104
3105
1060
1061
1062
3111
1063
1064
1069
1070
1071
1072
1073
1078
1079
1080
1081
1082
1087
1088
1089
1090
1091
1096
1097
1098
1099
1100
1105
1106
1107
1108
1109
1115
1116
1117
1118
1124
1125
1126
1132
1133
1139
3205
3206
3207
3208
3209
1165
3215
3216
3217
3218
1171
1172
3224
3225
3226
1178
1179
1180
3232
3233
1186
1187
1188
1189
3239
1195
1196
1197
1198
1199
1204
1205
1206
1207
1208
1213
1214
1215
1216
1217
1222
1223
1224
1225
1226
1231
1232
1233
1234
1235
1240
1241
1242
1243
1244
1250
1251
1252
1253
1259
1260
1261
1267
1268
1274
3335
3336
3337
3338
3344
3345
3346
3352
1304
3353
1310
3359
1311
1317
1318
1319
1325
1326
1327
1328
1334
1335
1336
1337
1338
1343
1344
1345
1346
1347
1352
1353
1354
1355
1356
1361
1362
1363
1364
1365
1370
1371
1372
1373
1374
1379
1380
1381
1382
1383
1389
1390
1391
1392
1399
1400
1401
3455
1407
3456
1408
3457
1414
3463
3464
3470
1446
1452
1453
1459
1460
1461
1467
1468
1469
1470
1476
1477
1478
1479
1480
1485
1486
1487
1488
1489
1494
1495
1496
1497
1498
1503
1504
1505
1506
1507
1512
1513
1514
1515
3564
1516
3565
1521
1522
3571
1523
1524
1525
1531
1532
1533
1534
1541
1542
1543
1551
1552
1558
1590
1596
1597
1603
1604
1605
1611
1612
3661
1613
1614
1620
1621
1622
1623
1624
1629
1630
1631
1632
1633
1638
1639
1640
1641
1642
1647
1648
1649
1650
1651
1656
1657
1658
1659
1660
1665
1666
1667
1668
1669
1675
1676
1677
1678
1685
1686
1687
1695
1696
1705
1735
1741
1742
1748
1749
1750
1756
1757
1758
1759
1765
1766
1767
1768
1769
1774
1775
1776
1777
1778
1783
1784
1785
1786
1787
1792
1793
1794
1795
1796
1801
1802
1803
1804
1805
1810
1811
1812
1813
1814
1820
1821
1822
1823
1830
1831
1832
1840
1841
1850
1880
1886
1887
1893
1894
1895
1901
1902
1903
1904
1910
1911
1912
1913
1914
1919
1920
1921
1922
1923
1928
1929
1930
1931
1932
1937
1938
1939
1940
1941
1946
1947
1948
1949
1950
1955
1956
1957
1958
1959
1965
1966
1967
1968
1975
1976
1977
1985
1986
1995
2030
2031
2037
2038
2039
2045
2046
2047
)
)

// processor4

3
(0())

// processor5

3
(0())

// processor6

3
(0())

// processor7

3
(0())
