/*--------------------------------*- C++ -*----------------------------------*\
| =========                 |                                                 |
| \\      /  F ield         | OpenFOAM: The Open Source CFD Toolbox           |
|  \\    /   O peration     | Version:  2306                                  |
|   \\  /    A nd           | Website:  www.openfoam.com                      |
|    \\/     M anipulation  |                                                 |
\*---------------------------------------------------------------------------*/
FoamFile
{
    version     2.0;
    format      binary;
    arch        "LSB;label=32;scalar=64";
    class       decomposedBlockData;
    object      J;
    data.format     ascii;
    data.class      volScalarField;
}
// * * * * * * * * * * * * * * * * * * * * * * * * * * * * * * * * * * * * * //


// processor0

22559
(FoamFile
{
    version     2.0;
    format      ascii;
    arch        "LSB;label=32;scalar=64";
    class       volScalarField;
    location    "0.5/phiEA";
    object      J;
}
dimensions      [0 -3 0 0 0 1 0];

internalField   nonuniform List<scalar> 
5000
(
-9.523949e+08
-9.477743e+08
-9.509554e+08
-3.462857e+08
-9.379479e+08
-9.459037e+08
-3.450465e+08
-9.499649e+08
-3.459448e+08
-1.729648e+08
-9.219339e+08
-9.351411e+08
-3.423925e+08
-9.446981e+08
-3.445339e+08
-1.723779e+08
-9.493008e+08
-3.457592e+08
-1.727969e+08
-1.01314e+08
-8.992374e+08
-9.175755e+08
-3.380188e+08
-9.334724e+08
-3.415079e+08
-1.711128e+08
-9.439288e+08
-3.442592e+08
-1.721056e+08
-1.009503e+08
-9.489297e+08
-3.456956e+08
-1.727256e+08
-1.011972e+08
-7.320934e+07
-8.718142e+08
-8.926724e+08
-3.317399e+08
-9.15149e+08
-3.365184e+08
-1.690084e+08
-9.324742e+08
-3.410426e+08
-1.70615e+08
-1.001619e+08
-9.434958e+08
-3.441477e+08
-1.719796e+08
-1.007563e+08
-7.29296e+07
-9.4866e+08
-3.457399e+08
-1.727293e+08
-1.01156e+08
-7.31099e+07
0
-8.45715e+08
-8.626317e+08
-3.240759e+08
-8.891854e+08
-3.293611e+08
-1.65958e+08
-9.13771e+08
-3.357428e+08
-1.681377e+08
-9.883885e+07
-9.319064e+08
-3.408287e+08
-1.70372e+08
-9.980118e+07
-7.232024e+07
-9.431817e+08
-3.441623e+08
-1.719528e+08
-1.006744e+08
-7.276418e+07
0
-9.483902e+08
-3.458137e+08
-1.727965e+08
-1.011717e+08
-7.307778e+07
0
0
-8.248381e+08
-8.341212e+08
-3.167791e+08
-8.57906e+08
-3.206442e+08
-1.622124e+08
-8.872685e+08
-3.28152e+08
-1.645563e+08
-9.690487e+07
-9.129797e+08
-3.353625e+08
-1.677052e+08
-9.820384e+07
-7.129053e+07
-9.314957e+08
-3.407801e+08
-1.702807e+08
-9.963253e+07
-7.201273e+07
0
-9.42891e+08
-3.442144e+08
-1.720009e+08
-1.006671e+08
-7.269718e+07
0
0
-9.481053e+08
-3.4587e+08
-1.728798e+08
-1.012338e+08
-7.309525e+07
0
0
0
-8.106797e+08
-8.113898e+08
-3.109558e+08
-8.282595e+08
-3.123568e+08
-1.586604e+08
-8.553507e+08
-3.189252e+08
-1.601744e+08
-9.45187e+07
-8.861606e+08
-3.275392e+08
-1.638598e+08
-9.58809e+07
-6.977334e+07
-9.124082e+08
-3.352118e+08
-1.675097e+08
-9.78953e+07
-7.074966e+07
0
-9.311585e+08
-3.40786e+08
-1.702883e+08
-9.957672e+07
-7.187168e+07
0
0
-9.425825e+08
-3.442587e+08
-1.720701e+08
-1.007146e+08
-7.269485e+07
0
0
0
-9.478613e+08
-3.459076e+08
-1.729498e+08
-1.013074e+08
-7.315207e+07
0
0
0
0
-8.035922e+08
-7.960178e+08
-3.070155e+08
-8.046615e+08
-3.057536e+08
-1.55845e+08
-8.251039e+08
-3.101601e+08
-1.560226e+08
-9.226994e+07
-8.538674e+08
-3.180387e+08
-1.591681e+08
-9.303137e+07
-6.788989e+07
-8.853598e+08
-3.272475e+08
-1.635201e+08
-9.537888e+07
-6.890265e+07
0
-9.119901e+08
-3.351432e+08
-1.674528e+08
-9.776167e+07
-7.048957e+07
0
0
-9.307979e+08
-3.408047e+08
-1.703278e+08
-9.959355e+07
-7.182757e+07
0
0
0
-9.423285e+08
-3.442838e+08
-1.72132e+08
-1.007774e+08
-7.273904e+07
0
0
0
0
-9.475461e+08
-3.459491e+08
-1.730061e+08
-1.013708e+08
-7.321872e+07
0
0
0
0
0
-8.035921e+08
-7.883396e+08
-3.050459e+08
-7.887282e+08
-3.012926e+08
-1.539518e+08
-8.010324e+08
-3.031831e+08
-1.527334e+08
-9.050326e+07
-8.232671e+08
-3.09014e+08
-1.547257e+08
-9.034858e+07
-6.612546e+07
-8.527939e+08
-3.175824e+08
-1.5866e+08
-9.230413e+07
-6.662789e+07
0
-8.848097e+08
-3.270758e+08
-1.63375e+08
-9.51386e+07
-6.847877e+07
0
0
-9.115437e+08
-3.351201e+08
-1.67445e+08
-9.772997e+07
-7.037887e+07
0
0
0
-9.305213e+08
-3.408033e+08
-1.703725e+08
-9.963381e+07
-7.184529e+07
0
0
0
0
-9.419887e+08
-3.443182e+08
-1.721801e+08
-1.008344e+08
-7.279634e+07
0
0
0
0
0
-3.459569e+08
-1.730624e+08
-1.014237e+08
-7.327679e+07
0
0
0
0
0
0
-8.106797e+08
-7.883396e+08
-3.050459e+08
-7.807745e+08
-2.990662e+08
-1.530094e+08
-7.847836e+08
-2.984746e+08
-1.505231e+08
-8.93245e+07
-7.989173e+08
-3.018285e+08
-1.512083e+08
-8.824106e+07
-6.475034e+07
-8.219355e+08
-3.084028e+08
-1.540582e+08
-8.941166e+07
-6.449908e+07
0
-8.520789e+08
-3.172907e+08
-1.584129e+08
-9.194061e+07
-6.601458e+07
0
0
-8.842544e+08
-3.269895e+08
-1.633027e+08
-9.504125e+07
-6.827741e+07
0
0
0
-9.112283e+08
-3.350765e+08
-1.674621e+08
-9.773457e+07
-7.035491e+07
0
0
0
0
-9.301279e+08
-3.408224e+08
-1.704033e+08
-9.967741e+07
-7.188308e+07
0
0
0
0
0
-3.443133e+08
-1.722313e+08
-1.008809e+08
-7.284876e+07
0
0
0
0
0
0
-1.730975e+08
-1.014758e+08
-7.33258e+07
0
0
0
0
0
0
0
-8.24838e+08
-7.960179e+08
-3.070155e+08
-7.807744e+08
-2.990662e+08
-1.530094e+08
-7.766753e+08
-2.961251e+08
-1.494239e+08
-8.87407e+07
-7.824831e+08
-2.969785e+08
-1.488463e+08
-8.683503e+07
-6.383897e+07
-7.973808e+08
-3.010938e+08
-1.504129e+08
-8.714039e+07
-6.283946e+07
0
-8.210648e+08
-3.079984e+08
-1.537159e+08
-8.893285e+07
-6.371062e+07
0
0
-8.513961e+08
-3.171285e+08
-1.582664e+08
-9.176845e+07
-6.570932e+07
0
0
0
-8.838824e+08
-3.268933e+08
-1.632793e+08
-9.499777e+07
-6.819748e+07
0
0
0
0
-9.107461e+08
-3.350716e+08
-1.674657e+08
-9.775692e+07
-7.036201e+07
0
0
0
0
0
-3.407907e+08
-1.704439e+08
-9.971059e+07
-7.192373e+07
0
0
0
0
0
0
-1.72258e+08
-1.009289e+08
-7.289221e+07
0
0
0
0
0
0
0
-1.015121e+08
-7.337386e+07
0
0
0
0
0
0
0
0
-8.457149e+08
-8.113899e+08
-3.109557e+08
-7.88728e+08
-3.012926e+08
-1.539518e+08
-7.766754e+08
-2.961251e+08
-1.494239e+08
-8.87407e+07
-7.742817e+08
-2.945588e+08
-1.476716e+08
-8.613919e+07
-6.338953e+07
-7.808106e+08
-2.961601e+08
-1.479639e+08
-8.562602e+07
-6.173923e+07
0
-7.963844e+08
-3.005995e+08
-1.499949e+08
-8.656972e+07
-6.191503e+07
0
0
-8.202531e+08
-3.07766e+08
-1.535005e+08
-8.869167e+07
-6.330901e+07
0
0
0
-8.509561e+08
-3.169732e+08
-1.581956e+08
-9.167047e+07
-6.556617e+07
0
0
0
0
-8.832747e+08
-3.26856e+08
-1.632492e+08
-9.498962e+07
-6.816351e+07
0
0
0
0
0
-3.34997e+08
-1.674898e+08
-9.776941e+07
-7.038414e+07
0
0
0
0
0
0
-1.704531e+08
-9.975018e+07
-7.195558e+07
0
0
0
0
0
0
0
-1.009589e+08
-7.293666e+07
0
0
0
0
0
0
0
0
-7.340857e+07
0
0
0
0
0
0
0
0
0
-8.718141e+08
-8.341213e+08
-3.16779e+08
-8.046611e+08
-3.057536e+08
-1.55845e+08
-7.847839e+08
-2.984745e+08
-1.505231e+08
-8.932449e+07
-7.742819e+08
-2.945588e+08
-1.476716e+08
-8.61392e+07
-6.338952e+07
-7.725397e+08
-2.936979e+08
-1.467458e+08
-8.487632e+07
-6.119694e+07
0
-7.797285e+08
-2.956055e+08
-1.474945e+08
-8.499313e+07
-6.072523e+07
0
0
-7.954598e+08
-3.003107e+08
-1.497247e+08
-8.627415e+07
-6.143719e+07
0
0
0
-8.197484e+08
-3.075534e+08
-1.533863e+08
-8.854382e+07
-6.310812e+07
0
0
0
0
-8.501994e+08
-3.168992e+08
-1.581282e+08
-9.162718e+07
-6.548611e+07
0
0
0
0
0
-3.267228e+08
-1.632516e+08
-9.49766e+07
-6.815941e+07
0
0
0
0
0
0
-1.674715e+08
-9.779611e+07
-7.03981e+07
0
0
0
0
0
0
0
-9.976674e+07
-7.199263e+07
0
0
0
0
0
0
0
0
-7.296579e+07
0
0
0
0
0
0
0
0
0
0
0
0
0
0
0
0
0
0
0
-8.992373e+08
-8.626318e+08
-3.240758e+08
-8.282591e+08
-3.123569e+08
-1.586604e+08
-8.010328e+08
-3.031829e+08
-1.527335e+08
-9.050324e+07
-7.824837e+08
-2.969787e+08
-1.488463e+08
-8.683504e+07
-6.383896e+07
-7.7254e+08
-2.93698e+08
-1.467459e+08
-8.48763e+07
-6.119695e+07
0
-7.714157e+08
-2.93112e+08
-1.462503e+08
-8.421256e+07
-6.013854e+07
0
0
-7.787185e+08
-2.952779e+08
-1.471875e+08
-8.466088e+07
-6.019601e+07
0
0
0
-7.949077e+08
-3.000489e+08
-1.495761e+08
-8.608713e+07
-6.119115e+07
0
0
0
0
-8.1885e+08
-3.074464e+08
-1.532837e+08
-8.846899e+07
-6.298634e+07
0
0
0
0
0
-3.166987e+08
-1.581067e+08
-9.158641e+07
-6.545215e+07
0
0
0
0
0
0
-1.631962e+08
-9.498655e+07
-6.815138e+07
0
0
0
0
0
0
0
-9.779175e+07
-7.042383e+07
0
0
0
0
0
0
0
0
-7.201014e+07
0
0
0
0
0
0
0
0
0
0
0
0
0
0
0
0
0
0
0
0
0
0
0
0
0
0
0
0
0
-9.219337e+08
-8.926724e+08
-3.317398e+08
-8.579057e+08
-3.206443e+08
-1.622123e+08
-8.251044e+08
-3.101599e+08
-1.560226e+08
-9.226992e+07
-7.989184e+08
-3.018288e+08
-1.512082e+08
-8.824108e+07
-6.475032e+07
-7.808113e+08
-2.961605e+08
-1.47964e+08
-8.562596e+07
-6.173925e+07
0
-7.714157e+08
-2.931122e+08
-1.462504e+08
-8.42126e+07
-6.013852e+07
0
0
-7.703586e+08
-2.927653e+08
-1.459244e+08
-8.386174e+07
-5.958389e+07
0
0
0
-7.781396e+08
-2.949789e+08
-1.470152e+08
-8.444771e+07
-5.991968e+07
0
0
0
0
-7.93895e+08
-2.999179e+08
-1.494436e+08
-8.598754e+07
-6.103689e+07
0
0
0
0
0
-3.071833e+08
-1.532411e+08
-8.840253e+07
-6.292589e+07
0
0
0
0
0
0
-1.580093e+08
-9.157824e+07
-6.542043e+07
0
0
0
0
0
0
0
-9.495443e+07
-6.816255e+07
0
0
0
0
0
0
0
0
-7.04233e+07
0
0
0
0
0
0
0
0
0
0
0
0
0
0
0
0
0
0
0
0
0
0
0
0
0
0
0
0
0
0
0
0
0
0
0
0
0
0
0
-9.379477e+08
-9.175756e+08
-3.380187e+08
-8.891851e+08
-3.293611e+08
-1.659579e+08
-8.553514e+08
-3.18925e+08
-1.601744e+08
-9.451867e+07
-8.232684e+08
-3.090143e+08
-1.547256e+08
-9.034861e+07
-6.612544e+07
-7.97382e+08
-3.010944e+08
-1.504131e+08
-8.714031e+07
-6.283948e+07
0
-7.797284e+08
-2.956059e+08
-1.474947e+08
-8.499322e+07
-6.072518e+07
0
0
-7.703584e+08
-2.927653e+08
-1.459245e+08
-8.386181e+07
-5.958391e+07
0
0
0
-7.697696e+08
-2.924457e+08
-1.457404e+08
-8.363513e+07
-5.929227e+07
0
0
0
0
-7.770478e+08
-2.948341e+08
-1.468606e+08
-8.433131e+07
-5.974386e+07
0
0
0
0
0
-2.996051e+08
-1.493859e+08
-8.589981e+07
-6.095587e+07
0
0
0
0
0
0
-1.531055e+08
-8.837874e+07
-6.287257e+07
0
0
0
0
0
0
0
-9.151524e+07
-6.541602e+07
0
0
0
0
0
0
0
0
-6.813824e+07
0
0
0
0
0
0
0
0
0
0
0
0
0
0
0
0
0
0
0
0
0
0
0
0
0
0
0
0
0
0
0
0
0
0
0
0
0
0
0
0
0
0
0
0
0
0
0
0
0
-9.477742e+08
-9.351412e+08
-3.423923e+08
-9.151489e+08
-3.365184e+08
-1.690083e+08
-8.872692e+08
-3.281519e+08
-1.645563e+08
-9.690484e+07
-8.53869e+08
-3.180391e+08
-1.59168e+08
-9.30314e+07
-6.788987e+07
-8.219373e+08
-3.084035e+08
-1.540585e+08
-8.941157e+07
-6.44991e+07
0
-7.963843e+08
-3.006003e+08
-1.499953e+08
-8.656985e+07
-6.191496e+07
0
0
-7.787181e+08
-2.952779e+08
-1.471878e+08
-8.466107e+07
-6.019609e+07
0
0
0
-7.697697e+08
-2.924456e+08
-1.457404e+08
-8.36352e+07
-5.929232e+07
0
0
0
0
-7.686407e+08
-2.922955e+08
-1.455733e+08
-8.351041e+07
-5.910541e+07
0
0
0
0
0
-2.944871e+08
-1.467942e+08
-8.422791e+07
-5.964897e+07
0
0
0
0
0
0
-1.492203e+08
-8.586499e+07
-6.08849e+07
0
0
0
0
0
0
0
-8.828809e+07
-6.28549e+07
0
0
0
0
0
0
0
0
-6.536557e+07
0
0
0
0
0
0
0
0
0
0
0
0
0
0
0
0
0
0
0
0
0
0
0
0
0
0
0
0
0
0
0
0
0
0
0
0
0
0
0
0
0
0
0
0
0
0
0
0
0
0
0
0
0
0
0
0
0
0
0
-9.523947e+08
-9.459037e+08
-3.450464e+08
-9.334723e+08
-3.415079e+08
-1.711128e+08
-9.137717e+08
-3.357428e+08
-1.681378e+08
-9.883881e+07
-8.861624e+08
-3.275396e+08
-1.638597e+08
-9.588092e+07
-6.977331e+07
-8.527962e+08
-3.175833e+08
-1.586602e+08
-9.230406e+07
-6.662791e+07
0
-8.210645e+08
-3.079995e+08
-1.537164e+08
-8.893302e+07
-6.371055e+07
0
0
-7.954592e+08
-3.003106e+08
-1.497252e+08
-8.627445e+07
-6.14373e+07
0
0
0
-7.781396e+08
-2.949786e+08
-1.470152e+08
-8.444794e+07
-5.991984e+07
0
0
0
0
-7.68641e+08
-2.922954e+08
-1.455732e+08
-8.351041e+07
-5.910547e+07
0
0
0
0
0
-2.919325e+08
-1.455035e+08
-8.339835e+07
-5.900367e+07
0
0
0
0
0
0
-1.466081e+08
-8.418678e+07
-5.956512e+07
0
0
0
0
0
0
0
-8.5753e+07
-6.085798e+07
0
0
0
0
0
0
0
0
-6.278136e+07
0
0
0
0
0
0
0
0
0
0
0
0
0
0
0
0
0
0
0
0
0
0
0
0
0
0
0
0
0
0
0
0
0
0
0
0
0
0
0
0
0
0
0
0
0
0
0
0
0
0
0
0
0
0
0
0
0
0
0
0
0
0
0
0
0
0
0
0
0
-9.509555e+08
-3.462856e+08
-9.44698e+08
-3.445339e+08
-1.723778e+08
-9.32475e+08
-3.410425e+08
-1.70615e+08
-1.001618e+08
-9.129816e+08
-3.353629e+08
-1.677051e+08
-9.820387e+07
-7.12905e+07
-8.853623e+08
-3.272486e+08
-1.635204e+08
-9.537883e+07
-6.890267e+07
0
-8.520783e+08
-3.17292e+08
-1.584135e+08
-9.194081e+07
-6.601452e+07
0
0
-8.202524e+08
-3.077659e+08
-1.535012e+08
-8.869206e+07
-6.330916e+07
0
0
0
-7.949077e+08
-3.000484e+08
-1.49576e+08
-8.608751e+07
-6.11914e+07
0
0
0
0
-7.770488e+08
-2.948339e+08
-1.468603e+08
-8.43313e+07
-5.974405e+07
0
0
0
0
0
-2.919326e+08
-1.455035e+08
-8.339828e+07
-5.900367e+07
0
0
0
0
0
0
-1.453079e+08
-8.335475e+07
-5.891274e+07
0
0
0
0
0
0
0
-8.406043e+07
-5.953293e+07
0
0
0
0
0
0
0
0
-6.076683e+07
0
0
0
0
0
0
0
0
0
0
0
0
0
0
0
0
0
0
0
0
0
0
0
0
0
0
0
0
0
0
0
0
0
0
0
0
0
0
0
0
0
0
0
0
0
0
0
0
0
0
0
0
0
0
0
0
0
0
0
0
0
0
0
0
0
0
0
0
0
0
0
0
0
0
0
0
0
0
-9.499648e+08
-3.459448e+08
-1.729647e+08
-9.439296e+08
-3.442592e+08
-1.721056e+08
-1.009503e+08
-9.319084e+08
-3.408292e+08
-1.703719e+08
-9.98012e+07
-7.232019e+07
-9.124107e+08
-3.35213e+08
-1.6751e+08
-9.789527e+07
-7.074967e+07
0
-8.84809e+08
-3.270773e+08
-1.633757e+08
-9.513882e+07
-6.847873e+07
0
0
-8.513955e+08
-3.171282e+08
-1.582672e+08
-9.176891e+07
-6.570949e+07
0
0
0
-8.197482e+08
-3.075528e+08
-1.533862e+08
-8.854436e+07
-6.310845e+07
0
0
0
0
-7.938964e+08
-2.999175e+08
-1.494432e+08
-8.59875e+07
-6.103721e+07
0
0
0
0
0
-2.944874e+08
-1.46794e+08
-8.422772e+07
-5.964896e+07
0
0
0
0
0
0
-1.453079e+08
-8.335471e+07
-5.891268e+07
0
0
0
0
0
0
0
-8.322174e+07
-5.887849e+07
0
0
0
0
0
0
0
0
-5.943003e+07
0
0
0
0
0
0
0
0
0
0
0
0
0
0
0
0
0
0
0
0
0
0
0
0
0
0
0
0
0
0
0
0
0
0
0
0
0
0
0
0
0
0
0
0
0
0
0
0
0
0
0
0
0
0
0
0
0
0
0
0
0
0
0
0
0
0
0
0
0
0
0
0
0
0
0
0
0
0
0
0
0
0
0
0
0
0
-9.493016e+08
-3.457592e+08
-1.727969e+08
-1.013139e+08
-9.434977e+08
-3.441483e+08
-1.719795e+08
-1.007563e+08
-7.292956e+07
-9.314983e+08
-3.407813e+08
-1.70281e+08
-9.963251e+07
-7.201275e+07
0
-9.119896e+08
-3.351447e+08
-1.674535e+08
-9.776192e+07
-7.048954e+07
0
0
-8.842538e+08
-3.269892e+08
-1.633036e+08
-9.504177e+07
-6.827761e+07
0
0
0
-8.509558e+08
-3.169727e+08
-1.581954e+08
-9.167111e+07
-6.556656e+07
0
0
0
0
-8.188517e+08
-3.074458e+08
-1.532833e+08
-8.846892e+07
-6.298679e+07
0
0
0
0
0
-2.996055e+08
-1.493856e+08
-8.589954e+07
-6.095584e+07
0
0
0
0
0
0
-1.466082e+08
-8.418664e+07
-5.956496e+07
0
0
0
0
0
0
0
-8.322177e+07
-5.887845e+07
0
0
0
0
0
0
0
0
-5.877017e+07
0
0
0
0
0
0
0
0
0
0
0
0
0
0
0
0
0
0
0
0
0
0
0
0
0
0
0
0
0
0
0
0
0
0
0
0
0
0
0
0
0
0
0
0
0
0
0
0
0
0
0
0
0
0
0
0
0
0
0
0
0
0
0
0
0
0
0
0
0
0
0
0
0
0
0
0
0
0
0
0
0
0
0
0
0
0
0
0
0
0
0
0
0
-9.489317e+08
-3.456961e+08
-1.727256e+08
-1.011972e+08
-7.320929e+07
-9.431842e+08
-3.441635e+08
-1.719532e+08
-1.006743e+08
-7.27642e+07
0
-9.31158e+08
-3.407875e+08
-1.702891e+08
-9.957698e+07
-7.187166e+07
0
0
-9.115432e+08
-3.351198e+08
-1.67446e+08
-9.773053e+07
-7.037908e+07
0
0
0
-8.838822e+08
-3.268927e+08
-1.632791e+08
-9.499849e+07
-6.819792e+07
0
0
0
0
-8.502013e+08
-3.168986e+08
-1.581277e+08
-9.162707e+07
-6.548666e+07
0
0
0
0
0
-3.071838e+08
-1.532407e+08
-8.840222e+07
-6.292583e+07
0
0
0
0
0
0
-1.492205e+08
-8.586475e+07
-6.088467e+07
0
0
0
0
0
0
0
-8.406052e+07
-5.95328e+07
0
0
0
0
0
0
0
0
-5.877019e+07
0
0
0
0
0
0
0
0
0
0
0
0
0
0
0
0
0
0
0
0
0
0
0
0
0
0
0
0
0
0
0
0
0
0
0
0
0
0
0
0
0
0
0
0
0
0
0
0
0
0
0
0
0
0
0
0
0
0
0
0
0
0
0
0
0
0
0
0
0
0
0
0
0
0
0
0
0
0
0
0
0
0
0
0
0
0
0
0
0
0
0
0
0
0
0
0
0
0
0
-9.486624e+08
-3.457411e+08
-1.727296e+08
-1.01156e+08
-7.310992e+07
0
-9.428906e+08
-3.44216e+08
-1.720017e+08
-1.006674e+08
-7.269717e+07
0
0
-9.307974e+08
-3.408045e+08
-1.703289e+08
-9.959415e+07
-7.182779e+07
0
0
0
-9.112281e+08
-3.350759e+08
-1.674619e+08
-9.773534e+07
-7.035539e+07
0
0
0
0
-8.832767e+08
-3.268553e+08
-1.632488e+08
-9.498949e+07
-6.816412e+07
0
0
0
0
0
-3.166993e+08
-1.581061e+08
-9.158608e+07
-6.545206e+07
0
0
0
0
0
0
-1.531057e+08
-8.83784e+07
-6.287231e+07
0
0
0
0
0
0
0
-8.575314e+07
-6.085777e+07
0
0
0
0
0
0
0
0
-5.94301e+07
0
0
0
0
0
0
0
0
0
0
0
0
0
0
0
0
0
0
0
0
0
0
0
0
0
0
0
0
0
0
0
0
0
0
0
0
0
0
0
0
0
0
0
0
0
0
0
0
0
0
0
0
0
0
0
0
0
0
0
0
0
0
0
0
0
0
0
0
0
0
0
0
0
0
0
0
0
0
0
0
0
0
0
0
0
0
0
0
0
0
0
0
0
0
0
0
0
0
0
0
0
0
0
0
-9.483898e+08
-3.458152e+08
-1.727973e+08
-1.01172e+08
-7.307777e+07
0
0
-9.42582e+08
-3.442585e+08
-1.720712e+08
-1.007152e+08
-7.269508e+07
0
0
0
-9.305212e+08
-3.408026e+08
-1.703723e+08
-9.963459e+07
-7.18458e+07
0
0
0
0
-9.107482e+08
-3.350709e+08
-1.674652e+08
-9.77568e+07
-7.036266e+07
0
0
0
0
0
-3.267233e+08
-1.632511e+08
-9.497625e+07
-6.815931e+07
0
0
0
0
0
0
-1.580096e+08
-9.157784e+07
-6.542015e+07
0
0
0
0
0
0
0
-8.828826e+07
-6.285461e+07
0
0
0
0
0
0
0
0
-6.076693e+07
0
0
0
0
0
0
0
0
0
0
0
0
0
0
0
0
0
0
0
0
0
0
0
0
0
0
0
0
0
0
0
0
0
0
0
0
0
0
0
0
0
0
0
0
0
0
0
0
0
0
0
0
0
0
0
0
0
0
0
0
0
0
0
0
0
0
0
0
0
0
0
0
0
0
0
0
0
0
0
0
0
0
0
0
0
0
0
0
0
0
0
0
0
0
0
0
0
0
0
0
0
0
0
0
0
0
0
0
-9.481048e+08
-3.458698e+08
-1.728808e+08
-1.012345e+08
-7.309548e+07
0
0
0
-9.423284e+08
-3.442831e+08
-1.721318e+08
-1.007782e+08
-7.273957e+07
0
0
0
0
-9.3013e+08
-3.408217e+08
-1.704028e+08
-9.96773e+07
-7.188375e+07
0
0
0
0
0
-3.349975e+08
-1.674892e+08
-9.776904e+07
-7.038405e+07
0
0
0
0
0
0
-1.631965e+08
-9.498611e+07
-6.815108e+07
0
0
0
0
0
0
0
-9.151541e+07
-6.541567e+07
0
0
0
0
0
0
0
0
-6.278149e+07
0
0
0
0
0
0
0
0
0
0
0
0
0
0
0
0
0
0
0
0
0
0
0
0
0
0
0
0
0
0
0
0
0
0
0
0
0
0
0
0
0
0
0
0
0
0
0
0
0
0
0
0
0
0
0
0
0
0
0
0
0
0
0
0
0
0
0
0
0
0
0
0
0
0
0
0
0
0
0
0
0
0
0
0
0
0
0
0
0
0
0
0
0
0
0
0
0
0
0
0
0
0
0
0
0
0
0
0
0
0
0
-9.478613e+08
-3.459069e+08
-1.729496e+08
-1.013082e+08
-7.315261e+07
0
0
0
0
-9.419908e+08
-3.443174e+08
-1.721796e+08
-1.008343e+08
-7.279703e+07
0
0
0
0
0
-3.407912e+08
-1.704433e+08
-9.971019e+07
-7.192364e+07
0
0
0
0
0
0
-1.674717e+08
-9.779564e+07
-7.039778e+07
0
0
0
0
0
0
0
-9.495458e+07
-6.816216e+07
0
0
0
0
0
0
0
0
-6.53657e+07
0
0
0
0
0
0
0
0
0
0
0
0
0
0
0
0
0
0
0
0
0
0
0
0
0
0
0
0
0
0
0
0
0
0
0
0
0
0
0
0
0
0
0
0
0
0
0
0
0
0
0
0
0
0
0
0
0
0
0
0
0
0
0
0
0
0
0
0
0
0
0
0
0
0
0
0
0
0
0
0
0
0
0
0
0
0
0
0
0
0
0
0
0
0
0
0
0
0
0
0
0
0
0
0
0
0
0
0
0
0
0
0
0
-9.475483e+08
-3.459483e+08
-1.730056e+08
-1.013707e+08
-7.321941e+07
0
0
0
0
0
-3.443138e+08
-1.722307e+08
-1.008805e+08
-7.284867e+07
0
0
0
0
0
0
-1.704533e+08
-9.974969e+07
-7.195524e+07
0
0
0
0
0
0
0
-9.779189e+07
-7.042342e+07
0
0
0
0
0
0
0
0
-6.813835e+07
0
0
0
0
0
0
0
0
0
0
0
0
0
0
0
0
0
0
0
0
0
0
0
0
0
0
0
0
0
0
0
0
0
0
0
0
0
0
0
0
0
0
0
0
0
0
0
0
0
0
0
0
0
0
0
0
0
0
0
0
0
0
0
0
0
0
0
0
0
0
0
0
0
0
0
0
0
0
0
0
0
0
0
0
0
0
0
0
0
0
0
0
0
0
0
0
0
0
0
0
0
0
0
0
0
0
0
0
0
0
0
0
0
0
-3.459574e+08
-1.730618e+08
-1.014233e+08
-7.327671e+07
0
0
0
0
0
0
-1.722582e+08
-1.009284e+08
-7.289185e+07
0
0
0
0
0
0
0
-9.976686e+07
-7.19922e+07
0
0
0
0
0
0
0
0
-7.04234e+07
0
0
0
0
0
0
0
0
0
0
0
0
0
0
0
0
0
0
0
0
0
0
0
0
0
0
0
0
0
0
0
0
0
0
0
0
0
0
0
0
0
0
0
0
0
0
0
0
0
0
0
0
0
0
0
0
0
0
0
0
0
0
0
0
0
0
0
0
0
0
0
0
0
0
0
0
0
0
0
0
0
0
0
0
0
0
0
0
0
0
0
0
0
0
0
0
0
0
0
0
0
0
0
0
0
0
0
0
0
0
0
0
0
0
-1.730977e+08
-1.014752e+08
-7.332543e+07
0
0
0
0
0
0
0
-1.00959e+08
-7.293622e+07
0
0
0
0
0
0
0
0
-7.201023e+07
0
0
0
0
0
0
0
0
0
0
0
0
0
0
0
0
0
0
0
0
0
0
0
0
0
0
0
0
0
0
0
0
0
0
0
0
0
0
0
0
0
0
0
0
0
0
0
0
0
0
0
0
0
0
0
0
0
0
0
0
0
0
0
0
0
0
0
0
0
0
0
0
0
0
0
0
0
0
0
0
0
0
0
0
0
0
0
0
0
0
0
0
0
0
0
0
0
0
0
0
0
0
0
0
0
0
0
0
0
0
0
0
0
0
0
-1.015122e+08
-7.337341e+07
0
0
0
0
0
0
0
0
-7.296587e+07
0
0
0
0
0
0
0
0
0
0
0
0
0
0
0
0
0
0
0
0
0
0
0
0
0
0
0
0
0
0
0
0
0
0
0
0
0
0
0
0
0
0
0
0
0
0
0
0
0
0
0
0
0
0
0
0
0
0
0
0
0
0
0
0
0
0
0
0
0
0
0
0
0
0
0
0
0
0
0
0
0
0
0
0
0
0
0
0
0
0
0
0
0
0
0
0
0
0
0
0
0
0
0
0
0
0
0
0
0
0
0
0
0
0
0
0
0
-7.340864e+07
0
0
0
0
0
0
0
0
0
0
0
0
0
0
0
0
0
0
0
0
0
0
0
0
0
0
0
0
0
0
0
0
0
0
0
0
0
0
0
0
0
0
0
0
0
0
0
0
0
0
0
0
0
0
0
0
0
0
0
0
0
0
0
0
0
0
0
0
0
0
0
0
0
0
0
0
0
0
0
0
0
0
0
0
0
0
0
0
0
0
0
0
0
0
0
0
0
0
0
0
0
0
0
0
0
0
0
0
0
0
0
0
0
0
0
0
0
0
0
0
0
0
0
0
0
0
0
0
0
0
0
0
0
0
0
0
0
0
0
0
0
0
0
0
0
0
0
0
0
0
0
0
0
0
0
0
0
0
0
0
0
0
0
0
0
0
0
0
0
0
0
0
0
0
0
0
0
0
0
0
0
0
0
0
0
0
0
0
0
0
0
0
0
0
0
0
0
0
0
0
0
0
0
0
0
0
0
0
0
0
0
0
0
0
0
0
0
0
0
0
0
0
0
0
0
0
0
0
0
0
0
0
0
0
0
0
0
0
0
0
0
0
0
0
0
0
0
0
0
0
0
0
0
0
0
0
0
0
0
0
0
0
0
0
0
0
0
0
0
0
0
0
0
0
0
0
0
0
0
0
0
0
0
0
0
0
0
0
0
0
0
0
0
0
0
0
0
0
0
0
0
0
0
0
0
0
0
0
0
0
0
0
0
0
0
0
0
0
0
0
0
0
0
0
0
0
0
0
0
0
0
0
0
0
0
0
0
0
0
0
0
0
0
0
0
0
0
0
0
0
0
0
0
0
0
0
0
0
0
0
0
0
0
0
0
0
0
0
0
0
0
0
0
0
0
0
0
0
0
0
0
0
0
0
0
0
0
0
0
0
0
0
0
0
0
0
0
0
0
0
0
0
0
0
0
0
0
0
0
0
0
0
0
0
0
0
0
0
0
0
0
0
0
0
0
0
0
0
0
0
0
0
0
0
0
0
0
0
0
0
0
0
0
0
0
0
0
0
0
0
0
0
0
0
0
0
0
0
0
0
0
0
0
0
0
0
0
0
0
0
0
0
0
0
0
0
0
0
0
0
0
0
0
0
0
0
0
0
0
0
0
0
0
0
0
0
0
0
0
0
0
0
0
0
0
0
0
0
0
0
0
0
0
0
0
0
0
0
0
0
0
0
0
0
0
0
0
0
0
0
0
0
0
0
0
0
0
0
0
0
0
0
0
0
0
0
0
0
0
0
0
0
0
0
0
0
0
0
0
0
0
0
0
0
0
0
0
0
0
0
0
0
0
0
0
0
0
0
0
0
0
0
0
0
0
0
0
0
0
0
0
0
0
0
0
0
0
0
0
0
0
0
0
0
0
0
0
0
0
0
0
0
0
0
0
0
0
0
0
0
0
0
0
0
0
0
0
0
0
0
0
0
0
0
0
0
0
0
0
0
0
0
0
0
0
0
0
0
0
0
0
0
0
0
0
0
0
0
0
0
0
0
0
0
0
0
0
0
0
0
0
0
0
0
0
0
0
0
0
0
0
0
0
0
0
0
0
0
0
0
0
0
0
0
0
0
0
0
0
0
0
0
0
0
0
0
0
0
0
0
0
0
0
0
0
0
0
0
0
0
0
0
0
0
0
0
0
0
0
0
0
0
0
0
0
0
0
0
0
0
0
0
0
0
0
0
0
0
0
0
0
0
0
0
0
0
0
0
0
0
0
0
0
0
0
0
0
0
0
0
0
0
0
0
0
0
0
0
0
0
0
0
0
0
0
0
0
0
0
0
0
0
0
0
0
0
0
0
0
0
0
0
0
0
0
0
0
0
0
0
0
0
0
0
0
0
0
0
0
0
0
0
0
0
0
0
0
0
0
0
0
0
0
0
0
0
0
0
0
0
0
0
0
0
0
0
0
0
0
0
0
0
0
0
0
0
0
0
0
0
0
0
0
0
0
0
0
0
0
0
0
0
0
0
0
0
0
0
0
0
0
0
0
0
0
0
0
0
0
0
0
0
0
0
0
0
0
0
0
0
0
0
0
0
0
0
0
0
0
0
0
0
0
0
0
0
0
0
0
0
0
0
0
0
0
0
0
0
0
0
0
0
0
0
0
0
0
0
0
0
0
0
0
0
0
0
0
0
0
0
0
0
0
0
0
0
0
0
0
0
0
0
0
0
0
0
0
0
0
0
0
0
0
0
0
0
0
0
0
0
0
0
0
0
0
0
0
0
0
0
0
0
0
0
0
0
0
0
0
0
0
0
0
0
0
0
0
0
0
0
0
0
0
0
0
0
0
0
0
0
0
0
0
0
0
0
0
0
0
0
0
0
0
0
0
0
0
0
0
0
0
0
0
0
0
0
0
0
0
0
0
0
0
0
0
0
0
0
0
0
0
0
0
0
0
0
0
0
0
0
0
0
0
0
0
0
0
0
0
0
0
0
0
0
0
0
0
0
0
0
0
0
0
0
0
0
0
0
0
0
0
0
0
0
0
0
0
0
0
0
0
0
0
0
0
0
0
0
0
0
0
0
0
0
0
0
0
0
0
0
0
0
0
0
0
0
0
0
0
0
0
0
0
0
0
0
0
0
0
0
0
0
0
0
0
0
0
0
0
0
0
0
0
0
0
0
0
0
0
0
0
0
0
0
0
0
0
0
0
0
0
0
0
0
0
0
0
0
0
0
0
0
0
0
0
0
0
0
0
0
0
0
0
0
0
0
0
0
0
0
0
0
0
0
0
0
0
0
0
0
0
0
0
0
0
0
0
0
0
0
0
0
0
0
0
0
0
0
0
0
0
0
0
0
0
0
0
0
0
0
0
0
0
0
0
0
0
0
0
0
0
0
0
0
0
0
0
0
0
0
0
0
0
0
0
0
0
0
0
0
0
0
0
0
0
0
0
0
0
0
0
0
0
0
0
0
0
0
0
0
0
0
0
0
0
0
0
0
0
0
0
0
0
0
0
0
0
0
0
0
0
0
0
0
0
0
0
0
0
0
0
0
0
0
0
0
0
0
0
0
0
0
0
0
0
0
0
0
0
0
0
0
0
0
0
0
0
0
0
0
0
0
0
0
0
0
0
0
0
0
0
0
0
0
0
0
0
0
0
0
0
0
0
0
0
0
0
0
0
0
0
0
0
0
0
0
0
0
0
0
0
0
0
0
0
0
0
0
0
0
0
0
0
0
0
0
0
0
0
0
0
0
0
0
0
0
0
0
0
0
0
0
0
0
0
0
0
0
0
0
0
0
0
0
0
0
0
0
0
0
0
0
0
0
0
0
0
0
0
0
0
0
0
0
0
0
0
0
0
0
0
0
0
0
0
0
0
0
0
0
0
0
0
0
0
0
0
0
0
0
0
0
0
0
0
0
0
0
0
0
0
0
0
0
0
0
0
0
0
0
0
0
0
0
0
0
0
0
0
0
0
0
0
0
0
0
0
0
0
0
0
0
0
0
0
0
0
0
0
0
0
0
0
0
0
0
0
0
0
0
0
0
0
0
0
0
0
0
0
0
0
0
0
0
0
0
0
0
0
0
0
0
0
0
0
0
0
0
0
0
0
0
0
0
0
0
0
0
0
0
0
0
0
0
0
0
0
0
0
0
0
0
0
0
0
0
0
0
0
0
0
0
0
0
0
0
0
0
0
0
0
0
0
0
0
0
0
0
0
0
0
0
0
0
0
0
0
0
0
0
0
0
0
0
0
0
0
0
0
0
0
0
0
0
0
0
0
0
0
0
0
0
0
0
0
0
0
0
0
0
0
0
0
0
0
0
0
0
0
0
0
0
0
0
0
0
0
0
0
0
0
0
0
0
0
0
0
0
0
0
0
0
0
0
0
0
0
0
0
0
0
0
0
0
0
0
0
0
0
0
0
0
0
0
0
0
0
0
0
0
0
0
0
0
0
0
0
0
0
0
0
0
0
0
0
0
0
0
0
0
0
0
0
0
0
)
;

boundaryField
{
    interconnectSides
    {
        type            zeroGradient;
    }
    anodeSides
    {
        type            zeroGradient;
    }
    interconnect1
    {
        type            zeroGradient;
    }
    phiEA_to_phiE0
    {
        type            zeroGradient;
    }
    procBoundary0to1
    {
        type            processor;
        value           uniform 0;
    }
}
)

// processor1

22478
(dimensions      [0 -3 0 0 0 1 0];

internalField   nonuniform List<scalar> 
5000
(
-9.471186e+08
-9.414891e+08
-9.4694e+08
-3.459134e+08
-9.294731e+08
-9.413119e+08
-3.442391e+08
-9.46792e+08
-3.459691e+08
-1.731005e+08
-9.098418e+08
-9.292957e+08
-3.406511e+08
-9.411644e+08
-3.442924e+08
-1.72242e+08
-9.466542e+08
-3.460309e+08
-1.73163e+08
-1.015246e+08
-8.820313e+08
-9.096427e+08
-3.347535e+08
-9.291504e+08
-3.406986e+08
-1.70397e+08
-9.410276e+08
-3.44352e+08
-1.723024e+08
-1.009573e+08
-9.465344e+08
-3.46096e+08
-1.73228e+08
-1.015807e+08
-7.342293e+07
-8.485504e+08
-8.817856e+08
-3.2634e+08
-9.095136e+08
-3.347849e+08
-1.673519e+08
-9.290149e+08
-3.407542e+08
-1.704525e+08
-9.97354e+07
-9.409091e+08
-3.444151e+08
-1.723655e+08
-1.010114e+08
-7.296809e+07
-9.464198e+08
-3.461617e+08
-1.732947e+08
-1.016382e+08
-7.347423e+07
0
-8.168081e+08
-8.482671e+08
-3.161515e+08
-8.816758e+08
-3.263441e+08
-1.62992e+08
-9.093792e+08
-3.348397e+08
-1.67396e+08
-9.771372e+07
-9.288984e+08
-3.408134e+08
-1.70512e+08
-9.978527e+07
-7.198708e+07
-9.407955e+08
-3.44479e+08
-1.724306e+08
-1.010672e+08
-7.301759e+07
0
-9.463358e+08
-3.462305e+08
-1.733604e+08
-1.016968e+08
-7.35267e+07
0
0
-7.915298e+08
-8.164999e+08
-3.064781e+08
-8.481419e+08
-3.161319e+08
-1.577065e+08
-8.815443e+08
-3.263983e+08
-1.630181e+08
-9.481463e+07
-9.092647e+08
-3.34893e+08
-1.674533e+08
-9.77545e+07
-7.036058e+07
-9.287862e+08
-3.408737e+08
-1.705737e+08
-9.983805e+07
-7.203266e+07
0
-9.407073e+08
-3.445461e+08
-1.724946e+08
-1.011245e+08
-7.306853e+07
0
0
-9.462819e+08
-3.463062e+08
-1.734282e+08
-1.017542e+08
-7.358011e+07
0
0
0
-7.744596e+08
-7.912032e+08
-2.987704e+08
-8.163538e+08
-3.064421e+08
-1.52709e+08
-8.480318e+08
-3.161726e+08
-1.577167e+08
-9.130449e+07
-8.814313e+08
-3.264454e+08
-1.630731e+08
-9.484164e+07
-6.80234e+07
-9.09154e+08
-3.349478e+08
-1.675101e+08
-9.780484e+07
-7.039812e+07
0
-9.286921e+08
-3.409371e+08
-1.706347e+08
-9.989238e+07
-7.208077e+07
0
0
-9.406532e+08
-3.44618e+08
-1.725609e+08
-1.011805e+08
-7.312062e+07
0
0
0
-9.46217e+08
-3.463967e+08
-1.734987e+08
-1.018132e+08
-7.363227e+07
0
0
0
0
-7.659266e+08
-7.741213e+08
-2.935633e+08
-7.910533e+08
-2.987228e+08
-1.487479e+08
-8.162505e+08
-3.064689e+08
-1.527081e+08
-8.801111e+07
-8.479205e+08
-3.162211e+08
-1.577622e+08
-9.131929e+07
-6.51915e+07
-8.813212e+08
-3.264935e+08
-1.631246e+08
-9.488926e+07
-6.804902e+07
0
-9.090606e+08
-3.350058e+08
-1.675664e+08
-9.785497e+07
-7.044374e+07
0
0
-9.286343e+08
-3.410024e+08
-1.706978e+08
-9.994564e+07
-7.213019e+07
0
0
0
-9.405944e+08
-3.447063e+08
-1.726287e+08
-1.012381e+08
-7.31715e+07
0
0
0
0
-9.46128e+08
-3.464759e+08
-1.735786e+08
-1.018737e+08
-7.368581e+07
0
0
0
0
0
-7.659268e+08
-7.655849e+08
-2.909578e+08
-7.739697e+08
-2.935086e+08
-1.460837e+08
-7.909339e+08
-2.987444e+08
-1.487393e+08
-8.542307e+07
-8.161497e+08
-3.065154e+08
-1.527445e+08
-8.801746e+07
-6.255271e+07
-8.478098e+08
-3.162631e+08
-1.578129e+08
-9.135942e+07
-6.520654e+07
0
-8.812294e+08
-3.265448e+08
-1.631753e+08
-9.493483e+07
-6.809184e+07
0
0
-9.089872e+08
-3.350652e+08
-1.67625e+08
-9.790425e+07
-7.048931e+07
0
0
0
-9.285858e+08
-3.410851e+08
-1.707608e+08
-1.000006e+08
-7.217853e+07
0
0
0
0
-9.405051e+08
-3.447857e+08
-1.727068e+08
-1.012965e+08
-7.322379e+07
0
0
0
0
0
-3.465451e+08
-1.736503e+08
-1.019411e+08
-7.374041e+07
0
0
0
0
0
0
-7.744601e+08
-7.65585e+08
-2.909578e+08
-7.654358e+08
-2.909005e+08
-1.44754e+08
-7.738373e+08
-2.935274e+08
-1.460706e+08
-8.369471e+07
-7.908487e+08
-2.987815e+08
-1.48772e+08
-8.542373e+07
-6.049504e+07
-8.160376e+08
-3.065568e+08
-1.527931e+08
-8.805062e+07
-6.256045e+07
0
-8.477189e+08
-3.163075e+08
-1.578586e+08
-9.140359e+07
-6.524275e+07
0
0
-8.8114e+08
-3.265977e+08
-1.632284e+08
-9.497934e+07
-6.813319e+07
0
0
0
-9.089387e+08
-3.351362e+08
-1.676832e+08
-9.795531e+07
-7.053399e+07
0
0
0
0
-9.284973e+08
-3.411643e+08
-1.708347e+08
-1.000551e+08
-7.222835e+07
0
0
0
0
0
-3.448529e+08
-1.727781e+08
-1.013624e+08
-7.327652e+07
0
0
0
0
0
0
-1.737162e+08
-1.020022e+08
-7.380083e+07
0
0
0
0
0
0
0
-7.915306e+08
-7.741217e+08
-2.935634e+08
-7.65436e+08
-2.909005e+08
-1.44754e+08
-7.653016e+08
-2.909196e+08
-1.447392e+08
-8.283574e+07
-7.737574e+08
-2.935573e+08
-1.461013e+08
-8.369199e+07
-5.912935e+07
-7.907359e+08
-2.988264e+08
-1.488147e+08
-8.545397e+07
-6.049795e+07
0
-8.159469e+08
-3.065959e+08
-1.528374e+08
-8.809275e+07
-6.259065e+07
0
0
-8.476269e+08
-3.16354e+08
-1.579062e+08
-9.144376e+07
-6.528246e+07
0
0
0
-8.810839e+08
-3.266556e+08
-1.632812e+08
-9.502573e+07
-6.817349e+07
0
0
0
0
-9.088639e+08
-3.352096e+08
-1.67749e+08
-9.800568e+07
-7.058022e+07
0
0
0
0
0
-3.412281e+08
-1.709049e+08
-1.001175e+08
-7.227763e+07
0
0
0
0
0
0
-1.728424e+08
-1.014229e+08
-7.333554e+07
0
0
0
0
0
0
0
-1.02059e+08
-7.385582e+07
0
0
0
0
0
0
0
0
-8.168093e+08
-7.912037e+08
-2.987706e+08
-7.739703e+08
-2.935086e+08
-1.460838e+08
-7.653015e+08
-2.909196e+08
-1.447392e+08
-8.283574e+07
-7.652154e+08
-2.90948e+08
-1.447699e+08
-8.283181e+07
-5.84532e+07
-7.7365e+08
-2.93603e+08
-1.461396e+08
-8.372068e+07
-5.912941e+07
0
-7.906451e+08
-2.988623e+08
-1.488606e+08
-8.549169e+07
-6.052554e+07
0
0
-8.158534e+08
-3.066376e+08
-1.528811e+08
-8.813146e+07
-6.262835e+07
0
0
0
-8.475511e+08
-3.164043e+08
-1.579538e+08
-9.148557e+07
-6.531876e+07
0
0
0
0
-8.810166e+08
-3.267193e+08
-1.633379e+08
-9.507144e+07
-6.821543e+07
0
0
0
0
0
-3.352732e+08
-1.678145e+08
-9.806174e+07
-7.062571e+07
0
0
0
0
0
0
-1.709662e+08
-1.001767e+08
-7.233355e+07
0
0
0
0
0
0
0
-1.014784e+08
-7.338993e+07
0
0
0
0
0
0
0
0
-7.390731e+07
0
0
0
0
0
0
0
0
0
-8.485519e+08
-8.165005e+08
-3.064784e+08
-7.910544e+08
-2.987228e+08
-1.487479e+08
-7.738371e+08
-2.935276e+08
-1.460706e+08
-8.369472e+07
-7.652153e+08
-2.909479e+08
-1.447699e+08
-8.28318e+07
-5.84532e+07
-7.651138e+08
-2.909903e+08
-1.448072e+08
-8.286044e+07
-5.845223e+07
0
-7.735589e+08
-2.936397e+08
-1.461858e+08
-8.375518e+07
-5.915563e+07
0
0
-7.905501e+08
-2.989011e+08
-1.48902e+08
-8.553119e+07
-6.055948e+07
0
0
0
-8.157736e+08
-3.066827e+08
-1.529249e+08
-8.816996e+07
-6.266313e+07
0
0
0
0
-8.47476e+08
-3.164539e+08
-1.580047e+08
-9.152687e+07
-6.535651e+07
0
0
0
0
0
-3.267795e+08
-1.633962e+08
-9.512036e+07
-6.825664e+07
0
0
0
0
0
0
-1.678743e+08
-9.811688e+07
-7.067604e+07
0
0
0
0
0
0
0
-1.002297e+08
-7.238653e+07
0
0
0
0
0
0
0
0
-7.344014e+07
0
0
0
0
0
0
0
0
0
0
0
0
0
0
0
0
0
0
0
-8.820328e+08
-8.482679e+08
-3.161518e+08
-8.163551e+08
-3.064421e+08
-1.527091e+08
-7.909337e+08
-2.987447e+08
-1.487393e+08
-8.542309e+07
-7.737571e+08
-2.93557e+08
-1.461014e+08
-8.369196e+07
-5.912936e+07
-7.651139e+08
-2.909902e+08
-1.448072e+08
-8.286046e+07
-5.845221e+07
0
-7.650242e+08
-2.910288e+08
-1.448514e+08
-8.28942e+07
-5.847835e+07
0
0
-7.734627e+08
-2.936767e+08
-1.462274e+08
-8.379475e+07
-5.918685e+07
0
0
0
-7.904702e+08
-2.989428e+08
-1.489436e+08
-8.556781e+07
-6.05947e+07
0
0
0
0
-8.156789e+08
-3.067259e+08
-1.529718e+08
-8.820812e+07
-6.269787e+07
0
0
0
0
0
-3.165051e+08
-1.580534e+08
-9.157089e+07
-6.539366e+07
0
0
0
0
0
0
-1.634526e+08
-9.516968e+07
-6.830066e+07
0
0
0
0
0
0
0
-9.816812e+07
-7.072533e+07
0
0
0
0
0
0
0
0
-7.243444e+07
0
0
0
0
0
0
0
0
0
0
0
0
0
0
0
0
0
0
0
0
0
0
0
0
0
0
0
0
0
-9.098435e+08
-8.817861e+08
-3.263403e+08
-8.481432e+08
-3.161319e+08
-1.577066e+08
-8.162503e+08
-3.064692e+08
-1.527081e+08
-8.801115e+07
-7.908484e+08
-2.987811e+08
-1.487722e+08
-8.542368e+07
-6.049505e+07
-7.736502e+08
-2.936027e+08
-1.461394e+08
-8.372074e+07
-5.912937e+07
0
-7.650243e+08
-2.910288e+08
-1.448513e+08
-8.289415e+07
-5.847836e+07
0
0
-7.649277e+08
-2.910657e+08
-1.44894e+08
-8.293228e+07
-5.850892e+07
0
0
0
-7.733826e+08
-2.937163e+08
-1.462677e+08
-8.383139e+07
-5.922202e+07
0
0
0
0
-7.903637e+08
-2.98983e+08
-1.48988e+08
-8.560409e+07
-6.062771e+07
0
0
0
0
0
-3.067651e+08
-1.530159e+08
-8.824884e+07
-6.273214e+07
0
0
0
0
0
0
-1.581033e+08
-9.161283e+07
-6.543323e+07
0
0
0
0
0
0
0
-9.521769e+07
-6.834474e+07
0
0
0
0
0
0
0
0
-7.077142e+07
0
0
0
0
0
0
0
0
0
0
0
0
0
0
0
0
0
0
0
0
0
0
0
0
0
0
0
0
0
0
0
0
0
0
0
0
0
0
0
-9.294744e+08
-9.096434e+08
-3.347539e+08
-8.816776e+08
-3.26344e+08
-1.629922e+08
-8.48032e+08
-3.161729e+08
-1.577166e+08
-9.130454e+07
-8.161495e+08
-3.06515e+08
-1.527446e+08
-8.801739e+07
-6.255273e+07
-7.907362e+08
-2.98826e+08
-1.488144e+08
-8.545407e+07
-6.049789e+07
0
-7.735592e+08
-2.936396e+08
-1.461855e+08
-8.375503e+07
-5.915568e+07
0
0
-7.649278e+08
-2.910657e+08
-1.448939e+08
-8.293222e+07
-5.850888e+07
0
0
0
-7.648483e+08
-2.911046e+08
-1.449341e+08
-8.296956e+07
-5.854284e+07
0
0
0
0
-7.732733e+08
-2.937549e+08
-1.463107e+08
-8.386661e+07
-5.925495e+07
0
0
0
0
0
-2.990148e+08
-1.490298e+08
-8.56428e+07
-6.066026e+07
0
0
0
0
0
0
-1.53058e+08
-8.828697e+07
-6.276869e+07
0
0
0
0
0
0
0
-9.165561e+07
-6.547085e+07
0
0
0
0
0
0
0
0
-6.838773e+07
0
0
0
0
0
0
0
0
0
0
0
0
0
0
0
0
0
0
0
0
0
0
0
0
0
0
0
0
0
0
0
0
0
0
0
0
0
0
0
0
0
0
0
0
0
0
0
0
0
-9.414905e+08
-9.292969e+08
-3.406512e+08
-9.095156e+08
-3.347848e+08
-1.67352e+08
-8.815447e+08
-3.263988e+08
-1.630179e+08
-9.481469e+07
-8.479203e+08
-3.162209e+08
-1.577623e+08
-9.131921e+07
-6.519153e+07
-8.160381e+08
-3.065563e+08
-1.527928e+08
-8.805074e+07
-6.256039e+07
0
-7.906456e+08
-2.988623e+08
-1.488603e+08
-8.549147e+07
-6.052562e+07
0
0
-7.734631e+08
-2.936767e+08
-1.462273e+08
-8.379456e+07
-5.918672e+07
0
0
0
-7.648485e+08
-2.911046e+08
-1.449341e+08
-8.296954e+07
-5.854279e+07
0
0
0
0
-7.647401e+08
-2.911428e+08
-1.449766e+08
-8.300464e+07
-5.857625e+07
0
0
0
0
0
-2.937839e+08
-1.463513e+08
-8.39042e+07
-5.928654e+07
0
0
0
0
0
0
-1.490671e+08
-8.567906e+07
-6.069498e+07
0
0
0
0
0
0
0
-8.832387e+07
-6.280289e+07
0
0
0
0
0
0
0
0
-6.550915e+07
0
0
0
0
0
0
0
0
0
0
0
0
0
0
0
0
0
0
0
0
0
0
0
0
0
0
0
0
0
0
0
0
0
0
0
0
0
0
0
0
0
0
0
0
0
0
0
0
0
0
0
0
0
0
0
0
0
0
0
-9.4712e+08
-9.413132e+08
-3.442393e+08
-9.291524e+08
-3.406987e+08
-1.70397e+08
-9.093796e+08
-3.348402e+08
-1.673958e+08
-9.771377e+07
-8.814311e+08
-3.264451e+08
-1.630733e+08
-9.48415e+07
-6.802344e+07
-8.478103e+08
-3.162626e+08
-1.578127e+08
-9.135953e+07
-6.520646e+07
0
-8.159476e+08
-3.065958e+08
-1.528371e+08
-8.80925e+07
-6.259073e+07
0
0
-7.905507e+08
-2.989012e+08
-1.489019e+08
-8.553095e+07
-6.055929e+07
0
0
0
-7.73383e+08
-2.937164e+08
-1.462677e+08
-8.383132e+07
-5.922186e+07
0
0
0
0
-7.647403e+08
-2.911428e+08
-1.449767e+08
-8.300463e+07
-5.857623e+07
0
0
0
0
0
-2.911717e+08
-1.45017e+08
-8.304181e+07
-5.860767e+07
0
0
0
0
0
0
-1.463868e+08
-8.393946e+07
-5.932025e+07
0
0
0
0
0
0
0
-8.571234e+07
-6.072746e+07
0
0
0
0
0
0
0
0
-6.283611e+07
0
0
0
0
0
0
0
0
0
0
0
0
0
0
0
0
0
0
0
0
0
0
0
0
0
0
0
0
0
0
0
0
0
0
0
0
0
0
0
0
0
0
0
0
0
0
0
0
0
0
0
0
0
0
0
0
0
0
0
0
0
0
0
0
0
0
0
0
0
-9.469413e+08
-3.459136e+08
-9.411664e+08
-3.442925e+08
-1.722421e+08
-9.290154e+08
-3.407547e+08
-1.704524e+08
-9.973538e+07
-9.092646e+08
-3.348927e+08
-1.674536e+08
-9.775437e+07
-7.036061e+07
-8.813218e+08
-3.26493e+08
-1.631244e+08
-9.488942e+07
-6.80489e+07
0
-8.477197e+08
-3.163074e+08
-1.578582e+08
-9.140337e+07
-6.524283e+07
0
0
-8.158542e+08
-3.066377e+08
-1.52881e+08
-8.813116e+07
-6.262813e+07
0
0
0
-7.904708e+08
-2.989429e+08
-1.489435e+08
-8.556771e+07
-6.059448e+07
0
0
0
0
-7.732739e+08
-2.93755e+08
-1.463107e+08
-8.386659e+07
-5.925489e+07
0
0
0
0
0
-2.911718e+08
-1.45017e+08
-8.304181e+07
-5.860767e+07
0
0
0
0
0
0
-1.450523e+08
-8.30768e+07
-5.8641e+07
0
0
0
0
0
0
0
-8.397132e+07
-5.93518e+07
0
0
0
0
0
0
0
0
-6.075756e+07
0
0
0
0
0
0
0
0
0
0
0
0
0
0
0
0
0
0
0
0
0
0
0
0
0
0
0
0
0
0
0
0
0
0
0
0
0
0
0
0
0
0
0
0
0
0
0
0
0
0
0
0
0
0
0
0
0
0
0
0
0
0
0
0
0
0
0
0
0
0
0
0
0
0
0
0
0
0
-9.467939e+08
-3.459692e+08
-1.731005e+08
-9.410282e+08
-3.443525e+08
-1.723024e+08
-1.009573e+08
-9.288984e+08
-3.408131e+08
-1.705123e+08
-9.97852e+07
-7.198705e+07
-9.091547e+08
-3.349472e+08
-1.675099e+08
-9.7805e+07
-7.0398e+07
0
-8.812303e+08
-3.265447e+08
-1.631749e+08
-9.49346e+07
-6.809197e+07
0
0
-8.476277e+08
-3.16354e+08
-1.579061e+08
-9.144342e+07
-6.528226e+07
0
0
0
-8.157745e+08
-3.066828e+08
-1.529249e+08
-8.816983e+07
-6.266287e+07
0
0
0
0
-7.903647e+08
-2.989832e+08
-1.48988e+08
-8.560406e+07
-6.062762e+07
0
0
0
0
0
-2.937841e+08
-1.463513e+08
-8.390421e+07
-5.928652e+07
0
0
0
0
0
0
-1.450524e+08
-8.307681e+07
-5.8641e+07
0
0
0
0
0
0
0
-8.31085e+07
-5.867229e+07
0
0
0
0
0
0
0
0
-5.938064e+07
0
0
0
0
0
0
0
0
0
0
0
0
0
0
0
0
0
0
0
0
0
0
0
0
0
0
0
0
0
0
0
0
0
0
0
0
0
0
0
0
0
0
0
0
0
0
0
0
0
0
0
0
0
0
0
0
0
0
0
0
0
0
0
0
0
0
0
0
0
0
0
0
0
0
0
0
0
0
0
0
0
0
0
0
0
0
-9.466548e+08
-3.460314e+08
-1.73163e+08
-1.015246e+08
-9.409091e+08
-3.444148e+08
-1.723657e+08
-1.010113e+08
-7.296806e+07
-9.287869e+08
-3.408731e+08
-1.705734e+08
-9.98382e+07
-7.203259e+07
0
-9.090615e+08
-3.350057e+08
-1.67566e+08
-9.785473e+07
-7.044386e+07
0
0
-8.811409e+08
-3.265977e+08
-1.632282e+08
-9.497898e+07
-6.813299e+07
0
0
0
-8.475518e+08
-3.164044e+08
-1.579538e+08
-9.148542e+07
-6.531846e+07
0
0
0
0
-8.156798e+08
-3.067261e+08
-1.529718e+08
-8.820808e+07
-6.269775e+07
0
0
0
0
0
-2.990151e+08
-1.490299e+08
-8.564281e+07
-6.066023e+07
0
0
0
0
0
0
-1.463869e+08
-8.393949e+07
-5.932025e+07
0
0
0
0
0
0
0
-8.310854e+07
-5.86723e+07
0
0
0
0
0
0
0
0
-5.870096e+07
0
0
0
0
0
0
0
0
0
0
0
0
0
0
0
0
0
0
0
0
0
0
0
0
0
0
0
0
0
0
0
0
0
0
0
0
0
0
0
0
0
0
0
0
0
0
0
0
0
0
0
0
0
0
0
0
0
0
0
0
0
0
0
0
0
0
0
0
0
0
0
0
0
0
0
0
0
0
0
0
0
0
0
0
0
0
0
0
0
0
0
0
0
-9.465345e+08
-3.460957e+08
-1.732283e+08
-1.015806e+08
-7.342289e+07
-9.407962e+08
-3.444784e+08
-1.724303e+08
-1.010674e+08
-7.301752e+07
0
-9.286929e+08
-3.409369e+08
-1.706342e+08
-9.989212e+07
-7.208088e+07
0
0
-9.089878e+08
-3.350653e+08
-1.676248e+08
-9.790386e+07
-7.04891e+07
0
0
0
-8.810846e+08
-3.266557e+08
-1.632811e+08
-9.502555e+07
-6.817317e+07
0
0
0
0
-8.47477e+08
-3.16454e+08
-1.580047e+08
-9.152681e+07
-6.535637e+07
0
0
0
0
0
-3.067654e+08
-1.53016e+08
-8.824884e+07
-6.27321e+07
0
0
0
0
0
0
-1.490674e+08
-8.567912e+07
-6.069499e+07
0
0
0
0
0
0
0
-8.397143e+07
-5.935182e+07
0
0
0
0
0
0
0
0
-5.870099e+07
0
0
0
0
0
0
0
0
0
0
0
0
0
0
0
0
0
0
0
0
0
0
0
0
0
0
0
0
0
0
0
0
0
0
0
0
0
0
0
0
0
0
0
0
0
0
0
0
0
0
0
0
0
0
0
0
0
0
0
0
0
0
0
0
0
0
0
0
0
0
0
0
0
0
0
0
0
0
0
0
0
0
0
0
0
0
0
0
0
0
0
0
0
0
0
0
0
0
0
-9.464206e+08
-3.461611e+08
-1.732944e+08
-1.016383e+08
-7.347416e+07
0
-9.407079e+08
-3.445459e+08
-1.724941e+08
-1.011242e+08
-7.306863e+07
0
0
-9.286348e+08
-3.410023e+08
-1.706975e+08
-9.994523e+07
-7.212995e+07
0
0
0
-9.089394e+08
-3.351362e+08
-1.676831e+08
-9.795512e+07
-7.053364e+07
0
0
0
0
-8.810177e+08
-3.267194e+08
-1.633379e+08
-9.507137e+07
-6.821526e+07
0
0
0
0
0
-3.165055e+08
-1.580535e+08
-9.157089e+07
-6.539361e+07
0
0
0
0
0
0
-1.530582e+08
-8.828704e+07
-6.276869e+07
0
0
0
0
0
0
0
-8.57125e+07
-6.07275e+07
0
0
0
0
0
0
0
0
-5.938073e+07
0
0
0
0
0
0
0
0
0
0
0
0
0
0
0
0
0
0
0
0
0
0
0
0
0
0
0
0
0
0
0
0
0
0
0
0
0
0
0
0
0
0
0
0
0
0
0
0
0
0
0
0
0
0
0
0
0
0
0
0
0
0
0
0
0
0
0
0
0
0
0
0
0
0
0
0
0
0
0
0
0
0
0
0
0
0
0
0
0
0
0
0
0
0
0
0
0
0
0
0
0
0
0
0
-9.463363e+08
-3.462303e+08
-1.733599e+08
-1.016966e+08
-7.352679e+07
0
0
-9.406537e+08
-3.446178e+08
-1.725606e+08
-1.011801e+08
-7.312037e+07
0
0
0
-9.285868e+08
-3.41085e+08
-1.707607e+08
-1.000004e+08
-7.217817e+07
0
0
0
0
-9.088655e+08
-3.352097e+08
-1.677489e+08
-9.800559e+07
-7.058003e+07
0
0
0
0
0
-3.267799e+08
-1.633962e+08
-9.512033e+07
-6.825657e+07
0
0
0
0
0
0
-1.581035e+08
-9.161286e+07
-6.543322e+07
0
0
0
0
0
0
0
-8.832401e+07
-6.280294e+07
0
0
0
0
0
0
0
0
-6.075769e+07
0
0
0
0
0
0
0
0
0
0
0
0
0
0
0
0
0
0
0
0
0
0
0
0
0
0
0
0
0
0
0
0
0
0
0
0
0
0
0
0
0
0
0
0
0
0
0
0
0
0
0
0
0
0
0
0
0
0
0
0
0
0
0
0
0
0
0
0
0
0
0
0
0
0
0
0
0
0
0
0
0
0
0
0
0
0
0
0
0
0
0
0
0
0
0
0
0
0
0
0
0
0
0
0
0
0
0
0
-9.462825e+08
-3.46306e+08
-1.734279e+08
-1.017538e+08
-7.357987e+07
0
0
0
-9.405958e+08
-3.447062e+08
-1.726285e+08
-1.012379e+08
-7.317112e+07
0
0
0
0
-9.28499e+08
-3.411645e+08
-1.708346e+08
-1.00055e+08
-7.222815e+07
0
0
0
0
0
-3.352738e+08
-1.678145e+08
-9.806165e+07
-7.062562e+07
0
0
0
0
0
0
-1.634528e+08
-9.516968e+07
-6.830063e+07
0
0
0
0
0
0
0
-9.165574e+07
-6.547088e+07
0
0
0
0
0
0
0
0
-6.283622e+07
0
0
0
0
0
0
0
0
0
0
0
0
0
0
0
0
0
0
0
0
0
0
0
0
0
0
0
0
0
0
0
0
0
0
0
0
0
0
0
0
0
0
0
0
0
0
0
0
0
0
0
0
0
0
0
0
0
0
0
0
0
0
0
0
0
0
0
0
0
0
0
0
0
0
0
0
0
0
0
0
0
0
0
0
0
0
0
0
0
0
0
0
0
0
0
0
0
0
0
0
0
0
0
0
0
0
0
0
0
0
0
-9.462184e+08
-3.463966e+08
-1.734985e+08
-1.01813e+08
-7.363188e+07
0
0
0
0
-9.405068e+08
-3.44786e+08
-1.727067e+08
-1.012963e+08
-7.322358e+07
0
0
0
0
0
-3.412287e+08
-1.70905e+08
-1.001174e+08
-7.227751e+07
0
0
0
0
0
0
-1.678746e+08
-9.811688e+07
-7.067596e+07
0
0
0
0
0
0
0
-9.521783e+07
-6.834473e+07
0
0
0
0
0
0
0
0
-6.550926e+07
0
0
0
0
0
0
0
0
0
0
0
0
0
0
0
0
0
0
0
0
0
0
0
0
0
0
0
0
0
0
0
0
0
0
0
0
0
0
0
0
0
0
0
0
0
0
0
0
0
0
0
0
0
0
0
0
0
0
0
0
0
0
0
0
0
0
0
0
0
0
0
0
0
0
0
0
0
0
0
0
0
0
0
0
0
0
0
0
0
0
0
0
0
0
0
0
0
0
0
0
0
0
0
0
0
0
0
0
0
0
0
0
0
-9.461296e+08
-3.464762e+08
-1.735784e+08
-1.018735e+08
-7.368559e+07
0
0
0
0
0
-3.448535e+08
-1.727783e+08
-1.013622e+08
-7.327634e+07
0
0
0
0
0
0
-1.709665e+08
-1.001767e+08
-7.233345e+07
0
0
0
0
0
0
0
-9.816833e+07
-7.072533e+07
0
0
0
0
0
0
0
0
-6.838784e+07
0
0
0
0
0
0
0
0
0
0
0
0
0
0
0
0
0
0
0
0
0
0
0
0
0
0
0
0
0
0
0
0
0
0
0
0
0
0
0
0
0
0
0
0
0
0
0
0
0
0
0
0
0
0
0
0
0
0
0
0
0
0
0
0
0
0
0
0
0
0
0
0
0
0
0
0
0
0
0
0
0
0
0
0
0
0
0
0
0
0
0
0
0
0
0
0
0
0
0
0
0
0
0
0
0
0
0
0
0
0
0
0
0
0
-3.465457e+08
-1.736505e+08
-1.01941e+08
-7.374023e+07
0
0
0
0
0
0
-1.728427e+08
-1.01423e+08
-7.333542e+07
0
0
0
0
0
0
0
-1.002299e+08
-7.238656e+07
0
0
0
0
0
0
0
0
-7.077159e+07
0
0
0
0
0
0
0
0
0
0
0
0
0
0
0
0
0
0
0
0
0
0
0
0
0
0
0
0
0
0
0
0
0
0
0
0
0
0
0
0
0
0
0
0
0
0
0
0
0
0
0
0
0
0
0
0
0
0
0
0
0
0
0
0
0
0
0
0
0
0
0
0
0
0
0
0
0
0
0
0
0
0
0
0
0
0
0
0
0
0
0
0
0
0
0
0
0
0
0
0
0
0
0
0
0
0
0
0
0
0
0
0
0
0
-1.737165e+08
-1.020023e+08
-7.380071e+07
0
0
0
0
0
0
0
-1.014786e+08
-7.338998e+07
0
0
0
0
0
0
0
0
-7.243462e+07
0
0
0
0
0
0
0
0
0
0
0
0
0
0
0
0
0
0
0
0
0
0
0
0
0
0
0
0
0
0
0
0
0
0
0
0
0
0
0
0
0
0
0
0
0
0
0
0
0
0
0
0
0
0
0
0
0
0
0
0
0
0
0
0
0
0
0
0
0
0
0
0
0
0
0
0
0
0
0
0
0
0
0
0
0
0
0
0
0
0
0
0
0
0
0
0
0
0
0
0
0
0
0
0
0
0
0
0
0
0
0
0
0
0
0
-1.020593e+08
-7.385588e+07
0
0
0
0
0
0
0
0
-7.344032e+07
0
0
0
0
0
0
0
0
0
0
0
0
0
0
0
0
0
0
0
0
0
0
0
0
0
0
0
0
0
0
0
0
0
0
0
0
0
0
0
0
0
0
0
0
0
0
0
0
0
0
0
0
0
0
0
0
0
0
0
0
0
0
0
0
0
0
0
0
0
0
0
0
0
0
0
0
0
0
0
0
0
0
0
0
0
0
0
0
0
0
0
0
0
0
0
0
0
0
0
0
0
0
0
0
0
0
0
0
0
0
0
0
0
0
0
0
0
-7.390748e+07
0
0
0
0
0
0
0
0
0
0
0
0
0
0
0
0
0
0
0
0
0
0
0
0
0
0
0
0
0
0
0
0
0
0
0
0
0
0
0
0
0
0
0
0
0
0
0
0
0
0
0
0
0
0
0
0
0
0
0
0
0
0
0
0
0
0
0
0
0
0
0
0
0
0
0
0
0
0
0
0
0
0
0
0
0
0
0
0
0
0
0
0
0
0
0
0
0
0
0
0
0
0
0
0
0
0
0
0
0
0
0
0
0
0
0
0
0
0
0
0
0
0
0
0
0
0
0
0
0
0
0
0
0
0
0
0
0
0
0
0
0
0
0
0
0
0
0
0
0
0
0
0
0
0
0
0
0
0
0
0
0
0
0
0
0
0
0
0
0
0
0
0
0
0
0
0
0
0
0
0
0
0
0
0
0
0
0
0
0
0
0
0
0
0
0
0
0
0
0
0
0
0
0
0
0
0
0
0
0
0
0
0
0
0
0
0
0
0
0
0
0
0
0
0
0
0
0
0
0
0
0
0
0
0
0
0
0
0
0
0
0
0
0
0
0
0
0
0
0
0
0
0
0
0
0
0
0
0
0
0
0
0
0
0
0
0
0
0
0
0
0
0
0
0
0
0
0
0
0
0
0
0
0
0
0
0
0
0
0
0
0
0
0
0
0
0
0
0
0
0
0
0
0
0
0
0
0
0
0
0
0
0
0
0
0
0
0
0
0
0
0
0
0
0
0
0
0
0
0
0
0
0
0
0
0
0
0
0
0
0
0
0
0
0
0
0
0
0
0
0
0
0
0
0
0
0
0
0
0
0
0
0
0
0
0
0
0
0
0
0
0
0
0
0
0
0
0
0
0
0
0
0
0
0
0
0
0
0
0
0
0
0
0
0
0
0
0
0
0
0
0
0
0
0
0
0
0
0
0
0
0
0
0
0
0
0
0
0
0
0
0
0
0
0
0
0
0
0
0
0
0
0
0
0
0
0
0
0
0
0
0
0
0
0
0
0
0
0
0
0
0
0
0
0
0
0
0
0
0
0
0
0
0
0
0
0
0
0
0
0
0
0
0
0
0
0
0
0
0
0
0
0
0
0
0
0
0
0
0
0
0
0
0
0
0
0
0
0
0
0
0
0
0
0
0
0
0
0
0
0
0
0
0
0
0
0
0
0
0
0
0
0
0
0
0
0
0
0
0
0
0
0
0
0
0
0
0
0
0
0
0
0
0
0
0
0
0
0
0
0
0
0
0
0
0
0
0
0
0
0
0
0
0
0
0
0
0
0
0
0
0
0
0
0
0
0
0
0
0
0
0
0
0
0
0
0
0
0
0
0
0
0
0
0
0
0
0
0
0
0
0
0
0
0
0
0
0
0
0
0
0
0
0
0
0
0
0
0
0
0
0
0
0
0
0
0
0
0
0
0
0
0
0
0
0
0
0
0
0
0
0
0
0
0
0
0
0
0
0
0
0
0
0
0
0
0
0
0
0
0
0
0
0
0
0
0
0
0
0
0
0
0
0
0
0
0
0
0
0
0
0
0
0
0
0
0
0
0
0
0
0
0
0
0
0
0
0
0
0
0
0
0
0
0
0
0
0
0
0
0
0
0
0
0
0
0
0
0
0
0
0
0
0
0
0
0
0
0
0
0
0
0
0
0
0
0
0
0
0
0
0
0
0
0
0
0
0
0
0
0
0
0
0
0
0
0
0
0
0
0
0
0
0
0
0
0
0
0
0
0
0
0
0
0
0
0
0
0
0
0
0
0
0
0
0
0
0
0
0
0
0
0
0
0
0
0
0
0
0
0
0
0
0
0
0
0
0
0
0
0
0
0
0
0
0
0
0
0
0
0
0
0
0
0
0
0
0
0
0
0
0
0
0
0
0
0
0
0
0
0
0
0
0
0
0
0
0
0
0
0
0
0
0
0
0
0
0
0
0
0
0
0
0
0
0
0
0
0
0
0
0
0
0
0
0
0
0
0
0
0
0
0
0
0
0
0
0
0
0
0
0
0
0
0
0
0
0
0
0
0
0
0
0
0
0
0
0
0
0
0
0
0
0
0
0
0
0
0
0
0
0
0
0
0
0
0
0
0
0
0
0
0
0
0
0
0
0
0
0
0
0
0
0
0
0
0
0
0
0
0
0
0
0
0
0
0
0
0
0
0
0
0
0
0
0
0
0
0
0
0
0
0
0
0
0
0
0
0
0
0
0
0
0
0
0
0
0
0
0
0
0
0
0
0
0
0
0
0
0
0
0
0
0
0
0
0
0
0
0
0
0
0
0
0
0
0
0
0
0
0
0
0
0
0
0
0
0
0
0
0
0
0
0
0
0
0
0
0
0
0
0
0
0
0
0
0
0
0
0
0
0
0
0
0
0
0
0
0
0
0
0
0
0
0
0
0
0
0
0
0
0
0
0
0
0
0
0
0
0
0
0
0
0
0
0
0
0
0
0
0
0
0
0
0
0
0
0
0
0
0
0
0
0
0
0
0
0
0
0
0
0
0
0
0
0
0
0
0
0
0
0
0
0
0
0
0
0
0
0
0
0
0
0
0
0
0
0
0
0
0
0
0
0
0
0
0
0
0
0
0
0
0
0
0
0
0
0
0
0
0
0
0
0
0
0
0
0
0
0
0
0
0
0
0
0
0
0
0
0
0
0
0
0
0
0
0
0
0
0
0
0
0
0
0
0
0
0
0
0
0
0
0
0
0
0
0
0
0
0
0
0
0
0
0
0
0
0
0
0
0
0
0
0
0
0
0
0
0
0
0
0
0
0
0
0
0
0
0
0
0
0
0
0
0
0
0
0
0
0
0
0
0
0
0
0
0
0
0
0
0
0
0
0
0
0
0
0
0
0
0
0
0
0
0
0
0
0
0
0
0
0
0
0
0
0
0
0
0
0
0
0
0
0
0
0
0
0
0
0
0
0
0
0
0
0
0
0
0
0
0
0
0
0
0
0
0
0
0
0
0
0
0
0
0
0
0
0
0
0
0
0
0
0
0
0
0
0
0
0
0
0
0
0
0
0
0
0
0
0
0
0
0
0
0
0
0
0
0
0
0
0
0
0
0
0
0
0
0
0
0
0
0
0
0
0
0
0
0
0
0
0
0
0
0
0
0
0
0
0
0
0
0
0
0
0
0
0
0
0
0
0
0
0
0
0
0
0
0
0
0
0
0
0
0
0
0
0
0
0
0
0
0
0
0
0
0
0
0
0
0
0
0
0
0
0
0
0
0
0
0
0
0
0
0
0
0
0
0
0
0
0
0
0
0
0
0
0
0
0
0
0
0
0
0
0
0
0
0
0
0
0
0
0
0
0
0
0
0
0
0
0
0
0
0
0
0
0
0
0
0
0
0
0
0
0
0
0
0
0
0
0
0
0
0
0
0
0
0
0
0
0
0
0
0
0
0
0
0
0
0
0
0
0
0
0
0
0
0
0
0
0
0
0
0
0
0
0
0
0
0
0
0
0
0
0
0
0
0
0
0
0
0
0
0
0
0
0
0
0
0
0
0
0
0
0
0
0
0
0
0
0
0
0
0
0
0
0
0
0
0
0
0
0
0
0
0
0
0
0
0
0
0
0
0
0
0
0
0
0
0
0
0
0
0
0
0
0
0
0
0
0
0
0
0
0
0
0
0
0
0
0
0
0
0
0
0
0
0
0
0
0
0
0
0
0
0
0
0
0
0
0
0
0
0
0
0
0
0
0
0
0
0
0
0
0
0
0
0
0
0
0
0
0
0
0
0
0
0
0
0
0
0
0
0
0
0
0
0
0
0
0
0
0
0
0
0
0
0
0
0
0
0
0
0
0
0
0
0
0
0
0
0
0
0
0
0
0
0
0
0
0
0
0
0
0
0
0
0
0
0
0
0
0
0
0
0
0
0
0
0
0
0
0
0
0
0
0
0
0
0
0
0
0
0
0
0
0
0
0
0
0
0
0
0
0
)
;

boundaryField
{
    interconnectSides
    {
        type            zeroGradient;
    }
    anodeSides
    {
        type            zeroGradient;
    }
    interconnect1
    {
        type            zeroGradient;
    }
    phiEA_to_phiE0
    {
        type            zeroGradient;
    }
    procBoundary1to0
    {
        type            processor;
        value           uniform 0;
    }
    procBoundary1to2
    {
        type            processor;
        value           uniform 0;
    }
}
)

// processor2

22465
(dimensions      [0 -3 0 0 0 1 0];

internalField   nonuniform List<scalar> 
5000
(
-9.460501e+08
-9.404254e+08
-9.45991e+08
-3.466139e+08
-9.28413e+08
-9.403661e+08
-3.44919e+08
-9.459598e+08
-3.466952e+08
-1.737807e+08
-9.087729e+08
-9.283531e+08
-3.412885e+08
-9.403328e+08
-3.449983e+08
-1.729047e+08
-9.45954e+08
-3.467838e+08
-1.738537e+08
-1.021145e+08
-8.809247e+08
-9.087114e+08
-3.353255e+08
-9.283181e+08
-3.413638e+08
-1.710243e+08
-9.403237e+08
-3.45084e+08
-1.729762e+08
-1.015321e+08
-9.459723e+08
-3.46887e+08
-1.739302e+08
-1.021766e+08
-7.395743e+07
-8.473828e+08
-8.808618e+08
-3.26825e+08
-9.086751e+08
-3.353948e+08
-1.679264e+08
-9.282993e+08
-3.414449e+08
-1.710925e+08
-1.002799e+08
-9.403408e+08
-3.45184e+08
-1.730505e+08
-1.015928e+08
-7.34887e+07
-9.459867e+08
-3.46996e+08
-1.740163e+08
-1.022408e+08
-7.401327e+07
0
-8.155707e+08
-8.473268e+08
-3.165441e+08
-8.80823e+08
-3.268876e+08
-1.634992e+08
-9.086422e+08
-3.354699e+08
-1.679899e+08
-9.821341e+07
-9.283134e+08
-3.415373e+08
-1.711633e+08
-1.003379e+08
-7.247987e+07
-9.403532e+08
-3.452904e+08
-1.731343e+08
-1.016553e+08
-7.354329e+07
0
-9.460235e+08
-3.471062e+08
-1.74105e+08
-1.023123e+08
-7.407084e+07
0
0
-7.902384e+08
-8.155235e+08
-3.067941e+08
-8.472858e+08
-3.166037e+08
-1.581448e+08
-8.807818e+08
-3.269553e+08
-1.635574e+08
-9.525828e+07
-9.08649e+08
-3.355514e+08
-1.680558e+08
-9.826742e+07
-7.08124e+07
-9.283212e+08
-3.416385e+08
-1.712418e+08
-1.003973e+08
-7.253195e+07
0
-9.403933e+08
-3.453979e+08
-1.73221e+08
-1.017249e+08
-7.359929e+07
0
0
-9.460355e+08
-3.472223e+08
-1.741951e+08
-1.023853e+08
-7.413458e+07
0
0
0
-7.731314e+08
-7.901881e+08
-2.990344e+08
-8.154882e+08
-3.068533e+08
-1.530928e+08
-8.47239e+08
-3.166646e+08
-1.581999e+08
-9.169182e+07
-8.807706e+08
-3.270272e+08
-1.636175e+08
-9.53078e+07
-6.842439e+07
-9.086492e+08
-3.35644e+08
-1.681268e+08
-9.832279e+07
-7.086088e+07
0
-9.283637e+08
-3.417403e+08
-1.713244e+08
-1.004628e+08
-7.258518e+07
0
0
-9.404037e+08
-3.455131e+08
-1.73309e+08
-1.017962e+08
-7.366133e+07
0
0
0
-9.460625e+08
-3.47331e+08
-1.74288e+08
-1.024597e+08
-7.41995e+07
0
0
0
0
-7.645919e+08
-7.730783e+08
-2.937954e+08
-7.901619e+08
-2.990901e+08
-1.49096e+08
-8.154371e+08
-3.069123e+08
-1.531469e+08
-8.835496e+07
-8.472139e+08
-3.167284e+08
-1.582547e+08
-9.173846e+07
-6.554178e+07
-8.807594e+08
-3.271063e+08
-1.636814e+08
-9.535831e+07
-6.846875e+07
0
-9.086857e+08
-3.357376e+08
-1.682031e+08
-9.838227e+07
-7.091035e+07
0
0
-9.283733e+08
-3.418524e+08
-1.714083e+08
-1.005308e+08
-7.264353e+07
0
0
0
-9.40429e+08
-3.456193e+08
-1.734009e+08
-1.018689e+08
-7.372473e+07
0
0
0
0
-9.461018e+08
-3.474409e+08
-1.743772e+08
-1.025358e+08
-7.426563e+07
0
0
0
0
0
-7.645919e+08
-7.645353e+08
-2.9118e+08
-7.730511e+08
-2.938488e+08
-1.464108e+08
-7.901119e+08
-2.991505e+08
-1.491478e+08
-8.573909e+07
-8.15407e+08
-3.069703e+08
-1.531998e+08
-8.840038e+07
-6.286427e+07
-8.471831e+08
-3.167958e+08
-1.583126e+08
-9.178453e+07
-6.558336e+07
0
-8.807864e+08
-3.271891e+08
-1.637484e+08
-9.541205e+07
-6.851379e+07
0
0
-9.086913e+08
-3.358417e+08
-1.682808e+08
-9.844511e+07
-7.096345e+07
0
0
0
-9.283955e+08
-3.419545e+08
-1.714973e+08
-1.005999e+08
-7.270389e+07
0
0
0
0
-9.404621e+08
-3.457265e+08
-1.734882e+08
-1.01944e+08
-7.37893e+07
0
0
0
0
0
-3.475574e+08
-1.744661e+08
-1.026095e+08
-7.433319e+07
0
0
0
0
0
0
-7.731316e+08
-7.645354e+08
-2.9118e+08
-7.645057e+08
-2.912314e+08
-1.450743e+08
-7.730094e+08
-2.939076e+08
-1.46461e+08
-8.399454e+07
-7.900785e+08
-2.992067e+08
-1.492011e+08
-8.578262e+07
-6.078201e+07
-8.153615e+08
-3.070314e+08
-1.532536e+08
-8.844461e+07
-6.290453e+07
0
-8.47198e+08
-3.168651e+08
-1.583715e+08
-9.18333e+07
-6.562433e+07
0
0
-8.807801e+08
-3.27283e+08
-1.638184e+08
-9.546755e+07
-6.856172e+07
0
0
0
-9.087192e+08
-3.359369e+08
-1.683639e+08
-9.850927e+07
-7.101916e+07
0
0
0
0
-9.284165e+08
-3.420568e+08
-1.715812e+08
-1.006725e+08
-7.276534e+07
0
0
0
0
0
-3.458388e+08
-1.73575e+08
-1.020161e+08
-7.385589e+07
0
0
0
0
0
0
-1.745591e+08
-1.026827e+08
-7.439884e+07
0
0
0
0
0
0
0
-7.902387e+08
-7.730785e+08
-2.937954e+08
-7.645053e+08
-2.912314e+08
-1.450744e+08
-7.644681e+08
-2.912887e+08
-1.451234e+08
-8.313034e+07
-7.729735e+08
-2.93966e+08
-1.465133e+08
-8.403691e+07
-5.940215e+07
-7.900268e+08
-2.992638e+08
-1.492534e+08
-8.582684e+07
-6.082057e+07
0
-8.153592e+08
-3.070906e+08
-1.533078e+08
-8.848996e+07
-6.294368e+07
0
0
-8.47178e+08
-3.169484e+08
-1.584324e+08
-9.188231e+07
-6.566775e+07
0
0
0
-8.808194e+08
-3.273676e+08
-1.638941e+08
-9.55255e+07
-6.861094e+07
0
0
0
0
-9.08725e+08
-3.36036e+08
-1.684426e+08
-9.857691e+07
-7.10761e+07
0
0
0
0
0
-3.421608e+08
-1.716643e+08
-1.007418e+08
-7.282953e+07
0
0
0
0
0
0
-1.736652e+08
-1.020876e+08
-7.392007e+07
0
0
0
0
0
0
0
-1.027589e+08
-7.44639e+07
0
0
0
0
0
0
0
0
-8.155711e+08
-7.901883e+08
-2.990345e+08
-7.730499e+08
-2.938488e+08
-1.464108e+08
-7.644679e+08
-2.912885e+08
-1.451234e+08
-8.313034e+07
-7.644327e+08
-2.913484e+08
-1.451747e+08
-8.317182e+07
-5.872131e+07
-7.729187e+08
-2.940208e+08
-1.465667e+08
-8.408027e+07
-5.943967e+07
0
-7.900094e+08
-2.993181e+08
-1.493048e+08
-8.587086e+07
-6.08595e+07
0
0
-8.153273e+08
-3.07163e+08
-1.53362e+08
-8.853519e+07
-6.298398e+07
0
0
0
-8.472159e+08
-3.170218e+08
-1.585005e+08
-9.193315e+07
-6.57112e+07
0
0
0
0
-8.808123e+08
-3.27465e+08
-1.639652e+08
-9.558709e+07
-6.866231e+07
0
0
0
0
0
-3.36129e+08
-1.685224e+08
-9.864179e+07
-7.11358e+07
0
0
0
0
0
0
-1.717488e+08
-1.008101e+08
-7.28911e+07
0
0
0
0
0
0
0
-1.021616e+08
-7.398361e+07
0
0
0
0
0
0
0
0
-7.453157e+07
0
0
0
0
0
0
0
0
0
-8.473834e+08
-8.155237e+08
-3.067942e+08
-7.901604e+08
-2.990901e+08
-1.49096e+08
-7.730087e+08
-2.93907e+08
-1.46461e+08
-8.399454e+07
-7.644325e+08
-2.913482e+08
-1.451746e+08
-8.317181e+07
-5.872131e+07
-7.643753e+08
-2.914028e+08
-1.452289e+08
-8.321447e+07
-5.875806e+07
0
-7.728931e+08
-2.940724e+08
-1.466166e+08
-8.412497e+07
-5.947781e+07
0
0
-7.899689e+08
-2.993819e+08
-1.493557e+08
-8.591387e+07
-6.089853e+07
0
0
0
-8.153537e+08
-3.072278e+08
-1.53423e+08
-8.858084e+07
-6.302401e+07
0
0
0
0
-8.472096e+08
-3.171132e+08
-1.585639e+08
-9.198865e+07
-6.575631e+07
0
0
0
0
0
-3.275471e+08
-1.640425e+08
-9.564583e+07
-6.871655e+07
0
0
0
0
0
0
-1.685994e+08
-9.870711e+07
-7.119336e+07
0
0
0
0
0
0
0
-1.008796e+08
-7.295174e+07
0
0
0
0
0
0
0
0
-7.404928e+07
0
0
0
0
0
0
0
0
0
0
0
0
0
0
0
0
0
0
0
-8.809257e+08
-8.47327e+08
-3.165442e+08
-8.154876e+08
-3.068532e+08
-1.530928e+08
-7.901109e+08
-2.991497e+08
-1.491477e+08
-8.573909e+07
-7.729729e+08
-2.939656e+08
-1.465129e+08
-8.403688e+07
-5.940215e+07
-7.643754e+08
-2.914027e+08
-1.452288e+08
-8.321436e+07
-5.875806e+07
0
-7.643493e+08
-2.914528e+08
-1.452785e+08
-8.325961e+07
-5.879558e+07
0
0
-7.728474e+08
-2.941316e+08
-1.466658e+08
-8.416672e+07
-5.951728e+07
0
0
0
-7.899852e+08
-2.994407e+08
-1.494113e+08
-8.595687e+07
-6.093654e+07
0
0
0
0
-8.153498e+08
-3.07311e+08
-1.534805e+08
-8.863082e+07
-6.306456e+07
0
0
0
0
0
-3.171901e+08
-1.586364e+08
-9.204124e+07
-6.580508e+07
0
0
0
0
0
0
-1.641118e+08
-9.570847e+07
-6.876861e+07
0
0
0
0
0
0
0
-9.877068e+07
-7.125114e+07
0
0
0
0
0
0
0
0
-7.30135e+07
0
0
0
0
0
0
0
0
0
0
0
0
0
0
0
0
0
0
0
0
0
0
0
0
0
0
0
0
0
-9.08774e+08
-8.80862e+08
-3.268252e+08
-8.472853e+08
-3.166036e+08
-1.581448e+08
-8.154359e+08
-3.069118e+08
-1.531468e+08
-8.835497e+07
-7.900774e+08
-2.992059e+08
-1.492006e+08
-8.578258e+07
-6.078201e+07
-7.729189e+08
-2.940203e+08
-1.465664e+08
-8.407996e+07
-5.943965e+07
0
-7.643498e+08
-2.914527e+08
-1.452784e+08
-8.325952e+07
-5.879549e+07
0
0
-7.643018e+08
-2.915113e+08
-1.453266e+08
-8.330109e+07
-5.883537e+07
0
0
0
-7.728555e+08
-2.941868e+08
-1.467184e+08
-8.420837e+07
-5.955415e+07
0
0
0
0
-7.89975e+08
-2.995177e+08
-1.494648e+08
-8.600279e+07
-6.097473e+07
0
0
0
0
0
-3.073852e+08
-1.535475e+08
-8.867877e+07
-6.310849e+07
0
0
0
0
0
0
-1.587014e+08
-9.209975e+07
-6.585164e+07
0
0
0
0
0
0
0
-9.576582e+07
-6.882368e+07
0
0
0
0
0
0
0
0
-7.13076e+07
0
0
0
0
0
0
0
0
0
0
0
0
0
0
0
0
0
0
0
0
0
0
0
0
0
0
0
0
0
0
0
0
0
0
0
0
0
0
0
-9.284141e+08
-9.087116e+08
-3.353257e+08
-8.808224e+08
-3.268875e+08
-1.634993e+08
-8.472377e+08
-3.16664e+08
-1.581998e+08
-9.169183e+07
-8.154055e+08
-3.069694e+08
-1.531994e+08
-8.840031e+07
-6.286426e+07
-7.900268e+08
-2.99263e+08
-1.492528e+08
-8.582642e+07
-6.082053e+07
0
-7.728953e+08
-2.940722e+08
-1.466163e+08
-8.412472e+07
-5.947755e+07
0
0
-7.643031e+08
-2.915115e+08
-1.453266e+08
-8.330101e+07
-5.883529e+07
0
0
0
-7.643012e+08
-2.91565e+08
-1.453788e+08
-8.334197e+07
-5.887197e+07
0
0
0
0
-7.728416e+08
-2.942594e+08
-1.467697e+08
-8.425211e+07
-5.959113e+07
0
0
0
0
0
-2.995875e+08
-1.495279e+08
-8.60477e+07
-6.101516e+07
0
0
0
0
0
0
-1.536102e+08
-8.873293e+07
-6.315093e+07
0
0
0
0
0
0
0
-9.215333e+07
-6.590284e+07
0
0
0
0
0
0
0
0
-6.887457e+07
0
0
0
0
0
0
0
0
0
0
0
0
0
0
0
0
0
0
0
0
0
0
0
0
0
0
0
0
0
0
0
0
0
0
0
0
0
0
0
0
0
0
0
0
0
0
0
0
0
-9.404265e+08
-9.283532e+08
-3.412888e+08
-9.086744e+08
-3.353946e+08
-1.679265e+08
-8.807803e+08
-3.269547e+08
-1.635572e+08
-9.525834e+07
-8.472121e+08
-3.167273e+08
-1.582543e+08
-9.173836e+07
-6.554178e+07
-8.153612e+08
-3.070302e+08
-1.532529e+08
-8.844432e+07
-6.290447e+07
0
-7.900142e+08
-2.993177e+08
-1.493043e+08
-8.587046e+07
-6.085916e+07
0
0
-7.72851e+08
-2.941325e+08
-1.466656e+08
-8.416644e+07
-5.951707e+07
0
0
0
-7.64299e+08
-2.915654e+08
-1.453789e+08
-8.334193e+07
-5.88719e+07
0
0
0
0
-7.642861e+08
-2.916334e+08
-1.454291e+08
-8.338536e+07
-5.890827e+07
0
0
0
0
0
-2.943267e+08
-1.4683e+08
-8.429524e+07
-5.962967e+07
0
0
0
0
0
0
-1.495877e+08
-8.609881e+07
-6.105492e+07
0
0
0
0
0
0
0
-8.878437e+07
-6.319824e+07
0
0
0
0
0
0
0
0
-6.595018e+07
0
0
0
0
0
0
0
0
0
0
0
0
0
0
0
0
0
0
0
0
0
0
0
0
0
0
0
0
0
0
0
0
0
0
0
0
0
0
0
0
0
0
0
0
0
0
0
0
0
0
0
0
0
0
0
0
0
0
0
-9.460513e+08
-9.403662e+08
-3.449192e+08
-9.283174e+08
-3.413635e+08
-1.710244e+08
-9.086396e+08
-3.354692e+08
-1.679897e+08
-9.821348e+07
-8.807688e+08
-3.27026e+08
-1.63617e+08
-9.530767e+07
-6.842443e+07
-8.471824e+08
-3.167944e+08
-1.583119e+08
-9.178422e+07
-6.558327e+07
0
-8.153666e+08
-3.0709e+08
-1.53307e+08
-8.848945e+07
-6.294343e+07
0
0
-7.899738e+08
-2.993839e+08
-1.493554e+08
-8.591341e+07
-6.08982e+07
0
0
0
-7.728489e+08
-2.941878e+08
-1.46719e+08
-8.420822e+07
-5.955392e+07
0
0
0
0
-7.642857e+08
-2.916322e+08
-1.454293e+08
-8.338543e+07
-5.890823e+07
0
0
0
0
0
-2.916999e+08
-1.454869e+08
-8.342775e+07
-5.894648e+07
0
0
0
0
0
0
-1.468882e+08
-8.434428e+07
-5.966787e+07
0
0
0
0
0
0
0
-8.614793e+07
-6.109954e+07
0
0
0
0
0
0
0
0
-6.324348e+07
0
0
0
0
0
0
0
0
0
0
0
0
0
0
0
0
0
0
0
0
0
0
0
0
0
0
0
0
0
0
0
0
0
0
0
0
0
0
0
0
0
0
0
0
0
0
0
0
0
0
0
0
0
0
0
0
0
0
0
0
0
0
0
0
0
0
0
0
0
-9.459911e+08
-3.466142e+08
-9.403316e+08
-3.44998e+08
-1.729049e+08
-9.282958e+08
-3.414441e+08
-1.710923e+08
-1.0028e+08
-9.086472e+08
-3.355497e+08
-1.680553e+08
-9.826727e+07
-7.081245e+07
-8.807586e+08
-3.271048e+08
-1.636805e+08
-9.535796e+07
-6.846864e+07
0
-8.472074e+08
-3.168641e+08
-1.583705e+08
-9.183271e+07
-6.562406e+07
0
0
-8.153321e+08
-3.07166e+08
-1.533615e+08
-8.853457e+07
-6.298355e+07
0
0
0
-7.899755e+08
-2.994419e+08
-1.494124e+08
-8.595659e+07
-6.093616e+07
0
0
0
0
-7.728406e+08
-2.942559e+08
-1.467702e+08
-8.425248e+07
-5.9591e+07
0
0
0
0
0
-2.916997e+08
-1.454862e+08
-8.342787e+07
-5.894654e+07
0
0
0
0
0
0
-1.455446e+08
-8.347496e+07
-5.898402e+07
0
0
0
0
0
0
0
-8.439217e+07
-5.971069e+07
0
0
0
0
0
0
0
0
-6.114268e+07
0
0
0
0
0
0
0
0
0
0
0
0
0
0
0
0
0
0
0
0
0
0
0
0
0
0
0
0
0
0
0
0
0
0
0
0
0
0
0
0
0
0
0
0
0
0
0
0
0
0
0
0
0
0
0
0
0
0
0
0
0
0
0
0
0
0
0
0
0
0
0
0
0
0
0
0
0
0
-9.459584e+08
-3.466949e+08
-1.737808e+08
-9.403202e+08
-3.450831e+08
-1.729759e+08
-1.015322e+08
-9.283116e+08
-3.415352e+08
-1.711627e+08
-1.003377e+08
-7.247992e+07
-9.086487e+08
-3.356425e+08
-1.681256e+08
-9.832238e+07
-7.086074e+07
0
-8.807969e+08
-3.27188e+08
-1.637474e+08
-9.541136e+07
-6.851348e+07
0
0
-8.47182e+08
-3.169521e+08
-1.584317e+08
-9.188157e+07
-6.566724e+07
0
0
0
-8.153419e+08
-3.072287e+08
-1.534247e+08
-8.858042e+07
-6.302349e+07
0
0
0
0
-7.899739e+08
-2.995127e+08
-1.494654e+08
-8.60036e+07
-6.097449e+07
0
0
0
0
0
-2.943261e+08
-1.468278e+08
-8.429553e+07
-5.962997e+07
0
0
0
0
0
0
-1.455445e+08
-8.34744e+07
-5.898411e+07
0
0
0
0
0
0
0
-8.352245e+07
-5.90253e+07
0
0
0
0
0
0
0
0
-5.975272e+07
0
0
0
0
0
0
0
0
0
0
0
0
0
0
0
0
0
0
0
0
0
0
0
0
0
0
0
0
0
0
0
0
0
0
0
0
0
0
0
0
0
0
0
0
0
0
0
0
0
0
0
0
0
0
0
0
0
0
0
0
0
0
0
0
0
0
0
0
0
0
0
0
0
0
0
0
0
0
0
0
0
0
0
0
0
0
-9.459505e+08
-3.467827e+08
-1.738535e+08
-1.021146e+08
-9.403391e+08
-3.451818e+08
-1.730499e+08
-1.015926e+08
-7.348875e+07
-9.28321e+08
-3.416369e+08
-1.712403e+08
-1.003969e+08
-7.253179e+07
0
-9.086964e+08
-3.357365e+08
-1.68202e+08
-9.838136e+07
-7.091e+07
0
0
-8.807833e+08
-3.272872e+08
-1.638176e+08
-9.546676e+07
-6.856113e+07
0
0
0
-8.472039e+08
-3.170223e+08
-1.585027e+08
-9.193258e+07
-6.571057e+07
0
0
0
0
-8.153494e+08
-3.073049e+08
-1.534808e+08
-8.863205e+07
-6.306419e+07
0
0
0
0
0
-2.995869e+08
-1.495247e+08
-8.604802e+07
-6.101582e+07
0
0
0
0
0
0
-1.468878e+08
-8.434268e+07
-5.966808e+07
0
0
0
0
0
0
0
-8.352235e+07
-5.902484e+07
0
0
0
0
0
0
0
0
-5.906697e+07
0
0
0
0
0
0
0
0
0
0
0
0
0
0
0
0
0
0
0
0
0
0
0
0
0
0
0
0
0
0
0
0
0
0
0
0
0
0
0
0
0
0
0
0
0
0
0
0
0
0
0
0
0
0
0
0
0
0
0
0
0
0
0
0
0
0
0
0
0
0
0
0
0
0
0
0
0
0
0
0
0
0
0
0
0
0
0
0
0
0
0
0
0
-9.459706e+08
-3.468848e+08
-1.739295e+08
-1.021764e+08
-7.395747e+07
-9.403533e+08
-3.452888e+08
-1.731328e+08
-1.016548e+08
-7.354312e+07
0
-9.283707e+08
-3.417393e+08
-1.713233e+08
-1.004617e+08
-7.258478e+07
0
0
-9.08694e+08
-3.358458e+08
-1.6828e+08
-9.844426e+07
-7.096267e+07
0
0
0
-8.808177e+08
-3.273677e+08
-1.638965e+08
-9.552485e+07
-6.861026e+07
0
0
0
0
-8.472174e+08
-3.171071e+08
-1.585639e+08
-9.199015e+07
-6.575581e+07
0
0
0
0
0
-3.07385e+08
-1.535437e+08
-8.867891e+07
-6.310949e+07
0
0
0
0
0
0
-1.495873e+08
-8.609648e+07
-6.105515e+07
0
0
0
0
0
0
0
-8.439191e+07
-5.970936e+07
0
0
0
0
0
0
0
0
-5.906688e+07
0
0
0
0
0
0
0
0
0
0
0
0
0
0
0
0
0
0
0
0
0
0
0
0
0
0
0
0
0
0
0
0
0
0
0
0
0
0
0
0
0
0
0
0
0
0
0
0
0
0
0
0
0
0
0
0
0
0
0
0
0
0
0
0
0
0
0
0
0
0
0
0
0
0
0
0
0
0
0
0
0
0
0
0
0
0
0
0
0
0
0
0
0
0
0
0
0
0
0
-9.459869e+08
-3.469944e+08
-1.740148e+08
-1.022402e+08
-7.40131e+07
0
-9.403971e+08
-3.45397e+08
-1.732198e+08
-1.017238e+08
-7.359883e+07
0
0
-9.283766e+08
-3.41855e+08
-1.714075e+08
-1.005299e+08
-7.26426e+07
0
0
0
-9.087255e+08
-3.359368e+08
-1.683662e+08
-9.85086e+07
-7.101842e+07
0
0
0
0
-8.808223e+08
-3.274629e+08
-1.63965e+08
-9.558872e+07
-6.866175e+07
0
0
0
0
0
-3.171932e+08
-1.586326e+08
-9.204115e+07
-6.58063e+07
0
0
0
0
0
0
-1.5361e+08
-8.873015e+07
-6.315101e+07
0
0
0
0
0
0
0
-8.614764e+07
-6.10976e+07
0
0
0
0
0
0
0
0
-5.97525e+07
0
0
0
0
0
0
0
0
0
0
0
0
0
0
0
0
0
0
0
0
0
0
0
0
0
0
0
0
0
0
0
0
0
0
0
0
0
0
0
0
0
0
0
0
0
0
0
0
0
0
0
0
0
0
0
0
0
0
0
0
0
0
0
0
0
0
0
0
0
0
0
0
0
0
0
0
0
0
0
0
0
0
0
0
0
0
0
0
0
0
0
0
0
0
0
0
0
0
0
0
0
0
0
0
-9.460271e+08
-3.471054e+08
-1.741038e+08
-1.023112e+08
-7.407034e+07
0
0
-9.404072e+08
-3.455145e+08
-1.733083e+08
-1.017953e+08
-7.366036e+07
0
0
0
-9.284029e+08
-3.419545e+08
-1.714988e+08
-1.005993e+08
-7.270312e+07
0
0
0
0
-9.087328e+08
-3.360371e+08
-1.684422e+08
-9.857852e+07
-7.107551e+07
0
0
0
0
0
-3.27551e+08
-1.64041e+08
-9.564556e+07
-6.871789e+07
0
0
0
0
0
0
-1.587032e+08
-9.209697e+07
-6.585153e+07
0
0
0
0
0
0
0
-8.878426e+07
-6.319594e+07
0
0
0
0
0
0
0
0
-6.114243e+07
0
0
0
0
0
0
0
0
0
0
0
0
0
0
0
0
0
0
0
0
0
0
0
0
0
0
0
0
0
0
0
0
0
0
0
0
0
0
0
0
0
0
0
0
0
0
0
0
0
0
0
0
0
0
0
0
0
0
0
0
0
0
0
0
0
0
0
0
0
0
0
0
0
0
0
0
0
0
0
0
0
0
0
0
0
0
0
0
0
0
0
0
0
0
0
0
0
0
0
0
0
0
0
0
0
0
0
0
-9.46039e+08
-3.472235e+08
-1.741944e+08
-1.023844e+08
-7.413359e+07
0
0
0
-9.404367e+08
-3.456194e+08
-1.734017e+08
-1.018682e+08
-7.372394e+07
0
0
0
0
-9.284219e+08
-3.420582e+08
-1.71581e+08
-1.006735e+08
-7.276476e+07
0
0
0
0
0
-3.36132e+08
-1.685226e+08
-9.864142e+07
-7.113711e+07
0
0
0
0
0
0
-1.64114e+08
-9.570725e+07
-6.876835e+07
0
0
0
0
0
0
0
-9.215454e+07
-6.590053e+07
0
0
0
0
0
0
0
0
-6.324338e+07
0
0
0
0
0
0
0
0
0
0
0
0
0
0
0
0
0
0
0
0
0
0
0
0
0
0
0
0
0
0
0
0
0
0
0
0
0
0
0
0
0
0
0
0
0
0
0
0
0
0
0
0
0
0
0
0
0
0
0
0
0
0
0
0
0
0
0
0
0
0
0
0
0
0
0
0
0
0
0
0
0
0
0
0
0
0
0
0
0
0
0
0
0
0
0
0
0
0
0
0
0
0
0
0
0
0
0
0
0
0
0
-9.460705e+08
-3.473311e+08
-1.742887e+08
-1.02459e+08
-7.419869e+07
0
0
0
0
-9.404657e+08
-3.457281e+08
-1.734879e+08
-1.019445e+08
-7.378873e+07
0
0
0
0
0
-3.421628e+08
-1.716648e+08
-1.007415e+08
-7.283036e+07
0
0
0
0
0
0
-1.686011e+08
-9.87071e+07
-7.119302e+07
0
0
0
0
0
0
0
-9.576735e+07
-6.882262e+07
0
0
0
0
0
0
0
0
-6.595115e+07
0
0
0
0
0
0
0
0
0
0
0
0
0
0
0
0
0
0
0
0
0
0
0
0
0
0
0
0
0
0
0
0
0
0
0
0
0
0
0
0
0
0
0
0
0
0
0
0
0
0
0
0
0
0
0
0
0
0
0
0
0
0
0
0
0
0
0
0
0
0
0
0
0
0
0
0
0
0
0
0
0
0
0
0
0
0
0
0
0
0
0
0
0
0
0
0
0
0
0
0
0
0
0
0
0
0
0
0
0
0
0
0
0
-9.461049e+08
-3.474425e+08
-1.743769e+08
-1.025363e+08
-7.426507e+07
0
0
0
0
0
-3.458402e+08
-1.735755e+08
-1.020158e+08
-7.385631e+07
0
0
0
0
0
0
-1.7175e+08
-1.008103e+08
-7.289079e+07
0
0
0
0
0
0
0
-9.877185e+07
-7.125107e+07
0
0
0
0
0
0
0
0
-6.88758e+07
0
0
0
0
0
0
0
0
0
0
0
0
0
0
0
0
0
0
0
0
0
0
0
0
0
0
0
0
0
0
0
0
0
0
0
0
0
0
0
0
0
0
0
0
0
0
0
0
0
0
0
0
0
0
0
0
0
0
0
0
0
0
0
0
0
0
0
0
0
0
0
0
0
0
0
0
0
0
0
0
0
0
0
0
0
0
0
0
0
0
0
0
0
0
0
0
0
0
0
0
0
0
0
0
0
0
0
0
0
0
0
0
0
0
-3.475585e+08
-1.744666e+08
-1.026092e+08
-7.433357e+07
0
0
0
0
0
0
-1.73666e+08
-1.020878e+08
-7.391977e+07
0
0
0
0
0
0
0
-1.008804e+08
-7.295182e+07
0
0
0
0
0
0
0
0
-7.130855e+07
0
0
0
0
0
0
0
0
0
0
0
0
0
0
0
0
0
0
0
0
0
0
0
0
0
0
0
0
0
0
0
0
0
0
0
0
0
0
0
0
0
0
0
0
0
0
0
0
0
0
0
0
0
0
0
0
0
0
0
0
0
0
0
0
0
0
0
0
0
0
0
0
0
0
0
0
0
0
0
0
0
0
0
0
0
0
0
0
0
0
0
0
0
0
0
0
0
0
0
0
0
0
0
0
0
0
0
0
0
0
0
0
0
0
-1.745598e+08
-1.026829e+08
-7.439854e+07
0
0
0
0
0
0
0
-1.021621e+08
-7.398372e+07
0
0
0
0
0
0
0
0
-7.301416e+07
0
0
0
0
0
0
0
0
0
0
0
0
0
0
0
0
0
0
0
0
0
0
0
0
0
0
0
0
0
0
0
0
0
0
0
0
0
0
0
0
0
0
0
0
0
0
0
0
0
0
0
0
0
0
0
0
0
0
0
0
0
0
0
0
0
0
0
0
0
0
0
0
0
0
0
0
0
0
0
0
0
0
0
0
0
0
0
0
0
0
0
0
0
0
0
0
0
0
0
0
0
0
0
0
0
0
0
0
0
0
0
0
0
0
0
-1.027594e+08
-7.446403e+07
0
0
0
0
0
0
0
0
-7.404972e+07
0
0
0
0
0
0
0
0
0
0
0
0
0
0
0
0
0
0
0
0
0
0
0
0
0
0
0
0
0
0
0
0
0
0
0
0
0
0
0
0
0
0
0
0
0
0
0
0
0
0
0
0
0
0
0
0
0
0
0
0
0
0
0
0
0
0
0
0
0
0
0
0
0
0
0
0
0
0
0
0
0
0
0
0
0
0
0
0
0
0
0
0
0
0
0
0
0
0
0
0
0
0
0
0
0
0
0
0
0
0
0
0
0
0
0
0
0
-7.453195e+07
0
0
0
0
0
0
0
0
0
0
0
0
0
0
0
0
0
0
0
0
0
0
0
0
0
0
0
0
0
0
0
0
0
0
0
0
0
0
0
0
0
0
0
0
0
0
0
0
0
0
0
0
0
0
0
0
0
0
0
0
0
0
0
0
0
0
0
0
0
0
0
0
0
0
0
0
0
0
0
0
0
0
0
0
0
0
0
0
0
0
0
0
0
0
0
0
0
0
0
0
0
0
0
0
0
0
0
0
0
0
0
0
0
0
0
0
0
0
0
0
0
0
0
0
0
0
0
0
0
0
0
0
0
0
0
0
0
0
0
0
0
0
0
0
0
0
0
0
0
0
0
0
0
0
0
0
0
0
0
0
0
0
0
0
0
0
0
0
0
0
0
0
0
0
0
0
0
0
0
0
0
0
0
0
0
0
0
0
0
0
0
0
0
0
0
0
0
0
0
0
0
0
0
0
0
0
0
0
0
0
0
0
0
0
0
0
0
0
0
0
0
0
0
0
0
0
0
0
0
0
0
0
0
0
0
0
0
0
0
0
0
0
0
0
0
0
0
0
0
0
0
0
0
0
0
0
0
0
0
0
0
0
0
0
0
0
0
0
0
0
0
0
0
0
0
0
0
0
0
0
0
0
0
0
0
0
0
0
0
0
0
0
0
0
0
0
0
0
0
0
0
0
0
0
0
0
0
0
0
0
0
0
0
0
0
0
0
0
0
0
0
0
0
0
0
0
0
0
0
0
0
0
0
0
0
0
0
0
0
0
0
0
0
0
0
0
0
0
0
0
0
0
0
0
0
0
0
0
0
0
0
0
0
0
0
0
0
0
0
0
0
0
0
0
0
0
0
0
0
0
0
0
0
0
0
0
0
0
0
0
0
0
0
0
0
0
0
0
0
0
0
0
0
0
0
0
0
0
0
0
0
0
0
0
0
0
0
0
0
0
0
0
0
0
0
0
0
0
0
0
0
0
0
0
0
0
0
0
0
0
0
0
0
0
0
0
0
0
0
0
0
0
0
0
0
0
0
0
0
0
0
0
0
0
0
0
0
0
0
0
0
0
0
0
0
0
0
0
0
0
0
0
0
0
0
0
0
0
0
0
0
0
0
0
0
0
0
0
0
0
0
0
0
0
0
0
0
0
0
0
0
0
0
0
0
0
0
0
0
0
0
0
0
0
0
0
0
0
0
0
0
0
0
0
0
0
0
0
0
0
0
0
0
0
0
0
0
0
0
0
0
0
0
0
0
0
0
0
0
0
0
0
0
0
0
0
0
0
0
0
0
0
0
0
0
0
0
0
0
0
0
0
0
0
0
0
0
0
0
0
0
0
0
0
0
0
0
0
0
0
0
0
0
0
0
0
0
0
0
0
0
0
0
0
0
0
0
0
0
0
0
0
0
0
0
0
0
0
0
0
0
0
0
0
0
0
0
0
0
0
0
0
0
0
0
0
0
0
0
0
0
0
0
0
0
0
0
0
0
0
0
0
0
0
0
0
0
0
0
0
0
0
0
0
0
0
0
0
0
0
0
0
0
0
0
0
0
0
0
0
0
0
0
0
0
0
0
0
0
0
0
0
0
0
0
0
0
0
0
0
0
0
0
0
0
0
0
0
0
0
0
0
0
0
0
0
0
0
0
0
0
0
0
0
0
0
0
0
0
0
0
0
0
0
0
0
0
0
0
0
0
0
0
0
0
0
0
0
0
0
0
0
0
0
0
0
0
0
0
0
0
0
0
0
0
0
0
0
0
0
0
0
0
0
0
0
0
0
0
0
0
0
0
0
0
0
0
0
0
0
0
0
0
0
0
0
0
0
0
0
0
0
0
0
0
0
0
0
0
0
0
0
0
0
0
0
0
0
0
0
0
0
0
0
0
0
0
0
0
0
0
0
0
0
0
0
0
0
0
0
0
0
0
0
0
0
0
0
0
0
0
0
0
0
0
0
0
0
0
0
0
0
0
0
0
0
0
0
0
0
0
0
0
0
0
0
0
0
0
0
0
0
0
0
0
0
0
0
0
0
0
0
0
0
0
0
0
0
0
0
0
0
0
0
0
0
0
0
0
0
0
0
0
0
0
0
0
0
0
0
0
0
0
0
0
0
0
0
0
0
0
0
0
0
0
0
0
0
0
0
0
0
0
0
0
0
0
0
0
0
0
0
0
0
0
0
0
0
0
0
0
0
0
0
0
0
0
0
0
0
0
0
0
0
0
0
0
0
0
0
0
0
0
0
0
0
0
0
0
0
0
0
0
0
0
0
0
0
0
0
0
0
0
0
0
0
0
0
0
0
0
0
0
0
0
0
0
0
0
0
0
0
0
0
0
0
0
0
0
0
0
0
0
0
0
0
0
0
0
0
0
0
0
0
0
0
0
0
0
0
0
0
0
0
0
0
0
0
0
0
0
0
0
0
0
0
0
0
0
0
0
0
0
0
0
0
0
0
0
0
0
0
0
0
0
0
0
0
0
0
0
0
0
0
0
0
0
0
0
0
0
0
0
0
0
0
0
0
0
0
0
0
0
0
0
0
0
0
0
0
0
0
0
0
0
0
0
0
0
0
0
0
0
0
0
0
0
0
0
0
0
0
0
0
0
0
0
0
0
0
0
0
0
0
0
0
0
0
0
0
0
0
0
0
0
0
0
0
0
0
0
0
0
0
0
0
0
0
0
0
0
0
0
0
0
0
0
0
0
0
0
0
0
0
0
0
0
0
0
0
0
0
0
0
0
0
0
0
0
0
0
0
0
0
0
0
0
0
0
0
0
0
0
0
0
0
0
0
0
0
0
0
0
0
0
0
0
0
0
0
0
0
0
0
0
0
0
0
0
0
0
0
0
0
0
0
0
0
0
0
0
0
0
0
0
0
0
0
0
0
0
0
0
0
0
0
0
0
0
0
0
0
0
0
0
0
0
0
0
0
0
0
0
0
0
0
0
0
0
0
0
0
0
0
0
0
0
0
0
0
0
0
0
0
0
0
0
0
0
0
0
0
0
0
0
0
0
0
0
0
0
0
0
0
0
0
0
0
0
0
0
0
0
0
0
0
0
0
0
0
0
0
0
0
0
0
0
0
0
0
0
0
0
0
0
0
0
0
0
0
0
0
0
0
0
0
0
0
0
0
0
0
0
0
0
0
0
0
0
0
0
0
0
0
0
0
0
0
0
0
0
0
0
0
0
0
0
0
0
0
0
0
0
0
0
0
0
0
0
0
0
0
0
0
0
0
0
0
0
0
0
0
0
0
0
0
0
0
0
0
0
0
0
0
0
0
0
0
0
0
0
0
0
0
0
0
0
0
0
0
0
0
0
0
0
0
0
0
0
0
0
0
0
0
0
0
0
0
0
0
0
0
0
0
0
0
0
0
0
0
0
0
0
0
0
0
0
0
0
0
0
0
0
0
0
0
0
0
0
0
0
0
0
0
0
0
0
0
0
0
0
0
0
0
0
0
0
0
0
0
0
0
0
0
0
0
0
0
0
0
0
0
0
0
0
0
0
0
0
0
0
0
0
0
0
0
0
0
0
0
0
0
0
0
0
0
0
0
0
0
0
0
0
0
0
0
0
0
0
0
0
0
0
0
0
0
0
0
0
0
0
0
0
0
0
0
0
0
0
0
0
0
0
0
0
0
0
0
0
0
0
0
0
0
0
0
0
0
0
0
0
0
0
0
0
0
0
0
0
0
0
0
0
0
0
0
0
0
0
0
0
0
0
0
0
0
0
0
0
0
0
0
0
0
0
0
0
0
0
0
0
0
0
0
0
0
0
0
0
0
0
0
0
0
0
0
0
0
0
0
0
0
0
0
0
0
0
0
0
0
0
0
0
0
0
0
0
0
0
0
0
0
0
0
0
0
0
0
0
0
0
0
0
0
0
0
0
0
0
0
0
0
0
0
0
0
0
0
0
0
0
0
0
0
0
0
0
0
0
0
0
0
0
0
0
)
;

boundaryField
{
    interconnectSides
    {
        type            zeroGradient;
    }
    anodeSides
    {
        type            zeroGradient;
    }
    interconnect1
    {
        type            zeroGradient;
    }
    phiEA_to_phiE0
    {
        type            zeroGradient;
    }
    procBoundary2to1
    {
        type            processor;
        value           uniform 0;
    }
    procBoundary2to3
    {
        type            processor;
        value           uniform 0;
    }
}
)

// processor3

22362
(dimensions      [0 -3 0 0 0 1 0];

internalField   nonuniform List<scalar> 
5000
(
-9.461562e+08
-9.405133e+08
-9.462343e+08
-3.476701e+08
-9.2846e+08
-9.40589e+08
-3.459483e+08
-9.463167e+08
-3.477968e+08
-1.746477e+08
-9.087536e+08
-9.285305e+08
-3.422635e+08
-9.406687e+08
-3.460723e+08
-1.737514e+08
-9.464232e+08
-3.479166e+08
-1.747456e+08
-1.028311e+08
-8.808201e+08
-9.088149e+08
-3.362207e+08
-9.286045e+08
-3.423819e+08
-1.718302e+08
-9.407725e+08
-3.461892e+08
-1.738473e+08
-1.022318e+08
-9.465456e+08
-3.480484e+08
-1.748375e+08
-1.029104e+08
-7.459551e+07
-8.471992e+08
-8.808645e+08
-3.276246e+08
-9.088799e+08
-3.363307e+08
-1.686731e+08
-9.287023e+08
-3.42493e+08
-1.71922e+08
-1.00946e+08
-9.408919e+08
-3.463183e+08
-1.739371e+08
-1.023094e+08
-7.41115e+07
-9.467009e+08
-3.481769e+08
-1.749371e+08
-1.029847e+08
-7.466554e+07
0
-8.153321e+08
-8.47219e+08
-3.172547e+08
-8.809173e+08
-3.277224e+08
-1.641758e+08
-9.08968e+08
-3.364332e+08
-1.687588e+08
-9.883094e+07
-9.288149e+08
-3.426165e+08
-1.720075e+08
-1.010202e+08
-7.307222e+07
-9.410425e+08
-3.464438e+08
-1.740346e+08
-1.02382e+08
-7.418001e+07
0
-9.468608e+08
-3.483176e+08
-1.750324e+08
-1.030647e+08
-7.473112e+07
0
0
-7.899507e+08
-8.153351e+08
-3.074429e+08
-8.47258e+08
-3.173377e+08
-1.587566e+08
-8.809919e+08
-3.278144e+08
-1.642531e+08
-9.581853e+07
-9.090697e+08
-3.365484e+08
-1.688381e+08
-9.890021e+07
-7.136091e+07
-9.289563e+08
-3.42736e+08
-1.721009e+08
-1.010893e+08
-7.313769e+07
0
-9.412005e+08
-3.465812e+08
-1.741278e+08
-1.024603e+08
-7.424401e+07
0
0
-9.470752e+08
-3.484498e+08
-1.751347e+08
-1.031408e+08
-7.480155e+07
0
0
0
-7.728111e+08
-7.899561e+08
-2.996399e+08
-8.153608e+08
-3.075156e+08
-1.536604e+08
-8.473172e+08
-3.17419e+08
-1.588242e+08
-9.21991e+07
-8.810793e+08
-3.279191e+08
-1.643249e+08
-9.588113e+07
-6.892122e+07
-9.091992e+08
-3.36659e+08
-1.689256e+08
-9.896421e+07
-7.142189e+07
0
-9.291047e+08
-3.428668e+08
-1.721898e+08
-1.011643e+08
-7.319855e+07
0
0
-9.414126e+08
-3.467111e+08
-1.742278e+08
-1.025347e+08
-7.431292e+07
0
0
0
-9.472119e+08
-3.486037e+08
-1.752296e+08
-1.032219e+08
-7.486845e+07
0
0
0
0
-7.642541e+08
-7.728225e+08
-2.943752e+08
-7.899727e+08
-2.997116e+08
-1.496344e+08
-8.154053e+08
-3.075877e+08
-1.537213e+08
-8.88261e+07
-8.473891e+08
-3.175129e+08
-1.588885e+08
-9.225419e+07
-6.59907e+07
-8.811934e+08
-3.280189e+08
-1.644051e+08
-9.593906e+07
-6.897626e+07
0
-9.093315e+08
-3.36781e+08
-1.690081e+08
-9.903431e+07
-7.147821e+07
0
0
-9.293163e+08
-3.429901e+08
-1.722852e+08
-1.012351e+08
-7.326444e+07
0
0
0
-9.415438e+08
-3.468628e+08
-1.74321e+08
-1.026139e+08
-7.437825e+07
0
0
0
0
-9.473796e+08
-3.487095e+08
-1.753373e+08
-1.032967e+08
-7.493941e+07
0
0
0
0
0
-7.642553e+08
-7.642676e+08
-2.917473e+08
-7.728342e+08
-2.944484e+08
-1.469324e+08
-7.900047e+08
-2.997776e+08
-1.496943e+08
-8.61869e+07
-8.154656e+08
-3.076725e+08
-1.537795e+08
-8.887603e+07
-6.328037e+07
-8.474857e+08
-3.176019e+08
-1.589613e+08
-9.230611e+07
-6.603915e+07
0
-8.81308e+08
-3.281301e+08
-1.6448e+08
-9.600325e+07
-6.902714e+07
0
0
-9.095371e+08
-3.368941e+08
-1.690973e+08
-9.91001e+07
-7.153972e+07
0
0
0
-9.294359e+08
-3.43139e+08
-1.723738e+08
-1.013106e+08
-7.332661e+07
0
0
0
0
-9.41708e+08
-3.469654e+08
-1.74427e+08
-1.026873e+08
-7.444754e+07
0
0
0
0
0
-3.488106e+08
-1.754126e+08
-1.033806e+08
-7.500487e+07
0
0
0
0
0
0
-7.728151e+08
-7.642686e+08
-2.917478e+08
-7.642778e+08
-2.91821e+08
-1.455881e+08
-7.728587e+08
-2.945108e+08
-1.46993e+08
-8.442922e+07
-7.900578e+08
-2.998553e+08
-1.497483e+08
-8.62358e+07
-6.11771e+07
-8.155474e+08
-3.077535e+08
-1.538462e+08
-8.89231e+07
-6.332427e+07
0
-8.475823e+08
-3.177019e+08
-1.590288e+08
-9.236439e+07
-6.608464e+07
0
0
-8.814897e+08
-3.282317e+08
-1.645618e+08
-9.606293e+07
-6.908332e+07
0
0
0
-9.096432e+08
-3.37037e+08
-1.69179e+08
-9.917061e+07
-7.159731e+07
0
0
0
0
-9.295932e+08
-3.43235e+08
-1.724775e+08
-1.013804e+08
-7.339261e+07
0
0
0
0
0
-3.470646e+08
-1.745002e+08
-1.027698e+08
-7.451167e+07
0
0
0
0
0
0
-1.754809e+08
-1.0344e+08
-7.507782e+07
0
0
0
0
0
0
0
-7.899568e+08
-7.728245e+08
-2.94377e+08
-7.642777e+08
-2.918216e+08
-1.455884e+08
-7.64299e+08
-2.918819e+08
-1.45649e+08
-8.355889e+07
-7.729071e+08
-2.945843e+08
-1.470447e+08
-8.447848e+07
-5.978546e+07
-7.901293e+08
-2.999312e+08
-1.498106e+08
-8.627968e+07
-6.121996e+07
0
-8.15632e+08
-3.078446e+08
-1.539083e+08
-8.89767e+07
-6.336547e+07
0
0
-8.477401e+08
-3.177923e+08
-1.59103e+08
-9.241809e+07
-6.613552e+07
0
0
0
-8.815916e+08
-3.283615e+08
-1.646357e+08
-9.612748e+07
-6.913543e+07
0
0
0
0
-9.09791e+08
-3.371248e+08
-1.692783e+08
-9.923492e+07
-7.165883e+07
0
0
0
0
0
-3.433305e+08
-1.725464e+08
-1.014609e+08
-7.34535e+07
0
0
0
0
0
0
-1.745673e+08
-1.028275e+08
-7.458338e+07
0
0
0
0
0
0
0
-1.034925e+08
-7.512967e+07
0
0
0
0
0
0
0
0
-8.153369e+08
-7.899587e+08
-2.996426e+08
-7.728339e+08
-2.944497e+08
-1.469335e+08
-7.642989e+08
-2.918818e+08
-1.456494e+08
-8.355912e+07
-7.643446e+08
-2.919535e+08
-1.456996e+08
-8.360834e+07
-5.909916e+07
-7.729724e+08
-2.946568e+08
-1.471043e+08
-8.452049e+07
-5.98285e+07
0
-7.902093e+08
-3.000164e+08
-1.498693e+08
-8.632984e+07
-6.125834e+07
0
0
-8.157752e+08
-3.079274e+08
-1.539767e+08
-8.902605e+07
-6.341219e+07
0
0
0
-8.478355e+08
-3.179092e+08
-1.591694e+08
-9.247665e+07
-6.618229e+07
0
0
0
0
-8.817303e+08
-3.28444e+08
-1.647263e+08
-9.618558e+07
-6.919159e+07
0
0
0
0
0
-3.372148e+08
-1.693416e+08
-9.931163e+07
-7.171485e+07
0
0
0
0
0
0
-1.72611e+08
-1.015152e+08
-7.352322e+07
0
0
0
0
0
0
0
-1.028791e+08
-7.463374e+07
0
0
0
0
0
0
0
0
-7.517514e+07
0
0
0
0
0
0
0
0
0
-8.472044e+08
-8.153384e+08
-3.07445e+08
-7.899721e+08
-2.997134e+08
-1.49636e+08
-7.728586e+08
-2.945106e+08
-1.469939e+08
-8.442994e+07
-7.643433e+08
-2.919534e+08
-1.456996e+08
-8.360861e+07
-5.909935e+07
-7.644086e+08
-2.920239e+08
-1.45758e+08
-8.364951e+07
-5.91423e+07
0
-7.730536e+08
-2.947385e+08
-1.471607e+08
-8.456862e+07
-5.986521e+07
0
0
-7.903463e+08
-3.000954e+08
-1.499339e+08
-8.637648e+07
-6.130205e+07
0
0
0
-8.158661e+08
-3.080362e+08
-1.540379e+08
-8.908005e+07
-6.345507e+07
0
0
0
0
-8.479739e+08
-3.179859e+08
-1.592517e+08
-9.25288e+07
-6.62331e+07
0
0
0
0
0
-3.28528e+08
-1.647856e+08
-9.625558e+07
-6.924208e+07
0
0
0
0
0
0
-1.694027e+08
-9.936154e+07
-7.178112e+07
0
0
0
0
0
0
0
-1.015649e+08
-7.357061e+07
0
0
0
0
0
0
0
0
-7.467839e+07
0
0
0
0
0
0
0
0
0
0
0
0
0
0
0
0
0
0
0
-8.808254e+08
-8.472229e+08
-3.172572e+08
-8.153594e+08
-3.075178e+08
-1.536618e+08
-7.900043e+08
-2.997774e+08
-1.496955e+08
-8.618799e+07
-7.729027e+08
-2.945841e+08
-1.470446e+08
-8.447911e+07
-5.978605e+07
-7.644074e+08
-2.920229e+08
-1.457579e+08
-8.364946e+07
-5.914253e+07
0
-7.644891e+08
-2.921049e+08
-1.45813e+08
-8.369671e+07
-5.917828e+07
0
0
-7.731801e+08
-2.948167e+08
-1.472231e+08
-8.461352e+07
-5.990716e+07
0
0
0
-7.904263e+08
-3.002006e+08
-1.499924e+08
-8.642748e+07
-6.134248e+07
0
0
0
0
-8.160114e+08
-3.081092e+08
-1.54115e+08
-8.912809e+07
-6.350181e+07
0
0
0
0
0
-3.180663e+08
-1.593067e+08
-9.25923e+07
-6.627829e+07
0
0
0
0
0
0
-1.648426e+08
-9.630204e+07
-6.930242e+07
0
0
0
0
0
0
0
-9.940846e+07
-7.182465e+07
0
0
0
0
0
0
0
0
-7.361357e+07
0
0
0
0
0
0
0
0
0
0
0
0
0
0
0
0
0
0
0
0
0
0
0
0
0
0
0
0
0
-9.087588e+08
-8.808692e+08
-3.27627e+08
-8.472558e+08
-3.173404e+08
-1.587581e+08
-8.154039e+08
-3.075874e+08
-1.537229e+08
-8.882704e+07
-7.9005e+08
-2.998552e+08
-1.497482e+08
-8.623669e+07
-6.117799e+07
-7.729681e+08
-2.946537e+08
-1.471042e+08
-8.452041e+07
-5.982903e+07
0
-7.644879e+08
-2.921042e+08
-1.458123e+08
-8.369665e+07
-5.917823e+07
0
0
-7.646102e+08
-2.921819e+08
-1.45875e+08
-8.374049e+07
-5.92194e+07
0
0
0
-7.732506e+08
-2.949166e+08
-1.472809e+08
-8.46628e+07
-5.994604e+07
0
0
0
0
-7.905978e+08
-3.002672e+08
-1.500671e+08
-8.647336e+07
-6.138657e+07
0
0
0
0
0
-3.081887e+08
-1.541673e+08
-8.918743e+07
-6.354332e+07
0
0
0
0
0
0
-1.593607e+08
-9.26352e+07
-6.633286e+07
0
0
0
0
0
0
0
-9.634564e+07
-6.934276e+07
0
0
0
0
0
0
0
0
-7.186511e+07
0
0
0
0
0
0
0
0
0
0
0
0
0
0
0
0
0
0
0
0
0
0
0
0
0
0
0
0
0
0
0
0
0
0
0
0
0
0
0
-9.284656e+08
-9.088202e+08
-3.362232e+08
-8.80915e+08
-3.277254e+08
-1.641773e+08
-8.473144e+08
-3.174186e+08
-1.58826e+08
-9.220015e+07
-8.154546e+08
-3.076722e+08
-1.537793e+08
-8.887717e+07
-6.328113e+07
-7.901214e+08
-2.999264e+08
-1.498105e+08
-8.627962e+07
-6.122071e+07
0
-7.730499e+08
-2.947363e+08
-1.471586e+08
-8.456851e+07
-5.986515e+07
0
0
-7.646121e+08
-2.921811e+08
-1.458745e+08
-8.373994e+07
-5.921934e+07
0
0
0
-7.646769e+08
-2.922791e+08
-1.459319e+08
-8.378942e+07
-5.92573e+07
0
0
0
0
-7.734473e+08
-2.94978e+08
-1.473524e+08
-8.470792e+07
-5.99886e+07
0
0
0
0
0
-3.003543e+08
-1.501154e+08
-8.653078e+07
-6.142609e+07
0
0
0
0
0
0
-1.542198e+08
-8.922802e+07
-6.359416e+07
0
0
0
0
0
0
0
-9.267621e+07
-6.636994e+07
0
0
0
0
0
0
0
0
-6.938024e+07
0
0
0
0
0
0
0
0
0
0
0
0
0
0
0
0
0
0
0
0
0
0
0
0
0
0
0
0
0
0
0
0
0
0
0
0
0
0
0
0
0
0
0
0
0
0
0
0
0
-9.405192e+08
-9.285363e+08
-3.422662e+08
-9.088779e+08
-3.36334e+08
-1.686746e+08
-8.809883e+08
-3.27814e+08
-1.642551e+08
-9.581962e+07
-8.473752e+08
-3.175123e+08
-1.588884e+08
-9.225554e+07
-6.599156e+07
-8.155357e+08
-3.077473e+08
-1.538461e+08
-8.892304e+07
-6.332524e+07
0
-7.902027e+08
-3.000127e+08
-1.498661e+08
-8.632975e+07
-6.125829e+07
0
0
-7.731851e+08
-2.948143e+08
-1.472217e+08
-8.461192e+07
-5.990705e+07
0
0
0
-7.646721e+08
-2.922796e+08
-1.459313e+08
-8.378907e+07
-5.925683e+07
0
0
0
0
-7.648815e+08
-2.923386e+08
-1.460016e+08
-8.38338e+07
-5.929952e+07
0
0
0
0
0
-2.950731e+08
-1.473972e+08
-8.476293e+07
-6.002736e+07
0
0
0
0
0
0
-1.501714e+08
-8.656827e+07
-6.147514e+07
0
0
0
0
0
0
0
-8.926742e+07
-6.362907e+07
0
0
0
0
0
0
0
0
-6.640496e+07
0
0
0
0
0
0
0
0
0
0
0
0
0
0
0
0
0
0
0
0
0
0
0
0
0
0
0
0
0
0
0
0
0
0
0
0
0
0
0
0
0
0
0
0
0
0
0
0
0
0
0
0
0
0
0
0
0
0
0
-9.461624e+08
-9.405952e+08
-3.459512e+08
-9.286029e+08
-3.423856e+08
-1.718319e+08
-9.089637e+08
-3.36433e+08
-1.68761e+08
-9.883206e+07
-8.810637e+08
-3.279182e+08
-1.643248e+08
-9.588267e+07
-6.892213e+07
-8.474707e+08
-3.175946e+08
-1.58961e+08
-9.230604e+07
-6.604029e+07
0
-8.156226e+08
-3.078395e+08
-1.539043e+08
-8.897661e+07
-6.336543e+07
0
0
-7.903537e+08
-3.000916e+08
-1.499316e+08
-8.637408e+07
-6.130197e+07
0
0
0
-7.732365e+08
-2.949178e+08
-1.472792e+08
-8.466177e+07
-5.994468e+07
0
0
0
0
-7.648645e+08
-2.923367e+08
-1.460018e+08
-8.383336e+07
-5.929922e+07
0
0
0
0
0
-2.92436e+08
-1.460454e+08
-8.388757e+07
-5.933761e+07
0
0
0
0
0
0
-1.474574e+08
-8.47979e+07
-6.007433e+07
0
0
0
0
0
0
0
-8.660963e+07
-6.150737e+07
0
0
0
0
0
0
0
0
-6.366246e+07
0
0
0
0
0
0
0
0
0
0
0
0
0
0
0
0
0
0
0
0
0
0
0
0
0
0
0
0
0
0
0
0
0
0
0
0
0
0
0
0
0
0
0
0
0
0
0
0
0
0
0
0
0
0
0
0
0
0
0
0
0
0
0
0
0
0
0
0
0
-9.462407e+08
-3.476731e+08
-9.406674e+08
-3.460761e+08
-1.737532e+08
-9.286976e+08
-3.42493e+08
-1.719244e+08
-1.009472e+08
-9.090532e+08
-3.365472e+08
-1.688381e+08
-9.890191e+07
-7.136185e+07
-8.811766e+08
-3.28011e+08
-1.644047e+08
-9.593905e+07
-6.897757e+07
0
-8.475709e+08
-3.176954e+08
-1.590241e+08
-9.236424e+07
-6.60846e+07
0
0
-8.157821e+08
-3.079225e+08
-1.539736e+08
-8.902309e+07
-6.341213e+07
0
0
0
-7.904074e+08
-3.002026e+08
-1.499899e+08
-8.642582e+07
-6.134047e+07
0
0
0
0
-7.734069e+08
-2.949725e+08
-1.473528e+08
-8.470666e+07
-5.998774e+07
0
0
0
0
0
-2.924296e+08
-1.460442e+08
-8.388765e+07
-5.933724e+07
0
0
0
0
0
0
-1.461066e+08
-8.392168e+07
-5.938351e+07
0
0
0
0
0
0
0
-8.484172e+07
-6.010439e+07
0
0
0
0
0
0
0
0
-6.154206e+07
0
0
0
0
0
0
0
0
0
0
0
0
0
0
0
0
0
0
0
0
0
0
0
0
0
0
0
0
0
0
0
0
0
0
0
0
0
0
0
0
0
0
0
0
0
0
0
0
0
0
0
0
0
0
0
0
0
0
0
0
0
0
0
0
0
0
0
0
0
0
0
0
0
0
0
0
0
0
-9.463156e+08
-3.478007e+08
-1.746496e+08
-9.407676e+08
-3.461893e+08
-1.738498e+08
-1.022331e+08
-9.287981e+08
-3.426152e+08
-1.720076e+08
-1.010221e+08
-7.307325e+07
-9.091817e+08
-3.366506e+08
-1.68925e+08
-9.896427e+07
-7.142334e+07
0
-8.81296e+08
-3.281228e+08
-1.64475e+08
-9.600301e+07
-6.902714e+07
0
0
-8.477449e+08
-3.177866e+08
-1.590991e+08
-9.241467e+07
-6.613542e+07
0
0
0
-8.158443e+08
-3.080381e+08
-1.540347e+08
-8.907778e+07
-6.345258e+07
0
0
0
0
-7.905535e+08
-3.002599e+08
-1.50068e+08
-8.647143e+07
-6.138519e+07
0
0
0
0
0
-2.95058e+08
-1.47394e+08
-8.476313e+07
-6.00263e+07
0
0
0
0
0
0
-1.46103e+08
-8.392088e+07
-5.938356e+07
0
0
0
0
0
0
0
-8.396611e+07
-5.941282e+07
0
0
0
0
0
0
0
0
-6.014089e+07
0
0
0
0
0
0
0
0
0
0
0
0
0
0
0
0
0
0
0
0
0
0
0
0
0
0
0
0
0
0
0
0
0
0
0
0
0
0
0
0
0
0
0
0
0
0
0
0
0
0
0
0
0
0
0
0
0
0
0
0
0
0
0
0
0
0
0
0
0
0
0
0
0
0
0
0
0
0
0
0
0
0
0
0
0
0
-9.464181e+08
-3.479168e+08
-1.747482e+08
-1.028325e+08
-9.40875e+08
-3.463169e+08
-1.739373e+08
-1.023114e+08
-7.41126e+07
-9.289379e+08
-3.427274e+08
-1.721003e+08
-1.010894e+08
-7.313925e+07
0
-9.093197e+08
-3.367732e+08
-1.690028e+08
-9.903396e+07
-7.147829e+07
0
0
-8.814925e+08
-3.282256e+08
-1.645574e+08
-9.605917e+07
-6.908314e+07
0
0
0
-8.478123e+08
-3.179103e+08
-1.591657e+08
-9.247384e+07
-6.617941e+07
0
0
0
0
-8.159705e+08
-3.081008e+08
-1.541158e+08
-8.912569e+07
-6.349993e+07
0
0
0
0
0
-3.00338e+08
-1.501112e+08
-8.653126e+07
-6.142447e+07
0
0
0
0
0
0
-1.474489e+08
-8.47957e+07
-6.007445e+07
0
0
0
0
0
0
0
-8.396365e+07
-5.941217e+07
0
0
0
0
0
0
0
0
-5.944972e+07
0
0
0
0
0
0
0
0
0
0
0
0
0
0
0
0
0
0
0
0
0
0
0
0
0
0
0
0
0
0
0
0
0
0
0
0
0
0
0
0
0
0
0
0
0
0
0
0
0
0
0
0
0
0
0
0
0
0
0
0
0
0
0
0
0
0
0
0
0
0
0
0
0
0
0
0
0
0
0
0
0
0
0
0
0
0
0
0
0
0
0
0
0
-9.465288e+08
-3.480469e+08
-1.748378e+08
-1.029124e+08
-7.459665e+07
-9.410235e+08
-3.46435e+08
-1.740338e+08
-1.023822e+08
-7.418165e+07
0
-9.290909e+08
-3.428585e+08
-1.721842e+08
-1.011638e+08
-7.319868e+07
0
0
-9.09536e+08
-3.368878e+08
-1.690925e+08
-9.909611e+07
-7.153944e+07
0
0
0
-8.815684e+08
-3.283618e+08
-1.646318e+08
-9.612426e+07
-6.913227e+07
0
0
0
0
-8.479383e+08
-3.179771e+08
-1.592521e+08
-9.252608e+07
-6.623077e+07
0
0
0
0
0
-3.081734e+08
-1.541625e+08
-8.918787e+07
-6.35413e+07
0
0
0
0
0
0
-1.501623e+08
-8.656536e+07
-6.147548e+07
0
0
0
0
0
0
0
-8.483601e+07
-6.010261e+07
0
0
0
0
0
0
0
0
-5.944776e+07
0
0
0
0
0
0
0
0
0
0
0
0
0
0
0
0
0
0
0
0
0
0
0
0
0
0
0
0
0
0
0
0
0
0
0
0
0
0
0
0
0
0
0
0
0
0
0
0
0
0
0
0
0
0
0
0
0
0
0
0
0
0
0
0
0
0
0
0
0
0
0
0
0
0
0
0
0
0
0
0
0
0
0
0
0
0
0
0
0
0
0
0
0
0
0
0
0
0
0
-9.466818e+08
-3.48168e+08
-1.749363e+08
-1.029849e+08
-7.466722e+07
0
-9.411865e+08
-3.465724e+08
-1.741221e+08
-1.024598e+08
-7.424419e+07
0
0
-9.293127e+08
-3.429829e+08
-1.7228e+08
-1.01231e+08
-7.326409e+07
0
0
0
-9.096206e+08
-3.370356e+08
-1.69175e+08
-9.91671e+07
-7.159393e+07
0
0
0
0
-8.817032e+08
-3.284351e+08
-1.647262e+08
-9.618264e+07
-6.91889e+07
0
0
0
0
0
-3.180525e+08
-1.593016e+08
-9.259245e+07
-6.627599e+07
0
0
0
0
0
0
-1.542111e+08
-8.922467e+07
-6.359446e+07
0
0
0
0
0
0
0
-8.660341e+07
-6.1505e+07
0
0
0
0
0
0
0
0
-6.013631e+07
0
0
0
0
0
0
0
0
0
0
0
0
0
0
0
0
0
0
0
0
0
0
0
0
0
0
0
0
0
0
0
0
0
0
0
0
0
0
0
0
0
0
0
0
0
0
0
0
0
0
0
0
0
0
0
0
0
0
0
0
0
0
0
0
0
0
0
0
0
0
0
0
0
0
0
0
0
0
0
0
0
0
0
0
0
0
0
0
0
0
0
0
0
0
0
0
0
0
0
0
0
0
0
0
-9.468495e+08
-3.483087e+08
-1.750267e+08
-1.030641e+08
-7.473133e+07
0
0
-9.414089e+08
-3.467037e+08
-1.742223e+08
-1.025304e+08
-7.431251e+07
0
0
0
-9.294129e+08
-3.431365e+08
-1.723692e+08
-1.013068e+08
-7.332308e+07
0
0
0
0
-9.09766e+08
-3.371158e+08
-1.692772e+08
-9.923184e+07
-7.165587e+07
0
0
0
0
0
-3.285162e+08
-1.647804e+08
-9.625536e+07
-6.92396e+07
0
0
0
0
0
0
-1.593526e+08
-9.263165e+07
-6.633293e+07
0
0
0
0
0
0
0
-8.926143e+07
-6.362634e+07
0
0
0
0
0
0
0
0
-6.153706e+07
0
0
0
0
0
0
0
0
0
0
0
0
0
0
0
0
0
0
0
0
0
0
0
0
0
0
0
0
0
0
0
0
0
0
0
0
0
0
0
0
0
0
0
0
0
0
0
0
0
0
0
0
0
0
0
0
0
0
0
0
0
0
0
0
0
0
0
0
0
0
0
0
0
0
0
0
0
0
0
0
0
0
0
0
0
0
0
0
0
0
0
0
0
0
0
0
0
0
0
0
0
0
0
0
0
0
0
0
-9.470715e+08
-3.484433e+08
-1.751292e+08
-1.031365e+08
-7.48011e+07
0
0
0
-9.415209e+08
-3.468601e+08
-1.743161e+08
-1.026098e+08
-7.437462e+07
0
0
0
0
-9.295679e+08
-3.432256e+08
-1.724757e+08
-1.013769e+08
-7.33894e+07
0
0
0
0
0
-3.372032e+08
-1.693362e+08
-9.93107e+07
-7.171221e+07
0
0
0
0
0
0
-1.648353e+08
-9.629834e+07
-6.930218e+07
0
0
0
0
0
0
0
-9.267051e+07
-6.636702e+07
0
0
0
0
0
0
0
0
-6.36576e+07
0
0
0
0
0
0
0
0
0
0
0
0
0
0
0
0
0
0
0
0
0
0
0
0
0
0
0
0
0
0
0
0
0
0
0
0
0
0
0
0
0
0
0
0
0
0
0
0
0
0
0
0
0
0
0
0
0
0
0
0
0
0
0
0
0
0
0
0
0
0
0
0
0
0
0
0
0
0
0
0
0
0
0
0
0
0
0
0
0
0
0
0
0
0
0
0
0
0
0
0
0
0
0
0
0
0
0
0
0
0
0
-9.471893e+08
-3.486009e+08
-1.752253e+08
-1.032178e+08
-7.486478e+07
0
0
0
0
-9.41682e+08
-3.469558e+08
-1.74425e+08
-1.026836e+08
-7.444412e+07
0
0
0
0
0
-3.433182e+08
-1.725407e+08
-1.014594e+08
-7.345048e+07
0
0
0
0
0
0
-1.693953e+08
-9.935769e+07
-7.178029e+07
0
0
0
0
0
0
0
-9.634036e+07
-6.93397e+07
0
0
0
0
0
0
0
0
-6.640027e+07
0
0
0
0
0
0
0
0
0
0
0
0
0
0
0
0
0
0
0
0
0
0
0
0
0
0
0
0
0
0
0
0
0
0
0
0
0
0
0
0
0
0
0
0
0
0
0
0
0
0
0
0
0
0
0
0
0
0
0
0
0
0
0
0
0
0
0
0
0
0
0
0
0
0
0
0
0
0
0
0
0
0
0
0
0
0
0
0
0
0
0
0
0
0
0
0
0
0
0
0
0
0
0
0
0
0
0
0
0
0
0
0
0
-9.473536e+08
-3.486999e+08
-1.753352e+08
-1.032934e+08
-7.493593e+07
0
0
0
0
0
-3.470517e+08
-1.744944e+08
-1.027683e+08
-7.450853e+07
0
0
0
0
0
0
-1.726032e+08
-1.01511e+08
-7.352196e+07
0
0
0
0
0
0
0
-9.940301e+07
-7.182143e+07
0
0
0
0
0
0
0
0
-6.937581e+07
0
0
0
0
0
0
0
0
0
0
0
0
0
0
0
0
0
0
0
0
0
0
0
0
0
0
0
0
0
0
0
0
0
0
0
0
0
0
0
0
0
0
0
0
0
0
0
0
0
0
0
0
0
0
0
0
0
0
0
0
0
0
0
0
0
0
0
0
0
0
0
0
0
0
0
0
0
0
0
0
0
0
0
0
0
0
0
0
0
0
0
0
0
0
0
0
0
0
0
0
0
0
0
0
0
0
0
0
0
0
0
0
0
0
-3.487975e+08
-1.754068e+08
-1.03379e+08
-7.500199e+07
0
0
0
0
0
0
-1.74559e+08
-1.028232e+08
-7.4582e+07
0
0
0
0
0
0
0
-1.01559e+08
-7.356715e+07
0
0
0
0
0
0
0
0
-7.186049e+07
0
0
0
0
0
0
0
0
0
0
0
0
0
0
0
0
0
0
0
0
0
0
0
0
0
0
0
0
0
0
0
0
0
0
0
0
0
0
0
0
0
0
0
0
0
0
0
0
0
0
0
0
0
0
0
0
0
0
0
0
0
0
0
0
0
0
0
0
0
0
0
0
0
0
0
0
0
0
0
0
0
0
0
0
0
0
0
0
0
0
0
0
0
0
0
0
0
0
0
0
0
0
0
0
0
0
0
0
0
0
0
0
0
0
-1.754725e+08
-1.034357e+08
-7.50764e+07
0
0
0
0
0
0
0
-1.028729e+08
-7.463014e+07
0
0
0
0
0
0
0
0
-7.360857e+07
0
0
0
0
0
0
0
0
0
0
0
0
0
0
0
0
0
0
0
0
0
0
0
0
0
0
0
0
0
0
0
0
0
0
0
0
0
0
0
0
0
0
0
0
0
0
0
0
0
0
0
0
0
0
0
0
0
0
0
0
0
0
0
0
0
0
0
0
0
0
0
0
0
0
0
0
0
0
0
0
0
0
0
0
0
0
0
0
0
0
0
0
0
0
0
0
0
0
0
0
0
0
0
0
0
0
0
0
0
0
0
0
0
0
0
-1.034862e+08
-7.512602e+07
0
0
0
0
0
0
0
0
-7.467308e+07
0
0
0
0
0
0
0
0
0
0
0
0
0
0
0
0
0
0
0
0
0
0
0
0
0
0
0
0
0
0
0
0
0
0
0
0
0
0
0
0
0
0
0
0
0
0
0
0
0
0
0
0
0
0
0
0
0
0
0
0
0
0
0
0
0
0
0
0
0
0
0
0
0
0
0
0
0
0
0
0
0
0
0
0
0
0
0
0
0
0
0
0
0
0
0
0
0
0
0
0
0
0
0
0
0
0
0
0
0
0
0
0
0
0
0
0
0
-7.516972e+07
0
0
0
0
0
0
0
0
0
0
0
0
0
0
0
0
0
0
0
0
0
0
0
0
0
0
0
0
0
0
0
0
0
0
0
0
0
0
0
0
0
0
0
0
0
0
0
0
0
0
0
0
0
0
0
0
0
0
0
0
0
0
0
0
0
0
0
0
0
0
0
0
0
0
0
0
0
0
0
0
0
0
0
0
0
0
0
0
0
0
0
0
0
0
0
0
0
0
0
0
0
0
0
0
0
0
0
0
0
0
0
0
0
0
0
0
0
0
0
0
0
0
0
0
0
0
0
0
0
0
0
0
0
0
0
0
0
0
0
0
0
0
0
0
0
0
0
0
0
0
0
0
0
0
0
0
0
0
0
0
0
0
0
0
0
0
0
0
0
0
0
0
0
0
0
0
0
0
0
0
0
0
0
0
0
0
0
0
0
0
0
0
0
0
0
0
0
0
0
0
0
0
0
0
0
0
0
0
0
0
0
0
0
0
0
0
0
0
0
0
0
0
0
0
0
0
0
0
0
0
0
0
0
0
0
0
0
0
0
0
0
0
0
0
0
0
0
0
0
0
0
0
0
0
0
0
0
0
0
0
0
0
0
0
0
0
0
0
0
0
0
0
0
0
0
0
0
0
0
0
0
0
0
0
0
0
0
0
0
0
0
0
0
0
0
0
0
0
0
0
0
0
0
0
0
0
0
0
0
0
0
0
0
0
0
0
0
0
0
0
0
0
0
0
0
0
0
0
0
0
0
0
0
0
0
0
0
0
0
0
0
0
0
0
0
0
0
0
0
0
0
0
0
0
0
0
0
0
0
0
0
0
0
0
0
0
0
0
0
0
0
0
0
0
0
0
0
0
0
0
0
0
0
0
0
0
0
0
0
0
0
0
0
0
0
0
0
0
0
0
0
0
0
0
0
0
0
0
0
0
0
0
0
0
0
0
0
0
0
0
0
0
0
0
0
0
0
0
0
0
0
0
0
0
0
0
0
0
0
0
0
0
0
0
0
0
0
0
0
0
0
0
0
0
0
0
0
0
0
0
0
0
0
0
0
0
0
0
0
0
0
0
0
0
0
0
0
0
0
0
0
0
0
0
0
0
0
0
0
0
0
0
0
0
0
0
0
0
0
0
0
0
0
0
0
0
0
0
0
0
0
0
0
0
0
0
0
0
0
0
0
0
0
0
0
0
0
0
0
0
0
0
0
0
0
0
0
0
0
0
0
0
0
0
0
0
0
0
0
0
0
0
0
0
0
0
0
0
0
0
0
0
0
0
0
0
0
0
0
0
0
0
0
0
0
0
0
0
0
0
0
0
0
0
0
0
0
0
0
0
0
0
0
0
0
0
0
0
0
0
0
0
0
0
0
0
0
0
0
0
0
0
0
0
0
0
0
0
0
0
0
0
0
0
0
0
0
0
0
0
0
0
0
0
0
0
0
0
0
0
0
0
0
0
0
0
0
0
0
0
0
0
0
0
0
0
0
0
0
0
0
0
0
0
0
0
0
0
0
0
0
0
0
0
0
0
0
0
0
0
0
0
0
0
0
0
0
0
0
0
0
0
0
0
0
0
0
0
0
0
0
0
0
0
0
0
0
0
0
0
0
0
0
0
0
0
0
0
0
0
0
0
0
0
0
0
0
0
0
0
0
0
0
0
0
0
0
0
0
0
0
0
0
0
0
0
0
0
0
0
0
0
0
0
0
0
0
0
0
0
0
0
0
0
0
0
0
0
0
0
0
0
0
0
0
0
0
0
0
0
0
0
0
0
0
0
0
0
0
0
0
0
0
0
0
0
0
0
0
0
0
0
0
0
0
0
0
0
0
0
0
0
0
0
0
0
0
0
0
0
0
0
0
0
0
0
0
0
0
0
0
0
0
0
0
0
0
0
0
0
0
0
0
0
0
0
0
0
0
0
0
0
0
0
0
0
0
0
0
0
0
0
0
0
0
0
0
0
0
0
0
0
0
0
0
0
0
0
0
0
0
0
0
0
0
0
0
0
0
0
0
0
0
0
0
0
0
0
0
0
0
0
0
0
0
0
0
0
0
0
0
0
0
0
0
0
0
0
0
0
0
0
0
0
0
0
0
0
0
0
0
0
0
0
0
0
0
0
0
0
0
0
0
0
0
0
0
0
0
0
0
0
0
0
0
0
0
0
0
0
0
0
0
0
0
0
0
0
0
0
0
0
0
0
0
0
0
0
0
0
0
0
0
0
0
0
0
0
0
0
0
0
0
0
0
0
0
0
0
0
0
0
0
0
0
0
0
0
0
0
0
0
0
0
0
0
0
0
0
0
0
0
0
0
0
0
0
0
0
0
0
0
0
0
0
0
0
0
0
0
0
0
0
0
0
0
0
0
0
0
0
0
0
0
0
0
0
0
0
0
0
0
0
0
0
0
0
0
0
0
0
0
0
0
0
0
0
0
0
0
0
0
0
0
0
0
0
0
0
0
0
0
0
0
0
0
0
0
0
0
0
0
0
0
0
0
0
0
0
0
0
0
0
0
0
0
0
0
0
0
0
0
0
0
0
0
0
0
0
0
0
0
0
0
0
0
0
0
0
0
0
0
0
0
0
0
0
0
0
0
0
0
0
0
0
0
0
0
0
0
0
0
0
0
0
0
0
0
0
0
0
0
0
0
0
0
0
0
0
0
0
0
0
0
0
0
0
0
0
0
0
0
0
0
0
0
0
0
0
0
0
0
0
0
0
0
0
0
0
0
0
0
0
0
0
0
0
0
0
0
0
0
0
0
0
0
0
0
0
0
0
0
0
0
0
0
0
0
0
0
0
0
0
0
0
0
0
0
0
0
0
0
0
0
0
0
0
0
0
0
0
0
0
0
0
0
0
0
0
0
0
0
0
0
0
0
0
0
0
0
0
0
0
0
0
0
0
0
0
0
0
0
0
0
0
0
0
0
0
0
0
0
0
0
0
0
0
0
0
0
0
0
0
0
0
0
0
0
0
0
0
0
0
0
0
0
0
0
0
0
0
0
0
0
0
0
0
0
0
0
0
0
0
0
0
0
0
0
0
0
0
0
0
0
0
0
0
0
0
0
0
0
0
0
0
0
0
0
0
0
0
0
0
0
0
0
0
0
0
0
0
0
0
0
0
0
0
0
0
0
0
0
0
0
0
0
0
0
0
0
0
0
0
0
0
0
0
0
0
0
0
0
0
0
0
0
0
0
0
0
0
0
0
0
0
0
0
0
0
0
0
0
0
0
0
0
0
0
0
0
0
0
0
0
0
0
0
0
0
0
0
0
0
0
0
0
0
0
0
0
0
0
0
0
0
0
0
0
0
0
0
0
0
0
0
0
0
0
0
0
0
0
0
0
0
0
0
0
0
0
0
0
0
0
0
0
0
0
0
0
0
0
0
0
0
0
0
0
0
0
0
0
0
0
0
0
0
0
0
0
0
0
0
0
0
0
0
0
0
0
0
0
0
0
0
0
0
0
0
0
0
0
0
0
0
0
0
0
0
0
0
0
0
0
0
0
0
0
0
0
0
0
0
0
0
0
0
0
0
0
0
0
0
0
0
0
0
0
0
0
0
0
0
0
0
0
0
0
0
0
0
0
0
0
0
0
0
0
0
0
0
0
0
0
0
0
0
0
0
0
0
0
0
0
0
0
0
0
0
0
0
0
0
0
0
0
0
0
0
0
0
0
0
0
0
0
0
0
0
0
0
0
0
0
0
0
0
0
0
0
0
0
0
0
0
0
0
0
0
0
0
0
0
0
0
0
0
0
0
0
0
0
0
0
0
0
0
0
0
0
0
0
0
0
0
0
0
0
0
0
0
0
0
0
0
0
0
0
0
0
0
0
0
0
0
0
0
0
0
0
0
0
0
0
0
0
0
0
0
0
0
0
0
0
0
0
0
0
0
0
0
0
0
0
0
0
0
0
0
0
0
0
0
0
0
0
0
0
0
0
0
0
0
0
0
)
;

boundaryField
{
    interconnectSides
    {
        type            zeroGradient;
    }
    anodeSides
    {
        type            zeroGradient;
    }
    interconnect1
    {
        type            zeroGradient;
    }
    phiEA_to_phiE0
    {
        type            zeroGradient;
    }
    procBoundary3to2
    {
        type            processor;
        value           uniform 0;
    }
}
)

// processor4

373
(dimensions      [0 -3 0 0 0 1 0];

internalField   nonuniform List<scalar> 0();

boundaryField
{
    interconnectSides
    {
        type            zeroGradient;
    }
    anodeSides
    {
        type            zeroGradient;
    }
    interconnect1
    {
        type            zeroGradient;
    }
    phiEA_to_phiE0
    {
        type            zeroGradient;
    }
}
)

// processor5

373
(dimensions      [0 -3 0 0 0 1 0];

internalField   nonuniform List<scalar> 0();

boundaryField
{
    interconnectSides
    {
        type            zeroGradient;
    }
    anodeSides
    {
        type            zeroGradient;
    }
    interconnect1
    {
        type            zeroGradient;
    }
    phiEA_to_phiE0
    {
        type            zeroGradient;
    }
}
)

// processor6

373
(dimensions      [0 -3 0 0 0 1 0];

internalField   nonuniform List<scalar> 0();

boundaryField
{
    interconnectSides
    {
        type            zeroGradient;
    }
    anodeSides
    {
        type            zeroGradient;
    }
    interconnect1
    {
        type            zeroGradient;
    }
    phiEA_to_phiE0
    {
        type            zeroGradient;
    }
}
)

// processor7

373
(dimensions      [0 -3 0 0 0 1 0];

internalField   nonuniform List<scalar> 0();

boundaryField
{
    interconnectSides
    {
        type            zeroGradient;
    }
    anodeSides
    {
        type            zeroGradient;
    }
    interconnect1
    {
        type            zeroGradient;
    }
    phiEA_to_phiE0
    {
        type            zeroGradient;
    }
}
)
