/*--------------------------------*- C++ -*----------------------------------*\
| =========                 |                                                 |
| \\      /  F ield         | OpenFOAM: The Open Source CFD Toolbox           |
|  \\    /   O peration     | Version:  2306                                  |
|   \\  /    A nd           | Website:  www.openfoam.com                      |
|    \\/     M anipulation  |                                                 |
\*---------------------------------------------------------------------------*/
FoamFile
{
    version     2.0;
    format      binary;
    arch        "LSB;label=32;scalar=64";
    class       decomposedBlockData;
    object      cathode;
    data.format     ascii;
    data.class      cellSet;
}
// * * * * * * * * * * * * * * * * * * * * * * * * * * * * * * * * * * * * * //


// processor0

4962
(FoamFile
{
    version     2.0;
    format      ascii;
    arch        "LSB;label=32;scalar=64";
    class       cellSet;
    location    "constant/air/polyMesh/sets";
    object      cathode;
}

1000
(
2048
2055
2056
2057
2065
2066
2075
56
2125
2126
2127
2128
2129
2130
2131
2132
2133
85
2134
86
2135
87
2136
2137
2138
2139
2144
2145
2146
2147
2148
2153
2154
2155
2156
2157
2162
2163
2164
2165
2166
2171
2172
124
2173
125
2174
126
2175
127
128
129
2180
2181
2182
2183
2184
2190
2191
2192
2193
2200
2201
2202
2210
2211
2220
175
176
177
178
179
180
181
182
183
184
2275
2276
2277
2278
2279
2280
2281
2282
2283
2284
2285
2286
2287
2288
240
2289
241
2290
242
2291
243
2292
244
2293
245
246
247
248
249
2298
250
2299
251
2300
252
2301
253
2302
254
2307
2308
2309
2310
2311
2316
2317
2318
2319
2320
2325
2326
2327
2328
2329
2335
2336
2337
2338
2345
2346
2347
2355
2356
2365
318
319
320
321
322
323
324
325
326
327
328
329
330
331
332
333
334
335
336
337
2424
2425
2426
2427
2428
2429
2430
2431
2432
2433
2434
2435
2436
2437
2438
2439
2440
2442
2443
2444
2445
2446
400
2451
2452
2453
2454
2455
409
410
411
2460
412
2461
413
2462
414
2463
415
2464
416
417
418
419
420
2469
421
2470
422
2471
423
2472
424
2473
425
426
427
429
430
2479
431
2480
432
2481
433
2482
2489
2490
2491
2499
2500
2509
494
503
504
512
513
514
515
516
517
518
519
520
521
522
2571
523
2572
524
2573
525
2574
526
2575
527
2576
528
2577
2578
530
2579
531
2580
532
2581
533
2582
534
2583
2584
537
2586
538
2587
539
2588
540
2589
541
2590
2593
2594
2595
2596
2597
2602
2603
2604
2605
2606
2611
2612
2613
2614
2615
2621
2622
2623
2624
2631
2632
2633
2641
2642
599
2651
608
609
617
618
619
626
627
628
629
630
631
632
633
634
635
636
637
638
639
641
642
643
644
645
648
649
650
651
652
656
657
658
659
660
2715
2716
2717
2718
2719
2720
2721
2722
2723
2724
2726
2727
2728
2729
2730
2733
2734
2735
2736
2737
2741
2742
2743
2744
2745
2750
2751
2752
2753
2754
2760
2761
2762
714
2763
2770
2771
723
2772
724
2780
732
2781
733
734
741
2790
742
743
744
750
751
752
753
754
755
756
757
758
759
761
762
763
764
765
768
769
770
771
772
776
777
778
779
780
785
786
787
788
789
2855
2856
2857
2858
2859
2861
2862
2863
2864
2865
2868
2869
2870
2871
2872
2876
2877
2878
2879
2880
2885
2886
838
2887
2888
2889
2895
847
2896
848
2897
2898
856
2905
857
2906
858
2907
865
866
2915
867
2916
868
874
875
876
2925
877
878
883
884
885
886
887
889
890
891
892
893
896
897
898
899
900
904
905
906
907
908
913
914
915
916
917
923
924
925
926
2990
2991
2992
2993
2994
2997
2998
2999
3000
3001
3005
3006
3007
3008
3009
3014
3015
3016
3017
969
3018
3024
3025
3026
978
3027
979
3034
3035
987
3036
988
989
3044
996
3045
997
998
999
1005
3054
1006
1007
1008
1009
1014
1015
1016
1017
1018
1023
1024
1025
1026
1027
1030
1031
1032
1033
1034
1038
1039
1040
1041
1042
1047
1048
1049
1050
1051
1057
1058
1059
1060
1067
1068
1069
3119
3120
3121
3122
3123
3127
3128
3129
3130
3131
3136
3137
3138
3139
3140
3146
3147
3148
3149
1105
3156
3157
3158
1114
1115
3166
3167
1123
1124
1125
3176
1132
1133
1134
1135
1141
1142
1143
1144
1145
1150
1151
1152
1153
1154
1159
1160
1161
1162
1163
1168
1169
1170
1171
1172
1176
1177
1178
1179
1180
1185
1186
1187
1188
1189
3241
3242
3243
1195
3244
1196
3245
1197
1198
3250
3251
3252
3253
1205
3254
1206
1207
3260
3261
3262
3263
1215
1216
3270
3271
3272
3280
3281
3290
1244
1253
1254
1262
1263
1264
1271
1272
1273
1274
1280
1281
1282
1283
1284
1289
1290
1291
1292
1293
1298
1299
1300
1301
1302
3355
1307
3356
1308
3357
1309
3358
1310
3359
1311
1316
3365
1317
3366
1318
3367
1319
3368
1320
1325
1326
3375
1327
3376
1328
3377
1329
1335
1336
3385
1337
3386
1338
1345
1346
3395
1347
1355
1356
1365
1384
1393
1394
1402
1403
1404
1411
3460
1412
3461
1413
3462
1414
3463
1420
1421
3470
1422
3471
1423
3472
1424
1429
1430
1431
3480
1432
3481
1433
1438
1439
1440
1441
3490
1442
1447
1448
1449
1450
1451
1456
1457
1458
1459
1460
1465
1466
1467
1468
1469
1475
1476
1477
1478
1485
1486
1487
1495
1496
1505
3555
3556
3557
3565
3566
1525
3575
1534
1535
1543
1544
1545
1552
1553
1554
1555
1561
1562
1563
1564
1565
1570
1571
1572
1573
1574
1579
1580
1581
1582
1583
1588
1589
1590
1591
3640
1592
3641
1597
1598
1599
1600
1601
3650
1606
1607
1608
1609
1610
1616
1617
1618
1619
1626
1627
1628
1636
1637
1646
3715
1675
1676
1677
1685
1686
1687
1694
1695
1696
1697
1703
1704
1705
1706
1707
1712
1713
1714
1715
1716
1721
1722
1723
1724
1725
1730
1731
1732
1733
1734
1739
1740
1741
1742
1743
1748
1749
1750
1751
1752
1758
1759
1760
1761
1768
1769
1770
1778
1779
1788
1825
1826
1827
1828
1829
1830
1837
1838
1839
1840
1846
1847
1848
1849
1850
1855
1856
1857
1858
1859
1864
1865
1866
1867
1868
1873
1874
1875
1876
1877
1882
1883
1884
1885
1886
1891
1892
1893
1894
1895
1901
1902
1903
1904
1911
1912
1913
1921
1922
1931
1975
1976
1977
1978
1979
1980
1981
1982
1983
1984
1990
1991
1992
1993
1994
1999
2000
2001
2002
2003
2008
2009
2010
2011
2012
2017
2018
2019
2020
2021
2026
2027
2028
2029
2030
2035
2036
2037
2038
2039
2045
2046
2047
)
)

// processor1

4767
(
1000
(
2048
2055
2056
2057
2065
2066
2075
56
2125
2126
2127
2128
2129
2130
2131
2132
2133
85
2134
86
2135
87
2136
2137
2138
2139
2144
2145
2146
2147
2148
2153
2154
2155
2156
2157
2162
2163
2164
2165
2166
2171
2172
124
2173
125
2174
126
2175
127
128
129
2180
2181
2182
2183
2184
2190
2191
2192
2193
2200
2201
2202
2210
2211
2220
175
176
177
178
179
180
181
182
183
184
2275
2276
2277
2278
2279
2280
2281
2282
2283
2284
2285
2286
2287
2288
240
2289
241
2290
242
2291
243
2292
244
2293
245
246
247
248
249
2298
250
2299
251
2300
252
2301
253
2302
254
2307
2308
2309
2310
2311
2316
2317
2318
2319
2320
2325
2326
2327
2328
2329
2335
2336
2337
2338
2345
2346
2347
2355
2356
2365
318
319
320
321
322
323
324
325
326
327
328
329
330
331
332
333
334
335
336
337
2424
2425
2426
2427
2428
2429
2430
2431
2432
2433
2434
2435
2436
2437
2438
2439
2440
2442
2443
2444
2445
2446
400
2451
2452
2453
2454
2455
409
410
411
2460
412
2461
413
2462
414
2463
415
2464
416
417
418
419
420
2469
421
2470
422
2471
423
2472
424
2473
425
426
427
429
430
2479
431
2480
432
2481
433
2482
2489
2490
2491
2499
2500
2509
494
503
504
512
513
514
515
516
517
518
519
520
521
522
2571
523
2572
524
2573
525
2574
526
2575
527
2576
528
2577
2578
530
2579
531
2580
532
2581
533
2582
534
2583
2584
537
2586
538
2587
539
2588
540
2589
541
2590
2593
2594
2595
2596
2597
2602
2603
2604
2605
2606
2611
2612
2613
2614
2615
2621
2622
2623
2624
2631
2632
2633
2641
2642
599
2651
608
609
617
618
619
626
627
628
629
630
631
632
633
634
635
636
637
638
639
641
642
643
644
645
648
649
650
651
652
656
657
658
659
660
2715
2716
2717
2718
2719
2720
2721
2722
2723
2724
2726
2727
2728
2729
2730
2733
2734
2735
2736
2737
2741
2742
2743
2744
2745
2750
2751
2752
2753
2754
2760
2761
2762
714
2763
2770
2771
723
2772
724
2780
732
2781
733
734
741
2790
742
743
744
750
751
752
753
754
755
756
757
758
759
761
762
763
764
765
768
769
770
771
772
776
777
778
779
780
785
786
787
788
789
2855
2856
2857
2858
2859
2861
2862
2863
2864
2865
2868
2869
2870
2871
2872
2876
2877
2878
2879
2880
2885
2886
838
2887
2888
2889
2895
847
2896
848
2897
2898
856
2905
857
2906
858
2907
865
866
2915
867
2916
868
874
875
876
2925
877
878
883
884
885
886
887
889
890
891
892
893
896
897
898
899
900
904
905
906
907
908
913
914
915
916
917
923
924
925
926
2990
2991
2992
2993
2994
2997
2998
2999
3000
3001
3005
3006
3007
3008
3009
3014
3015
3016
3017
969
3018
3024
3025
3026
978
3027
979
3034
3035
987
3036
988
989
3044
996
3045
997
998
999
1005
3054
1006
1007
1008
1009
1014
1015
1016
1017
1018
1023
1024
1025
1026
1027
1030
1031
1032
1033
1034
1038
1039
1040
1041
1042
1047
1048
1049
1050
1051
1057
1058
1059
1060
1067
1068
1069
3119
3120
3121
3122
3123
3127
3128
3129
3130
3131
3136
3137
3138
3139
3140
3146
3147
3148
3149
1105
3156
3157
3158
1114
1115
3166
3167
1123
1124
1125
3176
1132
1133
1134
1135
1141
1142
1143
1144
1145
1150
1151
1152
1153
1154
1159
1160
1161
1162
1163
1168
1169
1170
1171
1172
1176
1177
1178
1179
1180
1185
1186
1187
1188
1189
3241
3242
3243
1195
3244
1196
3245
1197
1198
3250
3251
3252
3253
1205
3254
1206
1207
3260
3261
3262
3263
1215
1216
3270
3271
3272
3280
3281
3290
1244
1253
1254
1262
1263
1264
1271
1272
1273
1274
1280
1281
1282
1283
1284
1289
1290
1291
1292
1293
1298
1299
1300
1301
1302
3355
1307
3356
1308
3357
1309
3358
1310
3359
1311
1316
3365
1317
3366
1318
3367
1319
3368
1320
1325
1326
3375
1327
3376
1328
3377
1329
1335
1336
3385
1337
3386
1338
1345
1346
3395
1347
1355
1356
1365
1384
1393
1394
1402
1403
1404
1411
3460
1412
3461
1413
3462
1414
3463
1420
1421
3470
1422
3471
1423
3472
1424
1429
1430
1431
3480
1432
3481
1433
1438
1439
1440
1441
3490
1442
1447
1448
1449
1450
1451
1456
1457
1458
1459
1460
1465
1466
1467
1468
1469
1475
1476
1477
1478
1485
1486
1487
1495
1496
1505
3555
3556
3557
3565
3566
1525
3575
1534
1535
1543
1544
1545
1552
1553
1554
1555
1561
1562
1563
1564
1565
1570
1571
1572
1573
1574
1579
1580
1581
1582
1583
1588
1589
1590
1591
3640
1592
3641
1597
1598
1599
1600
1601
3650
1606
1607
1608
1609
1610
1616
1617
1618
1619
1626
1627
1628
1636
1637
1646
3715
1675
1676
1677
1685
1686
1687
1694
1695
1696
1697
1703
1704
1705
1706
1707
1712
1713
1714
1715
1716
1721
1722
1723
1724
1725
1730
1731
1732
1733
1734
1739
1740
1741
1742
1743
1748
1749
1750
1751
1752
1758
1759
1760
1761
1768
1769
1770
1778
1779
1788
1825
1826
1827
1828
1829
1830
1837
1838
1839
1840
1846
1847
1848
1849
1850
1855
1856
1857
1858
1859
1864
1865
1866
1867
1868
1873
1874
1875
1876
1877
1882
1883
1884
1885
1886
1891
1892
1893
1894
1895
1901
1902
1903
1904
1911
1912
1913
1921
1922
1931
1975
1976
1977
1978
1979
1980
1981
1982
1983
1984
1990
1991
1992
1993
1994
1999
2000
2001
2002
2003
2008
2009
2010
2011
2012
2017
2018
2019
2020
2021
2026
2027
2028
2029
2030
2035
2036
2037
2038
2039
2045
2046
2047
)
)

// processor2

4767
(
1000
(
2048
2055
2056
2057
2065
2066
2075
56
2125
2126
2127
2128
2129
2130
2131
2132
2133
85
2134
86
2135
87
2136
2137
2138
2139
2144
2145
2146
2147
2148
2153
2154
2155
2156
2157
2162
2163
2164
2165
2166
2171
2172
124
2173
125
2174
126
2175
127
128
129
2180
2181
2182
2183
2184
2190
2191
2192
2193
2200
2201
2202
2210
2211
2220
175
176
177
178
179
180
181
182
183
184
2275
2276
2277
2278
2279
2280
2281
2282
2283
2284
2285
2286
2287
2288
240
2289
241
2290
242
2291
243
2292
244
2293
245
246
247
248
249
2298
250
2299
251
2300
252
2301
253
2302
254
2307
2308
2309
2310
2311
2316
2317
2318
2319
2320
2325
2326
2327
2328
2329
2335
2336
2337
2338
2345
2346
2347
2355
2356
2365
318
319
320
321
322
323
324
325
326
327
328
329
330
331
332
333
334
335
336
337
2424
2425
2426
2427
2428
2429
2430
2431
2432
2433
2434
2435
2436
2437
2438
2439
2440
2442
2443
2444
2445
2446
400
2451
2452
2453
2454
2455
409
410
411
2460
412
2461
413
2462
414
2463
415
2464
416
417
418
419
420
2469
421
2470
422
2471
423
2472
424
2473
425
426
427
429
430
2479
431
2480
432
2481
433
2482
2489
2490
2491
2499
2500
2509
494
503
504
512
513
514
515
516
517
518
519
520
521
522
2571
523
2572
524
2573
525
2574
526
2575
527
2576
528
2577
2578
530
2579
531
2580
532
2581
533
2582
534
2583
2584
537
2586
538
2587
539
2588
540
2589
541
2590
2593
2594
2595
2596
2597
2602
2603
2604
2605
2606
2611
2612
2613
2614
2615
2621
2622
2623
2624
2631
2632
2633
2641
2642
599
2651
608
609
617
618
619
626
627
628
629
630
631
632
633
634
635
636
637
638
639
641
642
643
644
645
648
649
650
651
652
656
657
658
659
660
2715
2716
2717
2718
2719
2720
2721
2722
2723
2724
2726
2727
2728
2729
2730
2733
2734
2735
2736
2737
2741
2742
2743
2744
2745
2750
2751
2752
2753
2754
2760
2761
2762
714
2763
2770
2771
723
2772
724
2780
732
2781
733
734
741
2790
742
743
744
750
751
752
753
754
755
756
757
758
759
761
762
763
764
765
768
769
770
771
772
776
777
778
779
780
785
786
787
788
789
2855
2856
2857
2858
2859
2861
2862
2863
2864
2865
2868
2869
2870
2871
2872
2876
2877
2878
2879
2880
2885
2886
838
2887
2888
2889
2895
847
2896
848
2897
2898
856
2905
857
2906
858
2907
865
866
2915
867
2916
868
874
875
876
2925
877
878
883
884
885
886
887
889
890
891
892
893
896
897
898
899
900
904
905
906
907
908
913
914
915
916
917
923
924
925
926
2990
2991
2992
2993
2994
2997
2998
2999
3000
3001
3005
3006
3007
3008
3009
3014
3015
3016
3017
969
3018
3024
3025
3026
978
3027
979
3034
3035
987
3036
988
989
3044
996
3045
997
998
999
1005
3054
1006
1007
1008
1009
1014
1015
1016
1017
1018
1023
1024
1025
1026
1027
1030
1031
1032
1033
1034
1038
1039
1040
1041
1042
1047
1048
1049
1050
1051
1057
1058
1059
1060
1067
1068
1069
3119
3120
3121
3122
3123
3127
3128
3129
3130
3131
3136
3137
3138
3139
3140
3146
3147
3148
3149
1105
3156
3157
3158
1114
1115
3166
3167
1123
1124
1125
3176
1132
1133
1134
1135
1141
1142
1143
1144
1145
1150
1151
1152
1153
1154
1159
1160
1161
1162
1163
1168
1169
1170
1171
1172
1176
1177
1178
1179
1180
1185
1186
1187
1188
1189
3241
3242
3243
1195
3244
1196
3245
1197
1198
3250
3251
3252
3253
1205
3254
1206
1207
3260
3261
3262
3263
1215
1216
3270
3271
3272
3280
3281
3290
1244
1253
1254
1262
1263
1264
1271
1272
1273
1274
1280
1281
1282
1283
1284
1289
1290
1291
1292
1293
1298
1299
1300
1301
1302
3355
1307
3356
1308
3357
1309
3358
1310
3359
1311
1316
3365
1317
3366
1318
3367
1319
3368
1320
1325
1326
3375
1327
3376
1328
3377
1329
1335
1336
3385
1337
3386
1338
1345
1346
3395
1347
1355
1356
1365
1384
1393
1394
1402
1403
1404
1411
3460
1412
3461
1413
3462
1414
3463
1420
1421
3470
1422
3471
1423
3472
1424
1429
1430
1431
3480
1432
3481
1433
1438
1439
1440
1441
3490
1442
1447
1448
1449
1450
1451
1456
1457
1458
1459
1460
1465
1466
1467
1468
1469
1475
1476
1477
1478
1485
1486
1487
1495
1496
1505
3555
3556
3557
3565
3566
1525
3575
1534
1535
1543
1544
1545
1552
1553
1554
1555
1561
1562
1563
1564
1565
1570
1571
1572
1573
1574
1579
1580
1581
1582
1583
1588
1589
1590
1591
3640
1592
3641
1597
1598
1599
1600
1601
3650
1606
1607
1608
1609
1610
1616
1617
1618
1619
1626
1627
1628
1636
1637
1646
3715
1675
1676
1677
1685
1686
1687
1694
1695
1696
1697
1703
1704
1705
1706
1707
1712
1713
1714
1715
1716
1721
1722
1723
1724
1725
1730
1731
1732
1733
1734
1739
1740
1741
1742
1743
1748
1749
1750
1751
1752
1758
1759
1760
1761
1768
1769
1770
1778
1779
1788
1825
1826
1827
1828
1829
1830
1837
1838
1839
1840
1846
1847
1848
1849
1850
1855
1856
1857
1858
1859
1864
1865
1866
1867
1868
1873
1874
1875
1876
1877
1882
1883
1884
1885
1886
1891
1892
1893
1894
1895
1901
1902
1903
1904
1911
1912
1913
1921
1922
1931
1975
1976
1977
1978
1979
1980
1981
1982
1983
1984
1990
1991
1992
1993
1994
1999
2000
2001
2002
2003
2008
2009
2010
2011
2012
2017
2018
2019
2020
2021
2026
2027
2028
2029
2030
2035
2036
2037
2038
2039
2045
2046
2047
)
)

// processor3

4767
(
1000
(
2048
2055
2056
2057
2065
2066
2075
56
2125
2126
2127
2128
2129
2130
2131
2132
2133
85
2134
86
2135
87
2136
2137
2138
2139
2144
2145
2146
2147
2148
2153
2154
2155
2156
2157
2162
2163
2164
2165
2166
2171
2172
124
2173
125
2174
126
2175
127
128
129
2180
2181
2182
2183
2184
2190
2191
2192
2193
2200
2201
2202
2210
2211
2220
175
176
177
178
179
180
181
182
183
184
2275
2276
2277
2278
2279
2280
2281
2282
2283
2284
2285
2286
2287
2288
240
2289
241
2290
242
2291
243
2292
244
2293
245
246
247
248
249
2298
250
2299
251
2300
252
2301
253
2302
254
2307
2308
2309
2310
2311
2316
2317
2318
2319
2320
2325
2326
2327
2328
2329
2335
2336
2337
2338
2345
2346
2347
2355
2356
2365
318
319
320
321
322
323
324
325
326
327
328
329
330
331
332
333
334
335
336
337
2424
2425
2426
2427
2428
2429
2430
2431
2432
2433
2434
2435
2436
2437
2438
2439
2440
2442
2443
2444
2445
2446
400
2451
2452
2453
2454
2455
409
410
411
2460
412
2461
413
2462
414
2463
415
2464
416
417
418
419
420
2469
421
2470
422
2471
423
2472
424
2473
425
426
427
429
430
2479
431
2480
432
2481
433
2482
2489
2490
2491
2499
2500
2509
494
503
504
512
513
514
515
516
517
518
519
520
521
522
2571
523
2572
524
2573
525
2574
526
2575
527
2576
528
2577
2578
530
2579
531
2580
532
2581
533
2582
534
2583
2584
537
2586
538
2587
539
2588
540
2589
541
2590
2593
2594
2595
2596
2597
2602
2603
2604
2605
2606
2611
2612
2613
2614
2615
2621
2622
2623
2624
2631
2632
2633
2641
2642
599
2651
608
609
617
618
619
626
627
628
629
630
631
632
633
634
635
636
637
638
639
641
642
643
644
645
648
649
650
651
652
656
657
658
659
660
2715
2716
2717
2718
2719
2720
2721
2722
2723
2724
2726
2727
2728
2729
2730
2733
2734
2735
2736
2737
2741
2742
2743
2744
2745
2750
2751
2752
2753
2754
2760
2761
2762
714
2763
2770
2771
723
2772
724
2780
732
2781
733
734
741
2790
742
743
744
750
751
752
753
754
755
756
757
758
759
761
762
763
764
765
768
769
770
771
772
776
777
778
779
780
785
786
787
788
789
2855
2856
2857
2858
2859
2861
2862
2863
2864
2865
2868
2869
2870
2871
2872
2876
2877
2878
2879
2880
2885
2886
838
2887
2888
2889
2895
847
2896
848
2897
2898
856
2905
857
2906
858
2907
865
866
2915
867
2916
868
874
875
876
2925
877
878
883
884
885
886
887
889
890
891
892
893
896
897
898
899
900
904
905
906
907
908
913
914
915
916
917
923
924
925
926
2990
2991
2992
2993
2994
2997
2998
2999
3000
3001
3005
3006
3007
3008
3009
3014
3015
3016
3017
969
3018
3024
3025
3026
978
3027
979
3034
3035
987
3036
988
989
3044
996
3045
997
998
999
1005
3054
1006
1007
1008
1009
1014
1015
1016
1017
1018
1023
1024
1025
1026
1027
1030
1031
1032
1033
1034
1038
1039
1040
1041
1042
1047
1048
1049
1050
1051
1057
1058
1059
1060
1067
1068
1069
3119
3120
3121
3122
3123
3127
3128
3129
3130
3131
3136
3137
3138
3139
3140
3146
3147
3148
3149
1105
3156
3157
3158
1114
1115
3166
3167
1123
1124
1125
3176
1132
1133
1134
1135
1141
1142
1143
1144
1145
1150
1151
1152
1153
1154
1159
1160
1161
1162
1163
1168
1169
1170
1171
1172
1176
1177
1178
1179
1180
1185
1186
1187
1188
1189
3241
3242
3243
1195
3244
1196
3245
1197
1198
3250
3251
3252
3253
1205
3254
1206
1207
3260
3261
3262
3263
1215
1216
3270
3271
3272
3280
3281
3290
1244
1253
1254
1262
1263
1264
1271
1272
1273
1274
1280
1281
1282
1283
1284
1289
1290
1291
1292
1293
1298
1299
1300
1301
1302
3355
1307
3356
1308
3357
1309
3358
1310
3359
1311
1316
3365
1317
3366
1318
3367
1319
3368
1320
1325
1326
3375
1327
3376
1328
3377
1329
1335
1336
3385
1337
3386
1338
1345
1346
3395
1347
1355
1356
1365
1384
1393
1394
1402
1403
1404
1411
3460
1412
3461
1413
3462
1414
3463
1420
1421
3470
1422
3471
1423
3472
1424
1429
1430
1431
3480
1432
3481
1433
1438
1439
1440
1441
3490
1442
1447
1448
1449
1450
1451
1456
1457
1458
1459
1460
1465
1466
1467
1468
1469
1475
1476
1477
1478
1485
1486
1487
1495
1496
1505
3555
3556
3557
3565
3566
1525
3575
1534
1535
1543
1544
1545
1552
1553
1554
1555
1561
1562
1563
1564
1565
1570
1571
1572
1573
1574
1579
1580
1581
1582
1583
1588
1589
1590
1591
3640
1592
3641
1597
1598
1599
1600
1601
3650
1606
1607
1608
1609
1610
1616
1617
1618
1619
1626
1627
1628
1636
1637
1646
3715
1675
1676
1677
1685
1686
1687
1694
1695
1696
1697
1703
1704
1705
1706
1707
1712
1713
1714
1715
1716
1721
1722
1723
1724
1725
1730
1731
1732
1733
1734
1739
1740
1741
1742
1743
1748
1749
1750
1751
1752
1758
1759
1760
1761
1768
1769
1770
1778
1779
1788
1825
1826
1827
1828
1829
1830
1837
1838
1839
1840
1846
1847
1848
1849
1850
1855
1856
1857
1858
1859
1864
1865
1866
1867
1868
1873
1874
1875
1876
1877
1882
1883
1884
1885
1886
1891
1892
1893
1894
1895
1901
1902
1903
1904
1911
1912
1913
1921
1922
1931
1975
1976
1977
1978
1979
1980
1981
1982
1983
1984
1990
1991
1992
1993
1994
1999
2000
2001
2002
2003
2008
2009
2010
2011
2012
2017
2018
2019
2020
2021
2026
2027
2028
2029
2030
2035
2036
2037
2038
2039
2045
2046
2047
)
)

// processor4

3
(0())

// processor5

3
(0())

// processor6

3
(0())

// processor7

3
(0())
