/*--------------------------------*- C++ -*----------------------------------*\
| =========                 |                                                 |
| \\      /  F ield         | OpenFOAM: The Open Source CFD Toolbox           |
|  \\    /   O peration     | Version:  2306                                  |
|   \\  /    A nd           | Website:  www.openfoam.com                      |
|    \\/     M anipulation  |                                                 |
\*---------------------------------------------------------------------------*/
FoamFile
{
    version     2.0;
    format      binary;
    arch        "LSB;label=32;scalar=64";
    class       decomposedBlockData;
    object      ccl;
    data.format     ascii;
    data.class      cellSet;
}
// * * * * * * * * * * * * * * * * * * * * * * * * * * * * * * * * * * * * * //


// processor0

5200
(FoamFile
{
    version     2.0;
    format      ascii;
    arch        "LSB;label=32;scalar=64";
    class       cellSet;
    location    "constant/air/polyMesh/sets";
    object      ccl;
}

1000
(
2054
2063
2064
2072
2073
2074
2081
2082
2083
2084
2090
2091
2092
2093
2094
2099
2100
2101
2102
2103
2107
2108
2109
2110
2111
2114
2115
2116
2117
2118
2120
2121
2122
2123
2124
2199
2208
2209
2217
2218
2219
2226
2227
2228
2229
2235
2236
2237
2238
2239
2244
2245
2246
2247
2248
2252
2253
2254
2255
2256
2259
2260
2261
2262
2263
2265
2266
2267
2268
2269
2270
2271
2272
2273
2274
2344
2353
2354
2362
2363
2364
2371
2372
2373
2374
2380
2381
2382
2383
2384
2389
2390
2391
2392
2393
2397
2398
2399
2400
2401
2404
2405
2406
2407
2408
2410
2411
2412
2413
2414
2415
2416
2417
2418
2419
2420
2421
2422
2423
2488
2497
2498
2506
2507
2508
2515
2516
2517
2518
2524
2525
2526
2527
2528
2533
2534
2535
2536
2537
2541
2542
2543
2544
2545
2548
2549
2550
2551
2552
2554
2555
2556
2557
2558
2559
2560
2561
2562
2563
2564
2565
2566
2567
2568
2569
2570
2630
2639
2640
2648
2649
2650
2657
2658
2659
2660
2666
2667
2668
2669
2670
2675
2676
2677
2678
2679
2683
2684
2685
2686
2687
2690
2691
2692
2693
2694
2696
2697
2698
2699
2700
2701
2702
2703
2704
2705
2706
2707
2708
2709
2710
2711
2712
2713
2714
2769
2778
2779
2787
2788
2789
2796
2797
2798
2799
2805
2806
2807
2808
2809
2814
2815
2816
2817
2818
2822
2823
2824
2825
2826
2829
2830
2831
2832
2833
2835
2836
2837
2838
2839
2840
2841
2842
2843
2844
2845
2846
2847
2848
2849
2850
2851
2852
2853
2854
2904
2913
2914
2922
2923
2924
2931
2932
2933
2934
2940
2941
2942
2943
2944
2949
2950
2951
2952
2953
2957
2958
2959
2960
2961
2964
2965
2966
2967
2968
2970
2971
2972
2973
2974
2975
2976
2977
2978
2979
2980
932
2981
2982
2983
2984
2985
2986
2987
2988
2989
3033
3042
3043
3051
3052
3053
3060
3061
3062
3063
3069
3070
3071
3072
3073
3078
3079
3080
3081
3082
3086
3087
3088
3089
3090
3093
3094
3095
3096
3097
3099
3100
3101
3102
3103
3104
3105
3106
3107
3108
3109
3110
3111
3112
3113
3114
1066
3115
3116
3117
3118
1075
1076
3155
3164
3165
3173
3174
3175
3182
3183
3184
3185
3191
3192
3193
3194
3195
3200
3201
3202
3203
3204
3208
3209
3210
3211
3212
3215
3216
3217
3218
3219
3221
3222
3223
3224
3225
3226
3227
3228
3229
3230
3231
3232
3233
3234
3235
3236
3237
3238
3239
3240
1204
1213
1214
3269
1222
1223
1224
3278
3279
3287
3288
3289
3296
3297
3298
3299
3305
3306
3307
3308
3309
3314
3315
3316
3317
3318
3322
3323
3324
3325
3326
3329
3330
3331
3332
3333
3335
3336
3337
3338
3339
3340
3341
3342
3343
3344
3345
3346
3347
3348
3349
3350
3351
3352
3353
3354
3374
3383
3384
3392
1344
3393
3394
3401
1353
3402
1354
3403
3404
3410
1362
3411
1363
3412
1364
3413
3414
3419
1371
3420
1372
3421
1373
3422
1374
3423
3427
3428
3429
3430
3431
3434
3435
3436
3437
3438
3440
3441
3442
3443
3444
3445
3446
3447
3448
3449
3450
3451
3452
3453
3454
3455
3456
3457
3458
3459
3469
3478
3479
3487
3488
3489
3496
3497
3498
3499
3505
3506
3507
3508
3509
3514
3515
3516
3517
3518
3522
3523
3524
3525
3526
3529
3530
3531
3532
1484
3533
3535
3536
3537
3538
3539
3540
3541
1493
3542
1494
3543
3544
3545
3546
3547
3548
3549
3550
1502
3551
1503
3552
1504
3553
3554
1511
1512
1513
1514
3563
3564
1520
1521
1522
1523
3572
1524
3573
3574
3581
3582
3583
3584
3590
3591
3592
3593
3594
3599
3600
3601
3602
3603
3607
3608
3609
3610
3611
3614
3615
3616
3617
3618
3620
3621
3622
3623
3624
3625
3626
3627
3628
3629
3630
3631
3632
3633
3634
3635
3636
3637
3638
3639
3647
3648
3649
3656
3657
3658
3659
3665
3666
3667
3668
3669
1625
3674
3675
3676
3677
3678
3682
1634
3683
1635
3684
3685
3686
3689
3690
3691
1643
3692
1644
3693
1645
3695
3696
3697
3698
3699
3700
1652
3701
1653
3702
1654
3703
1655
3704
3705
3706
3707
3708
3709
1661
3710
1662
3711
1663
3712
1664
3713
1665
3714
1670
1671
1672
3721
1673
3722
1674
3723
3724
3730
3731
3732
3733
3734
3739
3740
3741
3742
3743
3747
3748
3749
3750
3751
3754
3755
3756
3757
3758
3760
3761
3762
3763
3764
3765
3766
3767
3768
3769
3770
3771
3772
3773
3774
3775
3776
3777
3778
3779
3785
3786
3787
3788
3789
3794
3795
3796
3797
3798
3802
3803
3804
3805
3806
3809
3810
3811
3812
3813
3815
1767
3816
3817
3818
3819
3820
3821
3822
3823
3824
1776
3825
1777
3826
3827
3828
3829
3830
3831
3832
3833
1785
3834
1786
1787
3839
3840
3841
3842
1794
3843
1795
1796
1797
3847
3848
3849
3850
3851
1803
1804
1805
3854
1806
3855
1807
3856
3857
3858
3860
1812
3861
1813
3862
1814
3863
1815
3864
1816
3865
3866
3867
3868
1820
3869
1821
3870
1822
3871
1823
3872
1824
3873
3874
3875
3876
3877
3878
3879
3883
3884
3885
3886
3887
3890
3891
3892
3893
3894
3896
3897
3898
3899
3900
3901
3902
3903
3904
3905
3906
3907
3908
3909
3910
3911
3912
3913
3914
3915
3918
3919
3920
3921
3922
3924
3925
3926
3927
3928
3929
3930
3931
3932
3933
3934
3935
3936
3937
3938
3939
3940
3941
3942
3943
3945
3946
3947
3948
3949
3950
3951
3952
3953
3954
3955
3956
3957
3958
1910
3959
3960
3961
3962
3963
3964
3965
3966
3967
1919
3968
1920
3969
3970
3971
3972
3973
3974
3975
3976
1928
3977
1929
3978
1930
3979
3980
3981
3982
3983
3984
3985
1937
3986
1938
3987
1939
3988
1940
3989
3990
3991
3992
3993
3994
1946
3995
1947
3996
1948
3997
1949
3998
1950
3999
1955
1956
1957
1958
1959
1963
1964
1965
1966
1967
1970
1971
1972
1973
1974
)
)

// processor1

5009
(
1000
(
2054
2063
2064
2072
2073
2074
2081
2082
2083
2084
2090
2091
2092
2093
2094
2099
2100
2101
2102
2103
2107
2108
2109
2110
2111
2114
2115
2116
2117
2118
2120
2121
2122
2123
2124
2199
2208
2209
2217
2218
2219
2226
2227
2228
2229
2235
2236
2237
2238
2239
2244
2245
2246
2247
2248
2252
2253
2254
2255
2256
2259
2260
2261
2262
2263
2265
2266
2267
2268
2269
2270
2271
2272
2273
2274
2344
2353
2354
2362
2363
2364
2371
2372
2373
2374
2380
2381
2382
2383
2384
2389
2390
2391
2392
2393
2397
2398
2399
2400
2401
2404
2405
2406
2407
2408
2410
2411
2412
2413
2414
2415
2416
2417
2418
2419
2420
2421
2422
2423
2488
2497
2498
2506
2507
2508
2515
2516
2517
2518
2524
2525
2526
2527
2528
2533
2534
2535
2536
2537
2541
2542
2543
2544
2545
2548
2549
2550
2551
2552
2554
2555
2556
2557
2558
2559
2560
2561
2562
2563
2564
2565
2566
2567
2568
2569
2570
2630
2639
2640
2648
2649
2650
2657
2658
2659
2660
2666
2667
2668
2669
2670
2675
2676
2677
2678
2679
2683
2684
2685
2686
2687
2690
2691
2692
2693
2694
2696
2697
2698
2699
2700
2701
2702
2703
2704
2705
2706
2707
2708
2709
2710
2711
2712
2713
2714
2769
2778
2779
2787
2788
2789
2796
2797
2798
2799
2805
2806
2807
2808
2809
2814
2815
2816
2817
2818
2822
2823
2824
2825
2826
2829
2830
2831
2832
2833
2835
2836
2837
2838
2839
2840
2841
2842
2843
2844
2845
2846
2847
2848
2849
2850
2851
2852
2853
2854
2904
2913
2914
2922
2923
2924
2931
2932
2933
2934
2940
2941
2942
2943
2944
2949
2950
2951
2952
2953
2957
2958
2959
2960
2961
2964
2965
2966
2967
2968
2970
2971
2972
2973
2974
2975
2976
2977
2978
2979
2980
932
2981
2982
2983
2984
2985
2986
2987
2988
2989
3033
3042
3043
3051
3052
3053
3060
3061
3062
3063
3069
3070
3071
3072
3073
3078
3079
3080
3081
3082
3086
3087
3088
3089
3090
3093
3094
3095
3096
3097
3099
3100
3101
3102
3103
3104
3105
3106
3107
3108
3109
3110
3111
3112
3113
3114
1066
3115
3116
3117
3118
1075
1076
3155
3164
3165
3173
3174
3175
3182
3183
3184
3185
3191
3192
3193
3194
3195
3200
3201
3202
3203
3204
3208
3209
3210
3211
3212
3215
3216
3217
3218
3219
3221
3222
3223
3224
3225
3226
3227
3228
3229
3230
3231
3232
3233
3234
3235
3236
3237
3238
3239
3240
1204
1213
1214
3269
1222
1223
1224
3278
3279
3287
3288
3289
3296
3297
3298
3299
3305
3306
3307
3308
3309
3314
3315
3316
3317
3318
3322
3323
3324
3325
3326
3329
3330
3331
3332
3333
3335
3336
3337
3338
3339
3340
3341
3342
3343
3344
3345
3346
3347
3348
3349
3350
3351
3352
3353
3354
3374
3383
3384
3392
1344
3393
3394
3401
1353
3402
1354
3403
3404
3410
1362
3411
1363
3412
1364
3413
3414
3419
1371
3420
1372
3421
1373
3422
1374
3423
3427
3428
3429
3430
3431
3434
3435
3436
3437
3438
3440
3441
3442
3443
3444
3445
3446
3447
3448
3449
3450
3451
3452
3453
3454
3455
3456
3457
3458
3459
3469
3478
3479
3487
3488
3489
3496
3497
3498
3499
3505
3506
3507
3508
3509
3514
3515
3516
3517
3518
3522
3523
3524
3525
3526
3529
3530
3531
3532
1484
3533
3535
3536
3537
3538
3539
3540
3541
1493
3542
1494
3543
3544
3545
3546
3547
3548
3549
3550
1502
3551
1503
3552
1504
3553
3554
1511
1512
1513
1514
3563
3564
1520
1521
1522
1523
3572
1524
3573
3574
3581
3582
3583
3584
3590
3591
3592
3593
3594
3599
3600
3601
3602
3603
3607
3608
3609
3610
3611
3614
3615
3616
3617
3618
3620
3621
3622
3623
3624
3625
3626
3627
3628
3629
3630
3631
3632
3633
3634
3635
3636
3637
3638
3639
3647
3648
3649
3656
3657
3658
3659
3665
3666
3667
3668
3669
1625
3674
3675
3676
3677
3678
3682
1634
3683
1635
3684
3685
3686
3689
3690
3691
1643
3692
1644
3693
1645
3695
3696
3697
3698
3699
3700
1652
3701
1653
3702
1654
3703
1655
3704
3705
3706
3707
3708
3709
1661
3710
1662
3711
1663
3712
1664
3713
1665
3714
1670
1671
1672
3721
1673
3722
1674
3723
3724
3730
3731
3732
3733
3734
3739
3740
3741
3742
3743
3747
3748
3749
3750
3751
3754
3755
3756
3757
3758
3760
3761
3762
3763
3764
3765
3766
3767
3768
3769
3770
3771
3772
3773
3774
3775
3776
3777
3778
3779
3785
3786
3787
3788
3789
3794
3795
3796
3797
3798
3802
3803
3804
3805
3806
3809
3810
3811
3812
3813
3815
1767
3816
3817
3818
3819
3820
3821
3822
3823
3824
1776
3825
1777
3826
3827
3828
3829
3830
3831
3832
3833
1785
3834
1786
1787
3839
3840
3841
3842
1794
3843
1795
1796
1797
3847
3848
3849
3850
3851
1803
1804
1805
3854
1806
3855
1807
3856
3857
3858
3860
1812
3861
1813
3862
1814
3863
1815
3864
1816
3865
3866
3867
3868
1820
3869
1821
3870
1822
3871
1823
3872
1824
3873
3874
3875
3876
3877
3878
3879
3883
3884
3885
3886
3887
3890
3891
3892
3893
3894
3896
3897
3898
3899
3900
3901
3902
3903
3904
3905
3906
3907
3908
3909
3910
3911
3912
3913
3914
3915
3918
3919
3920
3921
3922
3924
3925
3926
3927
3928
3929
3930
3931
3932
3933
3934
3935
3936
3937
3938
3939
3940
3941
3942
3943
3945
3946
3947
3948
3949
3950
3951
3952
3953
3954
3955
3956
3957
3958
1910
3959
3960
3961
3962
3963
3964
3965
3966
3967
1919
3968
1920
3969
3970
3971
3972
3973
3974
3975
3976
1928
3977
1929
3978
1930
3979
3980
3981
3982
3983
3984
3985
1937
3986
1938
3987
1939
3988
1940
3989
3990
3991
3992
3993
3994
1946
3995
1947
3996
1948
3997
1949
3998
1950
3999
1955
1956
1957
1958
1959
1963
1964
1965
1966
1967
1970
1971
1972
1973
1974
)
)

// processor2

5009
(
1000
(
2054
2063
2064
2072
2073
2074
2081
2082
2083
2084
2090
2091
2092
2093
2094
2099
2100
2101
2102
2103
2107
2108
2109
2110
2111
2114
2115
2116
2117
2118
2120
2121
2122
2123
2124
2199
2208
2209
2217
2218
2219
2226
2227
2228
2229
2235
2236
2237
2238
2239
2244
2245
2246
2247
2248
2252
2253
2254
2255
2256
2259
2260
2261
2262
2263
2265
2266
2267
2268
2269
2270
2271
2272
2273
2274
2344
2353
2354
2362
2363
2364
2371
2372
2373
2374
2380
2381
2382
2383
2384
2389
2390
2391
2392
2393
2397
2398
2399
2400
2401
2404
2405
2406
2407
2408
2410
2411
2412
2413
2414
2415
2416
2417
2418
2419
2420
2421
2422
2423
2488
2497
2498
2506
2507
2508
2515
2516
2517
2518
2524
2525
2526
2527
2528
2533
2534
2535
2536
2537
2541
2542
2543
2544
2545
2548
2549
2550
2551
2552
2554
2555
2556
2557
2558
2559
2560
2561
2562
2563
2564
2565
2566
2567
2568
2569
2570
2630
2639
2640
2648
2649
2650
2657
2658
2659
2660
2666
2667
2668
2669
2670
2675
2676
2677
2678
2679
2683
2684
2685
2686
2687
2690
2691
2692
2693
2694
2696
2697
2698
2699
2700
2701
2702
2703
2704
2705
2706
2707
2708
2709
2710
2711
2712
2713
2714
2769
2778
2779
2787
2788
2789
2796
2797
2798
2799
2805
2806
2807
2808
2809
2814
2815
2816
2817
2818
2822
2823
2824
2825
2826
2829
2830
2831
2832
2833
2835
2836
2837
2838
2839
2840
2841
2842
2843
2844
2845
2846
2847
2848
2849
2850
2851
2852
2853
2854
2904
2913
2914
2922
2923
2924
2931
2932
2933
2934
2940
2941
2942
2943
2944
2949
2950
2951
2952
2953
2957
2958
2959
2960
2961
2964
2965
2966
2967
2968
2970
2971
2972
2973
2974
2975
2976
2977
2978
2979
2980
932
2981
2982
2983
2984
2985
2986
2987
2988
2989
3033
3042
3043
3051
3052
3053
3060
3061
3062
3063
3069
3070
3071
3072
3073
3078
3079
3080
3081
3082
3086
3087
3088
3089
3090
3093
3094
3095
3096
3097
3099
3100
3101
3102
3103
3104
3105
3106
3107
3108
3109
3110
3111
3112
3113
3114
1066
3115
3116
3117
3118
1075
1076
3155
3164
3165
3173
3174
3175
3182
3183
3184
3185
3191
3192
3193
3194
3195
3200
3201
3202
3203
3204
3208
3209
3210
3211
3212
3215
3216
3217
3218
3219
3221
3222
3223
3224
3225
3226
3227
3228
3229
3230
3231
3232
3233
3234
3235
3236
3237
3238
3239
3240
1204
1213
1214
3269
1222
1223
1224
3278
3279
3287
3288
3289
3296
3297
3298
3299
3305
3306
3307
3308
3309
3314
3315
3316
3317
3318
3322
3323
3324
3325
3326
3329
3330
3331
3332
3333
3335
3336
3337
3338
3339
3340
3341
3342
3343
3344
3345
3346
3347
3348
3349
3350
3351
3352
3353
3354
3374
3383
3384
3392
1344
3393
3394
3401
1353
3402
1354
3403
3404
3410
1362
3411
1363
3412
1364
3413
3414
3419
1371
3420
1372
3421
1373
3422
1374
3423
3427
3428
3429
3430
3431
3434
3435
3436
3437
3438
3440
3441
3442
3443
3444
3445
3446
3447
3448
3449
3450
3451
3452
3453
3454
3455
3456
3457
3458
3459
3469
3478
3479
3487
3488
3489
3496
3497
3498
3499
3505
3506
3507
3508
3509
3514
3515
3516
3517
3518
3522
3523
3524
3525
3526
3529
3530
3531
3532
1484
3533
3535
3536
3537
3538
3539
3540
3541
1493
3542
1494
3543
3544
3545
3546
3547
3548
3549
3550
1502
3551
1503
3552
1504
3553
3554
1511
1512
1513
1514
3563
3564
1520
1521
1522
1523
3572
1524
3573
3574
3581
3582
3583
3584
3590
3591
3592
3593
3594
3599
3600
3601
3602
3603
3607
3608
3609
3610
3611
3614
3615
3616
3617
3618
3620
3621
3622
3623
3624
3625
3626
3627
3628
3629
3630
3631
3632
3633
3634
3635
3636
3637
3638
3639
3647
3648
3649
3656
3657
3658
3659
3665
3666
3667
3668
3669
1625
3674
3675
3676
3677
3678
3682
1634
3683
1635
3684
3685
3686
3689
3690
3691
1643
3692
1644
3693
1645
3695
3696
3697
3698
3699
3700
1652
3701
1653
3702
1654
3703
1655
3704
3705
3706
3707
3708
3709
1661
3710
1662
3711
1663
3712
1664
3713
1665
3714
1670
1671
1672
3721
1673
3722
1674
3723
3724
3730
3731
3732
3733
3734
3739
3740
3741
3742
3743
3747
3748
3749
3750
3751
3754
3755
3756
3757
3758
3760
3761
3762
3763
3764
3765
3766
3767
3768
3769
3770
3771
3772
3773
3774
3775
3776
3777
3778
3779
3785
3786
3787
3788
3789
3794
3795
3796
3797
3798
3802
3803
3804
3805
3806
3809
3810
3811
3812
3813
3815
1767
3816
3817
3818
3819
3820
3821
3822
3823
3824
1776
3825
1777
3826
3827
3828
3829
3830
3831
3832
3833
1785
3834
1786
1787
3839
3840
3841
3842
1794
3843
1795
1796
1797
3847
3848
3849
3850
3851
1803
1804
1805
3854
1806
3855
1807
3856
3857
3858
3860
1812
3861
1813
3862
1814
3863
1815
3864
1816
3865
3866
3867
3868
1820
3869
1821
3870
1822
3871
1823
3872
1824
3873
3874
3875
3876
3877
3878
3879
3883
3884
3885
3886
3887
3890
3891
3892
3893
3894
3896
3897
3898
3899
3900
3901
3902
3903
3904
3905
3906
3907
3908
3909
3910
3911
3912
3913
3914
3915
3918
3919
3920
3921
3922
3924
3925
3926
3927
3928
3929
3930
3931
3932
3933
3934
3935
3936
3937
3938
3939
3940
3941
3942
3943
3945
3946
3947
3948
3949
3950
3951
3952
3953
3954
3955
3956
3957
3958
1910
3959
3960
3961
3962
3963
3964
3965
3966
3967
1919
3968
1920
3969
3970
3971
3972
3973
3974
3975
3976
1928
3977
1929
3978
1930
3979
3980
3981
3982
3983
3984
3985
1937
3986
1938
3987
1939
3988
1940
3989
3990
3991
3992
3993
3994
1946
3995
1947
3996
1948
3997
1949
3998
1950
3999
1955
1956
1957
1958
1959
1963
1964
1965
1966
1967
1970
1971
1972
1973
1974
)
)

// processor3

5009
(
1000
(
2054
2063
2064
2072
2073
2074
2081
2082
2083
2084
2090
2091
2092
2093
2094
2099
2100
2101
2102
2103
2107
2108
2109
2110
2111
2114
2115
2116
2117
2118
2120
2121
2122
2123
2124
2199
2208
2209
2217
2218
2219
2226
2227
2228
2229
2235
2236
2237
2238
2239
2244
2245
2246
2247
2248
2252
2253
2254
2255
2256
2259
2260
2261
2262
2263
2265
2266
2267
2268
2269
2270
2271
2272
2273
2274
2344
2353
2354
2362
2363
2364
2371
2372
2373
2374
2380
2381
2382
2383
2384
2389
2390
2391
2392
2393
2397
2398
2399
2400
2401
2404
2405
2406
2407
2408
2410
2411
2412
2413
2414
2415
2416
2417
2418
2419
2420
2421
2422
2423
2488
2497
2498
2506
2507
2508
2515
2516
2517
2518
2524
2525
2526
2527
2528
2533
2534
2535
2536
2537
2541
2542
2543
2544
2545
2548
2549
2550
2551
2552
2554
2555
2556
2557
2558
2559
2560
2561
2562
2563
2564
2565
2566
2567
2568
2569
2570
2630
2639
2640
2648
2649
2650
2657
2658
2659
2660
2666
2667
2668
2669
2670
2675
2676
2677
2678
2679
2683
2684
2685
2686
2687
2690
2691
2692
2693
2694
2696
2697
2698
2699
2700
2701
2702
2703
2704
2705
2706
2707
2708
2709
2710
2711
2712
2713
2714
2769
2778
2779
2787
2788
2789
2796
2797
2798
2799
2805
2806
2807
2808
2809
2814
2815
2816
2817
2818
2822
2823
2824
2825
2826
2829
2830
2831
2832
2833
2835
2836
2837
2838
2839
2840
2841
2842
2843
2844
2845
2846
2847
2848
2849
2850
2851
2852
2853
2854
2904
2913
2914
2922
2923
2924
2931
2932
2933
2934
2940
2941
2942
2943
2944
2949
2950
2951
2952
2953
2957
2958
2959
2960
2961
2964
2965
2966
2967
2968
2970
2971
2972
2973
2974
2975
2976
2977
2978
2979
2980
932
2981
2982
2983
2984
2985
2986
2987
2988
2989
3033
3042
3043
3051
3052
3053
3060
3061
3062
3063
3069
3070
3071
3072
3073
3078
3079
3080
3081
3082
3086
3087
3088
3089
3090
3093
3094
3095
3096
3097
3099
3100
3101
3102
3103
3104
3105
3106
3107
3108
3109
3110
3111
3112
3113
3114
1066
3115
3116
3117
3118
1075
1076
3155
3164
3165
3173
3174
3175
3182
3183
3184
3185
3191
3192
3193
3194
3195
3200
3201
3202
3203
3204
3208
3209
3210
3211
3212
3215
3216
3217
3218
3219
3221
3222
3223
3224
3225
3226
3227
3228
3229
3230
3231
3232
3233
3234
3235
3236
3237
3238
3239
3240
1204
1213
1214
3269
1222
1223
1224
3278
3279
3287
3288
3289
3296
3297
3298
3299
3305
3306
3307
3308
3309
3314
3315
3316
3317
3318
3322
3323
3324
3325
3326
3329
3330
3331
3332
3333
3335
3336
3337
3338
3339
3340
3341
3342
3343
3344
3345
3346
3347
3348
3349
3350
3351
3352
3353
3354
3374
3383
3384
3392
1344
3393
3394
3401
1353
3402
1354
3403
3404
3410
1362
3411
1363
3412
1364
3413
3414
3419
1371
3420
1372
3421
1373
3422
1374
3423
3427
3428
3429
3430
3431
3434
3435
3436
3437
3438
3440
3441
3442
3443
3444
3445
3446
3447
3448
3449
3450
3451
3452
3453
3454
3455
3456
3457
3458
3459
3469
3478
3479
3487
3488
3489
3496
3497
3498
3499
3505
3506
3507
3508
3509
3514
3515
3516
3517
3518
3522
3523
3524
3525
3526
3529
3530
3531
3532
1484
3533
3535
3536
3537
3538
3539
3540
3541
1493
3542
1494
3543
3544
3545
3546
3547
3548
3549
3550
1502
3551
1503
3552
1504
3553
3554
1511
1512
1513
1514
3563
3564
1520
1521
1522
1523
3572
1524
3573
3574
3581
3582
3583
3584
3590
3591
3592
3593
3594
3599
3600
3601
3602
3603
3607
3608
3609
3610
3611
3614
3615
3616
3617
3618
3620
3621
3622
3623
3624
3625
3626
3627
3628
3629
3630
3631
3632
3633
3634
3635
3636
3637
3638
3639
3647
3648
3649
3656
3657
3658
3659
3665
3666
3667
3668
3669
1625
3674
3675
3676
3677
3678
3682
1634
3683
1635
3684
3685
3686
3689
3690
3691
1643
3692
1644
3693
1645
3695
3696
3697
3698
3699
3700
1652
3701
1653
3702
1654
3703
1655
3704
3705
3706
3707
3708
3709
1661
3710
1662
3711
1663
3712
1664
3713
1665
3714
1670
1671
1672
3721
1673
3722
1674
3723
3724
3730
3731
3732
3733
3734
3739
3740
3741
3742
3743
3747
3748
3749
3750
3751
3754
3755
3756
3757
3758
3760
3761
3762
3763
3764
3765
3766
3767
3768
3769
3770
3771
3772
3773
3774
3775
3776
3777
3778
3779
3785
3786
3787
3788
3789
3794
3795
3796
3797
3798
3802
3803
3804
3805
3806
3809
3810
3811
3812
3813
3815
1767
3816
3817
3818
3819
3820
3821
3822
3823
3824
1776
3825
1777
3826
3827
3828
3829
3830
3831
3832
3833
1785
3834
1786
1787
3839
3840
3841
3842
1794
3843
1795
1796
1797
3847
3848
3849
3850
3851
1803
1804
1805
3854
1806
3855
1807
3856
3857
3858
3860
1812
3861
1813
3862
1814
3863
1815
3864
1816
3865
3866
3867
3868
1820
3869
1821
3870
1822
3871
1823
3872
1824
3873
3874
3875
3876
3877
3878
3879
3883
3884
3885
3886
3887
3890
3891
3892
3893
3894
3896
3897
3898
3899
3900
3901
3902
3903
3904
3905
3906
3907
3908
3909
3910
3911
3912
3913
3914
3915
3918
3919
3920
3921
3922
3924
3925
3926
3927
3928
3929
3930
3931
3932
3933
3934
3935
3936
3937
3938
3939
3940
3941
3942
3943
3945
3946
3947
3948
3949
3950
3951
3952
3953
3954
3955
3956
3957
3958
1910
3959
3960
3961
3962
3963
3964
3965
3966
3967
1919
3968
1920
3969
3970
3971
3972
3973
3974
3975
3976
1928
3977
1929
3978
1930
3979
3980
3981
3982
3983
3984
3985
1937
3986
1938
3987
1939
3988
1940
3989
3990
3991
3992
3993
3994
1946
3995
1947
3996
1948
3997
1949
3998
1950
3999
1955
1956
1957
1958
1959
1963
1964
1965
1966
1967
1970
1971
1972
1973
1974
)
)

// processor4

3
(0())

// processor5

3
(0())

// processor6

3
(0())

// processor7

3
(0())
