/*--------------------------------*- C++ -*----------------------------------*\
| =========                 |                                                 |
| \\      /  F ield         | OpenFOAM: The Open Source CFD Toolbox           |
|  \\    /   O peration     | Version:  2306                                  |
|   \\  /    A nd           | Website:  www.openfoam.com                      |
|    \\/     M anipulation  |                                                 |
\*---------------------------------------------------------------------------*/
FoamFile
{
    version     2.0;
    format      binary;
    arch        "LSB;label=32;scalar=64";
    class       decomposedBlockData;
    object      mpl;
    data.format     ascii;
    data.class      cellSet;
}
// * * * * * * * * * * * * * * * * * * * * * * * * * * * * * * * * * * * * * //


// processor0

5146
(FoamFile
{
    version     2.0;
    format      ascii;
    arch        "LSB;label=32;scalar=64";
    class       cellSet;
    location    "constant/air/polyMesh/sets";
    object      mpl;
}

1000
(
2049
2050
2051
2052
2053
2058
2059
2060
2061
2062
2067
2068
2069
2070
2071
2076
2077
2078
2079
2080
2085
2086
2087
2088
2089
2095
2096
2097
2098
2104
2105
2106
2112
2113
2119
2149
2158
2159
2167
2168
2169
2176
2177
2178
2179
2185
2186
2187
2188
2189
2194
2195
2196
2197
2198
2203
2204
2205
2206
2207
2212
2213
2214
2215
2216
2221
2222
2223
2224
2225
2230
2231
2232
2233
2234
2240
2241
2242
2243
2249
2250
2251
2257
2258
2264
2294
2303
2304
2312
2313
2314
2321
2322
2323
2324
2330
2331
2332
2333
2334
2339
2340
2341
2342
2343
2348
2349
2350
2351
2352
2357
2358
2359
2360
2361
2366
2367
2368
2369
2370
2375
2376
2377
2378
2379
2385
2386
338
2387
2388
2394
2395
2396
2402
2403
2409
2441
2447
2448
2456
2457
2458
2465
2466
2467
2468
2474
2475
2476
428
2477
2478
434
2483
435
2484
2485
2486
2487
2492
2493
2494
2495
2496
2501
2502
2503
2504
2505
2510
2511
2512
2513
2514
2519
2520
2521
2522
2523
2529
2530
2531
2532
2538
2539
2540
2546
2547
2553
529
535
536
2585
542
2591
543
2592
544
2598
2599
2600
2607
2608
2609
2610
2616
2617
2618
2619
2620
2625
2626
2627
2628
2629
2634
2635
2636
2637
2638
2643
2644
2645
2646
2647
2652
2653
2654
2655
2656
2661
2662
2663
2664
2665
2671
2672
2673
2674
2680
2681
2682
2688
640
2689
646
2695
647
653
654
655
661
662
663
664
2725
2731
2732
2738
2739
2740
2746
2747
2748
2749
2755
2756
2757
2758
2759
2764
2765
2766
2767
2768
2773
2774
2775
2776
2777
2782
2783
2784
2785
2786
2791
2792
2793
2794
2795
2800
2801
2802
2803
2804
760
2810
2811
2812
2813
766
767
2819
2820
2821
773
774
775
2827
2828
781
782
783
784
2834
790
791
792
793
794
2860
2866
2867
2873
2874
2875
2881
2882
2883
2884
2890
2891
2892
2893
2894
2899
2900
2901
2902
2903
2908
2909
2910
2911
2912
2917
2918
2919
2920
2921
2926
2927
2928
2929
2930
2935
2936
888
2937
2938
2939
894
895
2945
2946
2947
2948
901
902
903
2954
2955
2956
909
910
911
912
2962
2963
918
919
920
2969
921
922
927
928
929
930
931
2995
2996
3002
3003
3004
3010
3011
3012
3013
3019
3020
3021
3022
3023
3028
3029
3030
3031
3032
3037
3038
3039
3040
3041
3046
3047
3048
3049
3050
3055
3056
3057
3058
3059
3064
3065
3066
3067
1019
3068
3074
3075
3076
1028
3077
1029
3083
1035
3084
1036
3085
1037
3091
1043
3092
1044
1045
1046
3098
1052
1053
1054
1055
1056
1061
1062
1063
1064
1065
1070
1071
1072
1073
1074
3124
3125
3126
3132
3133
3134
3135
3141
3142
3143
3144
3145
3150
3151
3152
3153
3154
3159
3160
3161
3162
3163
3168
3169
3170
3171
3172
3177
3178
3179
3180
3181
3186
3187
3188
3189
3190
3196
3197
3198
3199
1155
3205
3206
3207
1164
3213
1165
3214
3220
1173
1174
1175
1181
1182
1183
1184
1190
1191
1192
1193
1194
3246
3247
1199
3248
1200
3249
1201
1202
1203
3255
3256
1208
3257
1209
3258
1210
3259
1211
1212
3264
3265
1217
3266
1218
3267
1219
3268
1220
1221
3273
3274
3275
3276
3277
3282
3283
3284
3285
3286
3291
3292
3293
3294
3295
3300
3301
3302
3303
3304
3310
3311
3312
3313
3319
3320
3321
3327
3328
3334
1294
1303
1304
3360
1312
3361
1313
3362
1314
3363
3364
3369
1321
3370
1322
3371
1323
3372
1324
3373
3378
1330
3379
1331
3380
1332
3381
1333
3382
1334
3387
1339
3388
1340
3389
1341
3390
1342
3391
1343
3396
1348
3397
1349
3398
1350
3399
1351
3400
1352
3405
1357
3406
1358
3407
1359
3408
1360
3409
1361
1366
3415
1367
3416
1368
3417
1369
3418
1370
3424
3425
3426
3432
3433
3439
3464
3465
3466
3467
3468
3473
3474
3475
3476
3477
3482
1434
3483
3484
3485
3486
3491
1443
3492
1444
3493
3494
3495
3500
1452
3501
1453
3502
1454
3503
3504
1461
3510
1462
3511
1463
3512
1464
3513
1470
3519
1471
3520
1472
3521
1473
1474
3527
1479
3528
1480
1481
1482
1483
3534
1488
1489
1490
1491
1492
1497
1498
1499
1500
1501
1506
1507
1508
1509
3558
1510
3559
3560
3561
3562
1515
1516
1517
1518
3567
1519
3568
3569
3570
3571
3576
3577
3578
3579
3580
3585
3586
3587
3588
3589
3595
3596
3597
3598
3604
3605
3606
3612
3613
3619
1575
1584
1585
1593
3642
1594
3643
1595
3644
3645
3646
1602
3651
1603
3652
1604
3653
1605
3654
3655
1611
3660
1612
3661
1613
3662
1614
3663
1615
3664
1620
1621
3670
1622
3671
1623
3672
1624
3673
1629
1630
3679
1631
3680
1632
3681
1633
1638
3687
1639
3688
1640
1641
1642
3694
1647
1648
1649
1650
1651
1656
1657
1658
1659
1660
1666
1667
3716
1668
3717
1669
3718
3719
3720
3725
3726
3727
3728
3729
3735
3736
3737
3738
3744
3745
3746
3752
3753
3759
1717
1726
1727
3780
3781
3782
3783
1735
3784
1736
1737
3790
3791
3792
1744
3793
1745
1746
1747
3799
3800
3801
1753
1754
1755
1756
1757
3807
3808
1762
1763
1764
1765
3814
1766
1771
1772
1773
1774
1775
1780
1781
1782
1783
1784
3835
3836
3837
1789
3838
1790
1791
1792
1793
3844
3845
3846
1798
1799
1800
1801
1802
3852
3853
1808
1809
1810
3859
1811
1817
1818
1819
3880
3881
3882
3888
3889
3895
1860
3916
3917
1869
1870
3923
1878
1879
1880
1887
1888
1889
1890
3944
1896
1897
1898
1899
1900
1905
1906
1907
1908
1909
1914
1915
1916
1917
1918
1923
1924
1925
1926
1927
1932
1933
1934
1935
1936
1941
1942
1943
1944
1945
1951
1952
1953
1954
1960
1961
1962
1968
1969
2004
2013
2014
2022
2023
2024
2031
2032
2033
2034
2040
2041
2042
2043
2044
)
)

// processor1

4955
(
1000
(
2049
2050
2051
2052
2053
2058
2059
2060
2061
2062
2067
2068
2069
2070
2071
2076
2077
2078
2079
2080
2085
2086
2087
2088
2089
2095
2096
2097
2098
2104
2105
2106
2112
2113
2119
2149
2158
2159
2167
2168
2169
2176
2177
2178
2179
2185
2186
2187
2188
2189
2194
2195
2196
2197
2198
2203
2204
2205
2206
2207
2212
2213
2214
2215
2216
2221
2222
2223
2224
2225
2230
2231
2232
2233
2234
2240
2241
2242
2243
2249
2250
2251
2257
2258
2264
2294
2303
2304
2312
2313
2314
2321
2322
2323
2324
2330
2331
2332
2333
2334
2339
2340
2341
2342
2343
2348
2349
2350
2351
2352
2357
2358
2359
2360
2361
2366
2367
2368
2369
2370
2375
2376
2377
2378
2379
2385
2386
338
2387
2388
2394
2395
2396
2402
2403
2409
2441
2447
2448
2456
2457
2458
2465
2466
2467
2468
2474
2475
2476
428
2477
2478
434
2483
435
2484
2485
2486
2487
2492
2493
2494
2495
2496
2501
2502
2503
2504
2505
2510
2511
2512
2513
2514
2519
2520
2521
2522
2523
2529
2530
2531
2532
2538
2539
2540
2546
2547
2553
529
535
536
2585
542
2591
543
2592
544
2598
2599
2600
2607
2608
2609
2610
2616
2617
2618
2619
2620
2625
2626
2627
2628
2629
2634
2635
2636
2637
2638
2643
2644
2645
2646
2647
2652
2653
2654
2655
2656
2661
2662
2663
2664
2665
2671
2672
2673
2674
2680
2681
2682
2688
640
2689
646
2695
647
653
654
655
661
662
663
664
2725
2731
2732
2738
2739
2740
2746
2747
2748
2749
2755
2756
2757
2758
2759
2764
2765
2766
2767
2768
2773
2774
2775
2776
2777
2782
2783
2784
2785
2786
2791
2792
2793
2794
2795
2800
2801
2802
2803
2804
760
2810
2811
2812
2813
766
767
2819
2820
2821
773
774
775
2827
2828
781
782
783
784
2834
790
791
792
793
794
2860
2866
2867
2873
2874
2875
2881
2882
2883
2884
2890
2891
2892
2893
2894
2899
2900
2901
2902
2903
2908
2909
2910
2911
2912
2917
2918
2919
2920
2921
2926
2927
2928
2929
2930
2935
2936
888
2937
2938
2939
894
895
2945
2946
2947
2948
901
902
903
2954
2955
2956
909
910
911
912
2962
2963
918
919
920
2969
921
922
927
928
929
930
931
2995
2996
3002
3003
3004
3010
3011
3012
3013
3019
3020
3021
3022
3023
3028
3029
3030
3031
3032
3037
3038
3039
3040
3041
3046
3047
3048
3049
3050
3055
3056
3057
3058
3059
3064
3065
3066
3067
1019
3068
3074
3075
3076
1028
3077
1029
3083
1035
3084
1036
3085
1037
3091
1043
3092
1044
1045
1046
3098
1052
1053
1054
1055
1056
1061
1062
1063
1064
1065
1070
1071
1072
1073
1074
3124
3125
3126
3132
3133
3134
3135
3141
3142
3143
3144
3145
3150
3151
3152
3153
3154
3159
3160
3161
3162
3163
3168
3169
3170
3171
3172
3177
3178
3179
3180
3181
3186
3187
3188
3189
3190
3196
3197
3198
3199
1155
3205
3206
3207
1164
3213
1165
3214
3220
1173
1174
1175
1181
1182
1183
1184
1190
1191
1192
1193
1194
3246
3247
1199
3248
1200
3249
1201
1202
1203
3255
3256
1208
3257
1209
3258
1210
3259
1211
1212
3264
3265
1217
3266
1218
3267
1219
3268
1220
1221
3273
3274
3275
3276
3277
3282
3283
3284
3285
3286
3291
3292
3293
3294
3295
3300
3301
3302
3303
3304
3310
3311
3312
3313
3319
3320
3321
3327
3328
3334
1294
1303
1304
3360
1312
3361
1313
3362
1314
3363
3364
3369
1321
3370
1322
3371
1323
3372
1324
3373
3378
1330
3379
1331
3380
1332
3381
1333
3382
1334
3387
1339
3388
1340
3389
1341
3390
1342
3391
1343
3396
1348
3397
1349
3398
1350
3399
1351
3400
1352
3405
1357
3406
1358
3407
1359
3408
1360
3409
1361
1366
3415
1367
3416
1368
3417
1369
3418
1370
3424
3425
3426
3432
3433
3439
3464
3465
3466
3467
3468
3473
3474
3475
3476
3477
3482
1434
3483
3484
3485
3486
3491
1443
3492
1444
3493
3494
3495
3500
1452
3501
1453
3502
1454
3503
3504
1461
3510
1462
3511
1463
3512
1464
3513
1470
3519
1471
3520
1472
3521
1473
1474
3527
1479
3528
1480
1481
1482
1483
3534
1488
1489
1490
1491
1492
1497
1498
1499
1500
1501
1506
1507
1508
1509
3558
1510
3559
3560
3561
3562
1515
1516
1517
1518
3567
1519
3568
3569
3570
3571
3576
3577
3578
3579
3580
3585
3586
3587
3588
3589
3595
3596
3597
3598
3604
3605
3606
3612
3613
3619
1575
1584
1585
1593
3642
1594
3643
1595
3644
3645
3646
1602
3651
1603
3652
1604
3653
1605
3654
3655
1611
3660
1612
3661
1613
3662
1614
3663
1615
3664
1620
1621
3670
1622
3671
1623
3672
1624
3673
1629
1630
3679
1631
3680
1632
3681
1633
1638
3687
1639
3688
1640
1641
1642
3694
1647
1648
1649
1650
1651
1656
1657
1658
1659
1660
1666
1667
3716
1668
3717
1669
3718
3719
3720
3725
3726
3727
3728
3729
3735
3736
3737
3738
3744
3745
3746
3752
3753
3759
1717
1726
1727
3780
3781
3782
3783
1735
3784
1736
1737
3790
3791
3792
1744
3793
1745
1746
1747
3799
3800
3801
1753
1754
1755
1756
1757
3807
3808
1762
1763
1764
1765
3814
1766
1771
1772
1773
1774
1775
1780
1781
1782
1783
1784
3835
3836
3837
1789
3838
1790
1791
1792
1793
3844
3845
3846
1798
1799
1800
1801
1802
3852
3853
1808
1809
1810
3859
1811
1817
1818
1819
3880
3881
3882
3888
3889
3895
1860
3916
3917
1869
1870
3923
1878
1879
1880
1887
1888
1889
1890
3944
1896
1897
1898
1899
1900
1905
1906
1907
1908
1909
1914
1915
1916
1917
1918
1923
1924
1925
1926
1927
1932
1933
1934
1935
1936
1941
1942
1943
1944
1945
1951
1952
1953
1954
1960
1961
1962
1968
1969
2004
2013
2014
2022
2023
2024
2031
2032
2033
2034
2040
2041
2042
2043
2044
)
)

// processor2

4955
(
1000
(
2049
2050
2051
2052
2053
2058
2059
2060
2061
2062
2067
2068
2069
2070
2071
2076
2077
2078
2079
2080
2085
2086
2087
2088
2089
2095
2096
2097
2098
2104
2105
2106
2112
2113
2119
2149
2158
2159
2167
2168
2169
2176
2177
2178
2179
2185
2186
2187
2188
2189
2194
2195
2196
2197
2198
2203
2204
2205
2206
2207
2212
2213
2214
2215
2216
2221
2222
2223
2224
2225
2230
2231
2232
2233
2234
2240
2241
2242
2243
2249
2250
2251
2257
2258
2264
2294
2303
2304
2312
2313
2314
2321
2322
2323
2324
2330
2331
2332
2333
2334
2339
2340
2341
2342
2343
2348
2349
2350
2351
2352
2357
2358
2359
2360
2361
2366
2367
2368
2369
2370
2375
2376
2377
2378
2379
2385
2386
338
2387
2388
2394
2395
2396
2402
2403
2409
2441
2447
2448
2456
2457
2458
2465
2466
2467
2468
2474
2475
2476
428
2477
2478
434
2483
435
2484
2485
2486
2487
2492
2493
2494
2495
2496
2501
2502
2503
2504
2505
2510
2511
2512
2513
2514
2519
2520
2521
2522
2523
2529
2530
2531
2532
2538
2539
2540
2546
2547
2553
529
535
536
2585
542
2591
543
2592
544
2598
2599
2600
2607
2608
2609
2610
2616
2617
2618
2619
2620
2625
2626
2627
2628
2629
2634
2635
2636
2637
2638
2643
2644
2645
2646
2647
2652
2653
2654
2655
2656
2661
2662
2663
2664
2665
2671
2672
2673
2674
2680
2681
2682
2688
640
2689
646
2695
647
653
654
655
661
662
663
664
2725
2731
2732
2738
2739
2740
2746
2747
2748
2749
2755
2756
2757
2758
2759
2764
2765
2766
2767
2768
2773
2774
2775
2776
2777
2782
2783
2784
2785
2786
2791
2792
2793
2794
2795
2800
2801
2802
2803
2804
760
2810
2811
2812
2813
766
767
2819
2820
2821
773
774
775
2827
2828
781
782
783
784
2834
790
791
792
793
794
2860
2866
2867
2873
2874
2875
2881
2882
2883
2884
2890
2891
2892
2893
2894
2899
2900
2901
2902
2903
2908
2909
2910
2911
2912
2917
2918
2919
2920
2921
2926
2927
2928
2929
2930
2935
2936
888
2937
2938
2939
894
895
2945
2946
2947
2948
901
902
903
2954
2955
2956
909
910
911
912
2962
2963
918
919
920
2969
921
922
927
928
929
930
931
2995
2996
3002
3003
3004
3010
3011
3012
3013
3019
3020
3021
3022
3023
3028
3029
3030
3031
3032
3037
3038
3039
3040
3041
3046
3047
3048
3049
3050
3055
3056
3057
3058
3059
3064
3065
3066
3067
1019
3068
3074
3075
3076
1028
3077
1029
3083
1035
3084
1036
3085
1037
3091
1043
3092
1044
1045
1046
3098
1052
1053
1054
1055
1056
1061
1062
1063
1064
1065
1070
1071
1072
1073
1074
3124
3125
3126
3132
3133
3134
3135
3141
3142
3143
3144
3145
3150
3151
3152
3153
3154
3159
3160
3161
3162
3163
3168
3169
3170
3171
3172
3177
3178
3179
3180
3181
3186
3187
3188
3189
3190
3196
3197
3198
3199
1155
3205
3206
3207
1164
3213
1165
3214
3220
1173
1174
1175
1181
1182
1183
1184
1190
1191
1192
1193
1194
3246
3247
1199
3248
1200
3249
1201
1202
1203
3255
3256
1208
3257
1209
3258
1210
3259
1211
1212
3264
3265
1217
3266
1218
3267
1219
3268
1220
1221
3273
3274
3275
3276
3277
3282
3283
3284
3285
3286
3291
3292
3293
3294
3295
3300
3301
3302
3303
3304
3310
3311
3312
3313
3319
3320
3321
3327
3328
3334
1294
1303
1304
3360
1312
3361
1313
3362
1314
3363
3364
3369
1321
3370
1322
3371
1323
3372
1324
3373
3378
1330
3379
1331
3380
1332
3381
1333
3382
1334
3387
1339
3388
1340
3389
1341
3390
1342
3391
1343
3396
1348
3397
1349
3398
1350
3399
1351
3400
1352
3405
1357
3406
1358
3407
1359
3408
1360
3409
1361
1366
3415
1367
3416
1368
3417
1369
3418
1370
3424
3425
3426
3432
3433
3439
3464
3465
3466
3467
3468
3473
3474
3475
3476
3477
3482
1434
3483
3484
3485
3486
3491
1443
3492
1444
3493
3494
3495
3500
1452
3501
1453
3502
1454
3503
3504
1461
3510
1462
3511
1463
3512
1464
3513
1470
3519
1471
3520
1472
3521
1473
1474
3527
1479
3528
1480
1481
1482
1483
3534
1488
1489
1490
1491
1492
1497
1498
1499
1500
1501
1506
1507
1508
1509
3558
1510
3559
3560
3561
3562
1515
1516
1517
1518
3567
1519
3568
3569
3570
3571
3576
3577
3578
3579
3580
3585
3586
3587
3588
3589
3595
3596
3597
3598
3604
3605
3606
3612
3613
3619
1575
1584
1585
1593
3642
1594
3643
1595
3644
3645
3646
1602
3651
1603
3652
1604
3653
1605
3654
3655
1611
3660
1612
3661
1613
3662
1614
3663
1615
3664
1620
1621
3670
1622
3671
1623
3672
1624
3673
1629
1630
3679
1631
3680
1632
3681
1633
1638
3687
1639
3688
1640
1641
1642
3694
1647
1648
1649
1650
1651
1656
1657
1658
1659
1660
1666
1667
3716
1668
3717
1669
3718
3719
3720
3725
3726
3727
3728
3729
3735
3736
3737
3738
3744
3745
3746
3752
3753
3759
1717
1726
1727
3780
3781
3782
3783
1735
3784
1736
1737
3790
3791
3792
1744
3793
1745
1746
1747
3799
3800
3801
1753
1754
1755
1756
1757
3807
3808
1762
1763
1764
1765
3814
1766
1771
1772
1773
1774
1775
1780
1781
1782
1783
1784
3835
3836
3837
1789
3838
1790
1791
1792
1793
3844
3845
3846
1798
1799
1800
1801
1802
3852
3853
1808
1809
1810
3859
1811
1817
1818
1819
3880
3881
3882
3888
3889
3895
1860
3916
3917
1869
1870
3923
1878
1879
1880
1887
1888
1889
1890
3944
1896
1897
1898
1899
1900
1905
1906
1907
1908
1909
1914
1915
1916
1917
1918
1923
1924
1925
1926
1927
1932
1933
1934
1935
1936
1941
1942
1943
1944
1945
1951
1952
1953
1954
1960
1961
1962
1968
1969
2004
2013
2014
2022
2023
2024
2031
2032
2033
2034
2040
2041
2042
2043
2044
)
)

// processor3

4955
(
1000
(
2049
2050
2051
2052
2053
2058
2059
2060
2061
2062
2067
2068
2069
2070
2071
2076
2077
2078
2079
2080
2085
2086
2087
2088
2089
2095
2096
2097
2098
2104
2105
2106
2112
2113
2119
2149
2158
2159
2167
2168
2169
2176
2177
2178
2179
2185
2186
2187
2188
2189
2194
2195
2196
2197
2198
2203
2204
2205
2206
2207
2212
2213
2214
2215
2216
2221
2222
2223
2224
2225
2230
2231
2232
2233
2234
2240
2241
2242
2243
2249
2250
2251
2257
2258
2264
2294
2303
2304
2312
2313
2314
2321
2322
2323
2324
2330
2331
2332
2333
2334
2339
2340
2341
2342
2343
2348
2349
2350
2351
2352
2357
2358
2359
2360
2361
2366
2367
2368
2369
2370
2375
2376
2377
2378
2379
2385
2386
338
2387
2388
2394
2395
2396
2402
2403
2409
2441
2447
2448
2456
2457
2458
2465
2466
2467
2468
2474
2475
2476
428
2477
2478
434
2483
435
2484
2485
2486
2487
2492
2493
2494
2495
2496
2501
2502
2503
2504
2505
2510
2511
2512
2513
2514
2519
2520
2521
2522
2523
2529
2530
2531
2532
2538
2539
2540
2546
2547
2553
529
535
536
2585
542
2591
543
2592
544
2598
2599
2600
2607
2608
2609
2610
2616
2617
2618
2619
2620
2625
2626
2627
2628
2629
2634
2635
2636
2637
2638
2643
2644
2645
2646
2647
2652
2653
2654
2655
2656
2661
2662
2663
2664
2665
2671
2672
2673
2674
2680
2681
2682
2688
640
2689
646
2695
647
653
654
655
661
662
663
664
2725
2731
2732
2738
2739
2740
2746
2747
2748
2749
2755
2756
2757
2758
2759
2764
2765
2766
2767
2768
2773
2774
2775
2776
2777
2782
2783
2784
2785
2786
2791
2792
2793
2794
2795
2800
2801
2802
2803
2804
760
2810
2811
2812
2813
766
767
2819
2820
2821
773
774
775
2827
2828
781
782
783
784
2834
790
791
792
793
794
2860
2866
2867
2873
2874
2875
2881
2882
2883
2884
2890
2891
2892
2893
2894
2899
2900
2901
2902
2903
2908
2909
2910
2911
2912
2917
2918
2919
2920
2921
2926
2927
2928
2929
2930
2935
2936
888
2937
2938
2939
894
895
2945
2946
2947
2948
901
902
903
2954
2955
2956
909
910
911
912
2962
2963
918
919
920
2969
921
922
927
928
929
930
931
2995
2996
3002
3003
3004
3010
3011
3012
3013
3019
3020
3021
3022
3023
3028
3029
3030
3031
3032
3037
3038
3039
3040
3041
3046
3047
3048
3049
3050
3055
3056
3057
3058
3059
3064
3065
3066
3067
1019
3068
3074
3075
3076
1028
3077
1029
3083
1035
3084
1036
3085
1037
3091
1043
3092
1044
1045
1046
3098
1052
1053
1054
1055
1056
1061
1062
1063
1064
1065
1070
1071
1072
1073
1074
3124
3125
3126
3132
3133
3134
3135
3141
3142
3143
3144
3145
3150
3151
3152
3153
3154
3159
3160
3161
3162
3163
3168
3169
3170
3171
3172
3177
3178
3179
3180
3181
3186
3187
3188
3189
3190
3196
3197
3198
3199
1155
3205
3206
3207
1164
3213
1165
3214
3220
1173
1174
1175
1181
1182
1183
1184
1190
1191
1192
1193
1194
3246
3247
1199
3248
1200
3249
1201
1202
1203
3255
3256
1208
3257
1209
3258
1210
3259
1211
1212
3264
3265
1217
3266
1218
3267
1219
3268
1220
1221
3273
3274
3275
3276
3277
3282
3283
3284
3285
3286
3291
3292
3293
3294
3295
3300
3301
3302
3303
3304
3310
3311
3312
3313
3319
3320
3321
3327
3328
3334
1294
1303
1304
3360
1312
3361
1313
3362
1314
3363
3364
3369
1321
3370
1322
3371
1323
3372
1324
3373
3378
1330
3379
1331
3380
1332
3381
1333
3382
1334
3387
1339
3388
1340
3389
1341
3390
1342
3391
1343
3396
1348
3397
1349
3398
1350
3399
1351
3400
1352
3405
1357
3406
1358
3407
1359
3408
1360
3409
1361
1366
3415
1367
3416
1368
3417
1369
3418
1370
3424
3425
3426
3432
3433
3439
3464
3465
3466
3467
3468
3473
3474
3475
3476
3477
3482
1434
3483
3484
3485
3486
3491
1443
3492
1444
3493
3494
3495
3500
1452
3501
1453
3502
1454
3503
3504
1461
3510
1462
3511
1463
3512
1464
3513
1470
3519
1471
3520
1472
3521
1473
1474
3527
1479
3528
1480
1481
1482
1483
3534
1488
1489
1490
1491
1492
1497
1498
1499
1500
1501
1506
1507
1508
1509
3558
1510
3559
3560
3561
3562
1515
1516
1517
1518
3567
1519
3568
3569
3570
3571
3576
3577
3578
3579
3580
3585
3586
3587
3588
3589
3595
3596
3597
3598
3604
3605
3606
3612
3613
3619
1575
1584
1585
1593
3642
1594
3643
1595
3644
3645
3646
1602
3651
1603
3652
1604
3653
1605
3654
3655
1611
3660
1612
3661
1613
3662
1614
3663
1615
3664
1620
1621
3670
1622
3671
1623
3672
1624
3673
1629
1630
3679
1631
3680
1632
3681
1633
1638
3687
1639
3688
1640
1641
1642
3694
1647
1648
1649
1650
1651
1656
1657
1658
1659
1660
1666
1667
3716
1668
3717
1669
3718
3719
3720
3725
3726
3727
3728
3729
3735
3736
3737
3738
3744
3745
3746
3752
3753
3759
1717
1726
1727
3780
3781
3782
3783
1735
3784
1736
1737
3790
3791
3792
1744
3793
1745
1746
1747
3799
3800
3801
1753
1754
1755
1756
1757
3807
3808
1762
1763
1764
1765
3814
1766
1771
1772
1773
1774
1775
1780
1781
1782
1783
1784
3835
3836
3837
1789
3838
1790
1791
1792
1793
3844
3845
3846
1798
1799
1800
1801
1802
3852
3853
1808
1809
1810
3859
1811
1817
1818
1819
3880
3881
3882
3888
3889
3895
1860
3916
3917
1869
1870
3923
1878
1879
1880
1887
1888
1889
1890
3944
1896
1897
1898
1899
1900
1905
1906
1907
1908
1909
1914
1915
1916
1917
1918
1923
1924
1925
1926
1927
1932
1933
1934
1935
1936
1941
1942
1943
1944
1945
1951
1952
1953
1954
1960
1961
1962
1968
1969
2004
2013
2014
2022
2023
2024
2031
2032
2033
2034
2040
2041
2042
2043
2044
)
)

// processor4

3
(0())

// processor5

3
(0())

// processor6

3
(0())

// processor7

3
(0())
